"kwh"
"Time ","AGRIM02P","AGRIM02P","AGRIM02P","AGRIM02P","AGRIM02P","AGRIM02P"
" 2/05/26 00:15",0.000,0.000,220.300,0.192,0.000,0.000
" 2/05/26 00:30",0.000,0.000,220.300,0.179,0.000,0.000
"00:45",0.000,0.000,220.300,0.179,0.000,0.000
"01:00",0.000,0.000,220.300,0.179,0.000,0.000
"01:15",0.000,0.000,220.300,0.192,0.000,0.000
"01:30",0.000,0.000,220.300,0.179,0.000,0.000
"01:45",0.000,0.000,220.300,0.179,0.000,0.000
"02:00",0.000,0.000,220.300,0.192,0.000,0.000
"02:15",0.000,0.000,220.300,0.179,0.000,0.000
"02:30",0.000,0.000,220.300,0.179,0.000,0.000
"02:45",0.000,0.000,220.300,0.179,0.000,0.000
"03:00",0.000,0.000,220.200,0.179,0.000,0.000
"03:15",0.000,0.000,220.300,0.192,0.000,0.000
"03:30",0.000,0.000,220.300,0.179,0.000,0.000
"03:45",0.000,0.000,220.300,0.179,0.000,0.000
"04:00",0.000,0.000,220.200,0.179,0.000,0.000
"04:15",0.000,0.000,220.200,0.192,0.000,0.000
"04:30",0.000,0.000,220.200,0.179,0.000,0.000
"04:45",0.000,0.000,220.200,0.179,0.000,0.000
"05:00",0.000,0.000,220.200,0.179,0.000,0.000
"05:15",0.000,0.000,220.200,0.192,0.000,0.000
"05:30",0.000,0.000,220.200,0.179,0.000,0.000
"05:45",0.000,0.000,220.100,0.179,0.000,0.000
"06:00",0.000,0.000,220.100,0.179,0.000,0.000
"06:15",0.000,0.000,220.100,0.179,0.000,0.000
"06:30",0.000,0.000,220.100,0.179,0.000,0.000
"06:45",0.000,0.000,220.100,0.192,0.000,0.000
"07:00",0.000,0.000,220.000,0.179,0.000,0.000
"07:15",0.243,0.000,220.100,0.038,0.000,0.013
"07:30",2.765,0.000,220.200,0.000,0.000,0.013
"07:45",6.822,0.000,220.300,0.000,0.000,0.000
"08:00",9.984,0.000,221.300,0.000,0.000,0.026
"08:15",16.627,0.000,221.700,0.000,0.000,0.000
"08:30",18.266,0.000,222.000,0.000,0.000,0.000
"08:45",23.910,0.000,222.100,0.000,0.000,0.000
"09:00",30.221,0.000,222.100,0.000,0.000,0.000
"09:15",28.864,0.000,222.300,0.000,0.000,0.000
"09:30",39.334,0.000,222.100,0.000,0.000,0.000
"09:45",32.026,0.000,221.800,0.000,0.000,0.000
"10:00",40.832,0.000,222.000,0.000,0.000,0.000
"10:15",52.877,0.000,222.200,0.000,0.000,0.000
"10:30",35.955,0.000,221.900,0.000,0.000,0.000
"10:45",61.453,0.000,222.500,0.000,0.000,0.000
"11:00",45.363,0.000,222.000,0.000,0.000,0.000
"11:15",57.587,0.000,222.300,0.000,0.000,0.000
"11:30",61.453,0.000,222.900,0.000,0.000,0.013
"11:45",77.286,0.000,223.200,0.000,0.000,0.013
"12:00",96.320,0.000,223.500,0.000,0.000,0.000
"12:15",100.698,0.000,223.600,0.000,0.000,0.000
"12:30",81.229,0.000,223.200,0.000,0.000,0.000
"12:45",99.789,0.000,223.300,0.000,0.000,0.013
"13:00",104.115,0.000,223.100,0.000,0.000,0.000
"13:15",103.194,0.000,223.300,0.000,0.000,0.000
"13:30",88.051,0.000,223.000,0.000,0.000,0.013
"13:45",51.366,0.000,222.700,0.000,0.000,0.013
"14:00",55.309,0.000,222.800,0.000,0.000,0.013
"14:15",91.955,0.000,223.200,0.000,0.000,0.000
"14:30",51.418,0.000,222.400,0.000,0.000,0.013
"14:45",77.312,0.000,222.900,0.000,0.000,0.013
"15:00",54.502,0.000,222.400,0.000,0.000,0.397
"15:15",69.952,0.000,222.800,0.000,0.000,0.077
"15:30",87.322,0.000,222.700,0.000,0.000,0.000
"15:45",50.227,0.000,222.200,0.000,0.000,0.013
"16:00",54.003,0.000,222.500,0.000,0.000,0.013
"16:15",49.894,0.000,222.200,0.000,0.000,0.000
"16:30",34.637,0.000,221.900,0.000,0.000,0.000
"16:45",70.413,0.000,222.500,0.000,0.000,0.000
"17:00",73.126,0.000,222.600,0.000,0.000,0.000
"17:15",34.842,0.000,221.700,0.000,0.000,0.000
"17:30",26.470,0.000,221.600,0.000,0.000,0.000
"17:45",36.621,0.000,221.900,0.000,0.000,0.000
"18:00",42.624,0.000,222.000,0.000,0.000,0.000
"18:15",26.509,0.000,221.900,0.000,0.000,0.000
"18:30",13.734,0.000,221.700,0.000,0.000,0.026
"18:45",23.450,0.000,221.900,0.000,0.000,0.000
"19:00",14.835,0.000,221.600,0.000,0.000,0.000
"19:15",12.710,0.000,221.400,0.000,0.000,0.000
"19:30",7.475,0.000,221.400,0.000,0.000,0.000
"19:45",4.160,0.000,221.300,0.000,0.000,0.013
"20:00",2.240,0.000,221.100,0.000,0.000,0.038
"20:15",0.461,0.000,221.000,0.000,0.000,0.013
"20:30",0.013,0.026,220.900,0.102,0.000,0.000
"20:45",0.000,0.026,220.900,0.154,0.000,0.000
"21:00",0.000,0.000,220.800,0.179,0.000,0.000
"21:15",0.000,0.000,220.800,0.179,0.000,0.000
"21:30",0.000,0.000,220.800,0.179,0.000,0.000
"21:45",0.000,0.000,220.800,0.192,0.000,0.000
"22:00",0.000,0.000,220.900,0.179,0.000,0.000
"22:15",0.000,0.000,220.900,0.179,0.000,0.000
"22:30",0.000,0.000,220.900,0.192,0.000,0.000
"22:45",0.000,0.000,221.000,0.179,0.000,0.000
"23:00",0.000,0.000,220.800,0.179,0.000,0.000
"23:15",0.000,0.000,220.800,0.192,0.000,0.000
"23:30",0.000,0.000,220.800,0.179,0.000,0.000
"23:45",0.000,0.000,220.900,0.179,0.000,0.000
" 2/05/26 24:00",0.000,0.000,220.900,0.192,0.000,0.000
