"kwh"
"Time ","AGRIM02P","AGRIM02P","AGRIM02P","AGRIM02P","AGRIM02P","AGRIM02P"
" 7/18/26 00:15",0.000,0.000,221.500,0.179,0.000,0.000
" 7/18/26 00:30",0.000,0.000,221.500,0.166,0.000,0.000
"00:45",0.000,0.000,221.600,0.166,0.000,0.000
"01:00",0.000,0.000,221.600,0.179,0.000,0.000
"01:15",0.000,0.000,221.600,0.166,0.000,0.000
"01:30",0.000,0.000,221.600,0.179,0.000,0.000
"01:45",0.000,0.000,221.500,0.179,0.000,0.000
"02:00",0.000,0.000,221.600,0.166,0.000,0.000
"02:15",0.000,0.000,221.600,0.179,0.000,0.000
"02:30",0.000,0.000,221.600,0.166,0.000,0.000
"02:45",0.000,0.000,221.600,0.179,0.000,0.000
"03:00",0.000,0.000,221.700,0.166,0.000,0.000
"03:15",0.000,0.000,221.700,0.179,0.000,0.000
"03:30",0.000,0.000,221.700,0.166,0.000,0.000
"03:45",0.000,0.000,221.700,0.166,0.000,0.000
"04:00",0.000,0.000,221.600,0.179,0.000,0.000
"04:15",0.000,0.000,221.700,0.179,0.000,0.000
"04:30",0.000,0.000,221.700,0.166,0.000,0.000
"04:45",0.000,0.000,221.700,0.179,0.000,0.000
"05:00",0.000,0.000,221.700,0.166,0.000,0.000
"05:15",0.000,0.000,221.700,0.179,0.000,0.000
"05:30",0.000,0.000,221.600,0.166,0.000,0.000
"05:45",0.000,0.000,221.700,0.179,0.000,0.000
"06:00",0.000,0.000,221.700,0.166,0.000,0.000
"06:15",0.000,0.000,221.600,0.179,0.000,0.000
"06:30",0.000,0.000,221.700,0.166,0.000,0.000
"06:45",0.000,0.000,221.700,0.179,0.000,0.000
"07:00",0.000,0.000,221.700,0.166,0.000,0.000
"07:15",0.000,0.000,221.600,0.179,0.000,0.000
"07:30",0.000,0.000,221.600,0.166,0.000,0.000
"07:45",0.000,0.000,221.600,0.179,0.000,0.000
"08:00",0.000,0.000,221.500,0.166,0.000,0.000
"08:15",0.000,0.000,221.500,0.179,0.000,0.000
"08:30",0.000,0.000,221.400,0.154,0.000,0.000
"08:45",0.346,0.000,221.500,0.013,0.000,0.013
"09:00",2.906,0.000,221.600,0.000,0.000,0.064
"09:15",3.994,0.000,221.700,0.000,0.000,0.064
"09:30",2.829,0.000,221.600,0.000,0.000,0.077
"09:45",6.400,0.000,221.700,0.000,0.000,0.038
"10:00",17.178,0.000,222.200,0.000,0.000,0.000
"10:15",10.982,0.000,221.900,0.000,0.000,0.013
"10:30",12.147,0.000,222.000,0.000,0.000,0.000
"10:45",15.322,0.000,222.000,0.000,0.000,0.000
"11:00",32.499,0.000,222.600,0.000,0.000,0.000
"11:15",26.854,0.000,222.500,0.000,0.000,0.000
"11:30",23.437,0.000,222.400,0.000,0.000,0.000
"11:45",18.022,0.000,222.200,0.000,0.000,0.000
"12:00",19.635,0.000,222.300,0.000,0.000,0.000
"12:15",27.725,0.000,222.500,0.000,0.000,0.000
"12:30",23.155,0.000,222.500,0.000,0.000,0.000
"12:45",72.294,0.000,223.500,0.000,0.000,0.000
"13:00",102.899,0.000,224.300,0.000,0.000,0.000
"13:15",44.787,0.000,223.200,0.000,0.000,0.000
"13:30",61.542,0.000,223.400,0.000,0.000,0.000
"13:45",32.627,0.000,222.800,0.000,0.000,0.000
"14:00",14.848,0.000,222.300,0.000,0.000,0.026
"14:15",17.062,0.000,222.300,0.000,0.000,0.000
"14:30",54.784,0.000,223.100,0.000,0.000,0.000
"14:45",97.216,0.000,224.200,0.000,0.000,0.000
"15:00",68.134,0.000,223.700,0.000,0.000,0.000
"15:15",53.235,0.000,223.200,0.000,0.000,0.000
"15:30",61.107,0.000,223.500,0.000,0.000,0.000
"15:45",61.274,0.000,223.500,0.000,0.000,0.000
"16:00",37.389,0.000,222.700,0.000,0.000,0.000
"16:15",20.070,0.000,222.300,0.000,0.000,0.000
"16:30",8.230,0.000,222.000,0.000,0.000,0.051
"16:45",4.941,0.000,221.900,0.000,0.000,0.038
"17:00",2.150,0.000,221.800,0.000,0.000,0.038
"17:15",3.379,0.000,221.900,0.000,0.000,0.090
"17:30",5.466,0.000,221.900,0.000,0.000,0.051
"17:45",5.773,0.000,221.900,0.000,0.000,0.038
"18:00",3.405,0.000,221.800,0.000,0.000,0.077
"18:15",0.819,0.000,221.800,0.000,0.000,0.051
"18:30",0.141,0.013,221.700,0.026,0.000,0.013
"18:45",0.000,0.026,221.700,0.128,0.000,0.000
"19:00",0.000,0.038,221.600,0.128,0.000,0.000
"19:15",0.000,0.013,221.600,0.166,0.000,0.000
"19:30",0.000,0.000,221.500,0.166,0.000,0.000
"19:45",0.000,0.000,221.500,0.179,0.000,0.000
"20:00",0.000,0.000,221.500,0.179,0.000,0.000
"20:15",0.000,0.000,221.500,0.166,0.000,0.000
"20:30",0.000,0.000,221.500,0.179,0.000,0.000
"20:45",0.000,0.000,221.400,0.166,0.000,0.000
"21:00",0.000,0.000,221.400,0.179,0.000,0.000
"21:15",0.000,0.000,221.400,0.166,0.000,0.000
"21:30",0.000,0.000,221.500,0.179,0.000,0.000
"21:45",0.000,0.000,221.500,0.166,0.000,0.000
"22:00",0.000,0.000,221.500,0.179,0.000,0.000
"22:15",0.000,0.000,221.600,0.166,0.000,0.000
"22:30",0.000,0.000,221.500,0.179,0.000,0.000
"22:45",0.000,0.000,221.600,0.179,0.000,0.000
"23:00",0.000,0.000,221.600,0.166,0.000,0.000
"23:15",0.000,0.000,221.600,0.179,0.000,0.000
"23:30",0.000,0.000,221.500,0.166,0.000,0.000
"23:45",0.000,0.000,221.500,0.179,0.000,0.000
" 7/18/26 24:00",0.000,0.000,221.600,0.179,0.000,0.000
