"kwh"
"Time ","AGRIM02P","AGRIM02P","AGRIM02P","AGRIM02P","AGRIM02P","AGRIM02P"
" 6/19/26 00:15",0.000,0.000,221.600,0.179,0.000,0.000
" 6/19/26 00:30",0.000,0.000,221.600,0.166,0.000,0.000
"00:45",0.000,0.000,221.600,0.179,0.000,0.000
"01:00",0.000,0.000,221.700,0.166,0.000,0.000
"01:15",0.000,0.000,221.700,0.179,0.000,0.000
"01:30",0.000,0.000,221.800,0.166,0.000,0.000
"01:45",0.000,0.000,221.800,0.179,0.000,0.000
"02:00",0.000,0.000,221.800,0.179,0.000,0.000
"02:15",0.000,0.000,221.800,0.166,0.000,0.000
"02:30",0.000,0.000,221.900,0.179,0.000,0.000
"02:45",0.000,0.000,221.900,0.166,0.000,0.000
"03:00",0.000,0.000,221.800,0.179,0.000,0.000
"03:15",0.000,0.000,221.800,0.166,0.000,0.000
"03:30",0.000,0.000,221.800,0.179,0.000,0.000
"03:45",0.000,0.000,221.700,0.179,0.000,0.000
"04:00",0.000,0.000,221.700,0.166,0.000,0.000
"04:15",0.000,0.000,221.700,0.179,0.000,0.000
"04:30",0.000,0.000,221.700,0.166,0.000,0.000
"04:45",0.000,0.000,221.700,0.179,0.000,0.000
"05:00",0.000,0.000,221.700,0.166,0.000,0.000
"05:15",0.000,0.000,221.700,0.179,0.000,0.000
"05:30",0.000,0.000,221.700,0.166,0.000,0.000
"05:45",0.000,0.000,221.700,0.179,0.000,0.000
"06:00",0.000,0.000,221.700,0.179,0.000,0.000
"06:15",0.000,0.000,221.700,0.166,0.000,0.000
"06:30",0.000,0.000,221.700,0.179,0.000,0.000
"06:45",0.000,0.000,221.600,0.166,0.000,0.000
"07:00",0.000,0.000,221.700,0.179,0.000,0.000
"07:15",0.000,0.000,221.700,0.166,0.000,0.000
"07:30",0.000,0.000,221.600,0.179,0.000,0.000
"07:45",0.000,0.000,221.600,0.166,0.000,0.000
"08:00",0.000,0.000,221.500,0.179,0.000,0.000
"08:15",0.000,0.000,221.600,0.166,0.000,0.000
"08:30",0.038,0.000,221.600,0.038,0.013,0.000
"08:45",0.678,0.000,221.600,0.000,0.000,0.026
"09:00",5.286,0.000,221.800,0.000,0.000,0.038
"09:15",10.291,0.000,222.200,0.000,0.000,0.026
"09:30",27.699,0.000,222.700,0.000,0.000,0.000
"09:45",38.541,0.000,223.100,0.000,0.000,0.000
"10:00",46.630,0.000,223.400,0.000,0.000,0.000
"10:15",54.246,0.000,223.700,0.000,0.000,0.000
"10:30",61.018,0.000,223.800,0.000,0.000,0.000
"10:45",67.430,0.000,223.900,0.000,0.000,0.000
"11:00",72.858,0.000,224.000,0.000,0.000,0.000
"11:15",77.491,0.000,224.100,0.000,0.000,0.000
"11:30",81.830,0.000,224.100,0.000,0.000,0.000
"11:45",85.696,0.000,224.100,0.000,0.000,0.000
"12:00",89.229,0.000,224.200,0.000,0.000,0.000
"12:15",92.454,0.000,224.200,0.000,0.000,0.000
"12:30",94.835,0.000,224.200,0.000,0.000,0.000
"12:45",97.037,0.000,224.200,0.000,0.000,0.000
"13:00",98.816,0.000,224.200,0.000,0.000,0.000
"13:15",99.891,0.000,224.200,0.000,0.000,0.000
"13:30",100.429,0.000,224.300,0.000,0.000,0.000
"13:45",100.582,0.000,224.200,0.000,0.000,0.000
"14:00",100.032,0.000,224.200,0.000,0.000,0.000
"14:15",98.765,0.000,224.200,0.000,0.000,0.000
"14:30",97.344,0.000,224.200,0.000,0.000,0.000
"14:45",62.566,0.000,222.700,0.026,0.000,0.000
"15:00",54.003,0.000,223.500,0.000,0.000,0.000
"15:15",89.011,0.000,224.100,0.000,0.000,0.000
"15:30",85.389,0.000,224.000,0.000,0.000,0.000
"15:45",81.024,0.000,223.700,0.000,0.000,0.000
"16:00",75.840,0.000,223.900,0.000,0.000,0.000
"16:15",70.349,0.000,223.800,0.000,0.000,0.000
"16:30",63.642,0.000,223.600,0.000,0.000,0.000
"16:45",55.283,0.000,223.500,0.000,0.000,0.000
"17:00",47.808,0.000,223.300,0.000,0.000,0.000
"17:15",39.155,0.000,222.900,0.000,0.000,0.000
"17:30",20.058,0.000,221.900,0.000,0.000,0.026
"17:45",7.501,0.000,221.800,0.000,0.000,0.064
"18:00",5.030,0.000,221.800,0.000,0.000,0.090
"18:15",1.741,0.000,221.600,0.000,0.000,0.038
"18:30",0.051,0.013,221.600,0.038,0.013,0.000
"18:45",0.000,0.038,221.600,0.128,0.000,0.000
"19:00",0.000,0.038,221.600,0.128,0.000,0.000
"19:15",0.000,0.026,221.500,0.154,0.000,0.000
"19:30",0.000,0.000,221.400,0.166,0.000,0.000
"19:45",0.000,0.000,221.300,0.179,0.000,0.000
"20:00",0.000,0.000,221.400,0.166,0.000,0.000
"20:15",0.000,0.000,221.400,0.179,0.000,0.000
"20:30",0.000,0.000,221.400,0.166,0.000,0.000
"20:45",0.000,0.000,221.400,0.179,0.000,0.000
"21:00",0.000,0.000,221.500,0.179,0.000,0.000
"21:15",0.000,0.000,221.600,0.166,0.000,0.000
"21:30",0.000,0.000,221.500,0.179,0.000,0.000
"21:45",0.000,0.000,221.500,0.179,0.000,0.000
"22:00",0.000,0.000,221.500,0.166,0.000,0.000
"22:15",0.000,0.000,221.600,0.179,0.000,0.000
"22:30",0.000,0.000,221.600,0.179,0.000,0.000
"22:45",0.000,0.000,221.500,0.166,0.000,0.000
"23:00",0.000,0.000,221.500,0.179,0.000,0.000
"23:15",0.000,0.000,221.500,0.179,0.000,0.000
"23:30",0.000,0.000,221.600,0.166,0.000,0.000
"23:45",0.000,0.000,221.600,0.179,0.000,0.000
" 6/19/26 24:00",0.000,0.000,221.600,0.179,0.000,0.000
