"kwh"
"Time ","AGRIM02P","AGRIM02P","AGRIM02P","AGRIM02P","AGRIM02P","AGRIM02P"
" 1/05/26 00:15",0.000,0.000,219.200,0.179,0.000,0.000
" 1/05/26 00:30",0.000,0.000,219.300,0.179,0.000,0.000
"00:45",0.000,0.000,219.300,0.179,0.000,0.000
"01:00",0.000,0.000,219.300,0.179,0.000,0.000
"01:15",0.000,0.000,219.300,0.179,0.000,0.000
"01:30",0.000,0.000,219.300,0.192,0.000,0.000
"01:45",0.000,0.000,219.300,0.179,0.000,0.000
"02:00",0.000,0.000,219.400,0.179,0.000,0.000
"02:15",0.000,0.000,219.300,0.179,0.000,0.000
"02:30",0.000,0.000,219.400,0.179,0.000,0.000
"02:45",0.000,0.000,219.400,0.179,0.000,0.000
"03:00",0.000,0.000,219.500,0.179,0.000,0.000
"03:15",0.000,0.000,219.500,0.192,0.000,0.000
"03:30",0.000,0.000,219.500,0.179,0.000,0.000
"03:45",0.000,0.000,219.500,0.179,0.000,0.000
"04:00",0.000,0.000,219.500,0.179,0.000,0.000
"04:15",0.000,0.000,219.500,0.179,0.000,0.000
"04:30",0.000,0.000,219.500,0.179,0.000,0.000
"04:45",0.000,0.000,219.600,0.192,0.000,0.000
"05:00",0.000,0.000,219.600,0.179,0.000,0.000
"05:15",0.000,0.000,219.600,0.179,0.000,0.000
"05:30",0.000,0.000,219.600,0.179,0.000,0.000
"05:45",0.000,0.000,219.500,0.179,0.000,0.000
"06:00",0.000,0.000,219.600,0.179,0.000,0.000
"06:15",0.000,0.000,219.600,0.192,0.000,0.000
"06:30",0.064,0.000,219.500,0.102,0.000,0.013
"06:45",0.538,0.000,219.500,0.000,0.000,0.013
"07:00",1.370,0.000,219.900,0.000,0.000,0.013
"07:15",2.483,0.000,219.900,0.000,0.000,0.013
"07:30",4.557,0.000,220.000,0.000,0.000,0.013
"07:45",10.291,0.000,220.300,0.000,0.000,0.000
"08:00",18.675,0.000,220.600,0.000,0.000,0.000
"08:15",23.526,0.000,220.500,0.000,0.000,0.000
"08:30",29.914,0.000,220.400,0.000,0.000,0.000
"08:45",42.022,0.000,220.600,0.000,0.000,0.000
"09:00",32.474,0.000,220.600,0.000,0.000,0.000
"09:15",49.062,0.000,220.800,0.000,0.000,0.000
"09:30",51.046,0.000,220.900,0.000,0.000,0.000
"09:45",47.104,0.000,220.900,0.000,0.000,0.000
"10:00",68.826,0.000,221.400,0.000,0.000,0.000
"10:15",75.046,0.000,221.400,0.000,0.000,0.000
"10:30",79.795,0.000,221.500,0.000,0.000,0.000
"10:45",84.608,0.000,221.400,0.000,0.000,0.000
"11:00",89.638,0.000,221.400,0.000,0.000,0.000
"11:15",93.914,0.000,221.500,0.000,0.000,0.000
"11:30",96.922,0.000,221.500,0.000,0.000,0.000
"11:45",99.469,0.000,221.500,0.000,0.000,0.000
"12:00",102.246,0.000,221.500,0.000,0.000,0.000
"12:15",103.040,0.000,221.500,0.000,0.000,0.000
"12:30",103.565,0.000,221.500,0.000,0.000,0.000
"12:45",103.872,0.000,221.500,0.000,0.000,0.000
"13:00",103.898,0.000,221.500,0.000,0.000,0.000
"13:15",103.898,0.000,221.500,0.000,0.000,0.000
"13:30",103.885,0.000,221.500,0.000,0.000,0.000
"13:45",103.872,0.000,221.500,0.000,0.000,0.000
"14:00",103.834,0.000,221.500,0.000,0.000,0.000
"14:15",103.693,0.000,221.500,0.000,0.000,0.000
"14:30",103.501,0.000,221.500,0.000,0.000,0.000
"14:45",103.066,0.000,221.500,0.000,0.000,0.000
"15:00",101.888,0.000,221.800,0.000,0.000,0.000
"15:15",99.968,0.000,222.100,0.000,0.000,0.000
"15:30",97.037,0.000,222.100,0.000,0.000,0.000
"15:45",94.080,0.000,222.100,0.000,0.000,0.000
"16:00",90.739,0.000,222.000,0.000,0.000,0.000
"16:15",86.707,0.000,222.000,0.000,0.000,0.000
"16:30",81.805,0.000,222.000,0.000,0.000,0.000
"16:45",77.133,0.000,221.900,0.000,0.000,0.000
"17:00",71.795,0.000,221.800,0.000,0.000,0.000
"17:15",66.496,0.000,221.700,0.000,0.000,0.000
"17:30",60.582,0.000,221.600,0.000,0.000,0.000
"17:45",54.054,0.000,221.700,0.000,0.000,0.000
"18:00",47.347,0.000,221.700,0.000,0.000,0.000
"18:15",40.269,0.000,221.600,0.000,0.000,0.000
"18:30",33.306,0.000,221.500,0.000,0.000,0.000
"18:45",26.138,0.000,221.300,0.000,0.000,0.000
"19:00",19.200,0.000,221.100,0.000,0.000,0.000
"19:15",12.979,0.000,220.800,0.000,0.000,0.013
"19:30",7.795,0.000,220.400,0.000,0.000,0.026
"19:45",4.365,0.000,220.100,0.000,0.000,0.013
"20:00",2.547,0.000,219.900,0.000,0.000,0.038
"20:15",1.382,0.000,219.700,0.000,0.000,0.077
"20:30",0.448,0.000,219.600,0.000,0.000,0.115
"20:45",0.013,0.013,219.600,0.077,0.000,0.000
"21:00",0.000,0.026,219.600,0.154,0.000,0.000
"21:15",0.000,0.013,219.600,0.179,0.000,0.000
"21:30",0.000,0.000,219.600,0.179,0.000,0.000
"21:45",0.000,0.000,219.600,0.179,0.000,0.000
"22:00",0.000,0.000,219.600,0.179,0.000,0.000
"22:15",0.000,0.000,219.600,0.192,0.000,0.000
"22:30",0.000,0.000,219.500,0.179,0.000,0.000
"22:45",0.000,0.000,219.600,0.179,0.000,0.000
"23:00",0.000,0.000,219.600,0.179,0.000,0.000
"23:15",0.000,0.000,219.500,0.179,0.000,0.000
"23:30",0.000,0.000,219.400,0.179,0.000,0.000
"23:45",0.000,0.000,219.300,0.179,0.000,0.000
" 1/05/26 24:00",0.000,0.000,219.300,0.192,0.000,0.000
