"kwh"
"Time ","AGRIM02P","AGRIM02P","AGRIM02P","AGRIM02P","AGRIM02P","AGRIM02P"
" 3/13/26 00:15",0.000,0.000,221.700,0.179,0.000,0.000
" 3/13/26 00:30",0.000,0.000,221.700,0.192,0.000,0.000
"00:45",0.000,0.000,221.700,0.179,0.000,0.000
"01:00",0.000,0.000,221.700,0.179,0.000,0.000
"01:15",0.000,0.000,221.800,0.192,0.000,0.000
"01:30",0.000,0.000,221.800,0.179,0.000,0.000
"01:45",0.000,0.000,221.800,0.192,0.000,0.000
"02:00",0.000,0.000,221.800,0.179,0.000,0.000
"02:15",0.000,0.000,221.800,0.192,0.000,0.000
"02:30",0.000,0.000,221.800,0.179,0.000,0.000
"02:45",0.000,0.000,221.800,0.179,0.000,0.000
"03:00",0.000,0.000,221.900,0.192,0.000,0.000
"03:15",0.000,0.000,221.900,0.179,0.000,0.000
"03:30",0.000,0.000,221.800,0.192,0.000,0.000
"03:45",0.000,0.000,221.900,0.179,0.000,0.000
"04:00",0.000,0.000,221.900,0.192,0.000,0.000
"04:15",0.000,0.000,221.900,0.179,0.000,0.000
"04:30",0.000,0.000,221.900,0.192,0.000,0.000
"04:45",0.000,0.000,221.900,0.179,0.000,0.000
"05:00",0.000,0.000,221.900,0.192,0.000,0.000
"05:15",0.000,0.000,221.900,0.179,0.000,0.000
"05:30",0.000,0.000,221.900,0.192,0.000,0.000
"05:45",0.000,0.000,221.900,0.179,0.000,0.000
"06:00",0.000,0.000,221.800,0.192,0.000,0.000
"06:15",0.000,0.000,221.800,0.179,0.000,0.000
"06:30",0.000,0.000,221.700,0.192,0.000,0.000
"06:45",0.000,0.000,221.700,0.179,0.000,0.000
"07:00",0.000,0.000,221.800,0.179,0.000,0.000
"07:15",0.000,0.000,221.700,0.192,0.000,0.000
"07:30",0.000,0.000,221.700,0.166,0.000,0.000
"07:45",0.179,0.000,221.700,0.013,0.000,0.013
"08:00",0.243,0.000,221.700,0.000,0.000,0.013
"08:15",0.448,0.000,221.800,0.000,0.000,0.013
"08:30",0.704,0.000,221.800,0.000,0.000,0.026
"08:45",1.869,0.000,221.800,0.000,0.000,0.064
"09:00",3.533,0.000,221.900,0.000,0.000,0.013
"09:15",7.130,0.000,221.900,0.000,0.000,0.051
"09:30",11.994,0.000,222.100,0.000,0.000,0.013
"09:45",11.328,0.000,222.000,0.000,0.000,0.000
"10:00",13.440,0.000,222.100,0.000,0.000,0.000
"10:15",15.142,0.000,222.200,0.000,0.000,0.000
"10:30",18.163,0.000,222.300,0.000,0.000,0.000
"10:45",22.157,0.000,222.400,0.000,0.000,0.000
"11:00",27.110,0.000,222.600,0.000,0.000,0.000
"11:15",39.782,0.000,222.800,0.000,0.000,0.000
"11:30",31.731,0.000,222.600,0.000,0.000,0.000
"11:45",35.994,0.000,222.600,0.000,0.000,0.000
"12:00",40.691,0.000,222.900,0.000,0.000,0.000
"12:15",31.398,0.000,222.900,0.000,0.000,0.000
"12:30",35.558,0.000,222.900,0.000,0.000,0.000
"12:45",38.630,0.000,222.900,0.000,0.000,0.000
"13:00",31.834,0.000,222.900,0.000,0.000,0.000
"13:15",27.123,0.000,222.800,0.000,0.000,0.000
"13:30",32.550,0.000,222.800,0.000,0.000,0.000
"13:45",41.306,0.000,223.000,0.000,0.000,0.000
"14:00",48.115,0.000,223.200,0.000,0.000,0.000
"14:15",42.662,0.000,223.200,0.000,0.000,0.000
"14:30",42.970,0.000,223.300,0.000,0.000,0.000
"14:45",52.070,0.000,223.300,0.000,0.000,0.000
"15:00",53.414,0.000,223.300,0.000,0.000,0.000
"15:15",62.003,0.000,223.500,0.000,0.000,0.000
"15:30",61.555,0.000,223.600,0.000,0.000,0.000
"15:45",49.766,0.000,223.600,0.000,0.000,0.013
"16:00",88.307,0.000,224.200,0.000,0.000,0.000
"16:15",80.026,0.000,224.100,0.000,0.000,0.000
"16:30",74.816,0.000,224.000,0.000,0.000,0.000
"16:45",69.466,0.000,224.000,0.000,0.000,0.013
"17:00",64.653,0.000,224.200,0.000,0.000,0.038
"17:15",58.829,0.000,224.000,0.000,0.000,0.038
"17:30",52.979,0.000,223.800,0.000,0.000,0.038
"17:45",45.837,0.000,223.700,0.000,0.000,0.038
"18:00",41.165,0.000,223.600,0.000,0.000,0.026
"18:15",38.886,0.000,223.200,0.000,0.000,0.000
"18:30",31.232,0.000,222.800,0.000,0.000,0.000
"18:45",20.262,0.000,222.800,0.000,0.000,0.013
"19:00",13.491,0.000,222.500,0.000,0.000,0.013
"19:15",6.400,0.000,222.200,0.000,0.000,0.038
"19:30",1.690,0.000,222.000,0.000,0.000,0.051
"19:45",0.192,0.000,221.900,0.000,0.000,0.000
"20:00",0.000,0.013,221.800,0.154,0.000,0.000
"20:15",0.000,0.013,221.800,0.166,0.000,0.000
"20:30",0.000,0.000,221.700,0.179,0.000,0.000
"20:45",0.000,0.000,221.600,0.192,0.000,0.000
"21:00",0.000,0.000,221.600,0.179,0.000,0.000
"21:15",0.000,0.000,221.600,0.192,0.000,0.000
"21:30",0.000,0.000,221.700,0.179,0.000,0.000
"21:45",0.000,0.000,221.700,0.192,0.000,0.000
"22:00",0.000,0.000,221.700,0.179,0.000,0.000
"22:15",0.000,0.000,221.700,0.179,0.000,0.000
"22:30",0.000,0.000,221.700,0.192,0.000,0.000
"22:45",0.000,0.000,221.700,0.179,0.000,0.000
"23:00",0.000,0.000,221.700,0.192,0.000,0.000
"23:15",0.000,0.000,221.700,0.179,0.000,0.000
"23:30",0.000,0.000,221.700,0.192,0.000,0.000
"23:45",0.000,0.000,221.700,0.179,0.000,0.000
" 3/13/26 24:00",0.000,0.000,221.700,0.192,0.000,0.000
