"kwh"
"Time ","AGRIM02P","AGRIM02P","AGRIM02P","AGRIM02P","AGRIM02P","AGRIM02P"
" 8/02/26 00:15",0.000,0.000,221.600,0.166,0.000,0.000
" 8/02/26 00:30",0.000,0.000,221.600,0.179,0.000,0.000
"00:45",0.000,0.000,221.600,0.166,0.000,0.000
"01:00",0.000,0.000,221.600,0.179,0.000,0.000
"01:15",0.000,0.000,221.700,0.166,0.000,0.000
"01:30",0.000,0.000,221.700,0.179,0.000,0.000
"01:45",0.000,0.000,221.700,0.166,0.000,0.000
"02:00",0.000,0.000,221.700,0.179,0.000,0.000
"02:15",0.000,0.000,221.600,0.166,0.000,0.000
"02:30",0.000,0.000,221.600,0.179,0.000,0.000
"02:45",0.000,0.000,221.700,0.166,0.000,0.000
"03:00",0.000,0.000,221.700,0.179,0.000,0.000
"03:15",0.000,0.000,221.700,0.166,0.000,0.000
"03:30",0.000,0.000,221.800,0.179,0.000,0.000
"03:45",0.000,0.000,221.800,0.166,0.000,0.000
"04:00",0.000,0.000,221.700,0.179,0.000,0.000
"04:15",0.000,0.000,221.700,0.166,0.000,0.000
"04:30",0.000,0.000,221.800,0.179,0.000,0.000
"04:45",0.000,0.000,221.800,0.166,0.000,0.000
"05:00",0.000,0.000,221.800,0.179,0.000,0.000
"05:15",0.000,0.000,221.800,0.166,0.000,0.000
"05:30",0.000,0.000,221.800,0.179,0.000,0.000
"05:45",0.000,0.000,221.800,0.166,0.000,0.000
"06:00",0.000,0.000,221.700,0.179,0.000,0.000
"06:15",0.000,0.000,221.800,0.166,0.000,0.000
"06:30",0.000,0.000,221.800,0.179,0.000,0.000
"06:45",0.000,0.000,221.800,0.166,0.000,0.000
"07:00",0.000,0.000,221.800,0.179,0.000,0.000
"07:15",0.000,0.000,221.800,0.166,0.000,0.000
"07:30",0.000,0.000,221.800,0.179,0.000,0.000
"07:45",0.000,0.000,221.800,0.166,0.000,0.000
"08:00",0.000,0.000,221.800,0.166,0.000,0.000
"08:15",0.000,0.000,221.800,0.179,0.000,0.000
"08:30",0.218,0.000,221.800,0.026,0.000,0.026
"08:45",1.395,0.000,221.900,0.000,0.000,0.026
"09:00",5.325,0.000,222.100,0.000,0.000,0.090
"09:15",19.238,0.000,222.300,0.000,0.000,0.000
"09:30",21.030,0.000,222.300,0.000,0.000,0.000
"09:45",26.637,0.000,222.500,0.000,0.000,0.000
"10:00",33.280,0.000,222.700,0.000,0.000,0.000
"10:15",21.722,0.000,222.400,0.000,0.000,0.000
"10:30",13.491,0.000,222.100,0.000,0.000,0.013
"10:45",23.014,0.000,222.400,0.000,0.000,0.000
"11:00",65.126,0.000,223.600,0.000,0.000,0.000
"11:15",77.568,0.000,223.800,0.000,0.000,0.000
"11:30",84.096,0.000,223.900,0.000,0.000,0.000
"11:45",90.355,0.000,224.000,0.000,0.000,0.000
"12:00",92.838,0.000,224.200,0.000,0.000,0.000
"12:15",95.488,0.000,224.300,0.000,0.000,0.000
"12:30",98.650,0.000,224.300,0.000,0.000,0.000
"12:45",100.326,0.000,224.300,0.000,0.000,0.000
"13:00",102.157,0.000,224.200,0.000,0.000,0.000
"13:15",102.822,0.000,224.200,0.000,0.000,0.000
"13:30",103.501,0.000,224.200,0.000,0.000,0.422
"13:45",104.090,0.000,224.200,0.000,0.000,0.000
"14:00",102.707,0.000,224.200,0.000,0.000,0.013
"14:15",101.926,0.000,224.200,0.000,0.000,0.000
"14:30",100.442,0.000,224.200,0.000,0.000,0.000
"14:45",99.059,0.000,224.200,0.000,0.000,0.013
"15:00",96.397,0.000,224.200,0.000,0.000,0.064
"15:15",90.394,0.000,224.100,0.000,0.000,0.026
"15:30",88.883,0.000,224.000,0.000,0.000,0.000
"15:45",84.352,0.000,223.900,0.000,0.000,0.013
"16:00",80.998,0.000,223.900,0.000,0.000,0.013
"16:15",77.798,0.000,223.800,0.000,0.000,0.000
"16:30",68.941,0.000,223.600,0.000,0.000,0.000
"16:45",56.909,0.000,223.400,0.000,0.000,0.000
"17:00",47.437,0.000,223.500,0.000,0.000,0.000
"17:15",40.115,0.000,223.400,0.000,0.000,0.000
"17:30",25.293,0.000,222.900,0.000,0.000,0.013
"17:45",20.288,0.000,222.800,0.000,0.000,0.038
"18:00",13.107,0.000,222.400,0.000,0.000,0.038
"18:15",9.677,0.000,222.300,0.000,0.000,0.038
"18:30",5.414,0.000,222.100,0.000,0.000,0.064
"18:45",2.586,0.000,222.000,0.000,0.000,0.051
"19:00",0.154,0.000,221.800,0.000,0.000,0.013
"19:15",0.000,0.038,221.700,0.115,0.000,0.000
"19:30",0.000,0.013,221.600,0.154,0.000,0.000
"19:45",0.000,0.000,221.600,0.166,0.000,0.000
"20:00",0.000,0.000,221.600,0.179,0.000,0.000
"20:15",0.000,0.000,221.600,0.166,0.000,0.000
"20:30",0.000,0.000,221.600,0.179,0.000,0.000
"20:45",0.000,0.000,221.500,0.179,0.000,0.000
"21:00",0.000,0.000,221.400,0.166,0.000,0.000
"21:15",0.000,0.000,221.400,0.179,0.000,0.000
"21:30",0.000,0.000,221.500,0.166,0.000,0.000
"21:45",0.000,0.000,221.500,0.179,0.000,0.000
"22:00",0.000,0.000,221.500,0.166,0.000,0.000
"22:15",0.000,0.000,221.500,0.179,0.000,0.000
"22:30",0.000,0.000,221.500,0.166,0.000,0.000
"22:45",0.000,0.000,221.600,0.179,0.000,0.000
"23:00",0.000,0.000,221.600,0.179,0.000,0.000
"23:15",0.000,0.000,221.500,0.166,0.000,0.000
"23:30",0.000,0.000,221.500,0.179,0.000,0.000
"23:45",0.000,0.000,221.500,0.166,0.000,0.000
" 8/02/26 24:00",0.000,0.000,221.600,0.179,0.000,0.000
