"kwh"
"Time ","AGRIM02P","AGRIM02P","AGRIM02P","AGRIM02P","AGRIM02P","AGRIM02P"
" 2/18/26 00:15",0.000,0.000,221.700,0.179,0.000,0.000
" 2/18/26 00:30",0.000,0.000,221.700,0.192,0.000,0.000
"00:45",0.000,0.000,221.700,0.179,0.000,0.000
"01:00",0.000,0.000,221.700,0.192,0.000,0.000
"01:15",0.000,0.000,221.700,0.179,0.000,0.000
"01:30",0.000,0.000,221.700,0.192,0.000,0.000
"01:45",0.000,0.000,221.600,0.179,0.000,0.000
"02:00",0.000,0.000,221.600,0.192,0.000,0.000
"02:15",0.000,0.000,221.700,0.179,0.000,0.000
"02:30",0.000,0.000,221.700,0.179,0.000,0.000
"02:45",0.000,0.000,221.700,0.192,0.000,0.000
"03:00",0.000,0.000,221.700,0.179,0.000,0.000
"03:15",0.000,0.000,221.800,0.192,0.000,0.000
"03:30",0.000,0.000,221.800,0.179,0.000,0.000
"03:45",0.000,0.000,221.800,0.192,0.000,0.000
"04:00",0.000,0.000,221.800,0.179,0.000,0.000
"04:15",0.000,0.000,221.800,0.192,0.000,0.000
"04:30",0.000,0.000,221.800,0.179,0.000,0.000
"04:45",0.000,0.000,221.700,0.192,0.000,0.000
"05:00",0.000,0.000,221.700,0.179,0.000,0.000
"05:15",0.000,0.000,221.800,0.192,0.000,0.000
"05:30",0.000,0.000,221.700,0.179,0.000,0.000
"05:45",0.000,0.000,221.700,0.192,0.000,0.000
"06:00",0.000,0.000,221.700,0.179,0.000,0.000
"06:15",0.000,0.000,221.700,0.179,0.000,0.000
"06:30",0.000,0.000,221.700,0.192,0.000,0.000
"06:45",0.000,0.000,221.700,0.179,0.000,0.000
"07:00",0.000,0.000,221.700,0.192,0.000,0.000
"07:15",0.154,0.000,221.700,0.038,0.000,0.026
"07:30",0.742,0.000,221.700,0.000,0.000,0.064
"07:45",1.882,0.000,222.000,0.000,0.000,0.090
"08:00",4.083,0.000,222.200,0.000,0.000,0.102
"08:15",8.845,0.000,222.500,0.000,0.000,0.051
"08:30",16.486,0.000,222.800,0.000,0.000,0.013
"08:45",26.061,0.000,223.100,0.000,0.000,0.000
"09:00",32.371,0.000,223.300,0.000,0.000,0.000
"09:15",38.605,0.000,223.600,0.000,0.000,0.026
"09:30",45.683,0.000,223.800,0.000,0.000,0.013
"09:45",52.634,0.000,223.900,0.000,0.000,0.013
"10:00",59.405,0.000,224.000,0.000,0.000,0.013
"10:15",65.408,0.000,224.100,0.000,0.000,0.026
"10:30",73.843,0.000,224.200,0.000,0.000,0.000
"10:45",78.707,0.000,224.300,0.000,0.000,0.013
"11:00",81.766,0.000,224.500,0.000,0.000,0.013
"11:15",75.187,0.000,224.300,0.000,0.000,0.013
"11:30",65.382,0.000,224.100,0.000,0.000,0.026
"11:45",60.096,0.000,223.800,0.000,0.000,0.013
"12:00",74.970,0.000,224.100,0.000,0.000,0.013
"12:15",66.611,0.000,224.000,0.000,0.000,0.013
"12:30",95.706,0.000,224.400,0.000,0.000,0.013
"12:45",104.115,0.000,224.600,0.000,0.000,0.013
"13:00",93.530,0.000,224.300,0.000,0.000,0.038
"13:15",102.579,0.000,224.100,0.000,0.000,0.013
"13:30",97.165,0.000,224.300,0.000,0.000,0.000
"13:45",104.410,0.000,224.300,0.000,0.000,0.013
"14:00",104.256,0.000,224.200,0.000,0.000,0.000
"14:15",104.038,0.000,224.400,0.000,0.000,0.026
"14:30",102.630,0.000,224.500,0.000,0.000,0.000
"14:45",101.402,0.000,224.500,0.000,0.000,0.013
"15:00",99.610,0.000,224.400,0.000,0.000,0.013
"15:15",97.498,0.000,224.400,0.000,0.000,0.000
"15:30",72.243,0.000,223.700,0.000,0.000,0.397
"15:45",93.504,0.000,224.400,0.000,0.000,0.000
"16:00",88.653,0.000,224.400,0.000,0.000,0.000
"16:15",82.867,0.000,224.300,0.000,0.000,0.013
"16:30",79.565,0.000,224.200,0.000,0.000,0.013
"16:45",74.176,0.000,224.000,0.000,0.000,0.000
"17:00",68.800,0.000,223.900,0.000,0.000,0.013
"17:15",63.526,0.000,223.800,0.000,0.000,0.000
"17:30",57.549,0.000,223.600,0.000,0.000,0.000
"17:45",51.174,0.000,223.600,0.000,0.000,0.013
"18:00",44.672,0.000,223.700,0.000,0.000,0.013
"18:15",38.131,0.000,223.700,0.000,0.000,0.026
"18:30",31.130,0.000,223.500,0.000,0.000,0.013
"18:45",24.000,0.000,223.200,0.000,0.000,0.013
"19:00",17.395,0.000,222.900,0.000,0.000,0.013
"19:15",11.059,0.000,222.400,0.000,0.000,0.038
"19:30",5.901,0.000,222.100,0.000,0.000,0.077
"19:45",2.765,0.000,221.900,0.000,0.000,0.077
"20:00",0.998,0.000,221.600,0.000,0.000,0.102
"20:15",0.115,0.000,221.600,0.000,0.013,0.051
"20:30",0.000,0.026,221.500,0.141,0.000,0.000
"20:45",0.000,0.013,221.400,0.166,0.000,0.000
"21:00",0.000,0.000,221.500,0.179,0.000,0.000
"21:15",0.000,0.000,221.500,0.192,0.000,0.000
"21:30",0.000,0.000,221.500,0.179,0.000,0.000
"21:45",0.000,0.000,221.500,0.179,0.000,0.000
"22:00",0.000,0.000,221.500,0.192,0.000,0.000
"22:15",0.000,0.000,221.500,0.179,0.000,0.000
"22:30",0.000,0.000,221.600,0.179,0.000,0.000
"22:45",0.000,0.000,221.600,0.192,0.000,0.000
"23:00",0.000,0.000,221.600,0.179,0.000,0.000
"23:15",0.000,0.000,221.500,0.192,0.000,0.000
"23:30",0.000,0.000,221.400,0.179,0.000,0.000
"23:45",0.000,0.000,221.400,0.179,0.000,0.000
" 2/18/26 24:00",0.000,0.000,221.400,0.192,0.000,0.000
