"kwh"
"Time ","AGRIM02P","AGRIM02P","AGRIM02P","AGRIM02P","AGRIM02P","AGRIM02P"
" 4/27/26 00:15",0.000,0.000,221.300,0.179,0.000,0.000
" 4/27/26 00:30",0.000,0.000,221.300,0.192,0.000,0.000
"00:45",0.000,0.000,221.300,0.179,0.000,0.000
"01:00",0.000,0.000,221.400,0.192,0.000,0.000
"01:15",0.000,0.000,221.500,0.179,0.000,0.000
"01:30",0.000,0.000,221.400,0.192,0.000,0.000
"01:45",0.000,0.000,221.500,0.179,0.000,0.000
"02:00",0.000,0.000,221.400,0.192,0.000,0.000
"02:15",0.000,0.000,221.400,0.179,0.000,0.000
"02:30",0.000,0.000,221.400,0.179,0.000,0.000
"02:45",0.000,0.000,221.400,0.192,0.000,0.000
"03:00",0.000,0.000,221.400,0.179,0.000,0.000
"03:15",0.000,0.000,221.400,0.192,0.000,0.000
"03:30",0.000,0.000,221.400,0.179,0.000,0.000
"03:45",0.000,0.000,221.400,0.192,0.000,0.000
"04:00",0.000,0.000,221.400,0.179,0.000,0.000
"04:15",0.000,0.000,221.300,0.192,0.000,0.000
"04:30",0.000,0.000,221.400,0.179,0.000,0.000
"04:45",0.000,0.000,221.400,0.179,0.000,0.000
"05:00",0.000,0.000,221.300,0.192,0.000,0.000
"05:15",0.000,0.000,221.300,0.179,0.000,0.000
"05:30",0.000,0.000,221.300,0.192,0.000,0.000
"05:45",0.000,0.000,221.300,0.179,0.000,0.000
"06:00",0.000,0.000,221.400,0.179,0.000,0.000
"06:15",0.000,0.000,221.300,0.192,0.000,0.000
"06:30",0.000,0.000,221.400,0.179,0.000,0.000
"06:45",0.000,0.000,221.400,0.192,0.000,0.000
"07:00",0.000,0.000,221.300,0.179,0.000,0.000
"07:15",0.000,0.000,221.400,0.179,0.000,0.000
"07:30",0.000,0.000,221.300,0.192,0.000,0.000
"07:45",0.000,0.000,221.200,0.179,0.000,0.000
"08:00",0.026,0.000,221.300,0.064,0.000,0.000
"08:15",0.320,0.000,221.200,0.000,0.000,0.013
"08:30",1.830,0.000,221.400,0.000,0.000,0.013
"08:45",3.699,0.000,221.400,0.000,0.000,0.064
"09:00",6.566,0.000,221.500,0.000,0.000,0.026
"09:15",8.307,0.000,221.700,0.000,0.000,0.000
"09:30",28.736,0.000,222.100,0.000,0.000,0.000
"09:45",41.203,0.000,223.300,0.000,0.000,0.000
"10:00",47.347,0.000,223.400,0.000,0.000,0.013
"10:15",53.466,0.000,223.500,0.000,0.000,0.000
"10:30",58.931,0.000,223.500,0.000,0.000,0.000
"10:45",64.205,0.000,224.000,0.000,0.000,0.000
"11:00",69.658,0.000,224.100,0.000,0.000,0.000
"11:15",74.586,0.000,224.200,0.000,0.000,0.000
"11:30",78.477,0.000,224.200,0.000,0.000,0.013
"11:45",81.882,0.000,224.300,0.000,0.000,0.000
"12:00",84.672,0.000,224.300,0.000,0.000,0.000
"12:15",87.603,0.000,224.300,0.000,0.000,0.000
"12:30",89.472,0.000,224.300,0.000,0.000,0.013
"12:45",90.739,0.000,224.400,0.000,0.000,0.000
"13:00",92.070,0.000,224.400,0.000,0.000,0.038
"13:15",92.838,0.000,224.400,0.000,0.000,0.026
"13:30",25.984,0.000,222.600,0.026,0.000,0.000
"13:45",51.546,0.000,223.800,0.000,0.000,0.000
"14:00",91.456,0.000,224.300,0.000,0.000,0.000
"14:15",90.816,0.000,224.300,0.000,0.000,0.013
"14:30",89.152,0.000,224.400,0.000,0.000,0.000
"14:45",87.386,0.000,224.400,0.000,0.000,0.013
"15:00",84.531,0.000,224.400,0.000,0.000,0.013
"15:15",81.395,0.000,224.300,0.000,0.000,0.000
"15:30",77.952,0.000,224.300,0.000,0.000,0.013
"15:45",73.882,0.000,224.100,0.000,0.000,0.013
"16:00",69.517,0.000,224.100,0.000,0.000,0.000
"16:15",65.062,0.000,224.100,0.000,0.000,0.013
"16:30",60.262,0.000,224.000,0.000,0.000,0.013
"16:45",53.926,0.000,223.800,0.000,0.000,0.000
"17:00",47.962,0.000,223.800,0.000,0.000,0.000
"17:15",41.472,0.000,223.600,0.000,0.000,0.013
"17:30",33.702,0.000,223.300,0.000,0.000,0.000
"17:45",29.798,0.000,223.000,0.000,0.000,0.000
"18:00",20.275,0.000,222.600,0.000,0.000,0.000
"18:15",9.613,0.000,222.000,0.000,0.000,0.013
"18:30",2.035,0.000,221.700,0.000,0.000,0.038
"18:45",0.794,0.000,221.600,0.000,0.000,0.026
"19:00",0.038,0.000,221.500,0.026,0.000,0.000
"19:15",0.000,0.026,221.400,0.154,0.000,0.000
"19:30",0.000,0.000,221.300,0.179,0.000,0.000
"19:45",0.000,0.000,221.200,0.192,0.000,0.000
"20:00",0.000,0.000,221.300,0.179,0.000,0.000
"20:15",0.000,0.000,221.300,0.179,0.000,0.000
"20:30",0.000,0.000,221.400,0.192,0.000,0.000
"20:45",0.000,0.000,221.300,0.179,0.000,0.000
"21:00",0.000,0.000,221.300,0.192,0.000,0.000
"21:15",0.000,0.000,221.400,0.179,0.000,0.000
"21:30",0.000,0.000,221.400,0.179,0.000,0.000
"21:45",0.000,0.000,221.400,0.192,0.000,0.000
"22:00",0.000,0.000,221.500,0.179,0.000,0.000
"22:15",0.000,0.000,221.500,0.192,0.000,0.000
"22:30",0.000,0.000,221.500,0.179,0.000,0.000
"22:45",0.000,0.000,221.500,0.192,0.000,0.000
"23:00",0.000,0.000,221.500,0.179,0.000,0.000
"23:15",0.000,0.000,221.500,0.192,0.000,0.000
"23:30",0.000,0.000,221.600,0.179,0.000,0.000
"23:45",0.000,0.000,221.600,0.192,0.000,0.000
" 4/27/26 24:00",0.000,0.000,221.700,0.179,0.000,0.000
