"kwh"
"Time ","AGRIM02P","AGRIM02P","AGRIM02P","AGRIM02P","AGRIM02P","AGRIM02P"
" 9/30/26 00:15",0.000,0.000,220.300,0.166,0.000,0.000
" 9/30/26 00:30",0.000,0.000,220.300,0.179,0.000,0.000
"00:45",0.000,0.000,220.400,0.166,0.000,0.000
"01:00",0.000,0.000,220.400,0.166,0.000,0.000
"01:15",0.000,0.000,220.300,0.179,0.000,0.000
"01:30",0.000,0.000,220.300,0.166,0.000,0.000
"01:45",0.000,0.000,220.400,0.166,0.000,0.000
"02:00",0.000,0.000,220.400,0.179,0.000,0.000
"02:15",0.000,0.000,220.400,0.166,0.000,0.000
"02:30",0.000,0.000,220.400,0.166,0.000,0.000
"02:45",0.000,0.000,220.400,0.179,0.000,0.000
"03:00",0.000,0.000,220.400,0.166,0.000,0.000
"03:15",0.000,0.000,220.400,0.179,0.000,0.000
"03:30",0.000,0.000,220.400,0.166,0.000,0.000
"03:45",0.000,0.000,220.400,0.166,0.000,0.000
"04:00",0.000,0.000,220.400,0.179,0.000,0.000
"04:15",0.000,0.000,220.400,0.166,0.000,0.000
"04:30",0.000,0.000,220.400,0.166,0.000,0.000
"04:45",0.000,0.000,220.400,0.179,0.000,0.000
"05:00",0.000,0.000,220.400,0.166,0.000,0.000
"05:15",0.000,0.000,220.400,0.166,0.000,0.000
"05:30",0.000,0.000,220.400,0.179,0.000,0.000
"05:45",0.000,0.000,220.400,0.166,0.000,0.000
"06:00",0.000,0.000,220.300,0.166,0.000,0.000
"06:15",0.000,0.000,220.400,0.179,0.000,0.000
"06:30",0.000,0.000,220.300,0.166,0.000,0.000
"06:45",0.000,0.000,220.600,0.179,0.000,0.000
"07:00",0.000,0.000,220.600,0.166,0.000,0.000
"07:15",0.102,0.000,220.600,0.064,0.000,0.000
"07:30",0.371,0.000,220.500,0.000,0.000,0.013
"07:45",1.216,0.000,220.500,0.000,0.000,0.013
"08:00",1.562,0.000,220.700,0.000,0.000,0.000
"08:15",3.558,0.000,220.800,0.000,0.000,0.013
"08:30",3.302,0.000,220.700,0.000,0.000,0.000
"08:45",6.426,0.000,220.800,0.000,0.000,0.013
"09:00",12.301,0.000,220.800,0.000,0.000,0.000
"09:15",12.864,0.000,220.800,0.000,0.000,0.000
"09:30",16.077,0.000,221.000,0.000,0.000,0.000
"09:45",15.885,0.000,221.000,0.000,0.000,0.000
"10:00",21.350,0.000,221.100,0.000,0.000,0.000
"10:15",28.326,0.000,221.400,0.000,0.000,0.000
"10:30",39.872,0.000,221.600,0.000,0.000,0.000
"10:45",41.920,0.000,221.800,0.000,0.000,0.000
"11:00",63.475,0.000,222.100,0.000,0.000,0.000
"11:15",40.550,0.000,222.300,0.000,0.000,0.000
"11:30",39.258,0.000,221.900,0.000,0.000,0.000
"11:45",90.253,0.000,222.900,0.000,0.000,0.000
"12:00",110.630,0.000,223.200,0.000,0.000,0.000
"12:15",93.517,0.000,223.000,0.000,0.000,0.000
"12:30",114.074,0.000,223.200,0.000,0.000,0.000
"12:45",96.026,0.000,222.800,0.000,0.000,0.000
"13:00",93.389,0.000,222.600,0.000,0.000,0.000
"13:15",86.336,0.000,222.300,0.000,0.000,0.000
"13:30",91.520,0.000,222.500,0.000,0.000,0.000
"13:45",98.406,0.000,222.900,0.000,0.000,0.000
"14:00",114.368,0.000,222.900,0.000,0.000,0.000
"14:15",115.341,0.000,223.200,0.000,0.000,0.000
"14:30",114.893,0.000,222.700,0.000,0.000,0.000
"14:45",93.286,0.000,222.600,0.000,0.000,0.013
"15:00",84.608,0.000,222.500,0.000,0.000,0.000
"15:15",102.054,0.000,222.600,0.000,0.000,0.000
"15:30",109.619,0.000,223.000,0.000,0.000,0.000
"15:45",101.888,0.000,222.300,0.000,0.000,0.000
"16:00",87.910,0.000,222.400,0.000,0.000,0.000
"16:15",91.251,0.000,222.400,0.000,0.000,0.000
"16:30",85.184,0.000,222.300,0.000,0.000,0.000
"16:45",79.578,0.000,222.300,0.000,0.000,0.000
"17:00",60.557,0.000,222.200,0.000,0.000,0.013
"17:15",62.490,0.000,222.300,0.000,0.000,0.013
"17:30",25.523,0.000,221.900,0.000,0.000,0.051
"17:45",24.371,0.000,220.900,0.000,0.000,0.026
"18:00",25.587,0.000,221.000,0.000,0.000,0.026
"18:15",18.573,0.000,221.600,0.000,0.000,0.038
"18:30",16.589,0.000,221.700,0.000,0.000,0.013
"18:45",7.872,0.000,221.200,0.000,0.000,0.064
"19:00",4.301,0.000,221.000,0.000,0.000,0.051
"19:15",1.011,0.000,220.700,0.000,0.000,0.051
"19:30",0.128,0.013,220.700,0.038,0.000,0.000
"19:45",0.000,0.038,220.500,0.115,0.000,0.000
"20:00",0.000,0.013,220.500,0.154,0.000,0.000
"20:15",0.000,0.000,220.500,0.179,0.000,0.000
"20:30",0.000,0.000,220.500,0.166,0.000,0.000
"20:45",0.000,0.000,220.500,0.179,0.000,0.000
"21:00",0.000,0.000,220.500,0.166,0.000,0.000
"21:15",0.000,0.000,220.500,0.166,0.000,0.000
"21:30",0.000,0.000,220.500,0.179,0.000,0.000
"21:45",0.000,0.000,220.500,0.166,0.000,0.000
"22:00",0.000,0.000,220.500,0.166,0.000,0.000
"22:15",0.000,0.000,220.600,0.179,0.000,0.000
"22:30",0.000,0.000,220.600,0.166,0.000,0.000
"22:45",0.000,0.000,220.600,0.179,0.000,0.000
"23:00",0.000,0.000,220.600,0.166,0.000,0.000
"23:15",0.000,0.000,220.300,0.166,0.000,0.000
"23:30",0.000,0.000,220.200,0.179,0.000,0.000
"23:45",0.000,0.000,220.100,0.166,0.000,0.000
" 9/30/26 24:00",0.000,0.000,220.100,0.166,0.000,0.000
