"kwh"
"Time ","AGRIM02P","AGRIM02P","AGRIM02P","AGRIM02P","AGRIM02P","AGRIM02P"
" 4/14/26 00:15",0.000,0.000,221.500,0.192,0.000,0.000
" 4/14/26 00:30",0.000,0.000,221.500,0.179,0.000,0.000
"00:45",0.000,0.000,221.500,0.192,0.000,0.000
"01:00",0.000,0.000,221.500,0.179,0.000,0.000
"01:15",0.000,0.000,221.500,0.179,0.000,0.000
"01:30",0.000,0.000,221.500,0.192,0.000,0.000
"01:45",0.000,0.000,221.500,0.179,0.000,0.000
"02:00",0.000,0.000,221.500,0.179,0.000,0.000
"02:15",0.000,0.000,221.500,0.192,0.000,0.000
"02:30",0.000,0.000,221.500,0.179,0.000,0.000
"02:45",0.000,0.000,221.500,0.179,0.000,0.000
"03:00",0.000,0.000,221.500,0.192,0.000,0.000
"03:15",0.000,0.000,221.500,0.179,0.000,0.000
"03:30",0.000,0.000,221.500,0.179,0.000,0.000
"03:45",0.000,0.000,221.500,0.192,0.000,0.000
"04:00",0.000,0.000,221.500,0.179,0.000,0.000
"04:15",0.000,0.000,221.500,0.179,0.000,0.000
"04:30",0.000,0.000,221.500,0.192,0.000,0.000
"04:45",0.000,0.000,221.500,0.179,0.000,0.000
"05:00",0.000,0.000,221.500,0.179,0.000,0.000
"05:15",0.000,0.000,221.500,0.192,0.000,0.000
"05:30",0.000,0.000,221.500,0.179,0.000,0.000
"05:45",0.000,0.000,221.500,0.179,0.000,0.000
"06:00",0.000,0.000,221.500,0.192,0.000,0.000
"06:15",0.000,0.000,221.500,0.179,0.000,0.000
"06:30",0.000,0.000,221.500,0.179,0.000,0.000
"06:45",0.000,0.000,221.500,0.192,0.000,0.000
"07:00",0.000,0.000,221.500,0.179,0.000,0.000
"07:15",0.000,0.000,221.400,0.179,0.000,0.000
"07:30",0.000,0.000,221.400,0.192,0.000,0.000
"07:45",0.000,0.000,221.300,0.179,0.000,0.000
"08:00",0.051,0.000,221.400,0.090,0.000,0.013
"08:15",0.704,0.000,221.500,0.000,0.000,0.038
"08:30",1.856,0.000,221.500,0.000,0.000,0.064
"08:45",2.688,0.000,221.500,0.000,0.000,0.051
"09:00",3.034,0.000,221.600,0.000,0.000,0.064
"09:15",4.288,0.000,221.800,0.000,0.000,0.051
"09:30",14.822,0.000,222.400,0.000,0.000,0.000
"09:45",15.898,0.000,223.400,0.000,0.000,0.026
"10:00",17.690,0.000,222.700,0.000,0.000,0.013
"10:15",25.024,0.000,222.400,0.000,0.000,0.000
"10:30",18.701,0.000,222.300,0.000,0.000,0.000
"10:45",13.530,0.000,222.200,0.000,0.000,0.000
"11:00",23.590,0.000,222.500,0.000,0.000,0.000
"11:15",46.438,0.000,223.100,0.000,0.000,0.000
"11:30",25.882,0.000,223.300,0.000,0.000,0.000
"11:45",17.574,0.000,222.600,0.000,0.000,0.000
"12:00",39.910,0.000,223.000,0.000,0.000,0.000
"12:15",92.646,0.000,224.400,0.000,0.000,0.013
"12:30",89.242,0.000,224.300,0.000,0.000,0.000
"12:45",87.450,0.000,224.100,0.000,0.000,0.000
"13:00",80.256,0.000,224.100,0.000,0.000,0.013
"13:15",45.696,0.000,223.400,0.000,0.000,0.000
"13:30",72.998,0.000,223.900,0.000,0.000,0.000
"13:45",51.200,0.000,223.300,0.000,0.000,0.000
"14:00",26.714,0.000,223.000,0.000,0.000,0.013
"14:15",26.803,0.000,223.000,0.000,0.000,0.013
"14:30",40.141,0.000,223.300,0.000,0.000,0.000
"14:45",63.539,0.000,223.600,0.000,0.000,0.000
"15:00",39.194,0.000,223.100,0.000,0.000,0.000
"15:15",36.941,0.000,222.800,0.000,0.000,0.013
"15:30",44.915,0.000,223.000,0.000,0.000,0.000
"15:45",44.173,0.000,222.900,0.000,0.000,0.000
"16:00",32.794,0.000,222.700,0.000,0.000,0.000
"16:15",18.790,0.000,222.300,0.000,0.000,0.000
"16:30",21.158,0.000,222.400,0.000,0.000,0.000
"16:45",23.475,0.000,222.500,0.000,0.000,0.000
"17:00",20.416,0.000,222.500,0.000,0.000,0.000
"17:15",16.102,0.000,222.200,0.000,0.000,0.000
"17:30",6.464,0.000,222.100,0.000,0.000,0.000
"17:45",3.341,0.000,221.900,0.000,0.000,0.038
"18:00",0.294,0.000,221.900,0.000,0.000,0.013
"18:15",0.870,0.000,222.000,0.000,0.000,0.000
"18:30",1.830,0.000,221.900,0.000,0.000,0.013
"18:45",0.384,0.000,221.900,0.000,0.000,0.000
"19:00",0.384,0.000,221.900,0.000,0.000,0.013
"19:15",0.819,0.000,221.900,0.013,0.000,0.038
"19:30",0.000,0.013,221.900,0.154,0.000,0.000
"19:45",0.000,0.000,221.800,0.179,0.000,0.000
"20:00",0.000,0.000,221.700,0.192,0.000,0.000
"20:15",0.000,0.000,221.700,0.179,0.000,0.000
"20:30",0.000,0.000,221.700,0.192,0.000,0.000
"20:45",0.000,0.000,221.700,0.179,0.000,0.000
"21:00",0.000,0.000,221.700,0.192,0.000,0.000
"21:15",0.000,0.000,221.700,0.179,0.000,0.000
"21:30",0.000,0.000,221.700,0.192,0.000,0.000
"21:45",0.000,0.000,221.700,0.179,0.000,0.000
"22:00",0.000,0.000,221.800,0.192,0.000,0.000
"22:15",0.000,0.000,221.800,0.179,0.000,0.000
"22:30",0.000,0.000,221.700,0.192,0.000,0.000
"22:45",0.000,0.000,221.700,0.179,0.000,0.000
"23:00",0.000,0.000,221.700,0.192,0.000,0.000
"23:15",0.000,0.000,221.800,0.179,0.000,0.000
"23:30",0.000,0.000,221.800,0.192,0.000,0.000
"23:45",0.000,0.000,221.700,0.179,0.000,0.000
" 4/14/26 24:00",0.000,0.000,221.700,0.192,0.000,0.000
