"kwh"
"Time ","AGRIM02P","AGRIM02P","AGRIM02P","AGRIM02P","AGRIM02P","AGRIM02P"
" 7/28/26 00:15",0.000,0.000,221.500,0.166,0.000,0.000
" 7/28/26 00:30",0.000,0.000,221.600,0.179,0.000,0.000
"00:45",0.000,0.000,221.500,0.166,0.000,0.000
"01:00",0.000,0.000,221.600,0.179,0.000,0.000
"01:15",0.000,0.000,221.600,0.166,0.000,0.000
"01:30",0.000,0.000,221.600,0.179,0.000,0.000
"01:45",0.000,0.000,221.500,0.166,0.000,0.000
"02:00",0.000,0.000,221.600,0.179,0.000,0.000
"02:15",0.000,0.000,221.600,0.166,0.000,0.000
"02:30",0.000,0.000,221.600,0.179,0.000,0.000
"02:45",0.000,0.000,221.600,0.166,0.000,0.000
"03:00",0.000,0.000,221.600,0.166,0.000,0.000
"03:15",0.000,0.000,221.700,0.179,0.000,0.000
"03:30",0.000,0.000,221.700,0.166,0.000,0.000
"03:45",0.000,0.000,221.600,0.179,0.000,0.000
"04:00",0.000,0.000,221.700,0.166,0.000,0.000
"04:15",0.000,0.000,221.600,0.179,0.000,0.000
"04:30",0.000,0.000,221.600,0.166,0.000,0.000
"04:45",0.000,0.000,221.700,0.179,0.000,0.000
"05:00",0.000,0.000,221.600,0.166,0.000,0.000
"05:15",0.000,0.000,221.600,0.179,0.000,0.000
"05:30",0.000,0.000,221.600,0.166,0.000,0.000
"05:45",0.000,0.000,221.600,0.179,0.000,0.000
"06:00",0.000,0.000,221.600,0.166,0.000,0.000
"06:15",0.000,0.000,221.600,0.179,0.000,0.000
"06:30",0.000,0.000,221.500,0.166,0.000,0.000
"06:45",0.000,0.000,221.500,0.179,0.000,0.000
"07:00",0.000,0.000,221.600,0.166,0.000,0.000
"07:15",0.000,0.000,221.500,0.179,0.000,0.000
"07:30",0.000,0.000,221.600,0.166,0.000,0.000
"07:45",0.000,0.000,221.500,0.179,0.000,0.000
"08:00",0.000,0.000,221.500,0.166,0.000,0.000
"08:15",0.000,0.000,221.500,0.179,0.000,0.000
"08:30",0.000,0.038,221.500,0.115,0.000,0.000
"08:45",0.115,0.000,221.500,0.026,0.000,0.000
"09:00",0.486,0.000,221.500,0.000,0.000,0.038
"09:15",1.318,0.000,221.300,0.000,0.000,0.077
"09:30",3.008,0.000,221.200,0.000,0.000,0.077
"09:45",3.430,0.000,221.200,0.000,0.000,0.243
"10:00",23.373,0.000,221.800,0.000,0.000,0.205
"10:15",53.786,0.000,223.100,0.000,0.000,0.051
"10:30",62.950,0.000,223.300,0.000,0.000,0.102
"10:45",65.690,0.000,223.300,0.000,0.000,0.000
"11:00",74.253,0.000,223.500,0.000,0.000,0.000
"11:15",79.206,0.000,223.500,0.000,0.000,0.000
"11:30",83.264,0.000,223.600,0.000,0.000,0.000
"11:45",86.861,0.000,223.500,0.000,0.000,0.038
"12:00",90.470,0.000,223.700,0.000,0.000,0.000
"12:15",93.773,0.000,223.700,0.000,0.000,0.000
"12:30",96.678,0.000,223.700,0.000,0.000,0.000
"12:45",100.070,0.000,223.800,0.000,0.000,0.000
"13:00",101.734,0.000,223.900,0.000,0.000,0.000
"13:15",102.822,0.000,223.900,0.000,0.000,0.000
"13:30",104.550,0.000,223.900,0.000,0.000,0.000
"13:45",57.805,0.000,223.300,0.000,0.000,0.115
"14:00",83.827,0.000,223.600,0.000,0.000,0.013
"14:15",63.219,0.000,223.500,0.000,0.000,0.000
"14:30",80.371,0.000,223.600,0.000,0.000,0.000
"14:45",60.237,0.000,223.100,0.000,0.000,0.000
"15:00",54.042,0.000,223.100,0.000,0.000,0.000
"15:15",68.723,0.000,223.300,0.000,0.000,0.000
"15:30",70.080,0.000,223.500,0.000,0.000,0.000
"15:45",74.650,0.000,223.800,0.000,0.000,0.000
"16:00",57.114,0.000,223.300,0.000,0.000,0.000
"16:15",59.405,0.000,223.400,0.000,0.000,0.000
"16:30",42.214,0.000,223.000,0.000,0.000,0.000
"16:45",60.224,0.000,223.400,0.000,0.000,0.000
"17:00",53.286,0.000,223.500,0.000,0.000,0.000
"17:15",46.374,0.000,223.400,0.000,0.000,0.000
"17:30",42.970,0.000,223.300,0.000,0.000,0.000
"17:45",34.483,0.000,223.100,0.000,0.000,0.013
"18:00",26.624,0.000,222.700,0.000,0.000,0.000
"18:15",12.954,0.000,222.200,0.000,0.000,0.051
"18:30",2.688,0.000,221.800,0.000,0.000,0.077
"18:45",0.486,0.000,221.600,0.000,0.000,0.013
"19:00",0.064,0.013,221.600,0.064,0.000,0.000
"19:15",0.000,0.051,221.500,0.128,0.000,0.000
"19:30",0.000,0.013,221.400,0.166,0.000,0.000
"19:45",0.000,0.000,221.500,0.166,0.000,0.000
"20:00",0.000,0.000,221.500,0.179,0.000,0.000
"20:15",0.000,0.000,221.500,0.166,0.000,0.000
"20:30",0.000,0.000,221.500,0.179,0.000,0.000
"20:45",0.000,0.000,221.500,0.179,0.000,0.000
"21:00",0.000,0.000,221.400,0.166,0.000,0.000
"21:15",0.000,0.000,221.300,0.179,0.000,0.000
"21:30",0.000,0.000,221.500,0.179,0.000,0.000
"21:45",0.000,0.000,221.500,0.166,0.000,0.000
"22:00",0.000,0.000,221.500,0.179,0.000,0.000
"22:15",0.000,0.000,221.500,0.166,0.000,0.000
"22:30",0.000,0.000,221.500,0.179,0.000,0.000
"22:45",0.000,0.000,221.400,0.179,0.000,0.000
"23:00",0.000,0.000,221.500,0.166,0.000,0.000
"23:15",0.000,0.000,221.400,0.179,0.000,0.000
"23:30",0.000,0.000,221.300,0.166,0.000,0.000
"23:45",0.000,0.000,221.400,0.179,0.000,0.000
" 7/28/26 24:00",0.000,0.000,221.400,0.166,0.000,0.000
