"kwh"
"Time ","AGRIM02P","AGRIM02P","AGRIM02P","AGRIM02P","AGRIM02P","AGRIM02P"
" 4/09/26 00:15",0.000,0.000,221.600,0.192,0.000,0.000
" 4/09/26 00:30",0.000,0.000,221.700,0.179,0.000,0.000
"00:45",0.000,0.000,221.700,0.179,0.000,0.000
"01:00",0.000,0.000,221.600,0.192,0.000,0.000
"01:15",0.000,0.000,221.700,0.179,0.000,0.000
"01:30",0.000,0.000,221.700,0.192,0.000,0.000
"01:45",0.000,0.000,221.700,0.179,0.000,0.000
"02:00",0.000,0.000,221.700,0.192,0.000,0.000
"02:15",0.000,0.000,221.700,0.179,0.000,0.000
"02:30",0.000,0.000,221.700,0.192,0.000,0.000
"02:45",0.000,0.000,221.700,0.179,0.000,0.000
"03:00",0.000,0.000,221.800,0.192,0.000,0.000
"03:15",0.000,0.000,221.800,0.179,0.000,0.000
"03:30",0.000,0.000,221.800,0.192,0.000,0.000
"03:45",0.000,0.000,221.800,0.179,0.000,0.000
"04:00",0.000,0.000,221.800,0.192,0.000,0.000
"04:15",0.000,0.000,221.800,0.179,0.000,0.000
"04:30",0.000,0.000,221.800,0.192,0.000,0.000
"04:45",0.000,0.000,221.800,0.179,0.000,0.000
"05:00",0.000,0.000,221.800,0.192,0.000,0.000
"05:15",0.000,0.000,221.800,0.179,0.000,0.000
"05:30",0.000,0.000,221.800,0.192,0.000,0.000
"05:45",0.000,0.000,221.800,0.179,0.000,0.000
"06:00",0.000,0.000,221.800,0.192,0.000,0.000
"06:15",0.000,0.000,221.800,0.179,0.000,0.000
"06:30",0.000,0.000,221.700,0.192,0.000,0.000
"06:45",0.000,0.000,221.700,0.179,0.000,0.000
"07:00",0.000,0.000,221.600,0.192,0.000,0.000
"07:15",0.000,0.000,221.600,0.179,0.000,0.000
"07:30",0.000,0.000,221.600,0.192,0.000,0.000
"07:45",0.013,0.000,221.600,0.090,0.013,0.000
"08:00",0.486,0.000,221.700,0.000,0.000,0.051
"08:15",3.021,0.000,221.800,0.000,0.000,0.051
"08:30",9.280,0.000,222.100,0.000,0.000,0.026
"08:45",16.230,0.000,222.400,0.000,0.000,0.000
"09:00",23.654,0.000,222.500,0.000,0.000,0.000
"09:15",30.938,0.000,223.000,0.000,0.000,0.000
"09:30",38.374,0.000,223.600,0.000,0.000,0.000
"09:45",44.902,0.000,223.400,0.000,0.000,0.000
"10:00",51.443,0.000,223.800,0.000,0.000,0.000
"10:15",57.651,0.000,223.800,0.000,0.000,0.000
"10:30",63.130,0.000,223.900,0.000,0.000,0.013
"10:45",44.237,0.000,223.500,0.000,0.000,0.000
"11:00",65.754,0.000,224.200,0.000,0.000,0.013
"11:15",81.434,0.000,223.900,0.000,0.000,0.000
"11:30",77.389,0.000,224.000,0.000,0.000,0.000
"11:45",86.246,0.000,224.100,0.000,0.000,0.013
"12:00",80.051,0.000,224.000,0.000,0.000,0.013
"12:15",79.718,0.000,223.900,0.000,0.000,0.000
"12:30",70.029,0.000,223.700,0.000,0.000,0.000
"12:45",79.104,0.000,223.800,0.000,0.000,0.000
"13:00",51.610,0.000,223.400,0.000,0.000,0.038
"13:15",82.982,0.000,223.900,0.000,0.000,0.090
"13:30",102.643,0.000,224.200,0.000,0.000,0.013
"13:45",102.182,0.000,224.100,0.000,0.000,0.000
"14:00",88.461,0.000,223.800,0.000,0.000,0.141
"14:15",77.619,0.000,223.600,0.000,0.000,0.320
"14:30",83.008,0.000,224.300,0.000,0.000,0.269
"14:45",99.430,0.000,224.600,0.000,0.000,0.038
"15:00",61.632,0.000,223.600,0.000,0.000,0.013
"15:15",94.310,0.000,224.100,0.000,0.000,0.000
"15:30",65.267,0.000,223.400,0.000,0.000,0.013
"15:45",84.749,0.000,223.300,0.000,0.000,0.000
"16:00",82.867,0.000,224.000,0.000,0.000,0.013
"16:15",75.187,0.000,224.200,0.000,0.000,0.090
"16:30",68.250,0.000,223.900,0.000,0.000,0.000
"16:45",62.054,0.000,223.700,0.000,0.000,0.000
"17:00",54.989,0.000,223.500,0.000,0.000,0.000
"17:15",48.448,0.000,223.200,0.000,0.000,0.000
"17:30",41.203,0.000,223.400,0.000,0.000,0.013
"17:45",34.330,0.000,223.200,0.000,0.000,0.000
"18:00",27.200,0.000,223.000,0.000,0.000,0.000
"18:15",20.019,0.000,222.700,0.000,0.000,0.013
"18:30",13.043,0.000,222.300,0.000,0.000,0.013
"18:45",6.630,0.000,222.000,0.000,0.000,0.051
"19:00",1.574,0.000,221.800,0.000,0.000,0.064
"19:15",0.102,0.000,221.700,0.026,0.000,0.000
"19:30",0.000,0.013,221.600,0.154,0.000,0.000
"19:45",0.000,0.013,221.500,0.166,0.000,0.000
"20:00",0.000,0.000,221.500,0.192,0.000,0.000
"20:15",0.000,0.000,221.500,0.179,0.000,0.000
"20:30",0.000,0.000,221.500,0.192,0.000,0.000
"20:45",0.000,0.000,221.400,0.179,0.000,0.000
"21:00",0.000,0.000,221.300,0.179,0.000,0.000
"21:15",0.000,0.000,221.400,0.192,0.000,0.000
"21:30",0.000,0.000,221.400,0.179,0.000,0.000
"21:45",0.000,0.000,221.400,0.192,0.000,0.000
"22:00",0.000,0.000,221.400,0.179,0.000,0.000
"22:15",0.000,0.000,221.400,0.192,0.000,0.000
"22:30",0.000,0.000,221.400,0.179,0.000,0.000
"22:45",0.000,0.000,221.500,0.179,0.000,0.000
"23:00",0.000,0.000,221.500,0.192,0.000,0.000
"23:15",0.000,0.000,221.600,0.179,0.000,0.000
"23:30",0.000,0.000,221.600,0.192,0.000,0.000
"23:45",0.000,0.000,221.600,0.179,0.000,0.000
" 4/09/26 24:00",0.000,0.000,221.700,0.192,0.000,0.000
