"kwh"
"Time ","AGRIM02P","AGRIM02P","AGRIM02P","AGRIM02P","AGRIM02P","AGRIM02P"
" 1/26/26 00:15",0.000,0.000,219.500,0.179,0.000,0.000
" 1/26/26 00:30",0.000,0.000,219.500,0.179,0.000,0.000
"00:45",0.000,0.000,219.500,0.179,0.000,0.000
"01:00",0.000,0.000,219.500,0.179,0.000,0.000
"01:15",0.000,0.000,219.500,0.179,0.000,0.000
"01:30",0.000,0.000,219.600,0.192,0.000,0.000
"01:45",0.000,0.000,219.600,0.179,0.000,0.000
"02:00",0.000,0.000,219.700,0.179,0.000,0.000
"02:15",0.000,0.000,219.600,0.179,0.000,0.000
"02:30",0.000,0.000,219.600,0.179,0.000,0.000
"02:45",0.000,0.000,219.600,0.179,0.000,0.000
"03:00",0.000,0.000,219.600,0.192,0.000,0.000
"03:15",0.000,0.000,219.600,0.179,0.000,0.000
"03:30",0.000,0.000,219.600,0.179,0.000,0.000
"03:45",0.000,0.000,219.600,0.179,0.000,0.000
"04:00",0.000,0.000,219.600,0.179,0.000,0.000
"04:15",0.000,0.000,219.700,0.192,0.000,0.000
"04:30",0.000,0.000,219.600,0.179,0.000,0.000
"04:45",0.000,0.000,219.600,0.179,0.000,0.000
"05:00",0.000,0.000,219.600,0.179,0.000,0.000
"05:15",0.000,0.000,219.600,0.179,0.000,0.000
"05:30",0.000,0.000,219.600,0.192,0.000,0.000
"05:45",0.000,0.000,219.600,0.179,0.000,0.000
"06:00",0.000,0.000,219.700,0.179,0.000,0.000
"06:15",0.000,0.000,219.700,0.179,0.000,0.000
"06:30",0.000,0.000,219.700,0.192,0.000,0.000
"06:45",0.000,0.000,220.000,0.179,0.000,0.000
"07:00",0.000,0.000,220.100,0.179,0.000,0.000
"07:15",0.000,0.000,220.200,0.179,0.000,0.000
"07:30",0.000,0.000,220.200,0.192,0.000,0.000
"07:45",0.192,0.000,220.300,0.038,0.000,0.051
"08:00",0.960,0.000,220.400,0.000,0.000,0.090
"08:15",2.394,0.000,220.300,0.000,0.000,0.064
"08:30",6.246,0.000,220.400,0.000,0.000,0.038
"08:45",8.922,0.000,220.800,0.000,0.000,0.013
"09:00",11.981,0.000,221.100,0.000,0.000,0.000
"09:15",12.045,0.000,221.500,0.000,0.000,0.000
"09:30",6.925,0.000,221.600,0.000,0.000,0.026
"09:45",8.064,0.000,221.600,0.000,0.000,0.013
"10:00",9.178,0.000,221.700,0.000,0.000,0.013
"10:15",13.248,0.000,221.700,0.000,0.000,0.000
"10:30",24.166,0.000,221.900,0.000,0.000,0.000
"10:45",17.562,0.000,221.900,0.000,0.000,0.013
"11:00",14.797,0.000,221.700,0.000,0.000,0.000
"11:15",13.555,0.000,221.600,0.000,0.000,0.000
"11:30",19.571,0.000,221.800,0.000,0.000,0.000
"11:45",17.139,0.000,221.800,0.000,0.000,0.000
"12:00",13.888,0.000,221.700,0.000,0.000,0.000
"12:15",20.301,0.000,221.900,0.000,0.000,0.000
"12:30",51.302,0.000,222.700,0.000,0.000,0.000
"12:45",41.011,0.000,222.800,0.000,0.000,0.000
"13:00",52.467,0.000,223.100,0.000,0.000,0.000
"13:15",61.453,0.000,223.300,0.000,0.000,0.000
"13:30",88.781,0.000,224.000,0.000,0.000,0.000
"13:45",97.715,0.000,224.100,0.000,0.000,0.000
"14:00",99.328,0.000,224.200,0.000,0.000,0.000
"14:15",103.974,0.000,224.100,0.000,0.000,0.000
"14:30",102.784,0.000,224.300,0.000,0.000,0.000
"14:45",101.542,0.000,224.400,0.000,0.000,0.000
"15:00",99.827,0.000,224.400,0.000,0.000,0.013
"15:15",97.587,0.000,224.400,0.000,0.000,0.000
"15:30",94.976,0.000,224.300,0.000,0.000,0.000
"15:45",91.328,0.000,224.200,0.000,0.000,0.000
"16:00",85.120,0.000,223.900,0.000,0.000,0.256
"16:15",55.654,0.000,223.000,0.000,0.000,0.000
"16:30",60.237,0.000,223.400,0.000,0.000,0.000
"16:45",64.589,0.000,223.600,0.000,0.000,0.000
"17:00",70.618,0.000,223.700,0.000,0.000,0.013
"17:15",65.446,0.000,223.700,0.000,0.000,0.000
"17:30",59.610,0.000,223.600,0.000,0.000,0.000
"17:45",54.067,0.000,223.500,0.000,0.000,0.000
"18:00",47.283,0.000,223.300,0.000,0.000,0.000
"18:15",40.589,0.000,223.100,0.000,0.000,0.000
"18:30",33.779,0.000,223.000,0.000,0.000,0.000
"18:45",26.880,0.000,222.900,0.000,0.000,0.013
"19:00",20.211,0.000,222.700,0.000,0.000,0.000
"19:15",14.246,0.000,222.300,0.000,0.000,0.026
"19:30",11.994,0.000,222.000,0.000,0.000,0.038
"19:45",9.766,0.000,221.700,0.000,0.000,0.026
"20:00",3.571,0.000,221.300,0.000,0.000,0.064
"20:15",1.037,0.000,221.300,0.000,0.000,0.077
"20:30",0.102,0.026,221.200,0.000,0.000,0.038
"20:45",0.000,0.026,221.100,0.141,0.000,0.000
"21:00",0.000,0.026,221.100,0.154,0.000,0.000
"21:15",0.000,0.000,221.100,0.179,0.000,0.000
"21:30",0.000,0.000,221.100,0.192,0.000,0.000
"21:45",0.000,0.000,221.100,0.179,0.000,0.000
"22:00",0.000,0.000,221.100,0.179,0.000,0.000
"22:15",0.000,0.000,221.200,0.192,0.000,0.000
"22:30",0.000,0.000,221.200,0.179,0.000,0.000
"22:45",0.000,0.000,221.200,0.179,0.000,0.000
"23:00",0.000,0.000,221.200,0.192,0.000,0.000
"23:15",0.000,0.000,221.200,0.179,0.000,0.000
"23:30",0.000,0.000,221.100,0.179,0.000,0.000
"23:45",0.000,0.000,221.100,0.192,0.000,0.000
" 1/26/26 24:00",0.000,0.000,221.200,0.179,0.000,0.000
