"kwh"
"Time ","AGRIM02P","AGRIM02P","AGRIM02P","AGRIM02P","AGRIM02P","AGRIM02P"
" 2/23/26 00:15",0.000,0.000,221.600,0.192,0.000,0.000
" 2/23/26 00:30",0.000,0.000,221.600,0.179,0.000,0.000
"00:45",0.000,0.000,221.600,0.192,0.000,0.000
"01:00",0.000,0.000,221.700,0.179,0.000,0.000
"01:15",0.000,0.000,221.800,0.192,0.000,0.000
"01:30",0.000,0.000,221.700,0.179,0.000,0.000
"01:45",0.000,0.000,221.800,0.179,0.000,0.000
"02:00",0.000,0.000,221.800,0.192,0.000,0.000
"02:15",0.000,0.000,221.700,0.192,0.000,0.000
"02:30",0.000,0.000,221.700,0.179,0.000,0.000
"02:45",0.000,0.000,221.700,0.179,0.000,0.000
"03:00",0.000,0.000,221.700,0.192,0.000,0.000
"03:15",0.000,0.000,221.800,0.192,0.000,0.000
"03:30",0.000,0.000,221.700,0.179,0.000,0.000
"03:45",0.000,0.000,221.800,0.179,0.000,0.000
"04:00",0.000,0.000,221.800,0.192,0.000,0.000
"04:15",0.000,0.000,221.700,0.179,0.000,0.000
"04:30",0.000,0.000,221.800,0.192,0.000,0.000
"04:45",0.000,0.000,221.800,0.179,0.000,0.000
"05:00",0.000,0.000,221.700,0.192,0.000,0.000
"05:15",0.000,0.000,221.800,0.179,0.000,0.000
"05:30",0.000,0.000,221.800,0.192,0.000,0.000
"05:45",0.000,0.000,221.800,0.179,0.000,0.000
"06:00",0.000,0.000,221.800,0.192,0.000,0.000
"06:15",0.000,0.000,221.800,0.179,0.000,0.000
"06:30",0.000,0.000,221.700,0.192,0.000,0.000
"06:45",0.000,0.000,221.700,0.179,0.000,0.000
"07:00",0.000,0.000,221.700,0.179,0.000,0.000
"07:15",0.000,0.000,221.700,0.179,0.000,0.000
"07:30",0.230,0.000,221.700,0.000,0.000,0.013
"07:45",1.651,0.000,221.700,0.000,0.000,0.038
"08:00",4.288,0.000,222.100,0.000,0.000,0.051
"08:15",9.485,0.000,222.400,0.000,0.000,0.051
"08:30",16.166,0.000,222.700,0.000,0.000,0.013
"08:45",23.667,0.000,223.300,0.000,0.000,0.013
"09:00",31.334,0.000,223.600,0.000,0.000,0.013
"09:15",38.899,0.000,223.600,0.000,0.000,0.026
"09:30",46.016,0.000,223.400,0.000,0.000,0.000
"09:45",52.826,0.000,223.500,0.000,0.000,0.000
"10:00",59.302,0.000,223.600,0.000,0.000,0.000
"10:15",65.434,0.000,223.600,0.000,0.000,0.000
"10:30",71.219,0.000,223.800,0.000,0.000,0.000
"10:45",76.416,0.000,223.800,0.000,0.000,0.000
"11:00",81.690,0.000,223.800,0.000,0.000,0.000
"11:15",88.960,0.000,224.000,0.000,0.000,0.000
"11:30",94.029,0.000,224.100,0.000,0.000,0.000
"11:45",98.573,0.000,224.100,0.000,0.000,0.000
"12:00",100.531,0.000,224.200,0.000,0.000,0.000
"12:15",97.702,0.000,224.200,0.000,0.000,0.000
"12:30",76.621,0.000,223.800,0.000,0.000,0.000
"12:45",87.501,0.000,224.000,0.000,0.000,0.000
"13:00",74.854,0.000,223.800,0.000,0.000,0.013
"13:15",101.658,0.000,224.200,0.000,0.000,0.000
"13:30",98.778,0.000,224.100,0.000,0.000,0.000
"13:45",84.326,0.000,223.900,0.000,0.000,0.000
"14:00",104.141,0.000,224.900,0.000,0.000,0.026
"14:15",103.898,0.000,225.000,0.000,0.000,0.038
"14:30",103.219,0.000,224.700,0.000,0.000,0.026
"14:45",102.285,0.000,225.100,0.000,0.000,0.038
"15:00",100.352,0.000,225.000,0.000,0.000,0.064
"15:15",98.829,0.000,225.000,0.000,0.000,0.051
"15:30",96.038,0.000,224.800,0.000,0.000,0.038
"15:45",93.056,0.000,224.800,0.000,0.000,0.013
"16:00",89.293,0.000,224.600,0.000,0.000,0.026
"16:15",85.184,0.000,224.500,0.000,0.000,0.013
"16:30",81.165,0.000,224.400,0.000,0.000,0.013
"16:45",76.083,0.000,224.400,0.000,0.000,0.038
"17:00",70.157,0.000,224.200,0.000,0.000,0.013
"17:15",64.934,0.000,224.100,0.000,0.000,0.026
"17:30",58.880,0.000,224.100,0.000,0.000,0.026
"17:45",52.416,0.000,223.900,0.000,0.000,0.013
"18:00",45.632,0.000,223.800,0.000,0.000,0.026
"18:15",38.592,0.000,223.600,0.000,0.000,0.026
"18:30",31.014,0.000,223.500,0.000,0.000,0.000
"18:45",23.718,0.000,223.200,0.000,0.000,0.013
"19:00",16.614,0.000,222.800,0.000,0.000,0.013
"19:15",10.214,0.000,222.400,0.000,0.000,0.026
"19:30",5.043,0.000,221.900,0.000,0.000,0.051
"19:45",1.587,0.000,221.700,0.000,0.000,0.064
"20:00",0.397,0.000,221.600,0.000,0.000,0.013
"20:15",0.000,0.026,221.500,0.102,0.000,0.000
"20:30",0.000,0.013,221.500,0.154,0.000,0.000
"20:45",0.000,0.013,221.500,0.179,0.000,0.000
"21:00",0.000,0.000,221.500,0.179,0.000,0.000
"21:15",0.000,0.000,221.400,0.192,0.000,0.000
"21:30",0.000,0.000,221.500,0.179,0.000,0.000
"21:45",0.000,0.000,221.500,0.192,0.000,0.000
"22:00",0.000,0.000,221.600,0.179,0.000,0.000
"22:15",0.000,0.000,221.600,0.192,0.000,0.000
"22:30",0.000,0.000,221.600,0.179,0.000,0.000
"22:45",0.000,0.000,221.500,0.192,0.000,0.000
"23:00",0.000,0.000,221.600,0.179,0.000,0.000
"23:15",0.000,0.000,221.600,0.192,0.000,0.000
"23:30",0.000,0.000,221.600,0.179,0.000,0.000
"23:45",0.000,0.000,221.600,0.192,0.000,0.000
" 2/23/26 24:00",0.000,0.000,221.600,0.179,0.000,0.000
