"kwh"
"Time ","AGRIM02P","AGRIM02P","AGRIM02P","AGRIM02P","AGRIM02P","AGRIM02P"
" 7/22/26 00:15",0.000,0.000,221.500,0.166,0.000,0.000
" 7/22/26 00:30",0.000,0.000,221.500,0.179,0.000,0.000
"00:45",0.000,0.000,221.500,0.166,0.000,0.000
"01:00",0.000,0.000,221.500,0.179,0.000,0.000
"01:15",0.000,0.000,221.500,0.166,0.000,0.000
"01:30",0.000,0.000,221.500,0.179,0.000,0.000
"01:45",0.000,0.000,221.500,0.166,0.000,0.000
"02:00",0.000,0.000,221.500,0.179,0.000,0.000
"02:15",0.000,0.000,221.500,0.166,0.000,0.000
"02:30",0.000,0.000,221.500,0.179,0.000,0.000
"02:45",0.000,0.000,221.600,0.166,0.000,0.000
"03:00",0.000,0.000,221.600,0.179,0.000,0.000
"03:15",0.000,0.000,221.600,0.166,0.000,0.000
"03:30",0.000,0.000,221.600,0.179,0.000,0.000
"03:45",0.000,0.000,221.600,0.166,0.000,0.000
"04:00",0.000,0.000,221.600,0.179,0.000,0.000
"04:15",0.000,0.000,221.600,0.166,0.000,0.000
"04:30",0.000,0.000,221.600,0.179,0.000,0.000
"04:45",0.000,0.000,221.500,0.166,0.000,0.000
"05:00",0.000,0.000,221.600,0.179,0.000,0.000
"05:15",0.000,0.000,221.600,0.166,0.000,0.000
"05:30",0.000,0.000,221.600,0.179,0.000,0.000
"05:45",0.000,0.000,221.500,0.166,0.000,0.000
"06:00",0.000,0.000,221.500,0.179,0.000,0.000
"06:15",0.000,0.000,221.500,0.166,0.000,0.000
"06:30",0.000,0.000,221.400,0.179,0.000,0.000
"06:45",0.000,0.000,221.400,0.166,0.000,0.000
"07:00",0.000,0.000,221.500,0.179,0.000,0.000
"07:15",0.000,0.000,221.400,0.166,0.000,0.000
"07:30",0.000,0.000,221.400,0.179,0.000,0.000
"07:45",0.000,0.000,221.400,0.166,0.000,0.000
"08:00",0.000,0.000,221.400,0.179,0.000,0.000
"08:15",0.000,0.013,221.400,0.166,0.000,0.000
"08:30",0.154,0.000,221.400,0.000,0.013,0.000
"08:45",1.946,0.000,221.500,0.000,0.000,0.102
"09:00",7.040,0.000,221.700,0.000,0.000,0.064
"09:15",11.085,0.000,221.900,0.000,0.000,0.000
"09:30",11.546,0.000,222.000,0.000,0.000,0.013
"09:45",15.629,0.000,222.000,0.000,0.000,0.000
"10:00",27.072,0.000,222.500,0.000,0.000,0.000
"10:15",33.446,0.000,222.800,0.000,0.000,0.000
"10:30",36.672,0.000,223.000,0.000,0.000,0.000
"10:45",53.466,0.000,223.200,0.000,0.000,0.000
"11:00",65.293,0.000,223.400,0.000,0.000,0.000
"11:15",66.714,0.000,223.500,0.000,0.000,0.000
"11:30",68.992,0.000,223.400,0.000,0.000,0.026
"11:45",94.003,0.000,223.900,0.000,0.000,0.000
"12:00",98.701,0.000,224.000,0.000,0.000,0.000
"12:15",103.744,0.000,224.000,0.000,0.000,0.000
"12:30",106.918,0.000,224.100,0.000,0.000,0.000
"12:45",92.877,0.000,223.700,0.000,0.000,0.000
"13:00",80.550,0.000,223.500,0.000,0.000,0.000
"13:15",52.365,0.000,222.900,0.000,0.000,0.000
"13:30",52.595,0.000,223.000,0.000,0.000,0.000
"13:45",73.395,0.000,223.500,0.000,0.000,0.000
"14:00",55.898,0.000,223.000,0.000,0.000,0.000
"14:15",81.920,0.000,223.600,0.000,0.000,0.000
"14:30",93.338,0.000,223.500,0.000,0.000,0.013
"14:45",67.213,0.000,223.200,0.000,0.000,0.000
"15:00",79.155,0.000,223.600,0.000,0.000,0.000
"15:15",93.786,0.000,223.800,0.000,0.000,0.000
"15:30",76.506,0.000,223.400,0.000,0.000,0.000
"15:45",67.968,0.000,223.200,0.000,0.000,0.000
"16:00",72.973,0.000,223.400,0.000,0.000,0.000
"16:15",75.456,0.000,223.300,0.000,0.000,0.000
"16:30",62.886,0.000,222.900,0.000,0.000,0.000
"16:45",49.818,0.000,222.700,0.000,0.000,0.000
"17:00",21.478,0.000,222.000,0.000,0.000,0.000
"17:15",17.344,0.000,222.000,0.000,0.000,0.000
"17:30",15.347,0.000,222.000,0.000,0.000,0.000
"17:45",23.398,0.000,222.200,0.000,0.000,0.000
"18:00",23.642,0.000,222.300,0.000,0.000,0.000
"18:15",6.874,0.000,221.900,0.000,0.000,0.026
"18:30",2.394,0.000,221.600,0.000,0.000,0.064
"18:45",0.230,0.000,221.400,0.000,0.013,0.000
"19:00",0.000,0.051,221.300,0.115,0.000,0.000
"19:15",0.000,0.026,221.300,0.141,0.000,0.000
"19:30",0.000,0.000,221.200,0.166,0.000,0.000
"19:45",0.000,0.000,221.300,0.179,0.000,0.000
"20:00",0.000,0.000,221.300,0.166,0.000,0.000
"20:15",0.000,0.000,221.200,0.179,0.000,0.000
"20:30",0.000,0.000,221.300,0.179,0.000,0.000
"20:45",0.000,0.000,221.300,0.166,0.000,0.000
"21:00",0.000,0.000,221.200,0.179,0.000,0.000
"21:15",0.000,0.000,221.300,0.166,0.000,0.000
"21:30",0.000,0.000,221.300,0.179,0.000,0.000
"21:45",0.000,0.000,221.300,0.166,0.000,0.000
"22:00",0.000,0.000,221.300,0.179,0.000,0.000
"22:15",0.000,0.000,221.400,0.179,0.000,0.000
"22:30",0.000,0.000,221.400,0.166,0.000,0.000
"22:45",0.000,0.000,221.400,0.179,0.000,0.000
"23:00",0.000,0.000,221.400,0.166,0.000,0.000
"23:15",0.000,0.000,221.300,0.179,0.000,0.000
"23:30",0.000,0.000,221.100,0.166,0.000,0.000
"23:45",0.000,0.000,221.200,0.179,0.000,0.000
" 7/22/26 24:00",0.000,0.000,221.300,0.179,0.000,0.000
