"kwh"
"Time ","AGRIM02P","AGRIM02P","AGRIM02P","AGRIM02P","AGRIM02P","AGRIM02P"
" 5/05/26 00:15",0.000,0.000,220.900,0.166,0.000,0.000
" 5/05/26 00:30",0.000,0.000,220.900,0.166,0.000,0.000
"00:45",0.000,0.000,220.900,0.179,0.000,0.000
"01:00",0.000,0.000,220.900,0.166,0.000,0.000
"01:15",0.000,0.000,220.900,0.179,0.000,0.000
"01:30",0.000,0.000,220.900,0.166,0.000,0.000
"01:45",0.000,0.000,221.000,0.179,0.000,0.000
"02:00",0.000,0.000,221.000,0.166,0.000,0.000
"02:15",0.000,0.000,221.000,0.166,0.000,0.000
"02:30",0.000,0.000,220.900,0.179,0.000,0.000
"02:45",0.000,0.000,221.000,0.166,0.000,0.000
"03:00",0.000,0.000,221.000,0.179,0.000,0.000
"03:15",0.000,0.000,221.000,0.166,0.000,0.000
"03:30",0.000,0.000,221.000,0.179,0.000,0.000
"03:45",0.000,0.000,221.000,0.166,0.000,0.000
"04:00",0.000,0.000,221.100,0.179,0.000,0.000
"04:15",0.000,0.000,221.000,0.166,0.000,0.000
"04:30",0.000,0.000,221.000,0.166,0.000,0.000
"04:45",0.000,0.000,221.100,0.179,0.000,0.000
"05:00",0.000,0.000,221.000,0.166,0.000,0.000
"05:15",0.000,0.000,221.000,0.179,0.000,0.000
"05:30",0.000,0.000,221.000,0.166,0.000,0.000
"05:45",0.000,0.000,221.300,0.166,0.000,0.000
"06:00",0.000,0.000,221.300,0.179,0.000,0.000
"06:15",0.000,0.000,221.300,0.166,0.000,0.000
"06:30",0.000,0.000,221.300,0.179,0.000,0.000
"06:45",0.000,0.000,221.200,0.166,0.000,0.000
"07:00",0.000,0.000,221.200,0.179,0.000,0.000
"07:15",0.000,0.000,221.100,0.166,0.000,0.000
"07:30",0.000,0.000,220.800,0.179,0.000,0.000
"07:45",0.000,0.000,221.000,0.166,0.000,0.000
"08:00",0.000,0.000,221.200,0.141,0.000,0.000
"08:15",0.435,0.000,221.200,0.000,0.000,0.013
"08:30",2.739,0.000,221.200,0.000,0.000,0.051
"08:45",11.802,0.000,221.600,0.000,0.000,0.013
"09:00",21.491,0.000,221.800,0.000,0.000,0.000
"09:15",29.619,0.000,222.200,0.000,0.000,0.000
"09:30",37.658,0.000,222.800,0.000,0.000,0.000
"09:45",45.670,0.000,223.100,0.000,0.000,0.000
"10:00",53.158,0.000,223.300,0.000,0.000,0.000
"10:15",59.955,0.000,223.400,0.000,0.000,0.000
"10:30",65.894,0.000,223.500,0.000,0.000,0.000
"10:45",71.373,0.000,223.600,0.000,0.000,0.000
"11:00",76.442,0.000,223.700,0.000,0.000,0.000
"11:15",81.216,0.000,223.700,0.000,0.000,0.000
"11:30",85.056,0.000,223.700,0.000,0.000,0.000
"11:45",89.242,0.000,223.800,0.000,0.000,0.000
"12:00",93.299,0.000,223.900,0.000,0.000,0.000
"12:15",96.448,0.000,224.000,0.000,0.000,0.000
"12:30",97.702,0.000,224.000,0.000,0.000,0.000
"12:45",99.341,0.000,224.000,0.000,0.000,0.000
"13:00",94.989,0.000,224.000,0.000,0.000,0.000
"13:15",82.522,0.000,223.700,0.000,0.000,0.013
"13:30",105.037,0.000,224.000,0.000,0.000,0.000
"13:45",111.066,0.000,223.800,0.000,0.000,0.000
"14:00",106.368,0.000,224.200,0.000,0.000,0.000
"14:15",100.237,0.000,224.000,0.000,0.000,0.000
"14:30",103.757,0.000,224.100,0.000,0.000,0.000
"14:45",98.829,0.000,224.100,0.000,0.000,0.000
"15:00",92.877,0.000,224.000,0.000,0.000,0.000
"15:15",88.627,0.000,224.000,0.000,0.000,0.013
"15:30",84.979,0.000,224.200,0.000,0.000,0.013
"15:45",80.717,0.000,224.200,0.000,0.000,0.013
"16:00",75.878,0.000,224.100,0.000,0.000,0.000
"16:15",70.502,0.000,224.000,0.000,0.000,0.000
"16:30",64.781,0.000,223.900,0.000,0.000,0.013
"16:45",58.496,0.000,223.800,0.000,0.000,0.013
"17:00",51.878,0.000,223.700,0.000,0.000,0.013
"17:15",44.621,0.000,223.500,0.000,0.000,0.013
"17:30",37.094,0.000,223.300,0.000,0.000,0.013
"17:45",29.146,0.000,222.900,0.000,0.000,0.000
"18:00",20.826,0.000,222.500,0.000,0.000,0.013
"18:15",10.125,0.000,222.000,0.000,0.000,0.051
"18:30",2.048,0.000,221.700,0.000,0.000,0.064
"18:45",0.128,0.000,221.500,0.000,0.000,0.013
"19:00",0.000,0.026,221.500,0.128,0.000,0.000
"19:15",0.000,0.038,221.500,0.128,0.000,0.000
"19:30",0.000,0.000,221.500,0.179,0.000,0.000
"19:45",0.000,0.000,221.500,0.166,0.000,0.000
"20:00",0.000,0.000,221.500,0.179,0.000,0.000
"20:15",0.000,0.000,221.500,0.166,0.000,0.000
"20:30",0.000,0.000,221.500,0.179,0.000,0.000
"20:45",0.000,0.000,221.500,0.166,0.000,0.000
"21:00",0.000,0.000,221.500,0.179,0.000,0.000
"21:15",0.000,0.000,221.400,0.166,0.000,0.000
"21:30",0.000,0.000,221.500,0.179,0.000,0.000
"21:45",0.000,0.000,221.600,0.179,0.000,0.000
"22:00",0.000,0.000,221.600,0.166,0.000,0.000
"22:15",0.000,0.000,221.600,0.179,0.000,0.000
"22:30",0.000,0.000,221.500,0.166,0.000,0.000
"22:45",0.000,0.000,221.600,0.179,0.000,0.000
"23:00",0.000,0.000,221.600,0.166,0.000,0.000
"23:15",0.000,0.000,221.600,0.179,0.000,0.000
"23:30",0.000,0.000,221.600,0.179,0.000,0.000
"23:45",0.000,0.000,221.500,0.166,0.000,0.000
" 5/05/26 24:00",0.000,0.000,221.600,0.179,0.000,0.000
