"kwh"
"Time ","AGRIM02P","AGRIM02P","AGRIM02P","AGRIM02P","AGRIM02P","AGRIM02P"
" 8/26/26 00:15",0.000,0.000,220.300,0.179,0.000,0.000
" 8/26/26 00:30",0.000,0.000,220.500,0.166,0.000,0.000
"00:45",0.000,0.000,221.500,0.166,0.000,0.000
"01:00",0.000,0.000,222.200,0.179,0.000,0.000
"01:15",0.000,0.000,221.200,0.166,0.000,0.000
"01:30",0.000,0.000,220.600,0.179,0.000,0.000
"01:45",0.000,0.000,220.500,0.166,0.000,0.000
"02:00",0.000,0.000,220.500,0.166,0.000,0.000
"02:15",0.000,0.000,220.800,0.179,0.000,0.000
"02:30",0.000,0.000,221.400,0.166,0.000,0.000
"02:45",0.000,0.000,221.400,0.179,0.000,0.000
"03:00",0.000,0.000,221.600,0.166,0.000,0.000
"03:15",0.000,0.000,221.600,0.179,0.000,0.000
"03:30",0.000,0.000,221.700,0.166,0.000,0.000
"03:45",0.000,0.000,221.900,0.179,0.000,0.000
"04:00",0.000,0.000,221.900,0.166,0.000,0.000
"04:15",0.000,0.000,222.200,0.179,0.000,0.000
"04:30",0.000,0.000,221.900,0.166,0.000,0.000
"04:45",0.000,0.000,222.100,0.179,0.000,0.000
"05:00",0.000,0.000,221.900,0.179,0.000,0.000
"05:15",0.000,0.000,221.600,0.166,0.000,0.000
"05:30",0.000,0.000,221.400,0.179,0.000,0.000
"05:45",0.000,0.000,221.400,0.166,0.000,0.000
"06:00",0.000,0.000,220.900,0.166,0.000,0.000
"06:15",0.000,0.000,220.000,0.179,0.000,0.000
"06:30",0.000,0.000,219.100,0.166,0.000,0.000
"06:45",0.000,0.000,218.800,0.166,0.000,0.000
"07:00",0.000,0.000,218.700,0.166,0.000,0.000
"07:15",0.000,0.000,219.300,0.166,0.000,0.000
"07:30",0.000,0.000,219.500,0.179,0.000,0.000
"07:45",0.000,0.000,219.300,0.154,0.000,0.000
"08:00",0.179,0.000,219.000,0.077,0.000,0.000
"08:15",1.434,0.000,218.500,0.000,0.000,0.000
"08:30",3.034,0.000,218.100,0.000,0.000,0.000
"08:45",6.042,0.000,218.200,0.000,0.000,0.000
"09:00",8.614,0.000,218.200,0.000,0.000,0.000
"09:15",12.365,0.000,217.200,0.000,0.000,0.000
"09:30",13.581,0.000,218.400,0.000,0.000,0.000
"09:45",19.200,0.000,219.200,0.000,0.000,0.000
"10:00",43.405,0.000,222.000,0.000,0.000,0.000
"10:15",42.419,0.000,222.800,0.000,0.000,0.000
"10:30",42.650,0.000,222.800,0.000,0.000,0.000
"10:45",41.101,0.000,222.700,0.000,0.000,0.000
"11:00",29.850,0.000,222.300,0.000,0.000,0.000
"11:15",32.640,0.000,222.300,0.000,0.000,0.000
"11:30",34.573,0.000,222.400,0.000,0.000,0.000
"11:45",50.086,0.000,222.900,0.000,0.000,0.000
"12:00",48.486,0.000,222.900,0.000,0.000,0.000
"12:15",72.371,0.000,223.400,0.000,0.000,0.000
"12:30",93.184,0.000,224.000,0.000,0.000,0.000
"12:45",99.994,0.000,224.200,0.000,0.000,0.000
"13:00",67.021,0.000,223.200,0.000,0.000,0.282
"13:15",68.621,0.000,223.600,0.000,0.000,0.000
"13:30",89.997,0.000,223.700,0.000,0.000,0.000
"13:45",86.080,0.000,223.600,0.000,0.000,0.000
"14:00",90.432,0.000,223.700,0.000,0.000,0.013
"14:15",100.096,0.000,224.200,0.000,0.000,0.000
"14:30",103.258,0.000,224.100,0.000,0.000,0.000
"14:45",88.614,0.000,223.700,0.000,0.000,0.000
"15:00",104.282,0.000,223.900,0.000,0.000,0.000
"15:15",96.371,0.000,224.000,0.000,0.000,0.000
"15:30",83.968,0.000,223.800,0.000,0.000,0.000
"15:45",95.040,0.000,224.000,0.000,0.000,0.013
"16:00",86.541,0.000,223.900,0.000,0.000,0.000
"16:15",79.155,0.000,223.900,0.000,0.000,0.026
"16:30",75.814,0.000,223.800,0.000,0.000,0.013
"16:45",47.642,0.000,222.900,0.000,0.000,0.013
"17:00",50.240,0.000,223.300,0.000,0.000,0.000
"17:15",43.008,0.000,223.200,0.000,0.000,0.000
"17:30",28.736,0.000,222.800,0.000,0.000,0.000
"17:45",22.733,0.000,222.600,0.000,0.000,0.000
"18:00",9.370,0.000,222.000,0.000,0.000,0.000
"18:15",7.744,0.000,222.000,0.000,0.000,0.013
"18:30",5.082,0.000,221.900,0.000,0.000,0.064
"18:45",2.163,0.000,221.700,0.000,0.000,0.077
"19:00",0.307,0.000,221.600,0.000,0.000,0.013
"19:15",0.000,0.026,221.600,0.128,0.000,0.000
"19:30",0.000,0.038,221.500,0.128,0.000,0.000
"19:45",0.000,0.000,221.500,0.166,0.000,0.000
"20:00",0.000,0.000,221.500,0.179,0.000,0.000
"20:15",0.000,0.000,221.500,0.166,0.000,0.000
"20:30",0.000,0.000,221.500,0.179,0.000,0.000
"20:45",0.000,0.000,221.500,0.166,0.000,0.000
"21:00",0.000,0.000,221.400,0.179,0.000,0.000
"21:15",0.000,0.000,221.400,0.166,0.000,0.000
"21:30",0.000,0.000,221.400,0.179,0.000,0.000
"21:45",0.000,0.000,221.500,0.166,0.000,0.000
"22:00",0.000,0.000,221.500,0.179,0.000,0.000
"22:15",0.000,0.000,221.500,0.179,0.000,0.000
"22:30",0.000,0.000,221.600,0.166,0.000,0.000
"22:45",0.000,0.000,221.600,0.179,0.000,0.000
"23:00",0.000,0.000,221.700,0.166,0.000,0.000
"23:15",0.000,0.000,221.600,0.179,0.000,0.000
"23:30",0.000,0.000,221.600,0.166,0.000,0.000
"23:45",0.000,0.000,221.600,0.179,0.000,0.000
" 8/26/26 24:00",0.000,0.000,221.600,0.166,0.000,0.000
