"kwh"
"Time ","AGRIM02P","AGRIM02P","AGRIM02P","AGRIM02P","AGRIM02P","AGRIM02P"
" 1/06/26 00:15",0.000,0.000,219.300,0.179,0.000,0.000
" 1/06/26 00:30",0.000,0.000,219.400,0.179,0.000,0.000
"00:45",0.000,0.000,219.400,0.179,0.000,0.000
"01:00",0.000,0.000,219.400,0.179,0.000,0.000
"01:15",0.000,0.000,219.500,0.179,0.000,0.000
"01:30",0.000,0.000,219.500,0.179,0.000,0.000
"01:45",0.000,0.000,219.500,0.192,0.000,0.000
"02:00",0.000,0.000,219.400,0.179,0.000,0.000
"02:15",0.000,0.000,219.300,0.179,0.000,0.000
"02:30",0.000,0.000,219.400,0.179,0.000,0.000
"02:45",0.000,0.000,219.400,0.179,0.000,0.000
"03:00",0.000,0.000,219.400,0.179,0.000,0.000
"03:15",0.000,0.000,219.400,0.192,0.000,0.000
"03:30",0.000,0.000,219.400,0.179,0.000,0.000
"03:45",0.000,0.000,219.400,0.179,0.000,0.000
"04:00",0.000,0.000,219.400,0.179,0.000,0.000
"04:15",0.000,0.000,219.400,0.179,0.000,0.000
"04:30",0.000,0.000,219.400,0.179,0.000,0.000
"04:45",0.000,0.000,219.400,0.192,0.000,0.000
"05:00",0.000,0.000,219.500,0.179,0.000,0.000
"05:15",0.000,0.000,219.500,0.179,0.000,0.000
"05:30",0.000,0.000,219.500,0.179,0.000,0.000
"05:45",0.000,0.000,219.500,0.179,0.000,0.000
"06:00",0.000,0.000,219.500,0.179,0.000,0.000
"06:15",0.000,0.000,219.500,0.192,0.000,0.000
"06:30",0.026,0.000,219.500,0.115,0.000,0.000
"06:45",0.512,0.000,219.700,0.000,0.000,0.013
"07:00",1.229,0.000,220.000,0.000,0.000,0.026
"07:15",2.099,0.000,220.100,0.000,0.000,0.026
"07:30",3.750,0.000,220.400,0.000,0.000,0.013
"07:45",7.437,0.000,220.700,0.000,0.000,0.013
"08:00",13.286,0.000,220.900,0.000,0.000,0.000
"08:15",20.032,0.000,221.300,0.000,0.000,0.000
"08:30",27.290,0.000,221.500,0.000,0.000,0.000
"08:45",34.650,0.000,221.600,0.000,0.000,0.000
"09:00",41.946,0.000,222.000,0.000,0.000,0.000
"09:15",49.062,0.000,222.300,0.000,0.000,0.000
"09:30",55.987,0.000,222.200,0.000,0.000,0.000
"09:45",62.246,0.000,222.100,0.000,0.000,0.000
"10:00",68.058,0.000,222.200,0.000,0.000,0.000
"10:15",73.510,0.000,222.400,0.000,0.000,0.000
"10:30",79.040,0.000,222.700,0.000,0.000,0.000
"10:45",84.058,0.000,222.700,0.000,0.000,0.000
"11:00",88.806,0.000,222.400,0.000,0.000,0.000
"11:15",93.274,0.000,222.700,0.000,0.000,0.026
"11:30",95.795,0.000,222.800,0.000,0.000,0.000
"11:45",98.496,0.000,222.900,0.000,0.000,0.000
"12:00",100.262,0.000,222.900,0.000,0.000,0.000
"12:15",101.709,0.000,222.900,0.000,0.000,0.000
"12:30",103.104,0.000,222.900,0.000,0.000,0.000
"12:45",103.782,0.000,223.000,0.000,0.000,0.000
"13:00",104.051,0.000,223.000,0.000,0.000,0.000
"13:15",104.256,0.000,223.000,0.000,0.000,0.000
"13:30",104.013,0.000,223.000,0.000,0.000,0.000
"13:45",104.064,0.000,222.900,0.000,0.000,0.000
"14:00",104.013,0.000,223.000,0.000,0.000,0.000
"14:15",103.821,0.000,222.700,0.000,0.000,0.000
"14:30",103.616,0.000,222.800,0.000,0.000,0.000
"14:45",72.230,0.000,222.100,0.000,0.000,0.000
"15:00",87.002,0.000,222.300,0.000,0.000,0.128
"15:15",74.470,0.000,222.300,0.000,0.000,0.000
"15:30",62.208,0.000,221.600,0.000,0.000,0.000
"15:45",70.848,0.000,221.700,0.000,0.000,0.000
"16:00",80.845,0.000,222.100,0.000,0.000,0.000
"16:15",94.566,0.000,221.900,0.000,0.000,0.000
"16:30",83.853,0.000,221.500,0.000,0.000,0.000
"16:45",63.245,0.000,221.800,0.000,0.000,0.000
"17:00",26.854,0.000,221.100,0.000,0.000,0.000
"17:15",36.134,0.000,220.900,0.000,0.000,0.000
"17:30",17.050,0.000,220.900,0.000,0.000,0.000
"17:45",50.304,0.000,222.000,0.000,0.000,0.000
"18:00",51.021,0.000,222.200,0.000,0.000,0.090
"18:15",41.421,0.000,222.100,0.000,0.000,0.013
"18:30",34.061,0.000,222.000,0.000,0.000,0.000
"18:45",26.586,0.000,221.900,0.000,0.000,0.026
"19:00",19.622,0.000,221.700,0.000,0.000,0.026
"19:15",12.403,0.000,220.800,0.000,0.000,0.026
"19:30",3.443,0.000,220.300,0.000,0.000,0.115
"19:45",3.942,0.000,220.300,0.000,0.000,0.115
"20:00",1.907,0.000,220.200,0.000,0.000,0.141
"20:15",0.179,0.026,220.100,0.000,0.026,0.090
"20:30",0.000,0.077,220.000,0.064,0.013,0.000
"20:45",0.000,0.038,220.000,0.154,0.000,0.000
"21:00",0.000,0.000,220.100,0.179,0.000,0.000
"21:15",0.000,0.000,214.900,0.064,0.000,0.000
"21:30",0.000,0.000,220.800,0.192,0.000,0.000
"21:45",0.000,0.000,219.400,0.179,0.000,0.000
"22:00",0.000,0.000,219.400,0.179,0.000,0.000
"22:15",0.000,0.000,219.800,0.179,0.000,0.000
"22:30",0.000,0.000,220.200,0.179,0.000,0.000
"22:45",0.000,0.000,220.300,0.179,0.000,0.000
"23:00",0.000,0.000,214.000,0.064,0.000,0.000
"23:15",0.000,0.000,0.000,0.000,0.000,0.000
"23:30",0.000,0.000,0.000,0.000,0.000,0.000
"23:45",0.000,0.000,0.000,0.000,0.000,0.000
" 1/06/26 24:00",0.000,0.000,219.000,0.077,0.000,0.000
