"kwh"
"Time ","AGRIM02P","AGRIM02P","AGRIM02P","AGRIM02P","AGRIM02P","AGRIM02P"
"04/24/26 00:15",0.000,0.000,221.700,0.000,0.000,0.000
"00:30",0.000,0.000,221.800,0.000,0.000,0.000
"00:45",0.000,0.000,221.800,0.000,0.000,0.000
"01:00",0.000,0.000,221.800,0.000,0.000,0.000
"01:15",0.000,0.000,221.800,0.000,0.000,0.000
"01:30",0.000,0.000,221.900,0.000,0.000,0.000
"01:45",0.000,0.000,221.900,0.000,0.000,0.000
"02:00",0.000,0.000,221.900,0.000,0.000,0.000
"02:15",0.000,0.000,221.900,0.000,0.000,0.000
"02:30",0.000,0.000,221.900,0.000,0.000,0.000
"02:45",0.000,0.000,221.900,0.000,0.000,0.000
"03:00",0.000,0.000,221.800,0.000,0.000,0.000
"03:15",0.000,0.000,221.800,0.000,0.000,0.000
"03:30",0.000,0.000,221.800,0.000,0.000,0.000
"03:45",0.000,0.000,221.800,0.000,0.000,0.000
"04:00",0.000,0.000,221.800,0.000,0.000,0.000
"04:15",0.000,0.000,221.800,0.000,0.000,0.000
"04:30",0.000,0.000,221.800,0.000,0.000,0.000
"04:45",0.000,0.000,221.800,0.000,0.000,0.000
"05:00",0.000,0.000,221.800,0.000,0.000,0.000
"05:15",0.000,0.000,221.900,0.000,0.000,0.000
"05:30",0.000,0.000,221.900,0.000,0.000,0.000
"05:45",0.000,0.000,221.900,0.000,0.000,0.000
"06:00",0.000,0.000,221.900,0.000,0.000,0.000
"06:15",0.000,0.000,221.900,0.000,0.000,0.000
"06:30",0.000,0.000,221.900,0.000,0.000,0.000
"06:45",0.000,0.000,221.700,0.000,0.000,0.000
"07:00",0.000,0.000,221.700,0.000,0.000,0.000
"07:15",0.000,0.000,221.700,0.000,0.000,0.000
"07:30",0.000,0.000,221.600,0.000,0.000,0.000
"07:45",0.000,0.000,221.600,0.000,0.000,0.000
"08:00",0.000,0.000,221.700,0.000,0.000,0.000
"08:15",0.230,0.000,221.700,0.000,0.000,0.000
"08:30",0.819,0.000,221.700,0.000,0.000,0.000
"08:45",1.894,0.000,221.800,0.000,0.000,0.000
"09:00",3.418,0.000,222.000,0.000,0.000,0.000
"09:15",2.880,0.000,221.900,0.000,0.000,0.000
"09:30",2.624,0.000,221.700,0.000,0.000,0.000
"09:45",4.147,0.000,221.700,0.000,0.000,0.000
"10:00",6.336,0.000,221.800,0.000,0.000,0.000
"10:15",9.971,0.000,221.900,0.000,0.000,0.000
"10:30",10.317,0.000,221.900,0.000,0.000,0.000
"10:45",15.898,0.000,222.000,0.000,0.000,0.000
"11:00",15.424,0.000,222.200,0.000,0.000,0.000
"11:15",8.435,0.000,222.100,0.000,0.000,0.000
"11:30",6.387,0.000,221.900,0.000,0.000,0.000
"11:45",5.875,0.000,222.000,0.000,0.000,0.000
"12:00",8.909,0.000,222.100,0.000,0.000,0.000
"12:15",14.298,0.000,222.300,0.000,0.000,0.000
"12:30",12.454,0.000,222.300,0.000,0.000,0.000
"12:45",14.541,0.000,222.300,0.000,0.000,0.000
"13:00",17.216,0.000,222.600,0.000,0.000,0.000
"13:15",19.418,0.000,222.600,0.000,0.000,0.000
"13:30",23.270,0.000,222.800,0.000,0.000,0.000
"13:45",27.994,0.000,222.900,0.000,0.000,0.000
"14:00",31.654,0.000,222.800,0.000,0.000,0.000
"14:15",21.440,0.000,222.700,0.000,0.000,0.000
"14:30",38.208,0.000,223.000,0.000,0.000,0.000
"14:45",39.693,0.000,223.200,0.000,0.000,0.000
"15:00",36.045,0.000,222.900,0.000,0.000,0.000
"15:15",39.373,0.000,222.900,0.000,0.000,0.000
"15:30",28.838,0.000,222.700,0.000,0.000,0.000
"15:45",27.072,0.000,222.800,0.000,0.000,0.000
"16:00",18.765,0.000,222.600,0.000,0.000,0.000
"16:15",14.720,0.000,222.600,0.000,0.000,0.000
"16:30",21.440,0.000,222.900,0.000,0.000,0.000
"16:45",16.563,0.000,223.100,0.000,0.000,0.000
"17:00",51.021,0.000,223.800,0.000,0.000,0.000
"17:15",41.088,0.000,223.600,0.000,0.000,0.000
"17:30",35.059,0.000,223.400,0.000,0.000,0.000
"17:45",27.738,0.000,223.000,0.000,0.000,0.000
"18:00",20.467,0.000,222.600,0.000,0.000,0.000
"18:15",13.555,0.000,222.300,0.000,0.000,0.000
"18:30",6.541,0.000,222.000,0.000,0.000,0.000
"18:45",0.922,0.000,221.800,0.000,0.000,0.000
"19:00",0.090,0.000,221.600,0.000,0.000,0.000
"19:15",0.000,0.000,221.600,0.000,0.000,0.000
"19:30",0.000,0.000,221.500,0.000,0.000,0.000
"19:45",0.000,0.000,221.500,0.000,0.000,0.000
"20:00",0.000,0.000,221.500,0.000,0.000,0.000
"20:15",0.000,0.000,221.500,0.000,0.000,0.000
"20:30",0.000,0.000,221.400,0.000,0.000,0.000
"20:45",0.000,0.000,221.400,0.000,0.000,0.000
"21:00",0.000,0.000,221.400,0.000,0.000,0.000
"21:15",0.000,0.000,221.400,0.000,0.000,0.000
"21:30",0.000,0.000,221.500,0.000,0.000,0.000
"21:45",0.000,0.000,221.400,0.000,0.000,0.000
"22:00",0.000,0.000,221.400,0.000,0.000,0.000
"22:15",0.000,0.000,221.400,0.000,0.000,0.000
"22:30",0.000,0.000,221.500,0.000,0.000,0.000
"22:45",0.000,0.000,221.500,0.000,0.000,0.000
"23:00",0.000,0.000,221.500,0.000,0.000,0.000
"23:15",0.000,0.000,221.500,0.000,0.000,0.000
"23:30",0.000,0.000,221.500,0.000,0.000,0.000
"23:45",0.000,0.000,221.500,0.000,0.000,0.000
"04/24/26 24:00",0.000,0.000,221.500,0.000,0.000,0.000
