"kwh"
"Time ","AGRIM02P","AGRIM02P","AGRIM02P","AGRIM02P","AGRIM02P","AGRIM02P"
" 5/23/26 00:15",0.000,0.000,221.700,0.166,0.000,0.000
" 5/23/26 00:30",0.000,0.000,221.600,0.179,0.000,0.000
"00:45",0.000,0.000,221.600,0.166,0.000,0.000
"01:00",0.000,0.000,221.600,0.179,0.000,0.000
"01:15",0.000,0.000,221.700,0.179,0.000,0.000
"01:30",0.000,0.000,221.700,0.166,0.000,0.000
"01:45",0.000,0.000,221.700,0.179,0.000,0.000
"02:00",0.000,0.000,221.800,0.166,0.000,0.000
"02:15",0.000,0.000,221.700,0.179,0.000,0.000
"02:30",0.000,0.000,221.700,0.166,0.000,0.000
"02:45",0.000,0.000,221.700,0.179,0.000,0.000
"03:00",0.000,0.000,221.700,0.179,0.000,0.000
"03:15",0.000,0.000,221.700,0.166,0.000,0.000
"03:30",0.000,0.000,221.700,0.179,0.000,0.000
"03:45",0.000,0.000,221.700,0.166,0.000,0.000
"04:00",0.000,0.000,221.700,0.179,0.000,0.000
"04:15",0.000,0.000,221.700,0.166,0.000,0.000
"04:30",0.000,0.000,221.700,0.179,0.000,0.000
"04:45",0.000,0.000,221.700,0.166,0.000,0.000
"05:00",0.000,0.000,221.800,0.179,0.000,0.000
"05:15",0.000,0.000,221.700,0.166,0.000,0.000
"05:30",0.000,0.000,221.800,0.179,0.000,0.000
"05:45",0.000,0.000,221.800,0.179,0.000,0.000
"06:00",0.000,0.000,221.800,0.166,0.000,0.000
"06:15",0.000,0.000,221.800,0.179,0.000,0.000
"06:30",0.000,0.000,221.700,0.166,0.000,0.000
"06:45",0.000,0.000,221.800,0.179,0.000,0.000
"07:00",0.000,0.000,221.800,0.166,0.000,0.000
"07:15",0.000,0.000,221.700,0.179,0.000,0.000
"07:30",0.000,0.000,221.700,0.166,0.000,0.000
"07:45",0.000,0.000,221.700,0.179,0.000,0.000
"08:00",0.000,0.000,221.700,0.166,0.000,0.000
"08:15",0.000,0.013,221.700,0.128,0.000,0.000
"08:30",0.358,0.000,221.900,0.013,0.000,0.013
"08:45",1.318,0.000,221.900,0.000,0.000,0.090
"09:00",2.099,0.000,221.800,0.000,0.000,0.038
"09:15",3.226,0.000,221.800,0.000,0.000,0.064
"09:30",3.520,0.000,221.900,0.000,0.000,0.064
"09:45",6.003,0.000,222.000,0.000,0.000,0.026
"10:00",9.395,0.000,222.200,0.000,0.000,0.013
"10:15",12.928,0.000,222.300,0.000,0.000,0.013
"10:30",17.472,0.000,222.300,0.000,0.000,0.000
"10:45",18.035,0.000,222.400,0.000,0.000,0.000
"11:00",20.390,0.000,222.400,0.000,0.000,0.000
"11:15",28.019,0.000,222.600,0.000,0.000,0.000
"11:30",27.302,0.000,222.600,0.000,0.000,0.000
"11:45",34.061,0.000,222.800,0.000,0.000,0.000
"12:00",35.213,0.000,222.800,0.000,0.000,0.000
"12:15",33.997,0.000,222.800,0.000,0.000,0.000
"12:30",31.821,0.000,222.800,0.000,0.000,0.000
"12:45",35.994,0.000,223.000,0.000,0.000,0.000
"13:00",39.296,0.000,223.100,0.000,0.000,0.000
"13:15",41.843,0.000,223.100,0.000,0.000,0.000
"13:30",47.949,0.000,223.200,0.000,0.000,0.000
"13:45",65.792,0.000,223.700,0.000,0.000,0.000
"14:00",64.128,0.000,223.700,0.000,0.000,0.000
"14:15",65.280,0.000,223.700,0.000,0.000,0.000
"14:30",62.042,0.000,223.600,0.000,0.000,0.000
"14:45",49.485,0.000,223.500,0.000,0.000,0.000
"15:00",50.522,0.000,223.500,0.000,0.000,0.000
"15:15",69.581,0.000,223.800,0.000,0.000,0.000
"15:30",62.259,0.000,223.800,0.000,0.000,0.000
"15:45",74.355,0.000,224.000,0.000,0.000,0.013
"16:00",75.443,0.000,224.100,0.000,0.000,0.000
"16:15",56.435,0.000,223.600,0.000,0.000,0.000
"16:30",57.997,0.000,223.700,0.000,0.000,0.000
"16:45",43.520,0.000,223.500,0.000,0.000,0.000
"17:00",25.920,0.000,222.800,0.000,0.000,0.000
"17:15",20.378,0.000,222.500,0.000,0.000,0.013
"17:30",10.586,0.000,222.100,0.000,0.000,0.026
"17:45",5.786,0.000,222.000,0.000,0.000,0.064
"18:00",4.032,0.000,221.900,0.000,0.000,0.038
"18:15",2.150,0.000,221.800,0.000,0.000,0.026
"18:30",0.230,0.000,221.700,0.000,0.000,0.000
"18:45",0.000,0.038,221.400,0.115,0.000,0.000
"19:00",0.000,0.051,221.400,0.128,0.000,0.000
"19:15",0.000,0.000,221.300,0.166,0.000,0.000
"19:30",0.000,0.000,221.400,0.179,0.000,0.000
"19:45",0.000,0.000,221.400,0.179,0.000,0.000
"20:00",0.000,0.000,221.500,0.166,0.000,0.000
"20:15",0.000,0.000,221.400,0.179,0.000,0.000
"20:30",0.000,0.000,221.400,0.166,0.000,0.000
"20:45",0.000,0.000,221.400,0.179,0.000,0.000
"21:00",0.000,0.000,221.300,0.179,0.000,0.000
"21:15",0.000,0.000,221.300,0.166,0.000,0.000
"21:30",0.000,0.000,221.400,0.179,0.000,0.000
"21:45",0.000,0.000,221.400,0.179,0.000,0.000
"22:00",0.000,0.000,221.500,0.166,0.000,0.000
"22:15",0.000,0.000,221.500,0.179,0.000,0.000
"22:30",0.000,0.000,221.500,0.179,0.000,0.000
"22:45",0.000,0.000,221.600,0.166,0.000,0.000
"23:00",0.000,0.000,221.700,0.179,0.000,0.000
"23:15",0.000,0.000,221.600,0.179,0.000,0.000
"23:30",0.000,0.000,221.600,0.166,0.000,0.000
"23:45",0.000,0.000,221.600,0.179,0.000,0.000
" 5/23/26 24:00",0.000,0.000,221.600,0.166,0.000,0.000
