"kwh"
"Time ","AGRIM02P","AGRIM02P","AGRIM02P","AGRIM02P","AGRIM02P","AGRIM02P"
" 8/01/26 00:15",0.000,0.000,221.600,0.166,0.000,0.000
" 8/01/26 00:30",0.000,0.000,221.700,0.179,0.000,0.000
"00:45",0.000,0.000,221.700,0.166,0.000,0.000
"01:00",0.000,0.000,221.800,0.179,0.000,0.000
"01:15",0.000,0.000,221.700,0.166,0.000,0.000
"01:30",0.000,0.000,221.600,0.179,0.000,0.000
"01:45",0.000,0.000,221.700,0.166,0.000,0.000
"02:00",0.000,0.000,221.700,0.179,0.000,0.000
"02:15",0.000,0.000,221.600,0.166,0.000,0.000
"02:30",0.000,0.000,221.700,0.179,0.000,0.000
"02:45",0.000,0.000,221.700,0.166,0.000,0.000
"03:00",0.000,0.000,221.700,0.179,0.000,0.000
"03:15",0.000,0.000,221.700,0.166,0.000,0.000
"03:30",0.000,0.000,221.700,0.166,0.000,0.000
"03:45",0.000,0.000,221.700,0.179,0.000,0.000
"04:00",0.000,0.000,221.600,0.166,0.000,0.000
"04:15",0.000,0.000,221.700,0.179,0.000,0.000
"04:30",0.000,0.000,221.600,0.166,0.000,0.000
"04:45",0.000,0.000,221.600,0.179,0.000,0.000
"05:00",0.000,0.000,221.600,0.166,0.000,0.000
"05:15",0.000,0.000,221.600,0.179,0.000,0.000
"05:30",0.000,0.000,221.600,0.166,0.000,0.000
"05:45",0.000,0.000,221.600,0.179,0.000,0.000
"06:00",0.000,0.000,221.600,0.166,0.000,0.000
"06:15",0.000,0.000,221.600,0.179,0.000,0.000
"06:30",0.000,0.000,221.700,0.166,0.000,0.000
"06:45",0.000,0.000,221.700,0.179,0.000,0.000
"07:00",0.000,0.000,221.700,0.166,0.000,0.000
"07:15",0.000,0.000,221.700,0.179,0.000,0.000
"07:30",0.000,0.000,221.700,0.166,0.000,0.000
"07:45",0.000,0.000,221.700,0.166,0.000,0.000
"08:00",0.000,0.000,221.600,0.179,0.000,0.000
"08:15",0.000,0.000,221.600,0.141,0.000,0.000
"08:30",0.435,0.000,221.700,0.013,0.000,0.000
"08:45",3.354,0.000,221.800,0.000,0.000,0.013
"09:00",11.789,0.000,222.200,0.000,0.000,0.000
"09:15",25.024,0.000,222.300,0.000,0.000,0.000
"09:30",34.176,0.000,222.600,0.000,0.000,0.000
"09:45",42.931,0.000,222.900,0.000,0.000,0.000
"10:00",51.226,0.000,223.200,0.000,0.000,0.000
"10:15",59.392,0.000,223.400,0.000,0.000,0.000
"10:30",66.573,0.000,223.200,0.000,0.000,0.000
"10:45",73.574,0.000,223.300,0.000,0.000,0.000
"11:00",79.578,0.000,223.400,0.000,0.000,0.000
"11:15",85.146,0.000,223.500,0.000,0.000,0.000
"11:30",90.112,0.000,223.600,0.000,0.000,0.000
"11:45",93.773,0.000,223.500,0.000,0.000,0.000
"12:00",97.792,0.000,223.600,0.000,0.000,0.000
"12:15",102.541,0.000,223.800,0.000,0.000,0.000
"12:30",90.778,0.000,223.400,0.000,0.000,0.000
"12:45",100.659,0.000,223.600,0.000,0.000,0.000
"13:00",103.872,0.000,223.700,0.000,0.000,0.013
"13:15",104.870,0.000,223.600,0.000,0.000,0.320
"13:30",105.792,0.000,223.700,0.000,0.000,0.000
"13:45",106.278,0.000,223.700,0.000,0.000,0.000
"14:00",105.728,0.000,223.700,0.000,0.000,0.000
"14:15",105.062,0.000,223.600,0.000,0.000,0.000
"14:30",103.181,0.000,223.600,0.000,0.000,0.282
"14:45",101.952,0.000,223.600,0.000,0.000,0.000
"15:00",99.622,0.000,223.600,0.000,0.000,0.000
"15:15",97.126,0.000,223.500,0.000,0.000,0.000
"15:30",93.862,0.000,223.500,0.000,0.000,0.000
"15:45",89.946,0.000,223.500,0.000,0.000,0.115
"16:00",80.192,0.000,223.400,0.000,0.000,0.013
"16:15",66.010,0.000,223.100,0.000,0.000,0.013
"16:30",43.635,0.000,222.900,0.000,0.000,0.013
"16:45",57.638,0.000,223.200,0.000,0.000,0.000
"17:00",63.526,0.000,223.800,0.000,0.000,0.000
"17:15",52.723,0.000,223.700,0.000,0.000,0.000
"17:30",44.608,0.000,223.500,0.000,0.000,0.000
"17:45",36.224,0.000,223.400,0.000,0.000,0.026
"18:00",27.789,0.000,223.100,0.000,0.000,0.013
"18:15",16.090,0.000,222.700,0.000,0.000,0.051
"18:30",2.586,0.000,222.100,0.000,0.000,0.064
"18:45",0.627,0.000,221.900,0.000,0.000,0.013
"19:00",0.102,0.000,221.800,0.038,0.000,0.000
"19:15",0.000,0.051,221.800,0.128,0.000,0.000
"19:30",0.000,0.000,221.700,0.166,0.000,0.000
"19:45",0.000,0.000,221.700,0.166,0.000,0.000
"20:00",0.000,0.000,221.600,0.179,0.000,0.000
"20:15",0.000,0.000,221.600,0.179,0.000,0.000
"20:30",0.000,0.000,221.700,0.166,0.000,0.000
"20:45",0.000,0.000,221.700,0.179,0.000,0.000
"21:00",0.000,0.000,221.700,0.166,0.000,0.000
"21:15",0.000,0.000,221.700,0.179,0.000,0.000
"21:30",0.000,0.000,221.700,0.179,0.000,0.000
"21:45",0.000,0.000,221.700,0.166,0.000,0.000
"22:00",0.000,0.000,221.700,0.179,0.000,0.000
"22:15",0.000,0.000,221.700,0.166,0.000,0.000
"22:30",0.000,0.000,221.700,0.179,0.000,0.000
"22:45",0.000,0.000,221.700,0.179,0.000,0.000
"23:00",0.000,0.000,221.800,0.166,0.000,0.000
"23:15",0.000,0.000,221.700,0.179,0.000,0.000
"23:30",0.000,0.000,221.600,0.166,0.000,0.000
"23:45",0.000,0.000,221.600,0.179,0.000,0.000
" 8/01/26 24:00",0.000,0.000,221.600,0.179,0.000,0.000
