"kwh"
"Time ","AGRIM02P","AGRIM02P","AGRIM02P","AGRIM02P","AGRIM02P","AGRIM02P"
" 1/09/26 00:15",0.000,0.000,221.800,0.179,0.000,0.000
" 1/09/26 00:30",0.000,0.000,221.900,0.179,0.000,0.000
"00:45",0.000,0.000,222.000,0.192,0.000,0.000
"01:00",0.000,0.000,220.700,0.179,0.000,0.000
"01:15",0.000,0.000,220.600,0.179,0.000,0.000
"01:30",0.000,0.000,221.200,0.179,0.000,0.000
"01:45",0.000,0.000,221.200,0.192,0.000,0.000
"02:00",0.000,0.000,221.600,0.179,0.000,0.000
"02:15",0.000,0.000,221.500,0.192,0.000,0.000
"02:30",0.000,0.000,221.100,0.179,0.000,0.000
"02:45",0.000,0.000,221.100,0.179,0.000,0.000
"03:00",0.000,0.000,221.300,0.179,0.000,0.000
"03:15",0.000,0.000,221.500,0.192,0.000,0.000
"03:30",0.000,0.000,221.300,0.179,0.000,0.000
"03:45",0.000,0.000,221.500,0.179,0.000,0.000
"04:00",0.000,0.000,221.600,0.192,0.000,0.000
"04:15",0.000,0.000,221.700,0.179,0.000,0.000
"04:30",0.000,0.000,221.800,0.179,0.000,0.000
"04:45",0.000,0.000,221.900,0.192,0.000,0.000
"05:00",0.000,0.000,221.900,0.179,0.000,0.000
"05:15",0.000,0.000,221.600,0.179,0.000,0.000
"05:30",0.000,0.000,221.700,0.192,0.000,0.000
"05:45",0.000,0.000,221.800,0.179,0.000,0.000
"06:00",0.000,0.000,222.000,0.179,0.000,0.000
"06:15",0.000,0.000,221.600,0.192,0.000,0.000
"06:30",0.000,0.000,221.500,0.179,0.000,0.000
"06:45",0.000,0.000,221.400,0.179,0.000,0.000
"07:00",0.026,0.013,221.600,0.115,0.000,0.000
"07:15",0.768,0.000,220.800,0.000,0.000,0.000
"07:30",2.317,0.000,220.400,0.000,0.000,0.000
"07:45",2.202,0.000,221.400,0.000,0.000,0.000
"08:00",5.594,0.000,223.300,0.000,0.000,0.000
"08:15",9.357,0.000,222.200,0.000,0.000,0.000
"08:30",9.536,0.000,222.700,0.000,0.000,0.000
"08:45",11.264,0.000,224.700,0.000,0.000,0.000
"09:00",7.373,0.000,224.800,0.000,0.000,0.000
"09:15",16.525,0.000,222.800,0.000,0.000,0.000
"09:30",19.686,0.000,222.400,0.000,0.000,0.000
"09:45",24.755,0.000,222.400,0.000,0.000,0.000
"10:00",29.082,0.000,224.400,0.000,0.000,0.000
"10:15",41.907,0.000,226.600,0.000,0.000,0.000
"10:30",66.522,0.000,228.700,0.000,0.000,0.000
"10:45",15.680,0.000,230.000,0.000,0.000,0.000
"11:00",12.544,0.000,225.800,0.000,0.000,0.000
"11:15",60.045,0.000,228.500,0.000,0.000,0.000
"11:30",24.806,0.000,230.100,0.000,0.000,0.000
"11:45",14.618,0.000,226.300,0.000,0.000,0.000
"12:00",29.171,0.000,226.000,0.000,0.000,0.000
"12:15",50.189,0.000,232.900,0.000,0.000,0.000
"12:30",99.085,0.000,235.000,0.000,0.000,0.013
"12:45",66.189,0.000,223.800,0.000,0.000,0.013
"13:00",11.533,0.000,222.700,0.000,0.000,0.051
"13:15",48.038,0.000,223.000,0.000,0.000,0.000
"13:30",18.022,0.000,222.600,0.000,0.000,0.013
"13:45",42.483,0.000,223.300,0.000,0.000,0.013
"14:00",65.421,0.000,223.400,0.000,0.000,0.013
"14:15",0.000,0.000,0.000,0.000,0.000,0.000
"14:30",0.000,0.000,0.000,0.000,0.000,0.000
"14:45",0.000,0.000,0.000,0.000,0.000,0.000
"15:00",0.000,0.000,0.000,0.000,0.000,0.000
"15:15",0.000,0.000,0.000,0.000,0.000,0.000
"15:30",0.000,0.000,0.000,0.000,0.000,0.000
"15:45",0.000,0.000,0.000,0.000,0.000,0.000
"16:00",7.565,0.000,230.000,0.026,0.000,0.000
"16:15",43.520,0.000,232.600,0.000,0.000,0.000
"16:30",41.459,0.000,230.100,0.000,0.000,0.000
"16:45",38.989,0.000,227.600,0.000,0.000,0.000
"17:00",39.027,0.000,229.400,0.000,0.000,0.000
"17:15",34.650,0.000,226.400,0.000,0.000,0.000
"17:30",24.525,0.000,225.200,0.000,0.000,0.000
"17:45",40.973,0.000,226.200,0.000,0.000,0.000
"18:00",23.910,0.000,228.900,0.000,0.000,0.000
"18:15",17.574,0.000,225.000,0.000,0.000,0.000
"18:30",14.848,0.000,223.700,0.000,0.000,0.000
"18:45",15.104,0.000,223.700,0.000,0.000,0.000
"19:00",15.142,0.000,223.500,0.000,0.000,0.000
"19:15",12.915,0.000,222.000,0.000,0.000,0.000
"19:30",8.627,0.000,221.500,0.000,0.000,0.026
"19:45",5.363,0.000,221.400,0.000,0.000,0.013
"20:00",3.686,0.000,220.700,0.000,0.000,0.038
"20:15",2.419,0.000,220.000,0.000,0.000,0.064
"20:30",0.832,0.000,219.000,0.000,0.000,0.038
"20:45",0.038,0.013,218.400,0.064,0.000,0.013
"21:00",0.000,0.013,219.000,0.154,0.000,0.000
"21:15",0.000,0.013,219.000,0.179,0.000,0.000
"21:30",0.000,0.000,218.700,0.179,0.000,0.000
"21:45",0.000,0.000,219.000,0.179,0.000,0.000
"22:00",0.000,0.000,219.400,0.179,0.000,0.000
"22:15",0.000,0.000,218.600,0.179,0.000,0.000
"22:30",0.000,0.000,218.900,0.179,0.000,0.000
"22:45",0.000,0.000,219.400,0.179,0.000,0.000
"23:00",0.000,0.000,219.800,0.192,0.000,0.000
"23:15",0.000,0.000,220.000,0.179,0.000,0.000
"23:30",0.000,0.000,219.800,0.179,0.000,0.000
"23:45",0.000,0.000,220.200,0.179,0.000,0.000
" 1/09/26 24:00",0.000,0.000,219.700,0.179,0.000,0.000
