"kwh"
"Time ","AGRIM02P","AGRIM02P","AGRIM02P","AGRIM02P","AGRIM02P","AGRIM02P"
" 7/24/26 00:15",0.000,0.000,221.400,0.179,0.000,0.000
" 7/24/26 00:30",0.000,0.000,221.400,0.166,0.000,0.000
"00:45",0.000,0.000,221.400,0.179,0.000,0.000
"01:00",0.000,0.000,221.500,0.166,0.000,0.000
"01:15",0.000,0.000,221.600,0.179,0.000,0.000
"01:30",0.000,0.000,221.500,0.166,0.000,0.000
"01:45",0.000,0.000,221.600,0.179,0.000,0.000
"02:00",0.000,0.000,221.600,0.166,0.000,0.000
"02:15",0.000,0.000,221.500,0.179,0.000,0.000
"02:30",0.000,0.000,221.500,0.166,0.000,0.000
"02:45",0.000,0.000,221.500,0.179,0.000,0.000
"03:00",0.000,0.000,221.500,0.166,0.000,0.000
"03:15",0.000,0.000,221.500,0.179,0.000,0.000
"03:30",0.000,0.000,221.500,0.166,0.000,0.000
"03:45",0.000,0.000,221.500,0.179,0.000,0.000
"04:00",0.000,0.000,221.500,0.166,0.000,0.000
"04:15",0.000,0.000,221.500,0.179,0.000,0.000
"04:30",0.000,0.000,221.500,0.166,0.000,0.000
"04:45",0.000,0.000,221.500,0.179,0.000,0.000
"05:00",0.000,0.000,221.500,0.179,0.000,0.000
"05:15",0.000,0.000,221.500,0.166,0.000,0.000
"05:30",0.000,0.000,221.600,0.179,0.000,0.000
"05:45",0.000,0.000,221.500,0.166,0.000,0.000
"06:00",0.000,0.000,221.600,0.166,0.000,0.000
"06:15",0.000,0.000,221.600,0.179,0.000,0.000
"06:30",0.000,0.000,221.500,0.166,0.000,0.000
"06:45",0.000,0.000,221.500,0.179,0.000,0.000
"07:00",0.000,0.000,221.500,0.166,0.000,0.000
"07:15",0.000,0.000,221.400,0.179,0.000,0.000
"07:30",0.000,0.000,221.400,0.179,0.000,0.000
"07:45",0.000,0.000,221.300,0.166,0.000,0.000
"08:00",0.000,0.000,221.300,0.166,0.000,0.000
"08:15",0.000,0.000,221.400,0.179,0.000,0.000
"08:30",0.013,0.000,221.300,0.141,0.000,0.000
"08:45",0.269,0.000,221.000,0.000,0.000,0.013
"09:00",1.702,0.000,221.400,0.000,0.000,0.077
"09:15",2.931,0.000,221.400,0.000,0.000,0.026
"09:30",4.787,0.000,221.400,0.000,0.000,0.051
"09:45",5.555,0.000,221.500,0.000,0.000,0.038
"10:00",9.306,0.000,221.600,0.000,0.000,0.026
"10:15",12.621,0.000,221.700,0.000,0.000,0.000
"10:30",16.896,0.000,221.900,0.000,0.000,0.000
"10:45",27.866,0.000,222.400,0.000,0.000,0.000
"11:00",29.030,0.000,222.400,0.000,0.000,0.000
"11:15",37.683,0.000,222.500,0.000,0.000,0.000
"11:30",41.574,0.000,222.400,0.000,0.000,0.000
"11:45",47.936,0.000,222.500,0.000,0.000,0.000
"12:00",51.661,0.000,222.500,0.000,0.000,0.000
"12:15",37.210,0.000,222.400,0.000,0.000,0.000
"12:30",38.938,0.000,222.600,0.000,0.000,0.013
"12:45",56.179,0.000,222.700,0.000,0.000,0.000
"13:00",88.858,0.000,223.500,0.000,0.000,0.000
"13:15",64.922,0.000,223.100,0.000,0.000,0.000
"13:30",92.954,0.000,223.400,0.000,0.000,0.013
"13:45",96.896,0.000,223.700,0.000,0.000,0.000
"14:00",86.477,0.000,223.500,0.000,0.000,0.000
"14:15",81.408,0.000,223.400,0.000,0.000,0.038
"14:30",76.979,0.000,223.300,0.000,0.000,0.013
"14:45",57.114,0.000,223.400,0.000,0.000,0.000
"15:00",63.219,0.000,223.100,0.000,0.000,0.000
"15:15",66.355,0.000,223.700,0.000,0.000,0.013
"15:30",94.221,0.000,224.100,0.000,0.000,0.000
"15:45",90.573,0.000,224.100,0.000,0.000,0.000
"16:00",84.301,0.000,224.000,0.000,0.000,0.000
"16:15",77.952,0.000,223.900,0.000,0.000,0.000
"16:30",72.410,0.000,223.900,0.000,0.000,0.000
"16:45",65.715,0.000,223.700,0.000,0.000,0.000
"17:00",58.509,0.000,223.600,0.000,0.000,0.000
"17:15",50.906,0.000,223.400,0.000,0.000,0.000
"17:30",43.162,0.000,223.200,0.000,0.000,0.000
"17:45",34.829,0.000,222.800,0.000,0.000,0.000
"18:00",25.946,0.000,222.600,0.000,0.000,0.000
"18:15",8.550,0.000,222.100,0.000,0.000,0.064
"18:30",2.061,0.000,221.800,0.000,0.000,0.038
"18:45",0.294,0.000,221.700,0.000,0.000,0.013
"19:00",0.000,0.026,221.500,0.102,0.000,0.000
"19:15",0.000,0.051,221.400,0.128,0.000,0.000
"19:30",0.000,0.000,221.400,0.166,0.000,0.000
"19:45",0.000,0.000,221.300,0.179,0.000,0.000
"20:00",0.000,0.000,221.300,0.166,0.000,0.000
"20:15",0.000,0.000,221.400,0.179,0.000,0.000
"20:30",0.000,0.000,221.300,0.166,0.000,0.000
"20:45",0.000,0.000,221.400,0.179,0.000,0.000
"21:00",0.000,0.000,221.300,0.166,0.000,0.000
"21:15",0.000,0.000,221.200,0.179,0.000,0.000
"21:30",0.000,0.000,221.200,0.166,0.000,0.000
"21:45",0.000,0.000,221.200,0.179,0.000,0.000
"22:00",0.000,0.000,221.300,0.166,0.000,0.000
"22:15",0.000,0.000,221.300,0.179,0.000,0.000
"22:30",0.000,0.000,221.400,0.179,0.000,0.000
"22:45",0.000,0.000,221.400,0.166,0.000,0.000
"23:00",0.000,0.000,221.500,0.179,0.000,0.000
"23:15",0.000,0.000,221.500,0.166,0.000,0.000
"23:30",0.000,0.000,221.500,0.179,0.000,0.000
"23:45",0.000,0.000,221.600,0.179,0.000,0.000
" 7/24/26 24:00",0.000,0.000,221.600,0.166,0.000,0.000
