"kwh"
"Time ","AGRIM02P","AGRIM02P","AGRIM02P","AGRIM02P","AGRIM02P","AGRIM02P"
" 2/09/26 00:15",0.000,0.000,221.200,0.192,0.000,0.000
" 2/09/26 00:30",0.000,0.000,221.300,0.179,0.000,0.000
"00:45",0.000,0.000,221.300,0.179,0.000,0.000
"01:00",0.000,0.000,221.300,0.192,0.000,0.000
"01:15",0.000,0.000,221.300,0.179,0.000,0.000
"01:30",0.000,0.000,221.400,0.179,0.000,0.000
"01:45",0.000,0.000,221.300,0.192,0.000,0.000
"02:00",0.000,0.000,221.300,0.179,0.000,0.000
"02:15",0.000,0.000,221.300,0.179,0.000,0.000
"02:30",0.000,0.000,221.300,0.192,0.000,0.000
"02:45",0.000,0.000,221.300,0.179,0.000,0.000
"03:00",0.000,0.000,221.300,0.179,0.000,0.000
"03:15",0.000,0.000,221.300,0.192,0.000,0.000
"03:30",0.000,0.000,221.400,0.179,0.000,0.000
"03:45",0.000,0.000,221.400,0.179,0.000,0.000
"04:00",0.000,0.000,221.400,0.192,0.000,0.000
"04:15",0.000,0.000,221.400,0.179,0.000,0.000
"04:30",0.000,0.000,221.400,0.179,0.000,0.000
"04:45",0.000,0.000,221.300,0.192,0.000,0.000
"05:00",0.000,0.000,221.300,0.179,0.000,0.000
"05:15",0.000,0.000,221.300,0.192,0.000,0.000
"05:30",0.000,0.000,221.300,0.179,0.000,0.000
"05:45",0.000,0.000,221.300,0.179,0.000,0.000
"06:00",0.000,0.000,221.300,0.192,0.000,0.000
"06:15",0.000,0.000,221.300,0.179,0.000,0.000
"06:30",0.000,0.000,221.300,0.179,0.000,0.000
"06:45",0.000,0.000,221.200,0.179,0.000,0.000
"07:00",0.000,0.000,221.300,0.192,0.000,0.000
"07:15",0.000,0.000,221.300,0.179,0.000,0.000
"07:30",0.013,0.000,221.300,0.166,0.000,0.000
"07:45",0.128,0.013,221.400,0.026,0.013,0.013
"08:00",0.000,0.051,221.300,0.102,0.000,0.000
"08:15",0.115,0.000,221.300,0.000,0.000,0.013
"08:30",0.115,0.000,221.300,0.000,0.000,0.000
"08:45",1.779,0.000,221.400,0.000,0.000,0.038
"09:00",2.893,0.000,221.500,0.000,0.000,0.051
"09:15",4.429,0.000,221.400,0.000,0.000,0.051
"09:30",5.120,0.000,221.500,0.000,0.000,0.051
"09:45",5.760,0.000,221.600,0.000,0.000,0.026
"10:00",12.813,0.000,221.900,0.000,0.000,0.000
"10:15",23.245,0.000,222.200,0.000,0.000,0.000
"10:30",32.358,0.000,222.500,0.000,0.000,0.013
"10:45",25.933,0.000,222.400,0.000,0.000,0.000
"11:00",56.614,0.000,222.900,0.000,0.000,0.000
"11:15",59.533,0.000,222.900,0.000,0.000,0.000
"11:30",52.314,0.000,222.600,0.000,0.000,0.000
"11:45",90.138,0.000,223.800,0.000,0.000,0.000
"12:00",25.869,0.000,222.300,0.000,0.000,0.000
"12:15",30.336,0.000,222.100,0.000,0.000,0.000
"12:30",11.238,0.000,222.000,0.000,0.000,0.013
"12:45",35.994,0.000,222.800,0.000,0.000,0.013
"13:00",53.286,0.000,223.200,0.000,0.000,0.000
"13:15",57.651,0.000,223.300,0.000,0.000,0.000
"13:30",87.027,0.000,224.100,0.000,0.000,0.013
"13:45",100.032,0.000,224.300,0.000,0.000,0.000
"14:00",101.939,0.000,224.400,0.000,0.000,0.026
"14:15",102.822,0.000,224.300,0.000,0.000,0.000
"14:30",104.307,0.000,224.400,0.000,0.000,0.602
"14:45",102.848,0.000,224.400,0.000,0.000,0.026
"15:00",103.616,0.000,224.400,0.000,0.000,0.013
"15:15",102.426,0.000,224.400,0.000,0.000,0.013
"15:30",100.122,0.000,224.400,0.000,0.000,0.013
"15:45",97.792,0.000,224.400,0.000,0.000,0.026
"16:00",93.619,0.000,224.600,0.000,0.000,0.038
"16:15",88.602,0.000,224.600,0.000,0.000,0.077
"16:30",83.277,0.000,224.500,0.000,0.000,0.038
"16:45",78.630,0.000,224.500,0.000,0.000,0.026
"17:00",73.702,0.000,224.400,0.000,0.000,0.038
"17:15",68.070,0.000,224.300,0.000,0.000,0.090
"17:30",62.259,0.000,224.100,0.000,0.000,0.115
"17:45",56.269,0.000,224.100,0.000,0.000,0.013
"18:00",49.600,0.000,224.000,0.000,0.000,0.026
"18:15",42.598,0.000,223.900,0.000,0.000,0.064
"18:30",35.123,0.000,223.600,0.000,0.000,0.038
"18:45",27.686,0.000,223.300,0.000,0.000,0.026
"19:00",20.147,0.000,223.100,0.000,0.000,0.013
"19:15",13.210,0.000,222.800,0.000,0.000,0.038
"19:30",7.398,0.000,222.400,0.000,0.000,0.077
"19:45",3.354,0.000,222.000,0.000,0.000,0.090
"20:00",1.293,0.000,221.700,0.000,0.000,0.064
"20:15",0.461,0.000,221.500,0.000,0.000,0.077
"20:30",0.038,0.013,221.400,0.077,0.000,0.000
"20:45",0.000,0.026,221.300,0.166,0.000,0.000
"21:00",0.000,0.000,221.300,0.179,0.000,0.000
"21:15",0.000,0.000,221.300,0.179,0.000,0.000
"21:30",0.000,0.000,221.300,0.179,0.000,0.000
"21:45",0.000,0.000,221.400,0.192,0.000,0.000
"22:00",0.000,0.000,221.400,0.179,0.000,0.000
"22:15",0.000,0.000,221.400,0.192,0.000,0.000
"22:30",0.000,0.000,221.400,0.179,0.000,0.000
"22:45",0.000,0.000,221.400,0.179,0.000,0.000
"23:00",0.000,0.000,221.400,0.192,0.000,0.000
"23:15",0.000,0.000,221.400,0.179,0.000,0.000
"23:30",0.000,0.000,221.400,0.179,0.000,0.000
"23:45",0.000,0.000,221.400,0.192,0.000,0.000
" 2/09/26 24:00",0.000,0.000,221.400,0.179,0.000,0.000
