"kwh"
"Time ","AGRIM02P","AGRIM02P","AGRIM02P","AGRIM02P","AGRIM02P","AGRIM02P"
" 8/08/26 00:15",0.000,0.000,221.800,0.179,0.000,0.000
" 8/08/26 00:30",0.000,0.000,221.800,0.166,0.000,0.000
"00:45",0.000,0.000,221.800,0.179,0.000,0.000
"01:00",0.000,0.000,221.900,0.179,0.000,0.000
"01:15",0.000,0.000,221.900,0.166,0.000,0.000
"01:30",0.000,0.000,221.900,0.179,0.000,0.000
"01:45",0.000,0.000,221.900,0.166,0.000,0.000
"02:00",0.000,0.000,221.900,0.179,0.000,0.000
"02:15",0.000,0.000,221.900,0.179,0.000,0.000
"02:30",0.000,0.000,222.000,0.166,0.000,0.000
"02:45",0.000,0.000,222.000,0.179,0.000,0.000
"03:00",0.000,0.000,222.000,0.166,0.000,0.000
"03:15",0.000,0.000,222.000,0.179,0.000,0.000
"03:30",0.000,0.000,222.000,0.166,0.000,0.000
"03:45",0.000,0.000,222.000,0.179,0.000,0.000
"04:00",0.000,0.000,221.900,0.179,0.000,0.000
"04:15",0.000,0.000,221.900,0.166,0.000,0.000
"04:30",0.000,0.000,222.000,0.179,0.000,0.000
"04:45",0.000,0.000,221.900,0.166,0.000,0.000
"05:00",0.000,0.000,221.900,0.179,0.000,0.000
"05:15",0.000,0.000,221.900,0.179,0.000,0.000
"05:30",0.000,0.000,221.900,0.166,0.000,0.000
"05:45",0.000,0.000,221.900,0.179,0.000,0.000
"06:00",0.000,0.000,221.900,0.166,0.000,0.000
"06:15",0.000,0.000,221.900,0.179,0.000,0.000
"06:30",0.000,0.000,221.900,0.166,0.000,0.000
"06:45",0.000,0.000,221.800,0.179,0.000,0.000
"07:00",0.000,0.000,221.800,0.179,0.000,0.000
"07:15",0.000,0.000,221.700,0.166,0.000,0.000
"07:30",0.000,0.000,221.600,0.179,0.000,0.000
"07:45",0.000,0.000,221.600,0.166,0.000,0.000
"08:00",0.000,0.000,221.600,0.179,0.000,0.000
"08:15",0.102,0.000,221.700,0.051,0.000,0.000
"08:30",1.293,0.000,221.800,0.000,0.000,0.026
"08:45",6.490,0.000,222.000,0.000,0.000,0.077
"09:00",19.187,0.000,222.400,0.000,0.000,0.000
"09:15",29.158,0.000,222.700,0.000,0.000,0.000
"09:30",38.554,0.000,223.000,0.000,0.000,0.000
"09:45",47.718,0.000,223.200,0.000,0.000,0.000
"10:00",56.397,0.000,223.500,0.000,0.000,0.000
"10:15",64.269,0.000,223.800,0.000,0.000,0.000
"10:30",72.026,0.000,224.000,0.000,0.000,0.000
"10:45",78.835,0.000,223.900,0.000,0.000,0.026
"11:00",85.517,0.000,224.200,0.000,0.000,0.013
"11:15",91.405,0.000,224.500,0.000,0.000,0.154
"11:30",96.486,0.000,224.600,0.000,0.000,0.013
"11:45",100.544,0.000,224.800,0.000,0.000,0.026
"12:00",104.666,0.000,224.800,0.000,0.000,0.845
"12:15",107.251,0.000,224.900,0.000,0.000,0.896
"12:30",109.606,0.000,224.900,0.000,0.000,1.165
"12:45",108.774,0.000,224.800,0.000,0.000,2.496
"13:00",112.038,0.000,225.100,0.000,0.000,0.179
"13:15",112.563,0.000,225.100,0.000,0.000,0.845
"13:30",110.285,0.000,225.100,0.000,0.000,0.397
"13:45",114.419,0.000,225.000,0.000,0.000,1.254
"14:00",112.256,0.000,225.000,0.000,0.000,0.064
"14:15",113.382,0.000,225.000,0.000,0.000,0.512
"14:30",112.256,0.000,225.100,0.000,0.000,0.154
"14:45",110.554,0.000,225.100,0.000,0.000,0.115
"15:00",108.570,0.000,225.000,0.000,0.000,0.294
"15:15",105.651,0.000,225.100,0.000,0.000,0.051
"15:30",101.901,0.000,225.000,0.000,0.000,0.077
"15:45",97.536,0.000,224.900,0.000,0.000,0.064
"16:00",92.570,0.000,224.900,0.000,0.000,0.077
"16:15",86.899,0.000,224.800,0.000,0.000,0.064
"16:30",80.602,0.000,224.700,0.000,0.000,0.077
"16:45",73.690,0.000,224.600,0.000,0.000,0.064
"17:00",66.381,0.000,224.500,0.000,0.000,0.077
"17:15",58.496,0.000,224.300,0.000,0.000,0.077
"17:30",50.176,0.000,224.100,0.000,0.000,0.064
"17:45",41.293,0.000,223.700,0.000,0.000,0.038
"18:00",32.269,0.000,223.200,0.000,0.000,0.013
"18:15",22.464,0.000,222.500,0.000,0.000,0.000
"18:30",8.998,0.000,222.100,0.000,0.000,0.013
"18:45",1.562,0.000,221.900,0.000,0.000,0.038
"19:00",0.179,0.000,221.800,0.000,0.000,0.013
"19:15",0.000,0.026,221.700,0.128,0.000,0.000
"19:30",0.000,0.026,221.600,0.128,0.000,0.000
"19:45",0.000,0.000,221.500,0.179,0.000,0.000
"20:00",0.000,0.000,221.500,0.166,0.000,0.000
"20:15",0.000,0.000,221.500,0.179,0.000,0.000
"20:30",0.000,0.000,221.500,0.179,0.000,0.000
"20:45",0.000,0.000,221.400,0.166,0.000,0.000
"21:00",0.000,0.000,221.500,0.179,0.000,0.000
"21:15",0.000,0.000,221.500,0.166,0.000,0.000
"21:30",0.000,0.000,221.500,0.179,0.000,0.000
"21:45",0.000,0.000,221.500,0.179,0.000,0.000
"22:00",0.000,0.000,221.500,0.166,0.000,0.000
"22:15",0.000,0.000,221.500,0.179,0.000,0.000
"22:30",0.000,0.000,221.500,0.166,0.000,0.000
"22:45",0.000,0.000,221.600,0.179,0.000,0.000
"23:00",0.000,0.000,221.600,0.166,0.000,0.000
"23:15",0.000,0.000,221.600,0.179,0.000,0.000
"23:30",0.000,0.000,221.500,0.179,0.000,0.000
"23:45",0.000,0.000,221.500,0.166,0.000,0.000
" 8/08/26 24:00",0.000,0.000,221.600,0.179,0.000,0.000
