"kwh"
"Time ","AGRIM02P","AGRIM02P","AGRIM02P","AGRIM02P","AGRIM02P","AGRIM02P"
" 2/25/26 00:15",0.000,0.000,221.600,0.179,0.000,0.000
" 2/25/26 00:30",0.000,0.000,221.600,0.192,0.000,0.000
"00:45",0.000,0.000,221.700,0.179,0.000,0.000
"01:00",0.000,0.000,221.700,0.192,0.000,0.000
"01:15",0.000,0.000,221.700,0.179,0.000,0.000
"01:30",0.000,0.000,221.700,0.192,0.000,0.000
"01:45",0.000,0.000,221.800,0.179,0.000,0.000
"02:00",0.000,0.000,221.800,0.192,0.000,0.000
"02:15",0.000,0.000,221.700,0.179,0.000,0.000
"02:30",0.000,0.000,221.700,0.192,0.000,0.000
"02:45",0.000,0.000,221.800,0.179,0.000,0.000
"03:00",0.000,0.000,221.800,0.179,0.000,0.000
"03:15",0.000,0.000,221.700,0.192,0.000,0.000
"03:30",0.000,0.000,221.700,0.179,0.000,0.000
"03:45",0.000,0.000,221.700,0.192,0.000,0.000
"04:00",0.000,0.000,221.700,0.179,0.000,0.000
"04:15",0.000,0.000,221.800,0.192,0.000,0.000
"04:30",0.000,0.000,221.800,0.179,0.000,0.000
"04:45",0.000,0.000,221.700,0.192,0.000,0.000
"05:00",0.000,0.000,221.700,0.179,0.000,0.000
"05:15",0.000,0.000,221.700,0.192,0.000,0.000
"05:30",0.000,0.000,221.700,0.179,0.000,0.000
"05:45",0.000,0.000,221.700,0.192,0.000,0.000
"06:00",0.000,0.000,221.700,0.179,0.000,0.000
"06:15",0.000,0.000,221.700,0.192,0.000,0.000
"06:30",0.000,0.000,221.600,0.179,0.000,0.000
"06:45",0.000,0.000,221.600,0.179,0.000,0.000
"07:00",0.000,0.000,221.600,0.192,0.000,0.000
"07:15",0.000,0.000,221.700,0.166,0.000,0.000
"07:30",0.512,0.000,221.700,0.013,0.000,0.038
"07:45",1.280,0.000,221.600,0.000,0.000,0.064
"08:00",1.024,0.000,221.600,0.000,0.000,0.051
"08:15",3.418,0.000,221.600,0.000,0.000,0.013
"08:30",5.069,0.000,221.700,0.000,0.000,0.013
"08:45",5.491,0.000,221.600,0.000,0.000,0.051
"09:00",6.566,0.000,221.700,0.000,0.000,0.090
"09:15",11.008,0.000,221.700,0.000,0.000,0.026
"09:30",17.766,0.000,222.100,0.000,0.000,0.000
"09:45",54.720,0.000,223.500,0.000,0.000,0.000
"10:00",67.110,0.000,223.200,0.000,0.000,0.000
"10:15",72.640,0.000,224.000,0.000,0.000,0.038
"10:30",76.506,0.000,224.000,0.000,0.000,0.000
"10:45",84.659,0.000,224.300,0.000,0.000,0.013
"11:00",50.803,0.000,223.800,0.000,0.000,0.013
"11:15",93.107,0.000,224.200,0.000,0.000,0.000
"11:30",78.272,0.000,223.800,0.000,0.000,0.013
"11:45",65.050,0.000,223.500,0.000,0.000,0.013
"12:00",80.141,0.000,223.800,0.000,0.000,0.013
"12:15",85.402,0.000,224.000,0.000,0.000,0.013
"12:30",101.888,0.000,224.200,0.000,0.000,0.013
"12:45",102.234,0.000,224.200,0.000,0.000,0.000
"13:00",103.104,0.000,224.200,0.000,0.000,0.000
"13:15",103.206,0.000,224.200,0.000,0.000,0.000
"13:30",103.693,0.000,224.200,0.000,0.000,0.000
"13:45",104.166,0.000,224.300,0.000,0.000,0.000
"14:00",104.013,0.000,224.400,0.000,0.000,0.000
"14:15",103.450,0.000,224.400,0.000,0.000,0.090
"14:30",103.846,0.000,224.300,0.000,0.000,0.000
"14:45",103.846,0.000,224.100,0.000,0.000,0.000
"15:00",101.082,0.000,224.100,0.000,0.000,0.000
"15:15",98.381,0.000,224.100,0.000,0.000,0.013
"15:30",93.568,0.000,224.100,0.000,0.000,0.013
"15:45",92.992,0.000,224.100,0.000,0.000,0.000
"16:00",89.370,0.000,224.100,0.000,0.000,0.205
"16:15",84.736,0.000,223.900,0.000,0.000,0.819
"16:30",80.141,0.000,223.900,0.000,0.000,0.000
"16:45",75.021,0.000,223.700,0.000,0.000,0.000
"17:00",69.466,0.000,223.600,0.000,0.000,0.000
"17:15",64.294,0.000,223.500,0.000,0.000,0.000
"17:30",57.434,0.000,223.200,0.000,0.000,0.000
"17:45",50.906,0.000,222.500,0.000,0.000,0.000
"18:00",44.326,0.000,223.200,0.000,0.000,0.038
"18:15",37.158,0.000,223.200,0.000,0.000,0.038
"18:30",29.990,0.000,223.000,0.000,0.000,0.013
"18:45",22.682,0.000,222.700,0.000,0.000,0.000
"19:00",15.821,0.000,222.400,0.000,0.000,0.026
"19:15",9.805,0.000,222.100,0.000,0.000,0.038
"19:30",4.979,0.000,221.700,0.000,0.000,0.090
"19:45",1.933,0.000,221.400,0.000,0.000,0.077
"20:00",0.525,0.000,221.200,0.000,0.000,0.102
"20:15",0.013,0.026,221.200,0.064,0.000,0.000
"20:30",0.000,0.013,221.100,0.154,0.000,0.000
"20:45",0.000,0.013,221.100,0.179,0.000,0.000
"21:00",0.000,0.000,221.100,0.179,0.000,0.000
"21:15",0.000,0.000,221.100,0.192,0.000,0.000
"21:30",0.000,0.000,221.100,0.179,0.000,0.000
"21:45",0.000,0.000,221.100,0.179,0.000,0.000
"22:00",0.000,0.000,221.100,0.192,0.000,0.000
"22:15",0.000,0.000,221.100,0.179,0.000,0.000
"22:30",0.000,0.000,221.200,0.179,0.000,0.000
"22:45",0.000,0.000,221.200,0.192,0.000,0.000
"23:00",0.000,0.000,221.200,0.179,0.000,0.000
"23:15",0.000,0.000,221.100,0.179,0.000,0.000
"23:30",0.000,0.000,220.900,0.192,0.000,0.000
"23:45",0.000,0.000,221.000,0.179,0.000,0.000
" 2/25/26 24:00",0.000,0.000,221.000,0.192,0.000,0.000
