"kwh"
"Time ","AGRIM02P","AGRIM02P","AGRIM02P","AGRIM02P","AGRIM02P","AGRIM02P"
" 7/05/26 00:15",0.000,0.000,221.400,0.166,0.000,0.000
" 7/05/26 00:30",0.000,0.000,221.400,0.179,0.000,0.000
"00:45",0.000,0.000,221.400,0.179,0.000,0.000
"01:00",0.000,0.000,221.400,0.166,0.000,0.000
"01:15",0.000,0.000,221.400,0.179,0.000,0.000
"01:30",0.000,0.000,221.400,0.166,0.000,0.000
"01:45",0.000,0.000,221.300,0.179,0.000,0.000
"02:00",0.000,0.000,221.400,0.179,0.000,0.000
"02:15",0.000,0.000,221.400,0.166,0.000,0.000
"02:30",0.000,0.000,221.400,0.179,0.000,0.000
"02:45",0.000,0.000,221.400,0.179,0.000,0.000
"03:00",0.000,0.000,221.500,0.166,0.000,0.000
"03:15",0.000,0.000,221.600,0.179,0.000,0.000
"03:30",0.000,0.000,221.600,0.179,0.000,0.000
"03:45",0.000,0.000,221.500,0.166,0.000,0.000
"04:00",0.000,0.000,221.500,0.179,0.000,0.000
"04:15",0.000,0.000,221.400,0.166,0.000,0.000
"04:30",0.000,0.000,221.500,0.179,0.000,0.000
"04:45",0.000,0.000,221.500,0.166,0.000,0.000
"05:00",0.000,0.000,221.600,0.179,0.000,0.000
"05:15",0.000,0.000,221.600,0.179,0.000,0.000
"05:30",0.000,0.000,221.500,0.166,0.000,0.000
"05:45",0.000,0.000,221.500,0.179,0.000,0.000
"06:00",0.000,0.000,221.500,0.179,0.000,0.000
"06:15",0.000,0.000,221.500,0.166,0.000,0.000
"06:30",0.000,0.000,221.600,0.179,0.000,0.000
"06:45",0.000,0.000,221.400,0.179,0.000,0.000
"07:00",0.000,0.000,221.500,0.166,0.000,0.000
"07:15",0.000,0.000,221.600,0.179,0.000,0.000
"07:30",0.000,0.000,221.600,0.166,0.000,0.000
"07:45",0.000,0.000,221.600,0.179,0.000,0.000
"08:00",0.000,0.000,221.600,0.179,0.000,0.000
"08:15",0.000,0.000,221.600,0.166,0.000,0.000
"08:30",0.000,0.013,221.900,0.102,0.013,0.000
"08:45",0.256,0.000,221.900,0.000,0.000,0.026
"09:00",0.602,0.000,222.000,0.000,0.000,0.013
"09:15",3.251,0.000,222.100,0.000,0.000,0.128
"09:30",26.394,0.000,222.800,0.000,0.000,0.026
"09:45",37.517,0.000,223.200,0.000,0.000,0.512
"10:00",44.941,0.000,223.400,0.000,0.000,0.230
"10:15",53.581,0.000,223.700,0.000,0.000,0.013
"10:30",60.723,0.000,223.900,0.000,0.000,0.000
"10:45",67.174,0.000,224.100,0.000,0.000,0.000
"11:00",73.485,0.000,224.300,0.000,0.000,0.000
"11:15",79.078,0.000,224.400,0.000,0.000,0.000
"11:30",83.866,0.000,224.400,0.000,0.000,0.013
"11:45",89.280,0.000,224.700,0.000,0.000,0.000
"12:00",84.710,0.000,224.500,0.000,0.000,0.000
"12:15",98.048,0.000,224.800,0.000,0.000,0.013
"12:30",102.438,0.000,224.900,0.000,0.000,0.000
"12:45",65.101,0.000,224.200,0.000,0.000,0.013
"13:00",91.200,0.000,224.500,0.000,0.000,0.013
"13:15",102.835,0.000,224.700,0.000,0.000,0.000
"13:30",109.427,0.000,224.800,0.000,0.000,0.000
"13:45",73.165,0.000,224.300,0.000,0.000,0.026
"14:00",69.453,0.000,224.400,0.000,0.000,0.026
"14:15",102.195,0.000,224.900,0.000,0.000,0.051
"14:30",105.318,0.000,224.900,0.000,0.000,0.026
"14:45",100.723,0.000,224.900,0.000,0.000,0.026
"15:00",97.139,0.000,224.800,0.000,0.000,0.026
"15:15",92.634,0.000,224.700,0.000,0.000,0.026
"15:30",89.280,0.000,224.700,0.000,0.000,0.038
"15:45",85.222,0.000,224.600,0.000,0.000,0.064
"16:00",80.218,0.000,224.500,0.000,0.000,0.013
"16:15",74.342,0.000,224.400,0.000,0.000,0.013
"16:30",68.314,0.000,224.400,0.000,0.000,0.013
"16:45",61.926,0.000,224.300,0.000,0.000,0.026
"17:00",55.053,0.000,224.200,0.000,0.000,0.038
"17:15",47.309,0.000,223.800,0.000,0.000,0.013
"17:30",38.963,0.000,223.500,0.000,0.000,0.000
"17:45",29.798,0.000,223.000,0.000,0.000,0.000
"18:00",8.486,0.000,222.400,0.000,0.000,0.051
"18:15",3.546,0.000,222.200,0.000,0.000,0.064
"18:30",0.525,0.000,221.900,0.000,0.000,0.000
"18:45",0.064,0.013,221.800,0.026,0.000,0.000
"19:00",0.000,0.038,221.700,0.115,0.000,0.000
"19:15",0.000,0.026,221.800,0.166,0.000,0.000
"19:30",0.000,0.000,221.600,0.166,0.000,0.000
"19:45",0.000,0.000,221.500,0.179,0.000,0.000
"20:00",0.000,0.000,221.500,0.166,0.000,0.000
"20:15",0.000,0.000,221.700,0.179,0.000,0.000
"20:30",0.000,0.000,221.600,0.166,0.000,0.000
"20:45",0.000,0.000,221.700,0.179,0.000,0.000
"21:00",0.000,0.000,221.800,0.179,0.000,0.000
"21:15",0.000,0.000,221.700,0.166,0.000,0.000
"21:30",0.000,0.000,221.700,0.179,0.000,0.000
"21:45",0.000,0.000,221.700,0.179,0.000,0.000
"22:00",0.000,0.000,221.700,0.166,0.000,0.000
"22:15",0.000,0.000,221.700,0.179,0.000,0.000
"22:30",0.000,0.000,221.800,0.179,0.000,0.000
"22:45",0.000,0.000,221.800,0.166,0.000,0.000
"23:00",0.000,0.000,221.800,0.179,0.000,0.000
"23:15",0.000,0.000,221.800,0.166,0.000,0.000
"23:30",0.000,0.000,221.700,0.179,0.000,0.000
"23:45",0.000,0.000,221.700,0.179,0.000,0.000
" 7/05/26 24:00",0.000,0.000,221.800,0.179,0.000,0.000
