"kwh"
"Time ","AGRIM02P","AGRIM02P","AGRIM02P","AGRIM02P","AGRIM02P","AGRIM02P"
" 5/13/26 00:15",0.000,0.000,221.600,0.179,0.000,0.000
" 5/13/26 00:30",0.000,0.000,221.600,0.166,0.000,0.000
"00:45",0.000,0.000,221.600,0.179,0.000,0.000
"01:00",0.000,0.000,221.600,0.166,0.000,0.000
"01:15",0.000,0.000,221.700,0.179,0.000,0.000
"01:30",0.000,0.000,221.800,0.179,0.000,0.000
"01:45",0.000,0.000,221.700,0.166,0.000,0.000
"02:00",0.000,0.000,221.700,0.179,0.000,0.000
"02:15",0.000,0.000,221.700,0.166,0.000,0.000
"02:30",0.000,0.000,221.700,0.179,0.000,0.000
"02:45",0.000,0.000,221.700,0.166,0.000,0.000
"03:00",0.000,0.000,221.700,0.179,0.000,0.000
"03:15",0.000,0.000,221.700,0.166,0.000,0.000
"03:30",0.000,0.000,221.700,0.179,0.000,0.000
"03:45",0.000,0.000,221.700,0.166,0.000,0.000
"04:00",0.000,0.000,221.700,0.179,0.000,0.000
"04:15",0.000,0.000,221.700,0.166,0.000,0.000
"04:30",0.000,0.000,221.700,0.179,0.000,0.000
"04:45",0.000,0.000,221.700,0.166,0.000,0.000
"05:00",0.000,0.000,221.700,0.179,0.000,0.000
"05:15",0.000,0.000,221.700,0.166,0.000,0.000
"05:30",0.000,0.000,221.700,0.179,0.000,0.000
"05:45",0.000,0.000,221.700,0.179,0.000,0.000
"06:00",0.000,0.000,221.700,0.166,0.000,0.000
"06:15",0.000,0.000,221.600,0.179,0.000,0.000
"06:30",0.000,0.000,221.600,0.166,0.000,0.000
"06:45",0.000,0.000,221.600,0.179,0.000,0.000
"07:00",0.000,0.000,221.600,0.166,0.000,0.000
"07:15",0.000,0.000,221.600,0.179,0.000,0.000
"07:30",0.000,0.000,221.600,0.166,0.000,0.000
"07:45",0.000,0.000,221.500,0.179,0.000,0.000
"08:00",0.000,0.000,221.600,0.154,0.000,0.000
"08:15",0.205,0.000,221.500,0.000,0.013,0.013
"08:30",2.419,0.000,221.400,0.000,0.000,0.102
"08:45",7.962,0.000,221.700,0.000,0.000,0.026
"09:00",22.118,0.000,222.300,0.000,0.000,0.000
"09:15",31.642,0.000,222.500,0.000,0.000,0.000
"09:30",40.320,0.000,223.000,0.000,0.000,0.000
"09:45",48.090,0.000,223.200,0.000,0.000,0.282
"10:00",55.744,0.000,223.500,0.000,0.000,0.013
"10:15",62.515,0.000,223.700,0.000,0.000,0.000
"10:30",68.890,0.000,223.800,0.000,0.000,0.000
"10:45",74.970,0.000,223.900,0.000,0.000,0.000
"11:00",80.589,0.000,224.000,0.000,0.000,0.000
"11:15",85.709,0.000,224.000,0.000,0.000,0.000
"11:30",89.280,0.000,224.000,0.000,0.000,0.000
"11:45",93.850,0.000,224.200,0.000,0.000,0.000
"12:00",95.962,0.000,224.200,0.000,0.000,0.000
"12:15",99.123,0.000,224.200,0.000,0.000,0.000
"12:30",101.734,0.000,224.200,0.000,0.000,0.000
"12:45",104.934,0.000,224.300,0.000,0.000,0.000
"13:00",105.190,0.000,224.200,0.000,0.000,0.000
"13:15",98.726,0.000,223.800,0.000,0.000,0.000
"13:30",51.430,0.000,223.000,0.000,0.000,0.000
"13:45",44.838,0.000,222.700,0.000,0.000,0.000
"14:00",62.195,0.000,222.700,0.000,0.000,0.000
"14:15",55.821,0.000,222.600,0.000,0.000,0.000
"14:30",55.411,0.000,222.800,0.000,0.000,0.000
"14:45",56.448,0.000,223.100,0.000,0.000,0.000
"15:00",66.086,0.000,223.500,0.000,0.000,0.000
"15:15",56.640,0.000,223.200,0.000,0.000,0.000
"15:30",66.790,0.000,223.500,0.000,0.000,0.000
"15:45",56.896,0.000,223.100,0.000,0.000,0.000
"16:00",55.898,0.000,223.200,0.000,0.000,0.000
"16:15",37.594,0.000,222.800,0.000,0.000,0.000
"16:30",48.448,0.000,223.200,0.000,0.000,0.000
"16:45",51.520,0.000,223.300,0.000,0.000,0.000
"17:00",44.262,0.000,223.200,0.000,0.000,0.000
"17:15",18.675,0.000,222.200,0.000,0.000,0.013
"17:30",11.738,0.000,222.000,0.000,0.000,0.013
"17:45",7.514,0.000,221.800,0.000,0.000,0.102
"18:00",5.850,0.000,221.800,0.000,0.000,0.051
"18:15",4.454,0.000,221.800,0.000,0.000,0.026
"18:30",1.485,0.000,221.700,0.000,0.000,0.013
"18:45",0.218,0.000,221.600,0.000,0.000,0.013
"19:00",0.000,0.038,221.400,0.102,0.000,0.000
"19:15",0.000,0.026,221.400,0.154,0.000,0.000
"19:30",0.000,0.000,221.300,0.179,0.000,0.000
"19:45",0.000,0.000,221.300,0.166,0.000,0.000
"20:00",0.000,0.000,221.300,0.179,0.000,0.000
"20:15",0.000,0.000,221.200,0.166,0.000,0.000
"20:30",0.000,0.000,221.300,0.179,0.000,0.000
"20:45",0.000,0.000,221.300,0.179,0.000,0.000
"21:00",0.000,0.000,221.300,0.166,0.000,0.000
"21:15",0.000,0.000,221.300,0.179,0.000,0.000
"21:30",0.000,0.000,221.400,0.166,0.000,0.000
"21:45",0.000,0.000,221.400,0.179,0.000,0.000
"22:00",0.000,0.000,221.400,0.179,0.000,0.000
"22:15",0.000,0.000,221.400,0.166,0.000,0.000
"22:30",0.000,0.000,221.500,0.179,0.000,0.000
"22:45",0.000,0.000,221.500,0.179,0.000,0.000
"23:00",0.000,0.000,221.500,0.166,0.000,0.000
"23:15",0.000,0.000,221.400,0.179,0.000,0.000
"23:30",0.000,0.000,221.400,0.166,0.000,0.000
"23:45",0.000,0.000,221.600,0.179,0.000,0.000
" 5/13/26 24:00",0.000,0.000,221.600,0.179,0.000,0.000
