"kwh"
"Time ","AGRIM02P","AGRIM02P","AGRIM02P","AGRIM02P","AGRIM02P","AGRIM02P"
" 9/17/26 00:15",0.000,0.000,212.000,0.154,0.000,0.000
" 9/17/26 00:30",0.000,0.000,212.200,0.166,0.000,0.000
"00:45",0.000,0.000,212.800,0.154,0.000,0.000
"01:00",0.000,0.000,213.700,0.166,0.000,0.000
"01:15",0.000,0.000,213.500,0.154,0.000,0.000
"01:30",0.000,0.000,212.200,0.154,0.000,0.000
"01:45",0.000,0.000,211.400,0.166,0.000,0.000
"02:00",0.000,0.000,211.400,0.154,0.000,0.000
"02:15",0.000,0.000,211.300,0.154,0.000,0.000
"02:30",0.000,0.000,211.300,0.166,0.000,0.000
"02:45",0.000,0.000,211.900,0.154,0.000,0.000
"03:00",0.000,0.000,212.400,0.154,0.000,0.000
"03:15",0.000,0.000,213.100,0.166,0.000,0.000
"03:30",0.000,0.000,213.400,0.154,0.000,0.000
"03:45",0.000,0.000,214.200,0.166,0.000,0.000
"04:00",0.000,0.000,214.300,0.154,0.000,0.000
"04:15",0.000,0.000,214.100,0.166,0.000,0.000
"04:30",0.000,0.000,213.900,0.154,0.000,0.000
"04:45",0.000,0.000,214.400,0.166,0.000,0.000
"05:00",0.000,0.000,214.400,0.166,0.000,0.000
"05:15",0.000,0.000,214.300,0.154,0.000,0.000
"05:30",0.000,0.000,214.300,0.166,0.000,0.000
"05:45",0.000,0.000,214.600,0.154,0.000,0.000
"06:00",0.000,0.000,214.000,0.166,0.000,0.000
"06:15",0.000,0.000,213.100,0.154,0.000,0.000
"06:30",0.000,0.000,213.500,0.166,0.000,0.000
"06:45",0.000,0.000,213.100,0.154,0.000,0.000
"07:00",0.000,0.000,212.600,0.166,0.000,0.000
"07:15",0.026,0.000,215.200,0.115,0.000,0.000
"07:30",0.256,0.000,215.300,0.000,0.000,0.000
"07:45",1.472,0.000,214.500,0.000,0.000,0.038
"08:00",4.685,0.000,212.800,0.000,0.000,0.000
"08:15",13.222,0.000,212.500,0.000,0.000,0.000
"08:30",18.854,0.000,211.300,0.000,0.000,0.013
"08:45",30.067,0.000,210.900,0.000,0.000,0.000
"09:00",42.048,0.000,213.200,0.000,0.000,0.000
"09:15",50.010,0.000,212.400,0.000,0.000,0.000
"09:30",58.650,0.000,220.400,0.000,0.000,0.000
"09:45",64.294,0.000,221.400,0.000,0.000,0.947
"10:00",71.642,0.000,221.500,0.000,0.000,0.666
"10:15",79.718,0.000,222.800,0.000,0.000,0.026
"10:30",85.133,0.000,222.200,0.000,0.000,0.026
"10:45",89.178,0.000,222.000,0.000,0.000,0.013
"11:00",97.536,0.000,222.400,0.000,0.000,0.000
"11:15",99.981,0.000,221.000,0.000,0.000,0.000
"11:30",94.426,0.000,220.700,0.000,0.000,0.000
"11:45",109.517,0.000,221.600,0.000,0.000,0.000
"12:00",112.026,0.000,222.000,0.000,0.000,0.000
"12:15",107.955,0.000,222.000,0.000,0.000,0.000
"12:30",115.008,0.000,222.900,0.000,0.000,0.141
"12:45",115.930,0.000,222.800,0.000,0.000,0.038
"13:00",115.968,0.000,222.700,0.000,0.000,0.115
"13:15",115.558,0.000,222.700,0.000,0.000,1.856
"13:30",115.661,0.000,222.100,0.000,0.000,0.410
"13:45",115.405,0.000,222.900,0.000,0.000,0.000
"14:00",115.546,0.000,223.700,0.000,0.000,0.461
"14:15",114.765,0.000,223.300,0.000,0.000,0.704
"14:30",112.934,0.000,223.000,0.000,0.000,0.013
"14:45",111.066,0.000,223.500,0.000,0.000,0.000
"15:00",107.840,0.000,218.800,0.000,0.000,0.000
"15:15",105.152,0.000,215.000,0.000,0.000,0.000
"15:30",101.363,0.000,215.100,0.000,0.000,0.013
"15:45",93.824,0.000,214.700,0.000,0.000,0.000
"16:00",81.843,0.000,214.600,0.000,0.000,0.000
"16:15",72.422,0.000,214.800,0.000,0.000,0.000
"16:30",59.238,0.000,213.500,0.000,0.000,0.000
"16:45",50.048,0.000,213.500,0.000,0.000,0.000
"17:00",45.645,0.000,214.200,0.000,0.000,0.000
"17:15",39.322,0.000,215.000,0.000,0.000,0.064
"17:30",28.352,0.000,213.900,0.000,0.000,0.000
"17:45",23.475,0.000,213.400,0.000,0.000,0.000
"18:00",25.152,0.000,216.200,0.000,0.000,0.000
"18:15",19.802,0.000,221.400,0.000,0.000,0.000
"18:30",9.382,0.000,221.200,0.000,0.000,0.051
"18:45",5.248,0.000,220.900,0.000,0.000,0.064
"19:00",1.574,0.000,220.700,0.000,0.000,0.090
"19:15",0.166,0.000,219.500,0.026,0.000,0.000
"19:30",0.000,0.051,219.500,0.115,0.000,0.000
"19:45",0.000,0.013,220.800,0.141,0.000,0.000
"20:00",0.000,0.000,221.100,0.179,0.000,0.000
"20:15",0.000,0.000,221.100,0.166,0.000,0.000
"20:30",0.000,0.000,220.800,0.166,0.000,0.000
"20:45",0.000,0.000,221.000,0.179,0.000,0.000
"21:00",0.000,0.000,220.900,0.166,0.000,0.000
"21:15",0.000,0.000,221.100,0.179,0.000,0.000
"21:30",0.000,0.000,221.300,0.166,0.000,0.000
"21:45",0.000,0.000,221.500,0.166,0.000,0.000
"22:00",0.000,0.000,221.800,0.179,0.000,0.000
"22:15",0.000,0.000,221.700,0.166,0.000,0.000
"22:30",0.000,0.000,221.200,0.179,0.000,0.000
"22:45",0.000,0.000,221.400,0.166,0.000,0.000
"23:00",0.000,0.000,222.000,0.179,0.000,0.000
"23:15",0.000,0.000,215.900,0.154,0.000,0.000
"23:30",0.000,0.000,212.100,0.166,0.000,0.000
"23:45",0.000,0.000,211.600,0.154,0.000,0.000
" 9/17/26 24:00",0.000,0.000,212.200,0.154,0.000,0.000
