"kwh"
"Time ","AGRIM02P","AGRIM02P","AGRIM02P","AGRIM02P","AGRIM02P","AGRIM02P"
" 4/17/26 00:15",0.000,0.000,221.900,0.192,0.000,0.000
" 4/17/26 00:30",0.000,0.000,221.900,0.179,0.000,0.000
"00:45",0.000,0.000,221.900,0.192,0.000,0.000
"01:00",0.000,0.000,221.900,0.179,0.000,0.000
"01:15",0.000,0.000,221.900,0.192,0.000,0.000
"01:30",0.000,0.000,221.900,0.179,0.000,0.000
"01:45",0.000,0.000,221.900,0.192,0.000,0.000
"02:00",0.000,0.000,221.900,0.179,0.000,0.000
"02:15",0.000,0.000,221.900,0.192,0.000,0.000
"02:30",0.000,0.000,221.900,0.179,0.000,0.000
"02:45",0.000,0.000,221.900,0.192,0.000,0.000
"03:00",0.000,0.000,221.900,0.179,0.000,0.000
"03:15",0.000,0.000,221.900,0.192,0.000,0.000
"03:30",0.000,0.000,221.900,0.179,0.000,0.000
"03:45",0.000,0.000,221.900,0.192,0.000,0.000
"04:00",0.000,0.000,221.900,0.179,0.000,0.000
"04:15",0.000,0.000,221.900,0.192,0.000,0.000
"04:30",0.000,0.000,222.000,0.179,0.000,0.000
"04:45",0.000,0.000,222.000,0.192,0.000,0.000
"05:00",0.000,0.000,221.900,0.179,0.000,0.000
"05:15",0.000,0.000,221.900,0.192,0.000,0.000
"05:30",0.000,0.000,221.900,0.179,0.000,0.000
"05:45",0.000,0.000,221.900,0.192,0.000,0.000
"06:00",0.000,0.000,221.900,0.179,0.000,0.000
"06:15",0.000,0.000,221.900,0.179,0.000,0.000
"06:30",0.000,0.000,221.800,0.192,0.000,0.000
"06:45",0.000,0.000,221.700,0.179,0.000,0.000
"07:00",0.000,0.000,221.800,0.192,0.000,0.000
"07:15",0.000,0.000,221.700,0.179,0.000,0.000
"07:30",0.000,0.000,221.600,0.192,0.000,0.000
"07:45",0.000,0.000,221.700,0.154,0.000,0.000
"08:00",0.243,0.000,221.800,0.013,0.000,0.013
"08:15",2.176,0.000,221.900,0.000,0.000,0.051
"08:30",2.483,0.000,221.900,0.000,0.000,0.064
"08:45",9.395,0.000,222.300,0.000,0.000,0.038
"09:00",29.325,0.000,223.100,0.000,0.000,0.000
"09:15",19.379,0.000,222.400,0.000,0.000,0.000
"09:30",13.005,0.000,222.300,0.000,0.000,0.000
"09:45",19.469,0.000,222.400,0.000,0.000,0.000
"10:00",15.936,0.000,222.300,0.000,0.000,0.000
"10:15",12.326,0.000,222.200,0.000,0.000,0.000
"10:30",15.757,0.000,222.300,0.000,0.000,0.000
"10:45",24.486,0.000,222.500,0.000,0.000,0.000
"11:00",41.933,0.000,223.100,0.000,0.000,0.000
"11:15",34.560,0.000,223.000,0.000,0.000,0.000
"11:30",52.045,0.000,223.300,0.000,0.000,0.000
"11:45",41.357,0.000,223.100,0.000,0.000,0.000
"12:00",44.966,0.000,223.100,0.000,0.000,0.000
"12:15",36.826,0.000,222.800,0.000,0.000,0.000
"12:30",30.925,0.000,222.800,0.000,0.000,0.000
"12:45",48.422,0.000,223.200,0.000,0.000,0.000
"13:00",49.600,0.000,223.100,0.000,0.000,0.000
"13:15",61.504,0.000,223.400,0.000,0.000,0.000
"13:30",92.365,0.000,224.100,0.000,0.000,0.000
"13:45",91.200,0.000,224.400,0.000,0.000,0.013
"14:00",78.003,0.000,223.900,0.000,0.000,0.000
"14:15",56.512,0.000,223.700,0.000,0.000,0.026
"14:30",90.419,0.000,224.300,0.000,0.000,0.000
"14:45",79.078,0.000,223.800,0.000,0.000,0.000
"15:00",69.952,0.000,224.200,0.000,0.000,0.026
"15:15",79.296,0.000,224.300,0.000,0.000,0.013
"15:30",40.678,0.000,223.800,0.000,0.000,0.026
"15:45",51.597,0.000,223.400,0.000,0.000,0.013
"16:00",20.582,0.000,222.800,0.000,0.000,0.013
"16:15",23.962,0.000,222.600,0.000,0.000,0.000
"16:30",38.720,0.000,223.100,0.000,0.000,0.013
"16:45",46.733,0.000,223.600,0.000,0.000,0.013
"17:00",45.056,0.000,223.100,0.000,0.000,0.000
"17:15",15.232,0.000,222.500,0.000,0.000,0.013
"17:30",10.304,0.000,222.400,0.000,0.000,0.013
"17:45",11.494,0.000,222.200,0.000,0.000,0.013
"18:00",21.235,0.000,222.500,0.000,0.000,0.000
"18:15",13.414,0.000,222.300,0.000,0.000,0.013
"18:30",5.517,0.000,221.900,0.000,0.000,0.000
"18:45",3.328,0.000,221.800,0.000,0.000,0.013
"19:00",0.755,0.000,221.700,0.000,0.000,0.026
"19:15",0.064,0.013,221.700,0.051,0.000,0.000
"19:30",0.000,0.026,221.500,0.166,0.000,0.000
"19:45",0.000,0.000,221.600,0.179,0.000,0.000
"20:00",0.000,0.000,221.600,0.192,0.000,0.000
"20:15",0.000,0.000,221.600,0.179,0.000,0.000
"20:30",0.000,0.000,221.500,0.192,0.000,0.000
"20:45",0.000,0.000,221.500,0.179,0.000,0.000
"21:00",0.000,0.000,221.500,0.192,0.000,0.000
"21:15",0.000,0.000,221.600,0.179,0.000,0.000
"21:30",0.000,0.000,221.600,0.192,0.000,0.000
"21:45",0.000,0.000,221.600,0.179,0.000,0.000
"22:00",0.000,0.000,221.700,0.192,0.000,0.000
"22:15",0.000,0.000,221.700,0.179,0.000,0.000
"22:30",0.000,0.000,221.700,0.192,0.000,0.000
"22:45",0.000,0.000,221.600,0.179,0.000,0.000
"23:00",0.000,0.000,221.800,0.192,0.000,0.000
"23:15",0.000,0.000,221.700,0.179,0.000,0.000
"23:30",0.000,0.000,221.800,0.192,0.000,0.000
"23:45",0.000,0.000,221.800,0.179,0.000,0.000
" 4/17/26 24:00",0.000,0.000,221.800,0.192,0.000,0.000
