"kwh"
"Time ","AGRIM02P","AGRIM02P","AGRIM02P","AGRIM02P","AGRIM02P","AGRIM02P"
" 9/07/26 00:15",0.000,0.000,220.800,0.179,0.000,0.000
" 9/07/26 00:30",0.000,0.000,220.800,0.166,0.000,0.000
"00:45",0.000,0.000,220.900,0.166,0.000,0.000
"01:00",0.000,0.000,220.900,0.179,0.000,0.000
"01:15",0.000,0.000,221.000,0.166,0.000,0.000
"01:30",0.000,0.000,221.000,0.179,0.000,0.000
"01:45",0.000,0.000,221.000,0.166,0.000,0.000
"02:00",0.000,0.000,221.000,0.179,0.000,0.000
"02:15",0.000,0.000,221.000,0.166,0.000,0.000
"02:30",0.000,0.000,221.000,0.179,0.000,0.000
"02:45",0.000,0.000,221.000,0.166,0.000,0.000
"03:00",0.000,0.000,221.000,0.166,0.000,0.000
"03:15",0.000,0.000,220.900,0.179,0.000,0.000
"03:30",0.000,0.000,220.900,0.166,0.000,0.000
"03:45",0.000,0.000,220.900,0.179,0.000,0.000
"04:00",0.000,0.000,220.900,0.166,0.000,0.000
"04:15",0.000,0.000,220.900,0.179,0.000,0.000
"04:30",0.000,0.000,220.900,0.166,0.000,0.000
"04:45",0.000,0.000,220.900,0.179,0.000,0.000
"05:00",0.000,0.000,220.900,0.166,0.000,0.000
"05:15",0.000,0.000,220.900,0.166,0.000,0.000
"05:30",0.000,0.000,220.900,0.179,0.000,0.000
"05:45",0.000,0.000,220.900,0.166,0.000,0.000
"06:00",0.000,0.000,221.000,0.179,0.000,0.000
"06:15",0.000,0.000,221.000,0.166,0.000,0.000
"06:30",0.000,0.000,220.900,0.179,0.000,0.000
"06:45",0.000,0.000,220.800,0.166,0.000,0.000
"07:00",0.000,0.000,220.800,0.166,0.000,0.000
"07:15",0.000,0.000,220.700,0.179,0.000,0.000
"07:30",0.000,0.000,220.700,0.166,0.000,0.000
"07:45",0.269,0.013,220.600,0.013,0.000,0.026
"08:00",2.176,0.000,220.700,0.000,0.000,0.090
"08:15",11.302,0.000,221.100,0.000,0.000,0.013
"08:30",18.893,0.000,221.600,0.000,0.000,0.000
"08:45",27.277,0.000,222.000,0.000,0.000,0.000
"09:00",36.851,0.000,222.200,0.000,0.000,0.000
"09:15",46.157,0.000,222.400,0.000,0.000,0.000
"09:30",52.954,0.000,221.900,0.000,0.000,0.000
"09:45",65.254,0.000,222.400,0.000,0.000,0.000
"10:00",73.485,0.000,222.500,0.000,0.000,0.000
"10:15",78.797,0.000,222.700,0.000,0.000,0.000
"10:30",85.901,0.000,222.800,0.000,0.000,0.000
"10:45",72.128,0.000,222.600,0.000,0.000,0.000
"11:00",97.242,0.000,223.200,0.000,0.000,0.000
"11:15",103.373,0.000,223.300,0.000,0.000,0.000
"11:30",98.534,0.000,223.200,0.000,0.000,0.000
"11:45",100.416,0.000,223.200,0.000,0.000,0.000
"12:00",74.368,0.000,222.900,0.000,0.000,0.000
"12:15",98.893,0.000,223.200,0.000,0.000,0.000
"12:30",81.536,0.000,222.500,0.000,0.000,0.000
"12:45",74.342,0.000,222.500,0.000,0.000,0.000
"13:00",76.800,0.000,222.400,0.000,0.000,0.000
"13:15",93.670,0.000,222.800,0.000,0.000,0.000
"13:30",105.690,0.000,223.100,0.000,0.000,0.000
"13:45",81.114,0.000,222.800,0.000,0.000,0.000
"14:00",115.648,0.000,223.500,0.000,0.000,0.026
"14:15",107.789,0.000,223.300,0.000,0.000,0.000
"14:30",114.381,0.000,223.500,0.000,0.000,0.000
"14:45",114.368,0.000,223.100,0.000,0.000,0.000
"15:00",112.294,0.000,222.900,0.000,0.000,0.166
"15:15",109.542,0.000,223.100,0.000,0.000,0.256
"15:30",106.432,0.000,223.200,0.000,0.000,0.000
"15:45",101.734,0.000,223.100,0.000,0.000,0.102
"16:00",96.474,0.000,222.900,0.000,0.000,0.000
"16:15",90.496,0.000,222.600,0.000,0.000,0.000
"16:30",83.622,0.000,222.400,0.000,0.000,0.000
"16:45",76.813,0.000,222.200,0.000,0.000,0.218
"17:00",69.338,0.000,222.100,0.000,0.000,0.435
"17:15",61.133,0.000,222.000,0.000,0.000,0.755
"17:30",52.518,0.000,222.000,0.000,0.000,0.064
"17:45",43.814,0.000,221.800,0.000,0.000,0.000
"18:00",34.701,0.000,221.600,0.000,0.000,0.000
"18:15",25.536,0.000,221.500,0.000,0.000,0.013
"18:30",16.461,0.000,221.100,0.000,0.000,0.000
"18:45",8.410,0.000,220.700,0.000,0.000,0.051
"19:00",2.586,0.000,220.400,0.000,0.000,0.102
"19:15",0.179,0.000,220.300,0.000,0.000,0.026
"19:30",0.000,0.038,220.200,0.128,0.000,0.000
"19:45",0.000,0.026,220.100,0.141,0.000,0.000
"20:00",0.000,0.000,220.200,0.166,0.000,0.000
"20:15",0.000,0.000,220.200,0.179,0.000,0.000
"20:30",0.000,0.000,220.200,0.166,0.000,0.000
"20:45",0.000,0.000,220.100,0.166,0.000,0.000
"21:00",0.000,0.000,220.100,0.179,0.000,0.000
"21:15",0.000,0.000,220.000,0.166,0.000,0.000
"21:30",0.000,0.000,220.000,0.179,0.000,0.000
"21:45",0.000,0.000,220.100,0.166,0.000,0.000
"22:00",0.000,0.000,220.100,0.166,0.000,0.000
"22:15",0.000,0.000,220.100,0.179,0.000,0.000
"22:30",0.000,0.000,220.200,0.166,0.000,0.000
"22:45",0.000,0.000,220.200,0.166,0.000,0.000
"23:00",0.000,0.000,220.100,0.179,0.000,0.000
"23:15",0.000,0.000,220.000,0.166,0.000,0.000
"23:30",0.000,0.000,219.900,0.179,0.000,0.000
"23:45",0.000,0.000,220.000,0.166,0.000,0.000
" 9/07/26 24:00",0.000,0.000,219.900,0.166,0.000,0.000
