"kwh"
"Time ","AGRIM02P","AGRIM02P","AGRIM02P","AGRIM02P","AGRIM02P","AGRIM02P"
" 5/15/26 00:15",0.000,0.000,221.500,0.166,0.000,0.000
" 5/15/26 00:30",0.000,0.000,221.600,0.179,0.000,0.000
"00:45",0.000,0.000,221.600,0.166,0.000,0.000
"01:00",0.000,0.000,221.700,0.179,0.000,0.000
"01:15",0.000,0.000,221.700,0.179,0.000,0.000
"01:30",0.000,0.000,221.700,0.166,0.000,0.000
"01:45",0.000,0.000,221.700,0.179,0.000,0.000
"02:00",0.000,0.000,221.700,0.166,0.000,0.000
"02:15",0.000,0.000,221.700,0.179,0.000,0.000
"02:30",0.000,0.000,221.700,0.166,0.000,0.000
"02:45",0.000,0.000,221.700,0.179,0.000,0.000
"03:00",0.000,0.000,221.800,0.166,0.000,0.000
"03:15",0.000,0.000,221.700,0.179,0.000,0.000
"03:30",0.000,0.000,221.800,0.166,0.000,0.000
"03:45",0.000,0.000,221.800,0.179,0.000,0.000
"04:00",0.000,0.000,221.700,0.166,0.000,0.000
"04:15",0.000,0.000,221.700,0.179,0.000,0.000
"04:30",0.000,0.000,221.800,0.179,0.000,0.000
"04:45",0.000,0.000,221.800,0.166,0.000,0.000
"05:00",0.000,0.000,221.800,0.179,0.000,0.000
"05:15",0.000,0.000,221.800,0.166,0.000,0.000
"05:30",0.000,0.000,221.800,0.179,0.000,0.000
"05:45",0.000,0.000,221.700,0.166,0.000,0.000
"06:00",0.000,0.000,221.800,0.179,0.000,0.000
"06:15",0.000,0.000,221.700,0.166,0.000,0.000
"06:30",0.000,0.000,221.700,0.179,0.000,0.000
"06:45",0.000,0.000,221.600,0.166,0.000,0.000
"07:00",0.000,0.000,221.600,0.179,0.000,0.000
"07:15",0.000,0.000,221.600,0.179,0.000,0.000
"07:30",0.000,0.000,221.600,0.166,0.000,0.000
"07:45",0.000,0.000,221.600,0.179,0.000,0.000
"08:00",0.000,0.000,221.600,0.154,0.000,0.000
"08:15",0.179,0.000,221.600,0.000,0.000,0.013
"08:30",1.818,0.000,221.800,0.000,0.000,0.077
"08:45",5.939,0.000,221.500,0.000,0.000,0.026
"09:00",16.397,0.000,221.700,0.000,0.000,0.000
"09:15",30.003,0.000,221.800,0.000,0.000,0.000
"09:30",37.504,0.000,222.000,0.000,0.000,0.000
"09:45",47.680,0.000,222.500,0.000,0.000,0.000
"10:00",42.790,0.000,222.600,0.000,0.000,0.000
"10:15",38.093,0.000,222.300,0.000,0.000,0.000
"10:30",36.736,0.000,222.400,0.000,0.000,0.000
"10:45",34.010,0.000,222.100,0.000,0.000,0.000
"11:00",36.659,0.000,222.100,0.000,0.000,0.000
"11:15",41.997,0.000,222.600,0.000,0.000,0.013
"11:30",38.246,0.000,222.200,0.000,0.000,0.000
"11:45",39.347,0.000,222.100,0.000,0.000,0.000
"12:00",45.030,0.000,221.800,0.000,0.000,0.000
"12:15",37.082,0.000,221.700,0.000,0.000,0.000
"12:30",42.202,0.000,222.000,0.000,0.000,0.000
"12:45",79.936,0.000,222.900,0.000,0.000,0.000
"13:00",95.782,0.000,223.100,0.000,0.000,0.000
"13:15",59.955,0.000,222.700,0.000,0.000,0.000
"13:30",84.915,0.000,222.900,0.000,0.000,0.000
"13:45",72.678,0.000,222.800,0.000,0.000,0.000
"14:00",57.318,0.000,222.400,0.000,0.000,0.000
"14:15",59.699,0.000,222.500,0.000,0.000,0.000
"14:30",64.998,0.000,222.500,0.000,0.000,0.000
"14:45",65.357,0.000,222.500,0.000,0.000,0.000
"15:00",65.024,0.000,222.400,0.000,0.000,0.000
"15:15",48.000,0.000,222.300,0.000,0.000,0.000
"15:30",70.234,0.000,222.600,0.000,0.000,0.000
"15:45",77.146,0.000,223.100,0.000,0.000,0.000
"16:00",74.163,0.000,223.100,0.000,0.000,0.026
"16:15",66.291,0.000,222.900,0.000,0.000,0.000
"16:30",56.499,0.000,222.700,0.000,0.000,0.000
"16:45",52.928,0.000,222.700,0.000,0.000,0.000
"17:00",37.082,0.000,222.200,0.000,0.000,0.000
"17:15",33.357,0.000,222.100,0.000,0.000,0.000
"17:30",27.226,0.000,221.900,0.000,0.000,0.000
"17:45",28.493,0.000,222.000,0.000,0.000,0.000
"18:00",16.550,0.000,221.800,0.000,0.000,0.000
"18:15",4.301,0.000,221.800,0.000,0.000,0.064
"18:30",1.421,0.000,221.600,0.000,0.000,0.051
"18:45",0.077,0.013,221.500,0.038,0.000,0.013
"19:00",0.000,0.038,221.500,0.115,0.000,0.000
"19:15",0.000,0.013,221.500,0.166,0.000,0.000
"19:30",0.000,0.000,221.400,0.166,0.000,0.000
"19:45",0.000,0.000,221.400,0.179,0.000,0.000
"20:00",0.000,0.000,221.300,0.166,0.000,0.000
"20:15",0.000,0.000,221.300,0.179,0.000,0.000
"20:30",0.000,0.000,221.400,0.166,0.000,0.000
"20:45",0.000,0.000,221.300,0.179,0.000,0.000
"21:00",0.000,0.000,221.300,0.166,0.000,0.000
"21:15",0.000,0.000,221.300,0.179,0.000,0.000
"21:30",0.000,0.000,221.300,0.179,0.000,0.000
"21:45",0.000,0.000,221.300,0.166,0.000,0.000
"22:00",0.000,0.000,221.400,0.179,0.000,0.000
"22:15",0.000,0.000,221.300,0.166,0.000,0.000
"22:30",0.000,0.000,221.400,0.179,0.000,0.000
"22:45",0.000,0.000,221.500,0.179,0.000,0.000
"23:00",0.000,0.000,221.500,0.166,0.000,0.000
"23:15",0.000,0.000,221.500,0.179,0.000,0.000
"23:30",0.000,0.000,221.500,0.166,0.000,0.000
"23:45",0.000,0.000,221.600,0.179,0.000,0.000
" 5/15/26 24:00",0.000,0.000,221.600,0.166,0.000,0.000
