"kwh"
"Time ","AGRIM02P","AGRIM02P","AGRIM02P","AGRIM02P","AGRIM02P","AGRIM02P"
" 4/02/26 00:15",0.000,0.000,221.400,0.179,0.000,0.000
" 4/02/26 00:30",0.000,0.000,221.400,0.179,0.000,0.000
"00:45",0.000,0.000,221.500,0.192,0.000,0.000
"01:00",0.000,0.000,221.500,0.179,0.000,0.000
"01:15",0.000,0.000,221.500,0.179,0.000,0.000
"01:30",0.000,0.000,221.500,0.192,0.000,0.000
"01:45",0.000,0.000,221.500,0.179,0.000,0.000
"02:00",0.000,0.000,221.500,0.192,0.000,0.000
"02:15",0.000,0.000,221.600,0.179,0.000,0.000
"02:30",0.000,0.000,221.500,0.179,0.000,0.000
"02:45",0.000,0.000,221.500,0.192,0.000,0.000
"03:00",0.000,0.000,221.600,0.179,0.000,0.000
"03:15",0.000,0.000,221.600,0.179,0.000,0.000
"03:30",0.000,0.000,221.600,0.192,0.000,0.000
"03:45",0.000,0.000,221.600,0.179,0.000,0.000
"04:00",0.000,0.000,221.600,0.192,0.000,0.000
"04:15",0.000,0.000,221.600,0.179,0.000,0.000
"04:30",0.000,0.000,221.600,0.179,0.000,0.000
"04:45",0.000,0.000,221.600,0.192,0.000,0.000
"05:00",0.000,0.000,221.500,0.179,0.000,0.000
"05:15",0.000,0.000,221.500,0.179,0.000,0.000
"05:30",0.000,0.000,221.500,0.192,0.000,0.000
"05:45",0.000,0.000,221.500,0.179,0.000,0.000
"06:00",0.000,0.000,221.500,0.179,0.000,0.000
"06:15",0.000,0.000,221.500,0.192,0.000,0.000
"06:30",0.000,0.000,221.500,0.179,0.000,0.000
"06:45",0.000,0.000,221.400,0.192,0.000,0.000
"07:00",0.000,0.000,221.500,0.179,0.000,0.000
"07:15",0.000,0.000,221.500,0.179,0.000,0.000
"07:30",0.000,0.000,221.500,0.192,0.000,0.000
"07:45",0.000,0.000,221.500,0.179,0.000,0.000
"08:00",0.038,0.000,221.500,0.090,0.000,0.000
"08:15",1.318,0.000,221.500,0.000,0.000,0.013
"08:30",5.658,0.000,221.700,0.000,0.000,0.000
"08:45",6.093,0.000,221.700,0.000,0.000,0.000
"09:00",10.560,0.000,221.800,0.000,0.000,0.000
"09:15",11.277,0.000,221.800,0.000,0.000,0.000
"09:30",9.344,0.000,221.600,0.000,0.000,0.000
"09:45",19.354,0.000,221.700,0.000,0.000,0.000
"10:00",27.059,0.000,221.900,0.000,0.000,0.000
"10:15",24.026,0.000,222.100,0.000,0.000,0.000
"10:30",23.565,0.000,222.200,0.000,0.000,0.000
"10:45",20.262,0.000,221.900,0.000,0.000,0.000
"11:00",24.730,0.000,221.900,0.000,0.000,0.000
"11:15",34.598,0.000,222.100,0.000,0.000,0.000
"11:30",21.722,0.000,222.100,0.000,0.000,0.000
"11:45",28.352,0.000,222.200,0.000,0.000,0.000
"12:00",61.734,0.000,222.700,0.000,0.000,0.000
"12:15",38.720,0.000,222.400,0.000,0.000,0.000
"12:30",48.691,0.000,222.700,0.000,0.000,0.000
"12:45",41.818,0.000,222.500,0.000,0.000,0.000
"13:00",52.122,0.000,222.700,0.000,0.000,0.000
"13:15",42.611,0.000,222.700,0.000,0.000,0.000
"13:30",44.954,0.000,223.100,0.000,0.000,0.000
"13:45",85.888,0.000,223.800,0.000,0.000,0.000
"14:00",70.285,0.000,223.600,0.000,0.000,0.000
"14:15",66.586,0.000,223.500,0.000,0.000,0.000
"14:30",58.598,0.000,223.500,0.000,0.000,0.000
"14:45",85.606,0.000,223.800,0.000,0.000,0.000
"15:00",87.718,0.000,223.900,0.000,0.000,0.000
"15:15",80.870,0.000,224.000,0.000,0.000,0.000
"15:30",78.566,0.000,223.900,0.000,0.000,0.000
"15:45",69.261,0.000,223.700,0.000,0.000,0.000
"16:00",70.413,0.000,223.600,0.000,0.000,0.000
"16:15",71.962,0.000,223.300,0.000,0.000,0.000
"16:30",54.912,0.000,222.900,0.000,0.000,0.000
"16:45",42.765,0.000,222.300,0.000,0.000,0.000
"17:00",26.163,0.000,222.100,0.000,0.000,0.000
"17:15",41.894,0.000,222.500,0.000,0.000,0.000
"17:30",14.515,0.000,222.100,0.000,0.000,0.000
"17:45",32.051,0.000,222.300,0.000,0.000,0.000
"18:00",16.614,0.000,222.100,0.000,0.000,0.013
"18:15",8.461,0.000,221.800,0.000,0.000,0.038
"18:30",3.942,0.000,221.800,0.000,0.000,0.051
"18:45",3.814,0.000,221.700,0.000,0.000,0.064
"19:00",3.571,0.000,221.700,0.000,0.000,0.064
"19:15",1.178,0.000,221.600,0.000,0.000,0.064
"19:30",0.013,0.000,221.600,0.090,0.000,0.000
"19:45",0.000,0.026,221.500,0.166,0.000,0.000
"20:00",0.000,0.013,221.500,0.179,0.000,0.000
"20:15",0.000,0.000,221.400,0.179,0.000,0.000
"20:30",0.000,0.000,221.400,0.179,0.000,0.000
"20:45",0.000,0.000,221.400,0.192,0.000,0.000
"21:00",0.000,0.000,221.400,0.179,0.000,0.000
"21:15",0.000,0.000,221.500,0.179,0.000,0.000
"21:30",0.000,0.000,221.500,0.192,0.000,0.000
"21:45",0.000,0.000,221.500,0.179,0.000,0.000
"22:00",0.000,0.000,221.500,0.192,0.000,0.000
"22:15",0.000,0.000,221.500,0.179,0.000,0.000
"22:30",0.000,0.000,221.500,0.179,0.000,0.000
"22:45",0.000,0.000,221.600,0.192,0.000,0.000
"23:00",0.000,0.000,221.500,0.179,0.000,0.000
"23:15",0.000,0.000,221.500,0.192,0.000,0.000
"23:30",0.000,0.000,221.500,0.179,0.000,0.000
"23:45",0.000,0.000,221.400,0.179,0.000,0.000
" 4/02/26 24:00",0.000,0.000,221.400,0.192,0.000,0.000
