"kwh"
"Time ","AGRIM02P","AGRIM02P","AGRIM02P","AGRIM02P","AGRIM02P","AGRIM02P"
" 2/24/26 00:15",0.000,0.000,221.500,0.192,0.000,0.000
" 2/24/26 00:30",0.000,0.000,221.600,0.179,0.000,0.000
"00:45",0.000,0.000,221.600,0.192,0.000,0.000
"01:00",0.000,0.000,221.600,0.179,0.000,0.000
"01:15",0.000,0.000,221.700,0.192,0.000,0.000
"01:30",0.000,0.000,221.700,0.179,0.000,0.000
"01:45",0.000,0.000,221.700,0.192,0.000,0.000
"02:00",0.000,0.000,221.600,0.179,0.000,0.000
"02:15",0.000,0.000,221.700,0.192,0.000,0.000
"02:30",0.000,0.000,221.700,0.179,0.000,0.000
"02:45",0.000,0.000,221.700,0.192,0.000,0.000
"03:00",0.000,0.000,221.700,0.179,0.000,0.000
"03:15",0.000,0.000,221.800,0.179,0.000,0.000
"03:30",0.000,0.000,221.700,0.192,0.000,0.000
"03:45",0.000,0.000,221.800,0.192,0.000,0.000
"04:00",0.000,0.000,221.800,0.179,0.000,0.000
"04:15",0.000,0.000,221.800,0.179,0.000,0.000
"04:30",0.000,0.000,221.700,0.192,0.000,0.000
"04:45",0.000,0.000,221.700,0.179,0.000,0.000
"05:00",0.000,0.000,221.800,0.192,0.000,0.000
"05:15",0.000,0.000,221.800,0.179,0.000,0.000
"05:30",0.000,0.000,221.800,0.192,0.000,0.000
"05:45",0.000,0.000,221.800,0.179,0.000,0.000
"06:00",0.000,0.000,221.800,0.192,0.000,0.000
"06:15",0.000,0.000,221.800,0.179,0.000,0.000
"06:30",0.000,0.000,221.800,0.192,0.000,0.000
"06:45",0.000,0.000,221.700,0.179,0.000,0.000
"07:00",0.000,0.000,221.700,0.192,0.000,0.000
"07:15",0.026,0.000,221.700,0.102,0.000,0.000
"07:30",0.563,0.000,221.800,0.000,0.000,0.064
"07:45",1.434,0.000,222.000,0.000,0.000,0.026
"08:00",3.866,0.000,222.200,0.000,0.000,0.051
"08:15",9.075,0.000,222.500,0.000,0.000,0.051
"08:30",16.026,0.000,222.800,0.000,0.000,0.064
"08:45",23.450,0.000,223.200,0.000,0.000,0.026
"09:00",31.142,0.000,223.500,0.000,0.000,0.000
"09:15",38.541,0.000,223.500,0.000,0.000,0.000
"09:30",45.722,0.000,223.400,0.000,0.000,0.000
"09:45",52.480,0.000,223.500,0.000,0.000,0.000
"10:00",58.880,0.000,223.700,0.000,0.000,0.000
"10:15",64.870,0.000,223.700,0.000,0.000,0.000
"10:30",70.451,0.000,224.000,0.000,0.000,0.013
"10:45",75.789,0.000,224.500,0.000,0.000,0.013
"11:00",83.200,0.000,224.100,0.000,0.000,0.000
"11:15",54.925,0.000,223.900,0.000,0.000,0.026
"11:30",61.504,0.000,223.800,0.000,0.000,0.026
"11:45",46.413,0.000,223.300,0.000,0.000,0.013
"12:00",102.861,0.000,224.900,0.000,0.000,0.038
"12:15",87.424,0.000,224.700,0.000,0.000,0.064
"12:30",30.989,0.000,223.400,0.000,0.000,0.026
"12:45",54.118,0.000,224.000,0.000,0.000,0.038
"13:00",104.602,0.000,224.900,0.000,0.000,0.038
"13:15",104.563,0.000,225.000,0.000,0.000,0.090
"13:30",101.094,0.000,224.700,0.000,0.000,0.038
"13:45",68.915,0.000,223.600,0.000,0.000,0.000
"14:00",26.714,0.000,222.700,0.000,0.000,0.000
"14:15",13.965,0.000,222.300,0.000,0.000,0.013
"14:30",8.358,0.000,222.100,0.000,0.000,0.013
"14:45",6.733,0.000,222.000,0.000,0.000,0.013
"15:00",5.402,0.000,222.000,0.000,0.000,0.026
"15:15",4.429,0.000,221.900,0.000,0.000,0.038
"15:30",3.776,0.000,221.900,0.000,0.000,0.038
"15:45",2.765,0.000,221.900,0.000,0.000,0.051
"16:00",1.741,0.000,221.900,0.000,0.000,0.051
"16:15",0.627,0.000,221.800,0.000,0.000,0.077
"16:30",0.294,0.000,221.800,0.000,0.000,0.038
"16:45",0.282,0.000,221.800,0.000,0.000,0.038
"17:00",0.333,0.000,221.800,0.000,0.000,0.064
"17:15",0.282,0.000,221.800,0.000,0.000,0.013
"17:30",0.422,0.000,221.800,0.000,0.000,0.064
"17:45",0.499,0.000,221.800,0.000,0.000,0.051
"18:00",0.410,0.000,221.700,0.000,0.000,0.013
"18:15",0.819,0.000,221.800,0.000,0.000,0.064
"18:30",1.894,0.000,221.800,0.000,0.000,0.064
"18:45",2.790,0.000,221.900,0.000,0.000,0.051
"19:00",6.566,0.000,222.000,0.000,0.000,0.013
"19:15",10.778,0.000,222.100,0.000,0.000,0.000
"19:30",10.522,0.000,222.200,0.000,0.000,0.026
"19:45",5.376,0.000,221.900,0.000,0.000,0.013
"20:00",1.485,0.000,221.800,0.000,0.000,0.051
"20:15",0.384,0.000,221.700,0.000,0.000,0.051
"20:30",0.000,0.051,221.600,0.115,0.000,0.000
"20:45",0.000,0.013,221.500,0.179,0.000,0.000
"21:00",0.000,0.000,221.500,0.179,0.000,0.000
"21:15",0.000,0.000,221.500,0.192,0.000,0.000
"21:30",0.000,0.000,221.500,0.179,0.000,0.000
"21:45",0.000,0.000,221.600,0.192,0.000,0.000
"22:00",0.000,0.000,221.600,0.179,0.000,0.000
"22:15",0.000,0.000,221.600,0.192,0.000,0.000
"22:30",0.000,0.000,221.600,0.179,0.000,0.000
"22:45",0.000,0.000,221.600,0.192,0.000,0.000
"23:00",0.000,0.000,221.500,0.179,0.000,0.000
"23:15",0.000,0.000,221.600,0.192,0.000,0.000
"23:30",0.000,0.000,221.500,0.179,0.000,0.000
"23:45",0.000,0.000,221.600,0.179,0.000,0.000
" 2/24/26 24:00",0.000,0.000,221.600,0.192,0.000,0.000
