"kwh"
"Time ","AGRIM02P","AGRIM02P","AGRIM02P","AGRIM02P","AGRIM02P","AGRIM02P"
" 7/30/26 00:15",0.000,0.000,221.500,0.166,0.000,0.000
" 7/30/26 00:30",0.000,0.000,221.500,0.179,0.000,0.000
"00:45",0.000,0.000,221.500,0.166,0.000,0.000
"01:00",0.000,0.000,221.500,0.179,0.000,0.000
"01:15",0.000,0.000,221.500,0.166,0.000,0.000
"01:30",0.000,0.000,221.500,0.179,0.000,0.000
"01:45",0.000,0.000,221.600,0.166,0.000,0.000
"02:00",0.000,0.000,221.600,0.179,0.000,0.000
"02:15",0.000,0.000,221.600,0.166,0.000,0.000
"02:30",0.000,0.000,221.600,0.179,0.000,0.000
"02:45",0.000,0.000,221.600,0.166,0.000,0.000
"03:00",0.000,0.000,221.600,0.179,0.000,0.000
"03:15",0.000,0.000,221.600,0.166,0.000,0.000
"03:30",0.000,0.000,221.600,0.179,0.000,0.000
"03:45",0.000,0.000,221.600,0.166,0.000,0.000
"04:00",0.000,0.000,221.600,0.179,0.000,0.000
"04:15",0.000,0.000,221.500,0.166,0.000,0.000
"04:30",0.000,0.000,221.600,0.179,0.000,0.000
"04:45",0.000,0.000,221.500,0.166,0.000,0.000
"05:00",0.000,0.000,221.600,0.179,0.000,0.000
"05:15",0.000,0.000,221.600,0.166,0.000,0.000
"05:30",0.000,0.000,221.600,0.179,0.000,0.000
"05:45",0.000,0.000,221.600,0.166,0.000,0.000
"06:00",0.000,0.000,221.600,0.179,0.000,0.000
"06:15",0.000,0.000,221.600,0.166,0.000,0.000
"06:30",0.000,0.000,221.600,0.179,0.000,0.000
"06:45",0.000,0.000,221.600,0.166,0.000,0.000
"07:00",0.000,0.000,221.600,0.179,0.000,0.000
"07:15",0.000,0.000,221.600,0.166,0.000,0.000
"07:30",0.000,0.000,221.500,0.179,0.000,0.000
"07:45",0.000,0.000,221.500,0.166,0.000,0.000
"08:00",0.000,0.000,221.500,0.179,0.000,0.000
"08:15",0.000,0.000,221.500,0.166,0.000,0.000
"08:30",0.013,0.000,221.500,0.141,0.000,0.013
"08:45",0.230,0.000,221.600,0.000,0.000,0.000
"09:00",0.819,0.000,221.500,0.000,0.000,0.090
"09:15",0.870,0.000,221.500,0.000,0.000,0.064
"09:30",1.459,0.000,221.500,0.000,0.000,0.064
"09:45",2.240,0.000,221.600,0.000,0.000,0.102
"10:00",3.174,0.000,221.600,0.000,0.000,0.090
"10:15",3.686,0.000,221.600,0.000,0.000,0.038
"10:30",3.891,0.000,221.600,0.000,0.000,0.026
"10:45",4.262,0.000,221.700,0.000,0.000,0.038
"11:00",5.056,0.000,221.800,0.000,0.000,0.064
"11:15",5.363,0.000,221.800,0.000,0.000,0.051
"11:30",7.232,0.000,221.900,0.000,0.000,0.038
"11:45",9.139,0.000,221.800,0.000,0.000,0.013
"12:00",9.229,0.000,221.900,0.000,0.000,0.013
"12:15",9.805,0.000,221.900,0.000,0.000,0.000
"12:30",10.010,0.000,222.000,0.000,0.000,0.026
"12:45",10.675,0.000,221.900,0.000,0.000,0.243
"13:00",11.251,0.000,221.900,0.000,0.000,0.013
"13:15",14.400,0.000,222.100,0.000,0.000,0.038
"13:30",17.382,0.000,222.200,0.000,0.000,0.000
"13:45",17.574,0.000,222.300,0.000,0.000,0.000
"14:00",20.787,0.000,222.300,0.000,0.000,0.064
"14:15",20.378,0.000,222.300,0.000,0.000,0.038
"14:30",17.997,0.000,222.300,0.000,0.000,0.000
"14:45",14.131,0.000,222.200,0.000,0.000,0.026
"15:00",15.334,0.000,222.100,0.000,0.000,0.026
"15:15",16.205,0.000,222.200,0.000,0.000,0.230
"15:30",19.571,0.000,222.300,0.000,0.000,0.013
"15:45",19.814,0.000,222.300,0.000,0.000,0.000
"16:00",18.330,0.000,222.300,0.000,0.000,0.256
"16:15",16.653,0.000,222.300,0.000,0.000,0.013
"16:30",16.064,0.000,222.200,0.000,0.000,0.000
"16:45",18.509,0.000,222.200,0.000,0.000,0.000
"17:00",22.861,0.000,222.500,0.000,0.000,0.128
"17:15",16.806,0.000,222.300,0.000,0.000,0.179
"17:30",11.622,0.000,222.100,0.000,0.000,0.026
"17:45",7.654,0.000,221.900,0.000,0.000,0.090
"18:00",10.317,0.000,222.000,0.000,0.000,0.026
"18:15",3.021,0.000,222.200,0.000,0.000,0.038
"18:30",0.525,0.000,222.000,0.000,0.000,0.013
"18:45",0.269,0.000,221.900,0.000,0.000,0.013
"19:00",0.013,0.026,221.800,0.051,0.000,0.000
"19:15",0.000,0.038,221.700,0.128,0.000,0.000
"19:30",0.000,0.000,221.700,0.166,0.000,0.000
"19:45",0.000,0.000,221.600,0.179,0.000,0.000
"20:00",0.000,0.000,221.600,0.179,0.000,0.000
"20:15",0.000,0.000,221.600,0.166,0.000,0.000
"20:30",0.000,0.000,221.600,0.179,0.000,0.000
"20:45",0.000,0.000,221.600,0.166,0.000,0.000
"21:00",0.000,0.000,221.500,0.179,0.000,0.000
"21:15",0.000,0.000,221.500,0.166,0.000,0.000
"21:30",0.000,0.000,221.600,0.179,0.000,0.000
"21:45",0.000,0.000,221.500,0.179,0.000,0.000
"22:00",0.000,0.000,221.500,0.166,0.000,0.000
"22:15",0.000,0.000,221.600,0.179,0.000,0.000
"22:30",0.000,0.000,221.600,0.166,0.000,0.000
"22:45",0.000,0.000,221.600,0.179,0.000,0.000
"23:00",0.000,0.000,221.700,0.166,0.000,0.000
"23:15",0.000,0.000,221.600,0.179,0.000,0.000
"23:30",0.000,0.000,221.500,0.166,0.000,0.000
"23:45",0.000,0.000,221.500,0.179,0.000,0.000
" 7/30/26 24:00",0.000,0.000,221.600,0.166,0.000,0.000
