"kwh"
"Time ","AGRIM02P","AGRIM02P","AGRIM02P","AGRIM02P","AGRIM02P","AGRIM02P"
" 7/15/26 00:15",0.000,0.000,221.500,0.179,0.000,0.000
" 7/15/26 00:30",0.000,0.000,221.600,0.166,0.000,0.000
"00:45",0.000,0.000,221.600,0.179,0.000,0.000
"01:00",0.000,0.000,221.600,0.166,0.000,0.000
"01:15",0.000,0.000,221.600,0.179,0.000,0.000
"01:30",0.000,0.000,221.600,0.166,0.000,0.000
"01:45",0.000,0.000,221.600,0.179,0.000,0.000
"02:00",0.000,0.000,221.600,0.166,0.000,0.000
"02:15",0.000,0.000,221.700,0.179,0.000,0.000
"02:30",0.000,0.000,221.600,0.166,0.000,0.000
"02:45",0.000,0.000,221.600,0.179,0.000,0.000
"03:00",0.000,0.000,221.600,0.166,0.000,0.000
"03:15",0.000,0.000,221.600,0.179,0.000,0.000
"03:30",0.000,0.000,221.600,0.166,0.000,0.000
"03:45",0.000,0.000,221.600,0.179,0.000,0.000
"04:00",0.000,0.000,221.600,0.166,0.000,0.000
"04:15",0.000,0.000,221.600,0.179,0.000,0.000
"04:30",0.000,0.000,221.600,0.166,0.000,0.000
"04:45",0.000,0.000,221.600,0.179,0.000,0.000
"05:00",0.000,0.000,221.600,0.166,0.000,0.000
"05:15",0.000,0.000,221.600,0.179,0.000,0.000
"05:30",0.000,0.000,221.600,0.166,0.000,0.000
"05:45",0.000,0.000,221.600,0.179,0.000,0.000
"06:00",0.000,0.000,221.600,0.166,0.000,0.000
"06:15",0.000,0.000,221.600,0.166,0.000,0.000
"06:30",0.000,0.000,221.500,0.179,0.000,0.000
"06:45",0.000,0.000,221.500,0.166,0.000,0.000
"07:00",0.000,0.000,221.400,0.179,0.000,0.000
"07:15",0.000,0.000,221.400,0.179,0.000,0.000
"07:30",0.000,0.000,221.400,0.166,0.000,0.000
"07:45",0.000,0.000,221.500,0.166,0.000,0.000
"08:00",0.000,0.000,221.400,0.179,0.000,0.000
"08:15",0.000,0.000,221.300,0.166,0.000,0.000
"08:30",0.000,0.013,221.300,0.154,0.000,0.000
"08:45",0.666,0.000,221.300,0.000,0.000,0.026
"09:00",2.918,0.000,221.400,0.000,0.000,0.077
"09:15",5.222,0.000,221.500,0.000,0.000,0.064
"09:30",7.514,0.000,221.500,0.000,0.000,0.038
"09:45",8.461,0.000,221.600,0.000,0.000,0.000
"10:00",12.915,0.000,221.800,0.000,0.000,0.000
"10:15",30.490,0.000,222.400,0.000,0.000,0.000
"10:30",56.243,0.000,223.100,0.000,0.000,0.000
"10:45",36.570,0.000,222.300,0.000,0.000,0.000
"11:00",58.739,0.000,222.800,0.000,0.000,0.000
"11:15",64.282,0.000,223.000,0.000,0.000,0.000
"11:30",62.784,0.000,222.900,0.000,0.000,0.000
"11:45",82.522,0.000,223.400,0.000,0.000,0.000
"12:00",85.722,0.000,223.500,0.000,0.000,0.000
"12:15",91.699,0.000,223.600,0.000,0.000,0.000
"12:30",88.422,0.000,223.500,0.000,0.000,0.000
"12:45",74.778,0.000,223.200,0.000,0.000,0.000
"13:00",94.925,0.000,223.600,0.000,0.000,0.000
"13:15",97.408,0.000,223.700,0.000,0.000,0.000
"13:30",98.086,0.000,223.600,0.000,0.000,0.000
"13:45",95.923,0.000,223.600,0.000,0.000,0.000
"14:00",83.328,0.000,223.300,0.000,0.000,0.000
"14:15",71.693,0.000,223.100,0.000,0.000,0.000
"14:30",71.846,0.000,223.300,0.000,0.000,0.000
"14:45",67.213,0.000,223.400,0.000,0.000,0.000
"15:00",57.818,0.000,223.200,0.000,0.000,0.000
"15:15",62.938,0.000,223.300,0.000,0.000,0.000
"15:30",58.394,0.000,223.200,0.000,0.000,0.000
"15:45",53.709,0.000,223.200,0.000,0.000,0.000
"16:00",47.526,0.000,223.000,0.000,0.000,0.013
"16:15",46.694,0.000,223.000,0.000,0.000,0.013
"16:30",25.562,0.000,222.400,0.000,0.000,0.090
"16:45",32.781,0.000,222.500,0.000,0.000,0.435
"17:00",35.674,0.000,222.700,0.000,0.000,0.614
"17:15",12.979,0.000,222.000,0.000,0.000,0.358
"17:30",19.226,0.000,222.200,0.000,0.000,0.192
"17:45",17.280,0.000,222.100,0.000,0.000,0.051
"18:00",6.618,0.000,221.700,0.000,0.000,0.269
"18:15",2.906,0.000,221.800,0.000,0.000,0.154
"18:30",0.666,0.000,221.700,0.000,0.000,0.013
"18:45",0.026,0.013,221.600,0.064,0.000,0.013
"19:00",0.000,0.038,221.500,0.115,0.000,0.000
"19:15",0.000,0.013,221.500,0.166,0.000,0.000
"19:30",0.000,0.000,221.400,0.166,0.000,0.000
"19:45",0.000,0.000,221.500,0.179,0.000,0.000
"20:00",0.000,0.000,221.600,0.166,0.000,0.000
"20:15",0.000,0.000,221.500,0.179,0.000,0.000
"20:30",0.000,0.000,221.500,0.179,0.000,0.000
"20:45",0.000,0.000,221.500,0.166,0.000,0.000
"21:00",0.000,0.000,221.500,0.179,0.000,0.000
"21:15",0.000,0.000,221.500,0.166,0.000,0.000
"21:30",0.000,0.000,221.500,0.179,0.000,0.000
"21:45",0.000,0.000,221.500,0.166,0.000,0.000
"22:00",0.000,0.000,221.600,0.179,0.000,0.000
"22:15",0.000,0.000,221.600,0.179,0.000,0.000
"22:30",0.000,0.000,221.600,0.166,0.000,0.000
"22:45",0.000,0.000,221.600,0.179,0.000,0.000
"23:00",0.000,0.000,221.600,0.166,0.000,0.000
"23:15",0.000,0.000,221.600,0.179,0.000,0.000
"23:30",0.000,0.000,221.500,0.166,0.000,0.000
"23:45",0.000,0.000,221.500,0.179,0.000,0.000
" 7/15/26 24:00",0.000,0.000,221.500,0.179,0.000,0.000
