"kwh"
"Time ","AGRIM02P","AGRIM02P","AGRIM02P","AGRIM02P","AGRIM02P","AGRIM02P"
" 2/10/26 00:15",0.000,0.000,221.400,0.192,0.000,0.000
" 2/10/26 00:30",0.000,0.000,221.500,0.179,0.000,0.000
"00:45",0.000,0.000,221.500,0.179,0.000,0.000
"01:00",0.000,0.000,221.500,0.192,0.000,0.000
"01:15",0.000,0.000,221.400,0.179,0.000,0.000
"01:30",0.000,0.000,221.500,0.192,0.000,0.000
"01:45",0.000,0.000,221.500,0.179,0.000,0.000
"02:00",0.000,0.000,221.500,0.192,0.000,0.000
"02:15",0.000,0.000,221.500,0.179,0.000,0.000
"02:30",0.000,0.000,221.500,0.179,0.000,0.000
"02:45",0.000,0.000,221.500,0.192,0.000,0.000
"03:00",0.000,0.000,221.600,0.179,0.000,0.000
"03:15",0.000,0.000,221.500,0.192,0.000,0.000
"03:30",0.000,0.000,221.500,0.179,0.000,0.000
"03:45",0.000,0.000,221.600,0.179,0.000,0.000
"04:00",0.000,0.000,221.600,0.192,0.000,0.000
"04:15",0.000,0.000,221.600,0.179,0.000,0.000
"04:30",0.000,0.000,221.600,0.192,0.000,0.000
"04:45",0.000,0.000,221.600,0.179,0.000,0.000
"05:00",0.000,0.000,221.600,0.179,0.000,0.000
"05:15",0.000,0.000,221.600,0.192,0.000,0.000
"05:30",0.000,0.000,221.600,0.179,0.000,0.000
"05:45",0.000,0.000,221.600,0.179,0.000,0.000
"06:00",0.000,0.000,221.600,0.192,0.000,0.000
"06:15",0.000,0.000,221.600,0.179,0.000,0.000
"06:30",0.000,0.000,221.600,0.192,0.000,0.000
"06:45",0.000,0.000,221.600,0.179,0.000,0.000
"07:00",0.013,0.000,221.600,0.090,0.000,0.000
"07:15",0.461,0.000,221.600,0.000,0.000,0.038
"07:30",1.856,0.000,221.700,0.000,0.000,0.038
"07:45",4.134,0.000,221.700,0.000,0.000,0.013
"08:00",7.680,0.000,221.800,0.000,0.000,0.000
"08:15",0.461,0.000,34.900,0.000,0.000,0.000
"08:30",0.000,0.000,0.000,0.000,0.000,0.000
"08:45",0.000,0.000,0.000,0.000,0.000,0.000
"09:00",0.000,0.000,0.000,0.000,0.000,0.000
"09:15",0.000,0.000,0.000,0.000,0.000,0.000
"09:30",0.000,0.000,0.000,0.000,0.000,0.000
"09:45",5.773,0.000,186.900,0.038,0.000,0.000
"10:00",25.088,0.000,222.500,0.000,0.000,0.013
"10:15",63.974,0.000,223.400,0.000,0.000,0.051
"10:30",72.755,0.000,223.500,0.000,0.000,0.038
"10:45",78.592,0.000,223.600,0.000,0.000,0.000
"11:00",83.507,0.000,223.700,0.000,0.000,0.000
"11:15",87.885,0.000,223.700,0.000,0.000,0.026
"11:30",91.008,0.000,223.700,0.000,0.000,0.000
"11:45",94.426,0.000,223.800,0.000,0.000,0.013
"12:00",97.395,0.000,223.900,0.000,0.000,0.013
"12:15",99.686,0.000,223.900,0.000,0.000,0.026
"12:30",92.365,0.000,223.700,0.000,0.000,0.013
"12:45",99.430,0.000,223.800,0.000,0.000,0.026
"13:00",97.421,0.000,223.700,0.000,0.000,0.000
"13:15",95.846,0.000,223.800,0.000,0.000,0.013
"13:30",103.629,0.000,223.900,0.000,0.000,0.013
"13:45",103.718,0.000,223.900,0.000,0.000,0.013
"14:00",103.693,0.000,223.900,0.000,0.000,0.026
"14:15",103.488,0.000,223.800,0.000,0.000,0.026
"14:30",103.258,0.000,223.800,0.000,0.000,0.000
"14:45",102.579,0.000,223.800,0.000,0.000,0.000
"15:00",101.043,0.000,223.700,0.000,0.000,0.013
"15:15",98.816,0.000,223.700,0.000,0.000,0.000
"15:30",96.947,0.000,223.600,0.000,0.000,0.000
"15:45",93.222,0.000,223.500,0.000,0.000,0.102
"16:00",89.357,0.000,223.500,0.000,0.000,0.870
"16:15",86.003,0.000,223.500,0.000,0.000,0.486
"16:30",81.216,0.000,223.200,0.000,0.000,0.013
"16:45",76.365,0.000,222.900,0.000,0.000,0.026
"17:00",71.514,0.000,222.800,0.000,0.000,0.013
"17:15",65.997,0.000,222.800,0.000,0.000,0.051
"17:30",60.275,0.000,222.700,0.000,0.000,0.051
"17:45",54.170,0.000,222.600,0.000,0.000,0.064
"18:00",47.616,0.000,222.500,0.000,0.000,0.038
"18:15",40.858,0.000,222.400,0.000,0.000,0.102
"18:30",33.715,0.000,222.200,0.000,0.000,0.038
"18:45",26.355,0.000,222.000,0.000,0.000,0.026
"19:00",19.149,0.000,221.700,0.000,0.000,0.000
"19:15",12.531,0.000,221.400,0.000,0.000,0.013
"19:30",7.194,0.000,221.100,0.000,0.000,0.038
"19:45",3.418,0.000,220.700,0.000,0.000,0.013
"20:00",1.382,0.000,220.500,0.000,0.000,0.077
"20:15",0.474,0.000,220.400,0.000,0.000,0.077
"20:30",0.013,0.013,220.300,0.077,0.000,0.000
"20:45",0.000,0.026,220.300,0.154,0.000,0.000
"21:00",0.000,0.000,220.300,0.179,0.000,0.000
"21:15",0.000,0.000,220.400,0.179,0.000,0.000
"21:30",0.000,0.000,220.400,0.192,0.000,0.000
"21:45",0.000,0.000,220.400,0.179,0.000,0.000
"22:00",0.000,0.000,220.400,0.179,0.000,0.000
"22:15",0.000,0.000,220.400,0.179,0.000,0.000
"22:30",0.000,0.000,220.400,0.192,0.000,0.000
"22:45",0.000,0.000,220.400,0.179,0.000,0.000
"23:00",0.000,0.000,220.500,0.179,0.000,0.000
"23:15",0.000,0.000,220.400,0.179,0.000,0.000
"23:30",0.000,0.000,220.300,0.179,0.000,0.000
"23:45",0.000,0.000,220.200,0.192,0.000,0.000
" 2/10/26 24:00",0.000,0.000,220.200,0.179,0.000,0.000
