"kwh"
"Time ","AGRIM02P","AGRIM02P","AGRIM02P","AGRIM02P","AGRIM02P","AGRIM02P"
" 3/15/26 00:15",0.000,0.000,221.900,0.192,0.000,0.000
" 3/15/26 00:30",0.000,0.000,221.900,0.179,0.000,0.000
"00:45",0.000,0.000,221.900,0.192,0.000,0.000
"01:00",0.000,0.000,221.900,0.179,0.000,0.000
"01:15",0.000,0.000,221.900,0.192,0.000,0.000
"01:30",0.000,0.000,221.900,0.179,0.000,0.000
"01:45",0.000,0.000,221.900,0.192,0.000,0.000
"02:00",0.000,0.000,221.900,0.179,0.000,0.000
"02:15",0.000,0.000,221.900,0.192,0.000,0.000
"02:30",0.000,0.000,221.900,0.179,0.000,0.000
"02:45",0.000,0.000,221.900,0.179,0.000,0.000
"03:00",0.000,0.000,221.900,0.192,0.000,0.000
"03:15",0.000,0.000,222.000,0.179,0.000,0.000
"03:30",0.000,0.000,222.000,0.192,0.000,0.000
"03:45",0.000,0.000,222.000,0.179,0.000,0.000
"04:00",0.000,0.000,222.000,0.192,0.000,0.000
"04:15",0.000,0.000,222.000,0.179,0.000,0.000
"04:30",0.000,0.000,222.000,0.192,0.000,0.000
"04:45",0.000,0.000,222.000,0.179,0.000,0.000
"05:00",0.000,0.000,222.000,0.192,0.000,0.000
"05:15",0.000,0.000,222.000,0.179,0.000,0.000
"05:30",0.000,0.000,222.000,0.192,0.000,0.000
"05:45",0.000,0.000,222.000,0.179,0.000,0.000
"06:00",0.000,0.000,222.000,0.192,0.000,0.000
"06:15",0.000,0.000,222.000,0.179,0.000,0.000
"06:30",0.000,0.000,222.000,0.192,0.000,0.000
"06:45",0.000,0.000,222.000,0.179,0.000,0.000
"07:00",0.000,0.000,222.000,0.179,0.000,0.000
"07:15",0.000,0.000,221.900,0.192,0.000,0.000
"07:30",0.000,0.000,222.000,0.179,0.000,0.000
"07:45",0.000,0.000,222.000,0.166,0.000,0.000
"08:00",0.166,0.000,222.000,0.000,0.000,0.000
"08:15",0.538,0.000,222.000,0.000,0.000,0.026
"08:30",1.638,0.000,222.100,0.000,0.000,0.038
"08:45",2.688,0.000,222.100,0.000,0.000,0.051
"09:00",4.429,0.000,222.200,0.000,0.000,0.038
"09:15",9.856,0.000,222.300,0.000,0.000,0.013
"09:30",14.259,0.000,222.400,0.000,0.000,0.000
"09:45",16.499,0.000,222.500,0.000,0.000,0.000
"10:00",22.528,0.000,222.700,0.000,0.000,0.000
"10:15",27.264,0.000,222.900,0.000,0.000,0.000
"10:30",30.669,0.000,223.000,0.000,0.000,0.000
"10:45",54.106,0.000,223.800,0.000,0.000,0.000
"11:00",59.315,0.000,224.100,0.000,0.000,0.013
"11:15",30.157,0.000,223.200,0.000,0.000,0.000
"11:30",39.603,0.000,223.100,0.000,0.000,0.000
"11:45",53.478,0.000,223.700,0.000,0.000,0.090
"12:00",41.805,0.000,223.200,0.000,0.000,0.000
"12:15",46.643,0.000,223.700,0.000,0.000,0.013
"12:30",36.736,0.000,223.000,0.000,0.000,0.000
"12:45",64.934,0.000,223.700,0.000,0.000,0.000
"13:00",59.930,0.000,223.700,0.000,0.000,0.000
"13:15",86.118,0.000,224.200,0.000,0.000,1.011
"13:30",66.342,0.000,224.100,0.000,0.000,0.934
"13:45",63.501,0.000,223.800,0.000,0.000,0.013
"14:00",71.565,0.000,223.900,0.000,0.000,0.013
"14:15",59.981,0.000,223.700,0.000,0.000,0.000
"14:30",79.629,0.000,224.300,0.000,0.000,0.000
"14:45",91.738,0.000,224.600,0.000,0.000,0.038
"15:00",82.970,0.000,224.600,0.000,0.000,0.051
"15:15",94.886,0.000,224.800,0.000,0.000,0.000
"15:30",90.893,0.000,224.600,0.000,0.000,0.013
"15:45",74.061,0.000,224.100,0.000,0.000,0.000
"16:00",85.926,0.000,224.300,0.000,0.000,0.013
"16:15",81.280,0.000,224.500,0.000,0.000,0.013
"16:30",75.507,0.000,224.400,0.000,0.000,0.013
"16:45",69.965,0.000,224.300,0.000,0.000,0.013
"17:00",62.758,0.000,224.200,0.000,0.000,0.051
"17:15",57.472,0.000,224.100,0.000,0.000,0.026
"17:30",51.405,0.000,224.000,0.000,0.000,0.051
"17:45",44.301,0.000,223.900,0.000,0.000,0.077
"18:00",37.146,0.000,223.700,0.000,0.000,0.051
"18:15",29.901,0.000,223.400,0.000,0.000,0.038
"18:30",22.528,0.000,223.000,0.000,0.000,0.026
"18:45",15.910,0.000,222.700,0.000,0.000,0.013
"19:00",9.741,0.000,222.400,0.000,0.000,0.026
"19:15",4.557,0.000,222.000,0.000,0.000,0.064
"19:30",1.126,0.000,221.900,0.000,0.000,0.064
"19:45",0.141,0.000,221.700,0.013,0.000,0.000
"20:00",0.000,0.013,221.700,0.166,0.000,0.000
"20:15",0.000,0.013,221.600,0.166,0.000,0.000
"20:30",0.000,0.000,221.600,0.179,0.000,0.000
"20:45",0.000,0.000,221.600,0.179,0.000,0.000
"21:00",0.000,0.000,221.600,0.192,0.000,0.000
"21:15",0.000,0.000,221.600,0.179,0.000,0.000
"21:30",0.000,0.000,221.600,0.192,0.000,0.000
"21:45",0.000,0.000,221.700,0.179,0.000,0.000
"22:00",0.000,0.000,221.700,0.192,0.000,0.000
"22:15",0.000,0.000,221.700,0.179,0.000,0.000
"22:30",0.000,0.000,221.700,0.192,0.000,0.000
"22:45",0.000,0.000,221.700,0.179,0.000,0.000
"23:00",0.000,0.000,221.700,0.179,0.000,0.000
"23:15",0.000,0.000,221.700,0.192,0.000,0.000
"23:30",0.000,0.000,221.800,0.179,0.000,0.000
"23:45",0.000,0.000,221.800,0.192,0.000,0.000
" 3/15/26 24:00",0.000,0.000,221.800,0.179,0.000,0.000
