"kwh"
"Time ","AGRIM02P","AGRIM02P","AGRIM02P","AGRIM02P","AGRIM02P","AGRIM02P"
" 9/02/26 00:15",0.000,0.000,220.700,0.179,0.000,0.000
" 9/02/26 00:30",0.000,0.000,220.700,0.166,0.000,0.000
"00:45",0.000,0.000,220.800,0.179,0.000,0.000
"01:00",0.000,0.000,220.800,0.166,0.000,0.000
"01:15",0.000,0.000,220.700,0.166,0.000,0.000
"01:30",0.000,0.000,220.700,0.179,0.000,0.000
"01:45",0.000,0.000,220.700,0.166,0.000,0.000
"02:00",0.000,0.000,220.800,0.179,0.000,0.000
"02:15",0.000,0.000,220.700,0.166,0.000,0.000
"02:30",0.000,0.000,220.800,0.179,0.000,0.000
"02:45",0.000,0.000,220.800,0.166,0.000,0.000
"03:00",0.000,0.000,220.800,0.166,0.000,0.000
"03:15",0.000,0.000,220.800,0.179,0.000,0.000
"03:30",0.000,0.000,220.800,0.166,0.000,0.000
"03:45",0.000,0.000,220.800,0.179,0.000,0.000
"04:00",0.000,0.000,220.800,0.166,0.000,0.000
"04:15",0.000,0.000,220.800,0.179,0.000,0.000
"04:30",0.000,0.000,220.800,0.166,0.000,0.000
"04:45",0.000,0.000,220.800,0.166,0.000,0.000
"05:00",0.000,0.000,220.900,0.179,0.000,0.000
"05:15",0.000,0.000,220.800,0.166,0.000,0.000
"05:30",0.000,0.000,220.900,0.179,0.000,0.000
"05:45",0.000,0.000,220.900,0.166,0.000,0.000
"06:00",0.000,0.000,220.900,0.179,0.000,0.000
"06:15",0.000,0.000,220.900,0.166,0.000,0.000
"06:30",0.000,0.000,220.800,0.179,0.000,0.000
"06:45",0.000,0.000,220.800,0.166,0.000,0.000
"07:00",0.000,0.000,220.700,0.166,0.000,0.000
"07:15",0.000,0.000,220.700,0.179,0.000,0.000
"07:30",0.000,0.000,220.700,0.166,0.000,0.000
"07:45",0.000,0.000,219.300,0.038,0.013,0.000
"08:00",0.000,0.000,0.000,0.000,0.000,0.000
"08:15",0.000,0.000,0.000,0.000,0.000,0.000
"08:30",0.000,0.000,0.000,0.000,0.000,0.000
"08:45",0.000,0.000,0.000,0.000,0.000,0.000
"09:00",0.000,0.000,0.000,0.000,0.000,0.000
"09:15",0.000,0.000,0.000,0.000,0.000,0.000
"09:30",0.000,0.000,0.000,0.000,0.000,0.000
"09:45",0.000,0.000,0.000,0.000,0.000,0.000
"10:00",0.000,0.000,0.000,0.000,0.000,0.000
"10:15",0.000,0.000,0.000,0.000,0.000,0.000
"10:30",0.000,0.000,0.000,0.000,0.000,0.000
"10:45",0.000,0.000,0.000,0.000,0.000,0.000
"11:00",0.000,0.000,0.000,0.000,0.000,0.000
"11:15",0.000,0.000,0.000,0.000,0.000,0.000
"11:30",0.000,0.000,0.000,0.000,0.000,0.000
"11:45",0.000,0.000,0.000,0.000,0.000,0.000
"12:00",0.000,0.000,0.000,0.000,0.000,0.000
"12:15",0.000,0.000,0.000,0.000,0.000,0.000
"12:30",0.000,0.000,0.000,0.000,0.000,0.000
"12:45",0.000,0.000,0.000,0.000,0.000,0.000
"13:00",0.000,0.000,0.000,0.000,0.000,0.000
"13:15",0.000,0.000,0.000,0.000,0.000,0.000
"13:30",0.474,0.000,219.400,0.026,0.000,0.000
"13:45",46.605,0.000,222.400,0.000,0.000,0.000
"14:00",110.259,0.000,223.500,0.000,0.000,0.909
"14:15",112.000,0.000,223.700,0.000,0.000,0.013
"14:30",110.272,0.000,223.600,0.000,0.000,0.026
"14:45",109.018,0.000,223.700,0.000,0.000,0.000
"15:00",105.536,0.000,223.700,0.000,0.000,0.000
"15:15",101.901,0.000,223.600,0.000,0.000,0.000
"15:30",98.790,0.000,223.100,0.000,0.000,0.000
"15:45",94.656,0.000,222.700,0.000,0.000,0.013
"16:00",89.267,0.000,222.700,0.000,0.000,0.000
"16:15",83.712,0.000,222.600,0.000,0.000,0.000
"16:30",77.786,0.000,222.800,0.000,0.000,0.000
"16:45",71.398,0.000,222.700,0.000,0.000,0.000
"17:00",64.691,0.000,222.800,0.000,0.000,0.077
"17:15",57.011,0.000,222.600,0.000,0.000,0.000
"17:30",49.280,0.000,222.300,0.000,0.000,0.000
"17:45",40.883,0.000,222.300,0.000,0.000,0.000
"18:00",32.282,0.000,222.500,0.000,0.000,0.000
"18:15",23.616,0.000,222.100,0.000,0.000,0.026
"18:30",14.784,0.000,221.700,0.000,0.000,0.064
"18:45",7.014,0.000,221.400,0.000,0.000,0.064
"19:00",1.370,0.000,221.400,0.000,0.000,0.038
"19:15",0.090,0.000,221.300,0.038,0.000,0.026
"19:30",0.000,0.038,221.200,0.115,0.000,0.000
"19:45",0.000,0.013,221.100,0.166,0.000,0.000
"20:00",0.000,0.000,221.100,0.166,0.000,0.000
"20:15",0.000,0.000,221.100,0.166,0.000,0.000
"20:30",0.000,0.000,221.100,0.179,0.000,0.000
"20:45",0.000,0.000,221.200,0.166,0.000,0.000
"21:00",0.000,0.000,221.100,0.179,0.000,0.000
"21:15",0.000,0.000,221.100,0.166,0.000,0.000
"21:30",0.000,0.000,221.100,0.179,0.000,0.000
"21:45",0.000,0.000,221.200,0.166,0.000,0.000
"22:00",0.000,0.000,221.300,0.179,0.000,0.000
"22:15",0.000,0.000,221.300,0.166,0.000,0.000
"22:30",0.000,0.000,221.300,0.179,0.000,0.000
"22:45",0.000,0.000,221.300,0.166,0.000,0.000
"23:00",0.000,0.000,221.400,0.179,0.000,0.000
"23:15",0.000,0.000,221.100,0.166,0.000,0.000
"23:30",0.000,0.000,221.000,0.179,0.000,0.000
"23:45",0.000,0.000,220.900,0.166,0.000,0.000
" 9/02/26 24:00",0.000,0.000,220.600,0.166,0.000,0.000
