"kwh"
"Time ","AGRIM02P","AGRIM02P","AGRIM02P","AGRIM02P","AGRIM02P","AGRIM02P"
" 2/15/26 00:15",0.000,0.000,220.900,0.179,0.000,0.000
" 2/15/26 00:30",0.000,0.000,220.900,0.179,0.000,0.000
"00:45",0.000,0.000,221.000,0.192,0.000,0.000
"01:00",0.000,0.000,221.100,0.179,0.000,0.000
"01:15",0.000,0.000,221.000,0.179,0.000,0.000
"01:30",0.000,0.000,221.000,0.192,0.000,0.000
"01:45",0.000,0.000,221.000,0.179,0.000,0.000
"02:00",0.000,0.000,221.000,0.179,0.000,0.000
"02:15",0.000,0.000,221.000,0.192,0.000,0.000
"02:30",0.000,0.000,221.000,0.179,0.000,0.000
"02:45",0.000,0.000,221.000,0.179,0.000,0.000
"03:00",0.000,0.000,221.100,0.192,0.000,0.000
"03:15",0.000,0.000,221.100,0.179,0.000,0.000
"03:30",0.000,0.000,221.100,0.179,0.000,0.000
"03:45",0.000,0.000,221.100,0.179,0.000,0.000
"04:00",0.000,0.000,221.100,0.192,0.000,0.000
"04:15",0.000,0.000,221.100,0.179,0.000,0.000
"04:30",0.000,0.000,221.100,0.179,0.000,0.000
"04:45",0.000,0.000,221.200,0.192,0.000,0.000
"05:00",0.000,0.000,221.100,0.179,0.000,0.000
"05:15",0.000,0.000,221.200,0.179,0.000,0.000
"05:30",0.000,0.000,221.200,0.192,0.000,0.000
"05:45",0.000,0.000,221.200,0.179,0.000,0.000
"06:00",0.000,0.000,221.100,0.179,0.000,0.000
"06:15",0.000,0.000,221.100,0.192,0.000,0.000
"06:30",0.000,0.000,221.100,0.179,0.000,0.000
"06:45",0.000,0.000,221.100,0.179,0.000,0.000
"07:00",0.000,0.000,221.200,0.192,0.000,0.000
"07:15",0.000,0.000,221.200,0.166,0.000,0.000
"07:30",0.691,0.000,221.200,0.000,0.000,0.013
"07:45",3.994,0.000,221.300,0.000,0.000,0.038
"08:00",7.309,0.000,221.500,0.000,0.000,0.013
"08:15",11.558,0.000,221.800,0.000,0.000,0.000
"08:30",16.166,0.000,222.500,0.000,0.000,0.000
"08:45",12.365,0.000,221.900,0.000,0.000,0.013
"09:00",11.085,0.000,221.700,0.000,0.000,0.026
"09:15",13.069,0.000,221.700,0.000,0.000,0.000
"09:30",11.853,0.000,221.800,0.000,0.000,0.013
"09:45",18.778,0.000,222.300,0.000,0.000,0.000
"10:00",19.597,0.000,221.800,0.000,0.000,0.000
"10:15",34.906,0.000,222.100,0.000,0.000,0.000
"10:30",43.328,0.000,222.500,0.000,0.000,0.000
"10:45",61.235,0.000,223.400,0.000,0.000,0.000
"11:00",44.506,0.000,223.200,0.000,0.000,0.013
"11:15",33.894,0.000,222.700,0.000,0.000,0.000
"11:30",76.262,0.000,223.900,0.000,0.000,0.000
"11:45",92.122,0.000,224.300,0.000,0.000,0.000
"12:00",79.616,0.000,223.800,0.000,0.000,0.013
"12:15",35.302,0.000,222.500,0.000,0.000,0.000
"12:30",31.424,0.000,222.800,0.000,0.000,0.000
"12:45",59.866,0.000,223.700,0.000,0.000,0.013
"13:00",101.299,0.000,224.400,0.000,0.000,0.013
"13:15",104.870,0.000,224.500,0.000,0.000,0.000
"13:30",80.973,0.000,224.100,0.000,0.000,0.051
"13:45",81.472,0.000,224.100,0.000,0.000,0.038
"14:00",92.954,0.000,224.100,0.000,0.000,0.026
"14:15",82.394,0.000,224.300,0.000,0.000,0.026
"14:30",104.806,0.000,224.700,0.000,0.000,0.013
"14:45",104.806,0.000,224.600,0.000,0.000,0.013
"15:00",73.600,0.000,223.300,0.000,0.000,0.000
"15:15",14.400,0.000,222.000,0.000,0.000,0.013
"15:30",21.005,0.000,222.300,0.000,0.000,0.026
"15:45",101.978,0.000,224.600,0.000,0.000,0.077
"16:00",96.320,0.000,224.400,0.000,0.000,0.013
"16:15",93.286,0.000,224.400,0.000,0.000,0.013
"16:30",86.963,0.000,224.400,0.000,0.000,0.013
"16:45",79.488,0.000,224.300,0.000,0.000,0.026
"17:00",73.536,0.000,224.100,0.000,0.000,0.013
"17:15",67.712,0.000,224.100,0.000,0.000,0.026
"17:30",61.389,0.000,224.000,0.000,0.000,0.013
"17:45",54.643,0.000,223.900,0.000,0.000,0.051
"18:00",47.539,0.000,223.800,0.000,0.000,0.026
"18:15",40.666,0.000,223.600,0.000,0.000,0.013
"18:30",33.267,0.000,223.400,0.000,0.000,0.026
"18:45",25.997,0.000,223.200,0.000,0.000,0.000
"19:00",18.893,0.000,222.900,0.000,0.000,0.013
"19:15",12.109,0.000,222.500,0.000,0.000,0.038
"19:30",6.630,0.000,222.200,0.000,0.000,0.051
"19:45",3.059,0.000,221.800,0.000,0.000,0.115
"20:00",0.998,0.000,221.600,0.000,0.000,0.102
"20:15",0.230,0.000,221.500,0.000,0.000,0.077
"20:30",0.000,0.013,221.400,0.141,0.000,0.000
"20:45",0.000,0.026,221.200,0.154,0.000,0.000
"21:00",0.000,0.000,221.200,0.192,0.000,0.000
"21:15",0.000,0.000,221.200,0.179,0.000,0.000
"21:30",0.000,0.000,221.300,0.179,0.000,0.000
"21:45",0.000,0.000,221.300,0.192,0.000,0.000
"22:00",0.000,0.000,221.400,0.179,0.000,0.000
"22:15",0.000,0.000,221.400,0.179,0.000,0.000
"22:30",0.000,0.000,221.400,0.192,0.000,0.000
"22:45",0.000,0.000,221.400,0.179,0.000,0.000
"23:00",0.000,0.000,221.400,0.192,0.000,0.000
"23:15",0.000,0.000,221.400,0.179,0.000,0.000
"23:30",0.000,0.000,221.300,0.179,0.000,0.000
"23:45",0.000,0.000,221.300,0.179,0.000,0.000
" 2/15/26 24:00",0.000,0.000,221.300,0.192,0.000,0.000
