"kwh"
"Time ","AGRIM02P","AGRIM02P","AGRIM02P","AGRIM02P","AGRIM02P","AGRIM02P"
"10/07/26 00:15",0.000,0.000,220.700,0.179,0.000,0.000
"10/07/26 00:30",0.000,0.000,220.700,0.166,0.000,0.000
"00:45",0.000,0.000,220.700,0.166,0.000,0.000
"01:00",0.000,0.000,220.700,0.179,0.000,0.000
"01:15",0.000,0.000,220.800,0.166,0.000,0.000
"01:30",0.000,0.000,220.800,0.179,0.000,0.000
"01:45",0.000,0.000,220.800,0.166,0.000,0.000
"02:00",0.000,0.000,220.700,0.166,0.000,0.000
"02:15",0.000,0.000,220.700,0.179,0.000,0.000
"02:30",0.000,0.000,220.700,0.166,0.000,0.000
"02:45",0.000,0.000,220.700,0.179,0.000,0.000
"03:00",0.000,0.000,220.700,0.166,0.000,0.000
"03:15",0.000,0.000,220.700,0.166,0.000,0.000
"03:30",0.000,0.000,220.700,0.179,0.000,0.000
"03:45",0.000,0.000,220.700,0.166,0.000,0.000
"04:00",0.000,0.000,220.700,0.179,0.000,0.000
"04:15",0.000,0.000,220.700,0.166,0.000,0.000
"04:30",0.000,0.000,220.700,0.166,0.000,0.000
"04:45",0.000,0.000,220.700,0.179,0.000,0.000
"05:00",0.000,0.000,220.700,0.166,0.000,0.000
"05:15",0.000,0.000,220.700,0.179,0.000,0.000
"05:30",0.000,0.000,220.700,0.166,0.000,0.000
"05:45",0.000,0.000,220.700,0.166,0.000,0.000
"06:00",0.000,0.000,220.700,0.179,0.000,0.000
"06:15",0.000,0.000,220.600,0.166,0.000,0.000
"06:30",0.000,0.000,220.600,0.179,0.000,0.000
"06:45",0.000,0.000,220.600,0.166,0.000,0.000
"07:00",0.000,0.000,220.700,0.166,0.000,0.000
"07:15",0.000,0.000,220.700,0.141,0.000,0.000
"07:30",0.269,0.000,220.700,0.000,0.000,0.000
"07:45",1.421,0.000,220.700,0.000,0.000,0.038
"08:00",4.211,0.000,220.700,0.000,0.000,0.000
"08:15",6.784,0.000,220.300,0.000,0.000,0.000
"08:30",9.805,0.000,220.400,0.000,0.000,0.000
"08:45",6.362,0.000,220.300,0.000,0.000,0.000
"09:00",15.514,0.000,220.300,0.000,0.000,0.000
"09:15",41.050,0.000,220.700,0.000,0.000,0.000
"09:30",26.342,0.000,220.500,0.000,0.000,0.000
"09:45",25.715,0.000,220.300,0.000,0.000,0.000
"10:00",30.272,0.000,220.200,0.000,0.000,0.000
"10:15",41.536,0.000,220.600,0.000,0.000,0.000
"10:30",87.565,0.000,221.500,0.000,0.000,0.000
"10:45",31.642,0.000,220.600,0.000,0.000,0.000
"11:00",31.526,0.000,220.500,0.000,0.000,0.000
"11:15",18.534,0.000,220.200,0.000,0.000,0.000
"11:30",22.950,0.000,220.200,0.000,0.000,0.013
"11:45",22.784,0.000,220.200,0.000,0.000,0.000
"12:00",15.859,0.000,220.100,0.000,0.000,0.000
"12:15",16.294,0.000,220.200,0.000,0.000,0.000
"12:30",14.349,0.000,219.900,0.000,0.000,0.000
"12:45",28.173,0.000,220.600,0.000,0.000,0.000
"13:00",32.934,0.000,220.600,0.000,0.000,0.000
"13:15",44.314,0.000,220.900,0.000,0.000,0.000
"13:30",46.912,0.000,221.000,0.000,0.000,0.000
"13:45",46.566,0.000,221.000,0.000,0.000,0.000
"14:00",95.181,0.000,222.300,0.000,0.000,0.000
"14:15",87.616,0.000,221.500,0.000,0.000,0.000
"14:30",102.630,0.000,222.100,0.000,0.000,0.000
"14:45",101.542,0.000,222.400,0.000,0.000,0.000
"15:00",99.226,0.000,222.300,0.000,0.000,0.000
"15:15",62.195,0.000,221.600,0.000,0.000,0.000
"15:30",54.144,0.000,221.700,0.000,0.000,0.000
"15:45",81.677,0.000,222.100,0.000,0.000,0.000
"16:00",93.350,0.000,222.200,0.000,0.000,0.000
"16:15",85.504,0.000,222.100,0.000,0.000,0.000
"16:30",75.405,0.000,222.200,0.000,0.000,0.013
"16:45",63.565,0.000,221.700,0.000,0.000,0.000
"17:00",65.293,0.000,222.300,0.000,0.000,0.000
"17:15",57.728,0.000,222.200,0.000,0.000,0.077
"17:30",50.714,0.000,222.000,0.000,0.000,0.218
"17:45",45.875,0.000,221.200,0.000,0.000,0.000
"18:00",39.834,0.000,221.600,0.000,0.000,0.000
"18:15",17.011,0.000,221.100,0.000,0.000,0.013
"18:30",10.726,0.000,221.200,0.000,0.000,0.051
"18:45",8.525,0.000,220.900,0.000,0.000,0.064
"19:00",3.648,0.000,220.600,0.000,0.000,0.090
"19:15",0.819,0.000,220.400,0.000,0.000,0.026
"19:30",0.128,0.000,220.400,0.013,0.000,0.013
"19:45",0.000,0.038,220.300,0.128,0.000,0.000
"20:00",0.000,0.026,220.200,0.128,0.000,0.000
"20:15",0.000,0.000,220.200,0.179,0.000,0.000
"20:30",0.000,0.000,220.200,0.166,0.000,0.000
"20:45",0.000,0.000,220.300,0.166,0.000,0.000
"21:00",0.000,0.000,220.300,0.179,0.000,0.000
"21:15",0.000,0.000,220.200,0.166,0.000,0.000
"21:30",0.000,0.000,220.300,0.166,0.000,0.000
"21:45",0.000,0.000,220.200,0.179,0.000,0.000
"22:00",0.000,0.000,220.300,0.166,0.000,0.000
"22:15",0.000,0.000,220.300,0.179,0.000,0.000
"22:30",0.000,0.000,220.300,0.166,0.000,0.000
"22:45",0.000,0.000,220.300,0.166,0.000,0.000
"23:00",0.000,0.000,220.300,0.179,0.000,0.000
"23:15",0.000,0.000,220.000,0.166,0.000,0.000
"23:30",0.000,0.000,219.900,0.166,0.000,0.000
"23:45",0.000,0.000,220.000,0.166,0.000,0.000
"10/07/26 24:00",0.000,0.000,220.000,0.179,0.000,0.000
