"kwh"
"Time ","AGRIM02P","AGRIM02P","AGRIM02P","AGRIM02P","AGRIM02P","AGRIM02P"
"10/02/26 00:15",0.000,0.000,220.400,0.166,0.000,0.000
"10/02/26 00:30",0.000,0.000,220.400,0.166,0.000,0.000
"00:45",0.000,0.000,220.400,0.179,0.000,0.000
"01:00",0.000,0.000,220.400,0.166,0.000,0.000
"01:15",0.000,0.000,220.400,0.166,0.000,0.000
"01:30",0.000,0.000,220.400,0.179,0.000,0.000
"01:45",0.000,0.000,220.400,0.166,0.000,0.000
"02:00",0.000,0.000,220.400,0.179,0.000,0.000
"02:15",0.000,0.000,220.400,0.166,0.000,0.000
"02:30",0.000,0.000,220.500,0.166,0.000,0.000
"02:45",0.000,0.000,220.400,0.179,0.000,0.000
"03:00",0.000,0.000,220.400,0.166,0.000,0.000
"03:15",0.000,0.000,220.500,0.166,0.000,0.000
"03:30",0.000,0.000,220.400,0.179,0.000,0.000
"03:45",0.000,0.000,220.400,0.166,0.000,0.000
"04:00",0.000,0.000,220.400,0.179,0.000,0.000
"04:15",0.000,0.000,220.400,0.166,0.000,0.000
"04:30",0.000,0.000,220.400,0.179,0.000,0.000
"04:45",0.000,0.000,220.300,0.166,0.000,0.000
"05:00",0.000,0.000,220.100,0.166,0.000,0.000
"05:15",0.000,0.000,220.300,0.179,0.000,0.000
"05:30",0.000,0.000,220.400,0.166,0.000,0.000
"05:45",0.000,0.000,220.400,0.166,0.000,0.000
"06:00",0.000,0.000,220.500,0.179,0.000,0.000
"06:15",0.000,0.000,220.500,0.166,0.000,0.000
"06:30",0.000,0.000,220.500,0.166,0.000,0.000
"06:45",0.000,0.000,220.400,0.179,0.000,0.000
"07:00",0.000,0.000,220.600,0.166,0.000,0.000
"07:15",0.077,0.000,220.600,0.064,0.000,0.013
"07:30",0.230,0.000,220.500,0.000,0.000,0.013
"07:45",1.587,0.000,218.500,0.000,0.000,0.000
"08:00",2.061,0.000,216.900,0.000,0.000,0.013
"08:15",4.762,0.000,220.400,0.000,0.000,0.000
"08:30",6.707,0.000,220.700,0.000,0.000,0.000
"08:45",5.184,0.000,220.200,0.000,0.000,0.000
"09:00",5.850,0.000,219.500,0.000,0.000,0.000
"09:15",8.512,0.000,218.600,0.000,0.000,0.000
"09:30",9.843,0.000,219.800,0.000,0.000,0.000
"09:45",12.557,0.000,220.700,0.000,0.000,0.000
"10:00",14.208,0.000,220.700,0.000,0.000,0.000
"10:15",18.458,0.000,220.500,0.000,0.000,0.000
"10:30",20.954,0.000,220.700,0.000,0.000,0.000
"10:45",17.997,0.000,220.600,0.000,0.000,0.000
"11:00",17.638,0.000,220.500,0.000,0.000,0.000
"11:15",19.814,0.000,220.700,0.000,0.000,0.000
"11:30",27.418,0.000,220.900,0.000,0.000,0.000
"11:45",20.378,0.000,220.800,0.000,0.000,0.000
"12:00",35.290,0.000,221.100,0.000,0.000,0.000
"12:15",39.936,0.000,221.300,0.000,0.000,0.000
"12:30",76.109,0.000,222.200,0.000,0.000,0.000
"12:45",73.408,0.000,222.600,0.000,0.000,0.000
"13:00",88.614,0.000,224.100,0.000,0.000,0.102
"13:15",100.288,0.000,224.100,0.000,0.000,0.166
"13:30",87.245,0.000,223.400,0.000,0.000,0.000
"13:45",56.909,0.000,222.800,0.000,0.000,0.000
"14:00",75.942,0.000,223.300,0.000,0.000,0.000
"14:15",103.501,0.000,223.900,0.000,0.000,0.000
"14:30",96.576,0.000,223.800,0.000,0.000,0.013
"14:45",82.470,0.000,223.400,0.000,0.000,0.000
"15:00",99.520,0.000,223.700,0.000,0.000,0.000
"15:15",88.563,0.000,223.500,0.000,0.000,0.013
"15:30",99.942,0.000,223.800,0.000,0.000,0.000
"15:45",106.970,0.000,223.800,0.000,0.000,0.000
"16:00",92.326,0.000,223.600,0.000,0.000,0.090
"16:15",90.227,0.000,223.300,0.000,0.000,0.000
"16:30",58.726,0.000,222.500,0.000,0.000,0.013
"16:45",44.877,0.000,222.000,0.000,0.000,0.000
"17:00",36.787,0.000,221.300,0.000,0.000,0.128
"17:15",43.789,0.000,221.800,0.000,0.000,0.000
"17:30",22.694,0.000,220.900,0.000,0.000,0.000
"17:45",41.523,0.000,222.200,0.000,0.000,0.013
"18:00",42.701,0.000,222.600,0.000,0.000,0.013
"18:15",24.973,0.000,221.800,0.000,0.000,0.026
"18:30",20.941,0.000,221.900,0.000,0.000,0.026
"18:45",10.944,0.000,221.500,0.000,0.000,0.051
"19:00",7.578,0.000,221.200,0.000,0.000,0.064
"19:15",3.110,0.000,220.900,0.000,0.000,0.077
"19:30",0.550,0.000,220.800,0.000,0.000,0.013
"19:45",0.000,0.038,220.600,0.115,0.000,0.000
"20:00",0.000,0.026,220.600,0.141,0.000,0.000
"20:15",0.000,0.000,220.500,0.179,0.000,0.000
"20:30",0.000,0.000,220.500,0.166,0.000,0.000
"20:45",0.000,0.000,220.400,0.166,0.000,0.000
"21:00",0.000,0.000,220.500,0.179,0.000,0.000
"21:15",0.000,0.000,220.500,0.166,0.000,0.000
"21:30",0.000,0.000,220.500,0.166,0.000,0.000
"21:45",0.000,0.000,220.600,0.179,0.000,0.000
"22:00",0.000,0.000,220.600,0.166,0.000,0.000
"22:15",0.000,0.000,220.600,0.179,0.000,0.000
"22:30",0.000,0.000,220.600,0.166,0.000,0.000
"22:45",0.000,0.000,220.500,0.166,0.000,0.000
"23:00",0.000,0.000,220.600,0.179,0.000,0.000
"23:15",0.000,0.000,220.400,0.166,0.000,0.000
"23:30",0.000,0.000,220.300,0.166,0.000,0.000
"23:45",0.000,0.000,220.300,0.179,0.000,0.000
"10/02/26 24:00",0.000,0.000,220.200,0.166,0.000,0.000
