"kwh"
"Time ","AGRIM02P","AGRIM02P","AGRIM02P","AGRIM02P","AGRIM02P","AGRIM02P"
" 1/13/26 00:15",0.000,0.000,220.100,0.179,0.000,0.000
" 1/13/26 00:30",0.000,0.000,220.100,0.192,0.000,0.000
"00:45",0.000,0.000,220.200,0.179,0.000,0.000
"01:00",0.000,0.000,220.200,0.179,0.000,0.000
"01:15",0.000,0.000,220.200,0.179,0.000,0.000
"01:30",0.000,0.000,220.200,0.179,0.000,0.000
"01:45",0.000,0.000,220.200,0.192,0.000,0.000
"02:00",0.000,0.000,220.200,0.179,0.000,0.000
"02:15",0.000,0.000,220.200,0.179,0.000,0.000
"02:30",0.000,0.000,220.200,0.179,0.000,0.000
"02:45",0.000,0.000,220.200,0.179,0.000,0.000
"03:00",0.000,0.000,220.200,0.192,0.000,0.000
"03:15",0.000,0.000,220.200,0.179,0.000,0.000
"03:30",0.000,0.000,220.300,0.179,0.000,0.000
"03:45",0.000,0.000,220.300,0.192,0.000,0.000
"04:00",0.000,0.000,220.300,0.179,0.000,0.000
"04:15",0.000,0.000,220.300,0.179,0.000,0.000
"04:30",0.000,0.000,220.200,0.179,0.000,0.000
"04:45",0.000,0.000,220.200,0.179,0.000,0.000
"05:00",0.000,0.000,220.300,0.192,0.000,0.000
"05:15",0.000,0.000,220.300,0.179,0.000,0.000
"05:30",0.000,0.000,220.300,0.179,0.000,0.000
"05:45",0.000,0.000,220.300,0.179,0.000,0.000
"06:00",0.000,0.000,220.300,0.192,0.000,0.000
"06:15",0.000,0.000,220.200,0.179,0.000,0.000
"06:30",0.000,0.000,220.200,0.179,0.000,0.000
"06:45",0.166,0.000,220.200,0.038,0.000,0.013
"07:00",0.730,0.000,220.300,0.000,0.000,0.026
"07:15",2.074,0.000,220.300,0.000,0.000,0.026
"07:30",4.762,0.000,220.400,0.000,0.000,0.000
"07:45",9.344,0.000,220.300,0.000,0.000,0.000
"08:00",8.883,0.000,220.800,0.000,0.000,0.013
"08:15",13.197,0.000,223.000,0.000,0.000,0.000
"08:30",14.080,0.000,223.800,0.000,0.000,0.000
"08:45",23.770,0.000,224.000,0.000,0.000,0.000
"09:00",38.976,0.000,224.400,0.000,0.000,0.000
"09:15",52.006,0.000,224.700,0.000,0.000,0.000
"09:30",42.675,0.000,223.800,0.000,0.000,0.000
"09:45",32.794,0.000,223.400,0.000,0.000,0.000
"10:00",25.395,0.000,223.400,0.000,0.000,0.000
"10:15",33.421,0.000,223.500,0.000,0.000,0.000
"10:30",38.886,0.000,221.700,0.000,0.000,0.000
"10:45",27.955,0.000,219.100,0.000,0.000,0.000
"11:00",31.680,0.000,220.400,0.000,0.000,0.000
"11:15",48.051,0.000,223.400,0.000,0.000,0.000
"11:30",63.731,0.000,223.700,0.000,0.000,0.000
"11:45",59.046,0.000,223.800,0.000,0.000,0.000
"12:00",55.309,0.000,223.800,0.000,0.000,0.000
"12:15",45.261,0.000,223.700,0.000,0.000,0.000
"12:30",27.162,0.000,223.200,0.000,0.000,0.000
"12:45",25.037,0.000,222.600,0.000,0.000,0.000
"13:00",39.334,0.000,221.800,0.000,0.000,0.000
"13:15",49.050,0.000,223.600,0.000,0.000,0.000
"13:30",24.973,0.000,223.000,0.000,0.000,0.000
"13:45",8.486,0.000,218.200,0.000,0.000,0.000
"14:00",5.568,0.000,218.400,0.000,0.000,0.000
"14:15",11.302,0.000,219.800,0.000,0.000,0.000
"14:30",8.512,0.000,222.000,0.000,0.000,0.000
"14:45",17.574,0.000,222.500,0.000,0.000,0.000
"15:00",11.891,0.000,221.500,0.000,0.000,0.000
"15:15",4.595,0.000,215.100,0.000,0.000,0.000
"15:30",7.411,0.000,213.800,0.000,0.000,0.000
"15:45",11.789,0.000,215.000,0.000,0.000,0.000
"16:00",3.827,0.000,214.400,0.000,0.000,0.000
"16:15",5.043,0.000,212.200,0.000,0.000,0.000
"16:30",6.438,0.000,214.700,0.000,0.000,0.000
"16:45",11.904,0.000,216.000,0.000,0.000,0.000
"17:00",11.763,0.000,222.200,0.000,0.000,0.000
"17:15",41.011,0.000,221.200,0.000,0.000,0.000
"17:30",65.997,0.000,222.000,0.000,0.000,0.000
"17:45",39.360,0.000,222.000,0.000,0.000,0.000
"18:00",39.168,0.000,221.900,0.000,0.000,0.000
"18:15",41.933,0.000,221.700,0.000,0.000,0.000
"18:30",19.789,0.000,221.100,0.000,0.000,0.000
"18:45",14.733,0.000,221.000,0.000,0.000,0.013
"19:00",12.416,0.000,221.000,0.000,0.000,0.038
"19:15",16.243,0.000,221.100,0.000,0.000,0.000
"19:30",9.523,0.000,221.100,0.000,0.000,0.026
"19:45",5.722,0.000,221.000,0.000,0.000,0.077
"20:00",2.880,0.000,220.600,0.000,0.000,0.077
"20:15",1.318,0.000,220.400,0.000,0.000,0.090
"20:30",0.410,0.000,220.400,0.000,0.000,0.077
"20:45",0.013,0.000,220.300,0.090,0.000,0.000
"21:00",0.000,0.026,220.300,0.154,0.000,0.000
"21:15",0.000,0.013,220.300,0.179,0.000,0.000
"21:30",0.000,0.000,220.300,0.179,0.000,0.000
"21:45",0.000,0.000,220.300,0.179,0.000,0.000
"22:00",0.000,0.000,220.300,0.192,0.000,0.000
"22:15",0.000,0.000,220.300,0.179,0.000,0.000
"22:30",0.000,0.000,220.300,0.179,0.000,0.000
"22:45",0.000,0.000,220.300,0.179,0.000,0.000
"23:00",0.000,0.000,220.300,0.192,0.000,0.000
"23:15",0.000,0.000,220.200,0.179,0.000,0.000
"23:30",0.000,0.000,220.200,0.179,0.000,0.000
"23:45",0.000,0.000,220.200,0.179,0.000,0.000
" 1/13/26 24:00",0.000,0.000,220.100,0.192,0.000,0.000
