"kwh"
"Time ","AGRIM02P","AGRIM02P","AGRIM02P","AGRIM02P","AGRIM02P","AGRIM02P"
" 7/20/26 00:15",0.000,0.000,221.500,0.179,0.000,0.000
" 7/20/26 00:30",0.000,0.000,221.500,0.166,0.000,0.000
"00:45",0.000,0.000,221.600,0.179,0.000,0.000
"01:00",0.000,0.000,221.600,0.166,0.000,0.000
"01:15",0.000,0.000,221.700,0.179,0.000,0.000
"01:30",0.000,0.000,221.700,0.166,0.000,0.000
"01:45",0.000,0.000,221.700,0.179,0.000,0.000
"02:00",0.000,0.000,221.600,0.166,0.000,0.000
"02:15",0.000,0.000,221.700,0.179,0.000,0.000
"02:30",0.000,0.000,221.700,0.166,0.000,0.000
"02:45",0.000,0.000,221.800,0.179,0.000,0.000
"03:00",0.000,0.000,221.700,0.166,0.000,0.000
"03:15",0.000,0.000,221.700,0.179,0.000,0.000
"03:30",0.000,0.000,221.700,0.166,0.000,0.000
"03:45",0.000,0.000,221.700,0.179,0.000,0.000
"04:00",0.000,0.000,221.800,0.166,0.000,0.000
"04:15",0.000,0.000,221.800,0.179,0.000,0.000
"04:30",0.000,0.000,221.800,0.166,0.000,0.000
"04:45",0.000,0.000,221.800,0.179,0.000,0.000
"05:00",0.000,0.000,221.800,0.166,0.000,0.000
"05:15",0.000,0.000,221.800,0.179,0.000,0.000
"05:30",0.000,0.000,221.800,0.166,0.000,0.000
"05:45",0.000,0.000,221.700,0.179,0.000,0.000
"06:00",0.000,0.000,221.700,0.166,0.000,0.000
"06:15",0.000,0.000,221.700,0.179,0.000,0.000
"06:30",0.000,0.000,221.600,0.166,0.000,0.000
"06:45",0.000,0.000,221.700,0.179,0.000,0.000
"07:00",0.000,0.000,221.700,0.166,0.000,0.000
"07:15",0.000,0.000,221.700,0.179,0.000,0.000
"07:30",0.000,0.000,221.600,0.166,0.000,0.000
"07:45",0.000,0.000,221.600,0.179,0.000,0.000
"08:00",0.000,0.000,221.500,0.166,0.000,0.000
"08:15",0.000,0.000,221.400,0.179,0.000,0.000
"08:30",0.000,0.000,221.400,0.166,0.000,0.000
"08:45",0.013,0.013,221.300,0.154,0.000,0.000
"09:00",0.102,0.000,221.000,0.013,0.000,0.013
"09:15",0.358,0.000,221.000,0.000,0.000,0.038
"09:30",0.499,0.000,221.100,0.000,0.000,0.051
"09:45",1.011,0.000,221.000,0.000,0.000,0.038
"10:00",1.766,0.000,221.000,0.000,0.000,0.064
"10:15",3.379,0.000,221.100,0.000,0.000,0.026
"10:30",4.506,0.000,221.200,0.000,0.000,0.013
"10:45",6.310,0.000,221.100,0.000,0.000,0.026
"11:00",10.842,0.000,221.100,0.000,0.000,0.000
"11:15",15.130,0.000,221.200,0.000,0.000,0.000
"11:30",14.669,0.000,221.400,0.000,0.000,0.000
"11:45",9.894,0.000,221.400,0.000,0.000,0.000
"12:00",18.611,0.000,221.600,0.000,0.000,0.000
"12:15",24.883,0.000,221.500,0.000,0.000,0.000
"12:30",26.099,0.000,221.800,0.000,0.000,0.000
"12:45",26.112,0.000,221.800,0.000,0.000,0.000
"13:00",36.634,0.000,222.100,0.000,0.000,0.000
"13:15",31.629,0.000,222.100,0.000,0.000,0.000
"13:30",48.320,0.000,222.300,0.000,0.000,0.000
"13:45",68.416,0.000,222.700,0.000,0.000,0.000
"14:00",84.723,0.000,223.300,0.000,0.000,0.000
"14:15",92.045,0.000,223.300,0.000,0.000,0.000
"14:30",95.808,0.000,223.300,0.000,0.000,0.000
"14:45",60.979,0.000,223.000,0.000,0.000,0.000
"15:00",49.523,0.000,222.400,0.000,0.000,0.000
"15:15",38.899,0.000,222.300,0.000,0.000,0.000
"15:30",25.139,0.000,222.400,0.000,0.000,0.000
"15:45",55.014,0.000,222.800,0.000,0.000,0.000
"16:00",58.035,0.000,223.100,0.000,0.000,0.000
"16:15",32.179,0.000,222.900,0.000,0.000,0.000
"16:30",41.357,0.000,223.300,0.000,0.000,0.000
"16:45",17.677,0.000,222.900,0.000,0.000,0.013
"17:00",60.851,0.000,223.500,0.000,0.000,0.000
"17:15",50.637,0.000,223.300,0.000,0.000,0.000
"17:30",41.830,0.000,223.000,0.000,0.000,0.090
"17:45",33.216,0.000,222.400,0.000,0.000,0.000
"18:00",23.373,0.000,222.400,0.000,0.000,0.000
"18:15",5.158,0.000,222.000,0.000,0.000,0.051
"18:30",1.651,0.000,221.800,0.000,0.000,0.026
"18:45",0.179,0.000,221.500,0.000,0.000,0.013
"19:00",0.000,0.026,221.600,0.128,0.000,0.000
"19:15",0.000,0.038,221.500,0.128,0.000,0.000
"19:30",0.000,0.000,221.500,0.179,0.000,0.000
"19:45",0.000,0.000,221.500,0.166,0.000,0.000
"20:00",0.000,0.000,221.500,0.179,0.000,0.000
"20:15",0.000,0.000,221.400,0.179,0.000,0.000
"20:30",0.000,0.000,221.300,0.166,0.000,0.000
"20:45",0.000,0.000,221.300,0.179,0.000,0.000
"21:00",0.000,0.000,221.300,0.166,0.000,0.000
"21:15",0.000,0.000,221.400,0.179,0.000,0.000
"21:30",0.000,0.000,221.400,0.179,0.000,0.000
"21:45",0.000,0.000,221.400,0.166,0.000,0.000
"22:00",0.000,0.000,221.400,0.179,0.000,0.000
"22:15",0.000,0.000,221.400,0.179,0.000,0.000
"22:30",0.000,0.000,221.500,0.166,0.000,0.000
"22:45",0.000,0.000,221.500,0.179,0.000,0.000
"23:00",0.000,0.000,221.500,0.179,0.000,0.000
"23:15",0.000,0.000,221.300,0.166,0.000,0.000
"23:30",0.000,0.000,221.300,0.179,0.000,0.000
"23:45",0.000,0.000,221.300,0.166,0.000,0.000
" 7/20/26 24:00",0.000,0.000,221.300,0.179,0.000,0.000
