"kwh"
"Time ","AGRIM02P","AGRIM02P","AGRIM02P","AGRIM02P","AGRIM02P","AGRIM02P"
" 3/02/26 00:15",0.000,0.000,221.300,0.179,0.000,0.000
" 3/02/26 00:30",0.000,0.000,221.300,0.179,0.000,0.000
"00:45",0.000,0.000,221.300,0.192,0.000,0.000
"01:00",0.000,0.000,221.400,0.179,0.000,0.000
"01:15",0.000,0.000,221.400,0.192,0.000,0.000
"01:30",0.000,0.000,221.400,0.179,0.000,0.000
"01:45",0.000,0.000,221.400,0.179,0.000,0.000
"02:00",0.000,0.000,221.400,0.192,0.000,0.000
"02:15",0.000,0.000,221.400,0.179,0.000,0.000
"02:30",0.000,0.000,221.400,0.179,0.000,0.000
"02:45",0.000,0.000,221.500,0.192,0.000,0.000
"03:00",0.000,0.000,221.500,0.179,0.000,0.000
"03:15",0.000,0.000,221.500,0.192,0.000,0.000
"03:30",0.000,0.000,221.500,0.179,0.000,0.000
"03:45",0.000,0.000,221.500,0.179,0.000,0.000
"04:00",0.000,0.000,221.500,0.192,0.000,0.000
"04:15",0.000,0.000,221.500,0.179,0.000,0.000
"04:30",0.000,0.000,221.500,0.192,0.000,0.000
"04:45",0.000,0.000,221.500,0.179,0.000,0.000
"05:00",0.000,0.000,221.500,0.179,0.000,0.000
"05:15",0.000,0.000,221.600,0.192,0.000,0.000
"05:30",0.000,0.000,221.600,0.179,0.000,0.000
"05:45",0.000,0.000,221.600,0.192,0.000,0.000
"06:00",0.000,0.000,221.500,0.179,0.000,0.000
"06:15",0.000,0.000,221.500,0.179,0.000,0.000
"06:30",0.000,0.000,221.500,0.192,0.000,0.000
"06:45",0.000,0.000,221.500,0.179,0.000,0.000
"07:00",0.000,0.000,221.500,0.192,0.000,0.000
"07:15",0.000,0.000,221.500,0.166,0.000,0.000
"07:30",0.256,0.000,221.400,0.013,0.000,0.013
"07:45",1.331,0.000,221.500,0.000,0.000,0.026
"08:00",3.546,0.000,221.700,0.000,0.000,0.000
"08:15",8.013,0.000,221.900,0.000,0.000,0.000
"08:30",14.643,0.000,222.400,0.000,0.000,0.000
"08:45",21.632,0.000,222.700,0.000,0.000,0.000
"09:00",29.030,0.000,223.000,0.000,0.000,0.026
"09:15",36.518,0.000,223.300,0.000,0.000,0.026
"09:30",43.661,0.000,223.400,0.000,0.000,0.000
"09:45",50.739,0.000,223.500,0.000,0.000,0.013
"10:00",57.690,0.000,223.700,0.000,0.000,0.000
"10:15",65.779,0.000,223.900,0.000,0.000,0.013
"10:30",72.154,0.000,223.900,0.000,0.000,0.000
"10:45",65.997,0.000,223.800,0.000,0.000,0.000
"11:00",59.610,0.000,223.500,0.000,0.000,0.000
"11:15",61.414,0.000,223.600,0.000,0.000,0.000
"11:30",56.653,0.000,223.400,0.000,0.000,0.000
"11:45",76.493,0.000,223.700,0.000,0.000,0.000
"12:00",89.088,0.000,223.900,0.000,0.000,0.013
"12:15",80.282,0.000,223.700,0.000,0.000,0.026
"12:30",87.373,0.000,224.100,0.000,0.000,0.000
"12:45",85.837,0.000,223.800,0.000,0.000,0.000
"13:00",98.624,0.000,224.200,0.000,0.000,0.000
"13:15",102.349,0.000,224.300,0.000,0.000,0.013
"13:30",102.298,0.000,224.400,0.000,0.000,0.000
"13:45",97.805,0.000,224.300,0.000,0.000,0.000
"14:00",103.821,0.000,224.500,0.000,0.000,0.013
"14:15",103.475,0.000,224.600,0.000,0.000,0.013
"14:30",102.426,0.000,224.500,0.000,0.000,0.000
"14:45",101.427,0.000,224.400,0.000,0.000,0.013
"15:00",99.635,0.000,224.400,0.000,0.000,0.026
"15:15",97.805,0.000,224.400,0.000,0.000,0.013
"15:30",95.386,0.000,224.300,0.000,0.000,0.038
"15:45",92.198,0.000,224.300,0.000,0.000,0.000
"16:00",88.090,0.000,224.200,0.000,0.000,0.013
"16:15",84.506,0.000,224.200,0.000,0.000,0.000
"16:30",79.795,0.000,224.100,0.000,0.000,0.026
"16:45",74.419,0.000,224.000,0.000,0.000,0.013
"17:00",68.582,0.000,223.900,0.000,0.000,0.013
"17:15",63.130,0.000,223.800,0.000,0.000,0.026
"17:30",56.666,0.000,223.700,0.000,0.000,0.026
"17:45",49.920,0.000,223.700,0.000,0.000,0.090
"18:00",42.816,0.000,223.400,0.000,0.000,0.038
"18:15",35.558,0.000,223.300,0.000,0.000,0.026
"18:30",28.378,0.000,223.200,0.000,0.000,0.013
"18:45",21.146,0.000,222.900,0.000,0.000,0.000
"19:00",14.234,0.000,222.500,0.000,0.000,0.013
"19:15",8.410,0.000,222.100,0.000,0.000,0.038
"19:30",2.739,0.000,221.800,0.000,0.000,0.038
"19:45",0.486,0.000,221.600,0.000,0.000,0.026
"20:00",0.128,0.000,221.600,0.038,0.000,0.013
"20:15",0.000,0.013,221.500,0.154,0.000,0.000
"20:30",0.000,0.026,221.500,0.166,0.000,0.000
"20:45",0.000,0.000,221.500,0.179,0.000,0.000
"21:00",0.000,0.000,221.500,0.192,0.000,0.000
"21:15",0.000,0.000,221.400,0.179,0.000,0.000
"21:30",0.000,0.000,221.400,0.179,0.000,0.000
"21:45",0.000,0.000,221.500,0.192,0.000,0.000
"22:00",0.000,0.000,221.500,0.179,0.000,0.000
"22:15",0.000,0.000,221.500,0.179,0.000,0.000
"22:30",0.000,0.000,221.600,0.192,0.000,0.000
"22:45",0.000,0.000,221.700,0.179,0.000,0.000
"23:00",0.000,0.000,221.700,0.192,0.000,0.000
"23:15",0.000,0.000,221.700,0.179,0.000,0.000
"23:30",0.000,0.000,221.600,0.192,0.000,0.000
"23:45",0.000,0.000,221.500,0.179,0.000,0.000
" 3/02/26 24:00",0.000,0.000,221.500,0.192,0.000,0.000
