"kwh"
"Time ","AGRIM02P","AGRIM02P","AGRIM02P","AGRIM02P","AGRIM02P","AGRIM02P"
" 1/25/26 00:15",0.000,0.000,219.200,0.179,0.000,0.000
" 1/25/26 00:30",0.000,0.000,219.200,0.179,0.000,0.000
"00:45",0.000,0.000,219.200,0.179,0.000,0.000
"01:00",0.000,0.000,219.200,0.179,0.000,0.000
"01:15",0.000,0.000,219.200,0.179,0.000,0.000
"01:30",0.000,0.000,219.200,0.179,0.000,0.000
"01:45",0.000,0.000,219.200,0.179,0.000,0.000
"02:00",0.000,0.000,219.200,0.192,0.000,0.000
"02:15",0.000,0.000,219.200,0.179,0.000,0.000
"02:30",0.000,0.000,219.300,0.179,0.000,0.000
"02:45",0.000,0.000,219.200,0.179,0.000,0.000
"03:00",0.000,0.000,219.200,0.179,0.000,0.000
"03:15",0.000,0.000,219.300,0.179,0.000,0.000
"03:30",0.000,0.000,219.300,0.192,0.000,0.000
"03:45",0.000,0.000,219.300,0.179,0.000,0.000
"04:00",0.000,0.000,219.300,0.179,0.000,0.000
"04:15",0.000,0.000,219.300,0.179,0.000,0.000
"04:30",0.000,0.000,219.300,0.179,0.000,0.000
"04:45",0.000,0.000,219.300,0.179,0.000,0.000
"05:00",0.000,0.000,219.300,0.192,0.000,0.000
"05:15",0.000,0.000,219.300,0.179,0.000,0.000
"05:30",0.000,0.000,219.300,0.179,0.000,0.000
"05:45",0.000,0.000,219.300,0.179,0.000,0.000
"06:00",0.000,0.000,219.300,0.179,0.000,0.000
"06:15",0.000,0.000,219.300,0.179,0.000,0.000
"06:30",0.000,0.000,219.300,0.192,0.000,0.000
"06:45",0.013,0.000,219.300,0.166,0.000,0.000
"07:00",0.371,0.000,219.400,0.013,0.000,0.026
"07:15",1.101,0.000,219.800,0.000,0.000,0.000
"07:30",2.074,0.000,219.700,0.000,0.000,0.000
"07:45",4.250,0.000,220.000,0.000,0.000,0.000
"08:00",8.602,0.000,220.200,0.000,0.000,0.000
"08:15",14.400,0.000,220.400,0.000,0.000,0.000
"08:30",21.005,0.000,220.700,0.000,0.000,0.000
"08:45",27.994,0.000,220.900,0.000,0.000,0.000
"09:00",35.098,0.000,221.100,0.000,0.000,0.000
"09:15",42.086,0.000,221.600,0.000,0.000,0.013
"09:30",48.909,0.000,221.700,0.000,0.000,0.000
"09:45",55.334,0.000,222.000,0.000,0.000,0.000
"10:00",61.658,0.000,222.400,0.000,0.000,0.000
"10:15",67.597,0.000,222.500,0.000,0.000,0.013
"10:30",72.947,0.000,222.500,0.000,0.000,0.000
"10:45",77.850,0.000,222.600,0.000,0.000,0.000
"11:00",81.946,0.000,222.700,0.000,0.000,0.000
"11:15",86.093,0.000,222.700,0.000,0.000,0.000
"11:30",90.163,0.000,222.700,0.000,0.000,0.000
"11:45",93.453,0.000,222.800,0.000,0.000,0.000
"12:00",96.461,0.000,222.700,0.000,0.000,0.000
"12:15",98.778,0.000,222.600,0.000,0.000,0.000
"12:30",101.350,0.000,222.600,0.000,0.000,0.000
"12:45",102.963,0.000,222.700,0.000,0.000,0.000
"13:00",98.637,0.000,222.800,0.000,0.000,0.000
"13:15",103.629,0.000,222.700,0.000,0.000,0.000
"13:30",103.142,0.000,222.600,0.000,0.000,0.000
"13:45",104.102,0.000,222.400,0.000,0.000,0.000
"14:00",101.261,0.000,222.800,0.000,0.000,0.000
"14:15",89.293,0.000,222.200,0.000,0.000,0.000
"14:30",80.525,0.000,222.300,0.000,0.000,0.013
"14:45",70.387,0.000,222.100,0.000,0.000,0.000
"15:00",78.298,0.000,222.300,0.000,0.000,0.000
"15:15",84.890,0.000,222.500,0.000,0.000,0.000
"15:30",98.944,0.000,222.500,0.000,0.000,0.000
"15:45",89.843,0.000,222.200,0.000,0.000,0.000
"16:00",82.099,0.000,222.100,0.000,0.000,0.000
"16:15",85.722,0.000,222.000,0.000,0.000,0.000
"16:30",81.229,0.000,221.800,0.000,0.000,0.000
"16:45",71.795,0.000,222.000,0.000,0.000,0.000
"17:00",70.438,0.000,221.900,0.000,0.000,0.000
"17:15",65.690,0.000,222.000,0.000,0.000,0.000
"17:30",59.802,0.000,221.900,0.000,0.000,0.000
"17:45",53.619,0.000,222.000,0.000,0.000,0.013
"18:00",47.296,0.000,222.000,0.000,0.000,0.000
"18:15",40.666,0.000,221.900,0.000,0.000,0.000
"18:30",33.984,0.000,221.800,0.000,0.000,0.000
"18:45",27.162,0.000,221.700,0.000,0.000,0.013
"19:00",17.613,0.000,221.100,0.000,0.000,0.013
"19:15",7.296,0.000,220.400,0.000,0.000,0.051
"19:30",7.206,0.000,220.600,0.000,0.000,0.077
"19:45",5.760,0.000,220.300,0.000,0.000,0.064
"20:00",2.854,0.000,220.100,0.000,0.000,0.102
"20:15",0.614,0.000,220.000,0.000,0.000,0.179
"20:30",0.077,0.013,219.900,0.013,0.026,0.051
"20:45",0.000,0.026,219.900,0.154,0.000,0.000
"21:00",0.000,0.013,219.800,0.166,0.000,0.000
"21:15",0.000,0.000,219.800,0.179,0.000,0.000
"21:30",0.000,0.000,219.800,0.179,0.000,0.000
"21:45",0.000,0.000,219.800,0.179,0.000,0.000
"22:00",0.000,0.000,219.900,0.179,0.000,0.000
"22:15",0.000,0.000,219.800,0.179,0.000,0.000
"22:30",0.000,0.000,219.900,0.192,0.000,0.000
"22:45",0.000,0.000,219.900,0.179,0.000,0.000
"23:00",0.000,0.000,219.800,0.179,0.000,0.000
"23:15",0.000,0.000,219.700,0.179,0.000,0.000
"23:30",0.000,0.000,219.700,0.179,0.000,0.000
"23:45",0.000,0.000,219.600,0.179,0.000,0.000
" 1/25/26 24:00",0.000,0.000,219.500,0.192,0.000,0.000
