"kwh"
"Time ","AGRIM02P","AGRIM02P","AGRIM02P","AGRIM02P","AGRIM02P","AGRIM02P"
" 6/06/26 00:15",0.000,0.000,221.700,0.166,0.000,0.000
" 6/06/26 00:30",0.000,0.000,221.600,0.179,0.000,0.000
"00:45",0.000,0.000,221.700,0.166,0.000,0.000
"01:00",0.000,0.000,221.700,0.179,0.000,0.000
"01:15",0.000,0.000,221.700,0.166,0.000,0.000
"01:30",0.000,0.000,221.700,0.179,0.000,0.000
"01:45",0.000,0.000,221.700,0.179,0.000,0.000
"02:00",0.000,0.000,221.700,0.166,0.000,0.000
"02:15",0.000,0.000,221.700,0.179,0.000,0.000
"02:30",0.000,0.000,221.800,0.166,0.000,0.000
"02:45",0.000,0.000,221.800,0.179,0.000,0.000
"03:00",0.000,0.000,221.700,0.179,0.000,0.000
"03:15",0.000,0.000,221.700,0.166,0.000,0.000
"03:30",0.000,0.000,221.700,0.179,0.000,0.000
"03:45",0.000,0.000,221.800,0.166,0.000,0.000
"04:00",0.000,0.000,221.800,0.179,0.000,0.000
"04:15",0.000,0.000,221.800,0.166,0.000,0.000
"04:30",0.000,0.000,221.800,0.179,0.000,0.000
"04:45",0.000,0.000,221.800,0.166,0.000,0.000
"05:00",0.000,0.000,221.800,0.179,0.000,0.000
"05:15",0.000,0.000,221.800,0.179,0.000,0.000
"05:30",0.000,0.000,221.800,0.166,0.000,0.000
"05:45",0.000,0.000,221.800,0.179,0.000,0.000
"06:00",0.000,0.000,221.800,0.166,0.000,0.000
"06:15",0.000,0.000,221.800,0.179,0.000,0.000
"06:30",0.000,0.000,221.700,0.166,0.000,0.000
"06:45",0.000,0.000,221.800,0.179,0.000,0.000
"07:00",0.000,0.000,221.800,0.179,0.000,0.000
"07:15",0.000,0.000,221.700,0.166,0.000,0.000
"07:30",0.000,0.000,221.700,0.179,0.000,0.000
"07:45",0.000,0.000,221.700,0.166,0.000,0.000
"08:00",0.000,0.000,221.500,0.179,0.000,0.000
"08:15",0.000,0.000,221.400,0.166,0.000,0.000
"08:30",0.000,0.000,221.300,0.166,0.000,0.000
"08:45",0.218,0.013,221.300,0.051,0.000,0.013
"09:00",1.267,0.000,221.300,0.000,0.000,0.102
"09:15",2.534,0.000,221.400,0.000,0.000,0.064
"09:30",3.277,0.000,221.400,0.000,0.000,0.051
"09:45",3.354,0.000,221.300,0.000,0.000,0.077
"10:00",4.467,0.000,221.300,0.000,0.000,0.051
"10:15",6.822,0.000,221.400,0.000,0.000,0.038
"10:30",9.920,0.000,221.500,0.000,0.000,0.026
"10:45",13.440,0.000,221.600,0.000,0.000,0.013
"11:00",18.240,0.000,221.800,0.000,0.000,0.000
"11:15",22.682,0.000,222.100,0.000,0.000,0.000
"11:30",29.786,0.000,222.300,0.000,0.000,0.000
"11:45",22.362,0.000,222.100,0.000,0.000,0.000
"12:00",34.752,0.000,222.500,0.000,0.000,0.000
"12:15",47.565,0.000,222.900,0.000,0.000,0.000
"12:30",32.205,0.000,222.300,0.000,0.000,0.000
"12:45",39.091,0.000,222.600,0.000,0.000,0.000
"13:00",46.285,0.000,222.800,0.000,0.000,0.000
"13:15",38.362,0.000,222.800,0.000,0.000,0.000
"13:30",69.786,0.000,223.200,0.000,0.000,0.000
"13:45",76.992,0.000,223.300,0.000,0.000,0.013
"14:00",94.195,0.000,223.700,0.000,0.000,0.000
"14:15",65.267,0.000,223.300,0.000,0.000,0.000
"14:30",53.210,0.000,222.800,0.000,0.000,0.000
"14:45",37.965,0.000,222.500,0.000,0.000,0.000
"15:00",40.922,0.000,222.600,0.000,0.000,0.000
"15:15",26.022,0.000,222.200,0.000,0.000,0.013
"15:30",35.699,0.000,222.200,0.000,0.000,0.000
"15:45",36.237,0.000,222.400,0.000,0.000,0.000
"16:00",21.158,0.000,221.900,0.000,0.000,0.013
"16:15",13.210,0.000,221.600,0.000,0.000,0.026
"16:30",7.616,0.000,221.600,0.000,0.000,0.026
"16:45",8.947,0.000,221.700,0.000,0.000,0.038
"17:00",8.730,0.000,221.900,0.000,0.000,0.026
"17:15",6.221,0.000,221.900,0.000,0.000,0.051
"17:30",2.240,0.000,221.600,0.000,0.000,0.038
"17:45",1.075,0.000,221.600,0.000,0.000,0.013
"18:00",0.474,0.000,221.600,0.000,0.000,0.026
"18:15",0.051,0.000,221.600,0.038,0.000,0.000
"18:30",0.013,0.026,221.500,0.090,0.000,0.000
"18:45",0.000,0.051,221.500,0.128,0.000,0.000
"19:00",0.000,0.013,221.500,0.154,0.000,0.000
"19:15",0.000,0.000,221.500,0.166,0.000,0.000
"19:30",0.000,0.000,221.400,0.179,0.000,0.000
"19:45",0.000,0.000,221.400,0.166,0.000,0.000
"20:00",0.000,0.000,221.400,0.179,0.000,0.000
"20:15",0.000,0.000,221.400,0.179,0.000,0.000
"20:30",0.000,0.000,221.400,0.166,0.000,0.000
"20:45",0.000,0.000,221.500,0.179,0.000,0.000
"21:00",0.000,0.000,221.500,0.166,0.000,0.000
"21:15",0.000,0.000,221.500,0.179,0.000,0.000
"21:30",0.000,0.000,221.500,0.166,0.000,0.000
"21:45",0.000,0.000,221.400,0.179,0.000,0.000
"22:00",0.000,0.000,221.500,0.179,0.000,0.000
"22:15",0.000,0.000,221.500,0.166,0.000,0.000
"22:30",0.000,0.000,221.500,0.179,0.000,0.000
"22:45",0.000,0.000,221.500,0.166,0.000,0.000
"23:00",0.000,0.000,221.500,0.179,0.000,0.000
"23:15",0.000,0.000,221.600,0.166,0.000,0.000
"23:30",0.000,0.000,221.600,0.179,0.000,0.000
"23:45",0.000,0.000,221.600,0.179,0.000,0.000
" 6/06/26 24:00",0.000,0.000,221.700,0.166,0.000,0.000
