"kwh"
"Time ","AGRIM02P","AGRIM02P","AGRIM02P","AGRIM02P","AGRIM02P","AGRIM02P"
" 3/01/26 00:15",0.000,0.000,221.500,0.179,0.000,0.000
" 3/01/26 00:30",0.000,0.000,221.500,0.192,0.000,0.000
"00:45",0.000,0.000,221.500,0.179,0.000,0.000
"01:00",0.000,0.000,221.500,0.179,0.000,0.000
"01:15",0.000,0.000,221.500,0.192,0.000,0.000
"01:30",0.000,0.000,221.500,0.179,0.000,0.000
"01:45",0.000,0.000,221.500,0.192,0.000,0.000
"02:00",0.000,0.000,221.500,0.179,0.000,0.000
"02:15",0.000,0.000,221.500,0.179,0.000,0.000
"02:30",0.000,0.000,221.600,0.192,0.000,0.000
"02:45",0.000,0.000,221.600,0.179,0.000,0.000
"03:00",0.000,0.000,221.600,0.179,0.000,0.000
"03:15",0.000,0.000,221.600,0.192,0.000,0.000
"03:30",0.000,0.000,221.600,0.179,0.000,0.000
"03:45",0.000,0.000,221.600,0.192,0.000,0.000
"04:00",0.000,0.000,221.700,0.179,0.000,0.000
"04:15",0.000,0.000,221.700,0.179,0.000,0.000
"04:30",0.000,0.000,221.600,0.192,0.000,0.000
"04:45",0.000,0.000,221.700,0.179,0.000,0.000
"05:00",0.000,0.000,221.700,0.179,0.000,0.000
"05:15",0.000,0.000,221.600,0.192,0.000,0.000
"05:30",0.000,0.000,221.700,0.179,0.000,0.000
"05:45",0.000,0.000,221.700,0.192,0.000,0.000
"06:00",0.000,0.000,221.700,0.179,0.000,0.000
"06:15",0.000,0.000,221.700,0.179,0.000,0.000
"06:30",0.000,0.000,221.600,0.192,0.000,0.000
"06:45",0.000,0.000,221.700,0.179,0.000,0.000
"07:00",0.000,0.000,221.600,0.192,0.000,0.000
"07:15",0.000,0.000,221.600,0.154,0.000,0.000
"07:30",0.218,0.000,221.600,0.013,0.000,0.000
"07:45",1.229,0.000,221.700,0.000,0.000,0.026
"08:00",3.341,0.000,221.800,0.000,0.000,0.000
"08:15",8.077,0.000,222.000,0.000,0.000,0.013
"08:30",15.181,0.000,222.500,0.000,0.000,0.000
"08:45",22.579,0.000,222.600,0.000,0.000,0.000
"09:00",30.054,0.000,223.000,0.000,0.000,0.000
"09:15",37.926,0.000,223.500,0.000,0.000,0.013
"09:30",45.069,0.000,223.900,0.000,0.000,0.051
"09:45",51.968,0.000,224.100,0.000,0.000,0.090
"10:00",58.726,0.000,224.300,0.000,0.000,0.077
"10:15",64.704,0.000,224.500,0.000,0.000,0.064
"10:30",70.528,0.000,224.400,0.000,0.000,0.051
"10:45",76.006,0.000,224.500,0.000,0.000,0.448
"11:00",80.934,0.000,224.500,0.000,0.000,0.038
"11:15",85.350,0.000,224.700,0.000,0.000,0.026
"11:30",89.766,0.000,224.600,0.000,0.000,0.026
"11:45",93.005,0.000,224.700,0.000,0.000,0.026
"12:00",96.077,0.000,224.700,0.000,0.000,0.026
"12:15",98.035,0.000,224.800,0.000,0.000,0.026
"12:30",99.494,0.000,224.900,0.000,0.000,0.038
"12:45",101.274,0.000,224.900,0.000,0.000,0.051
"13:00",103.142,0.000,224.900,0.000,0.000,0.026
"13:15",103.450,0.000,224.900,0.000,0.000,0.051
"13:30",97.408,0.000,224.800,0.000,0.000,0.115
"13:45",104.166,0.000,224.900,0.000,0.000,0.179
"14:00",104.141,0.000,224.900,0.000,0.000,0.077
"14:15",104.077,0.000,225.000,0.000,0.000,0.064
"14:30",103.680,0.000,224.900,0.000,0.000,0.038
"14:45",101.965,0.000,225.000,0.000,0.000,0.051
"15:00",100.032,0.000,224.900,0.000,0.000,0.038
"15:15",98.099,0.000,224.800,0.000,0.000,0.051
"15:30",95.654,0.000,224.800,0.000,0.000,0.077
"15:45",92.070,0.000,224.800,0.000,0.000,0.051
"16:00",88.064,0.000,224.700,0.000,0.000,0.051
"16:15",84.326,0.000,224.600,0.000,0.000,0.038
"16:30",79.629,0.000,224.500,0.000,0.000,0.077
"16:45",74.330,0.000,224.400,0.000,0.000,0.051
"17:00",69.414,0.000,224.300,0.000,0.000,0.026
"17:15",63.667,0.000,224.200,0.000,0.000,0.064
"17:30",57.229,0.000,224.100,0.000,0.000,0.038
"17:45",50.278,0.000,224.000,0.000,0.000,0.051
"18:00",43.507,0.000,223.800,0.000,0.000,0.115
"18:15",36.390,0.000,223.600,0.000,0.000,0.026
"18:30",29.005,0.000,223.300,0.000,0.000,0.013
"18:45",21.798,0.000,222.900,0.000,0.000,0.026
"19:00",14.861,0.000,222.600,0.000,0.000,0.026
"19:15",8.781,0.000,222.200,0.000,0.000,0.077
"19:30",4.006,0.000,221.800,0.000,0.000,0.051
"19:45",1.152,0.000,221.600,0.000,0.000,0.051
"20:00",0.218,0.000,221.500,0.000,0.000,0.013
"20:15",0.000,0.013,221.500,0.154,0.000,0.000
"20:30",0.000,0.013,221.500,0.154,0.000,0.000
"20:45",0.000,0.000,221.400,0.192,0.000,0.000
"21:00",0.000,0.000,221.300,0.179,0.000,0.000
"21:15",0.000,0.000,221.400,0.192,0.000,0.000
"21:30",0.000,0.000,221.400,0.179,0.000,0.000
"21:45",0.000,0.000,221.400,0.179,0.000,0.000
"22:00",0.000,0.000,221.400,0.192,0.000,0.000
"22:15",0.000,0.000,221.400,0.179,0.000,0.000
"22:30",0.000,0.000,221.400,0.179,0.000,0.000
"22:45",0.000,0.000,221.400,0.192,0.000,0.000
"23:00",0.000,0.000,221.500,0.179,0.000,0.000
"23:15",0.000,0.000,221.500,0.179,0.000,0.000
"23:30",0.000,0.000,221.300,0.192,0.000,0.000
"23:45",0.000,0.000,221.200,0.179,0.000,0.000
" 3/01/26 24:00",0.000,0.000,221.300,0.192,0.000,0.000
