"kwh"
"Time ","AGRIM02P","AGRIM02P","AGRIM02P","AGRIM02P","AGRIM02P","AGRIM02P"
" 1/20/26 00:15",0.000,0.000,218.700,0.179,0.000,0.000
" 1/20/26 00:30",0.000,0.000,218.700,0.179,0.000,0.000
"00:45",0.000,0.000,218.700,0.179,0.000,0.000
"01:00",0.000,0.000,218.700,0.179,0.000,0.000
"01:15",0.000,0.000,218.600,0.179,0.000,0.000
"01:30",0.000,0.000,218.600,0.179,0.000,0.000
"01:45",0.000,0.000,218.700,0.179,0.000,0.000
"02:00",0.000,0.000,218.700,0.192,0.000,0.000
"02:15",0.000,0.000,218.600,0.179,0.000,0.000
"02:30",0.000,0.000,218.700,0.179,0.000,0.000
"02:45",0.000,0.000,218.600,0.179,0.000,0.000
"03:00",0.000,0.000,218.600,0.179,0.000,0.000
"03:15",0.000,0.000,218.600,0.179,0.000,0.000
"03:30",0.000,0.000,218.700,0.179,0.000,0.000
"03:45",0.000,0.000,218.700,0.179,0.000,0.000
"04:00",0.000,0.000,218.700,0.179,0.000,0.000
"04:15",0.000,0.000,218.700,0.179,0.000,0.000
"04:30",0.000,0.000,218.700,0.179,0.000,0.000
"04:45",0.000,0.000,218.700,0.192,0.000,0.000
"05:00",0.000,0.000,218.700,0.179,0.000,0.000
"05:15",0.000,0.000,218.700,0.179,0.000,0.000
"05:30",0.000,0.000,218.800,0.179,0.000,0.000
"05:45",0.000,0.000,219.000,0.179,0.000,0.000
"06:00",0.000,0.000,219.000,0.179,0.000,0.000
"06:15",0.000,0.000,219.000,0.192,0.000,0.000
"06:30",0.000,0.000,219.000,0.179,0.000,0.000
"06:45",0.077,0.000,219.100,0.090,0.000,0.000
"07:00",0.576,0.000,219.100,0.000,0.000,0.013
"07:15",1.152,0.000,219.100,0.000,0.000,0.013
"07:30",2.112,0.000,219.100,0.000,0.000,0.000
"07:45",3.149,0.000,219.100,0.000,0.000,0.000
"08:00",7.322,0.000,219.300,0.000,0.000,0.051
"08:15",16.038,0.000,219.700,0.000,0.000,0.000
"08:30",23.232,0.000,220.000,0.000,0.000,0.000
"08:45",30.515,0.000,220.200,0.000,0.000,0.000
"09:00",37.888,0.000,220.100,0.000,0.000,0.000
"09:15",45.107,0.000,220.200,0.000,0.000,0.000
"09:30",51.853,0.000,220.400,0.000,0.000,0.000
"09:45",55.334,0.000,220.700,0.000,0.000,0.000
"10:00",64.256,0.000,221.000,0.000,0.000,0.000
"10:15",64.755,0.000,220.900,0.000,0.000,0.000
"10:30",76.083,0.000,221.100,0.000,0.000,0.000
"10:45",81.818,0.000,221.200,0.000,0.000,0.000
"11:00",86.246,0.000,221.300,0.000,0.000,0.000
"11:15",90.240,0.000,221.400,0.000,0.000,0.000
"11:30",94.835,0.000,221.300,0.000,0.000,0.000
"11:45",97.306,0.000,221.400,0.000,0.000,0.000
"12:00",99.635,0.000,221.500,0.000,0.000,0.000
"12:15",102.029,0.000,221.500,0.000,0.000,0.013
"12:30",103.245,0.000,221.500,0.000,0.000,0.000
"12:45",103.258,0.000,221.500,0.000,0.000,0.000
"13:00",103.603,0.000,221.500,0.000,0.000,0.000
"13:15",103.757,0.000,221.400,0.000,0.000,0.000
"13:30",103.770,0.000,221.400,0.000,0.000,0.000
"13:45",103.706,0.000,221.300,0.000,0.000,0.000
"14:00",103.629,0.000,221.300,0.000,0.000,0.000
"14:15",103.347,0.000,221.300,0.000,0.000,0.000
"14:30",103.027,0.000,221.300,0.000,0.000,0.000
"14:45",102.630,0.000,221.400,0.000,0.000,0.000
"15:00",101.235,0.000,221.400,0.000,0.000,0.000
"15:15",98.880,0.000,221.300,0.000,0.000,0.000
"15:30",96.973,0.000,221.200,0.000,0.000,0.000
"15:45",93.594,0.000,220.900,0.000,0.000,0.000
"16:00",90.035,0.000,220.800,0.000,0.000,0.000
"16:15",86.157,0.000,220.800,0.000,0.000,0.000
"16:30",78.246,0.000,220.400,0.000,0.000,0.000
"16:45",68.698,0.000,220.400,0.000,0.000,0.000
"17:00",72.218,0.000,220.500,0.000,0.000,0.000
"17:15",67.059,0.000,220.400,0.000,0.000,0.000
"17:30",60.941,0.000,220.400,0.000,0.000,0.000
"17:45",54.758,0.000,220.400,0.000,0.000,0.000
"18:00",48.294,0.000,220.200,0.000,0.000,0.000
"18:15",41.600,0.000,220.400,0.000,0.000,0.013
"18:30",34.394,0.000,220.100,0.000,0.000,0.000
"18:45",27.354,0.000,220.200,0.000,0.000,0.000
"19:00",20.403,0.000,219.900,0.000,0.000,0.000
"19:15",13.965,0.000,219.700,0.000,0.000,0.013
"19:30",8.499,0.000,219.300,0.000,0.000,0.038
"19:45",4.608,0.000,219.000,0.000,0.000,0.000
"20:00",2.406,0.000,218.800,0.000,0.000,0.090
"20:15",1.190,0.000,218.700,0.000,0.000,0.128
"20:30",0.358,0.000,218.700,0.000,0.000,0.115
"20:45",0.013,0.013,218.600,0.090,0.000,0.000
"21:00",0.000,0.026,218.500,0.154,0.000,0.000
"21:15",0.000,0.000,218.500,0.179,0.000,0.000
"21:30",0.000,0.000,218.600,0.179,0.000,0.000
"21:45",0.000,0.000,218.600,0.179,0.000,0.000
"22:00",0.000,0.000,218.600,0.179,0.000,0.000
"22:15",0.000,0.000,218.900,0.179,0.000,0.000
"22:30",0.000,0.000,218.900,0.179,0.000,0.000
"22:45",0.000,0.000,218.900,0.179,0.000,0.000
"23:00",0.000,0.000,218.900,0.179,0.000,0.000
"23:15",0.000,0.000,218.700,0.179,0.000,0.000
"23:30",0.000,0.000,218.400,0.179,0.000,0.000
"23:45",0.000,0.000,218.400,0.179,0.000,0.000
" 1/20/26 24:00",0.000,0.000,218.400,0.179,0.000,0.000
