"kwh"
"Time ","AGRIM02P","AGRIM02P","AGRIM02P","AGRIM02P","AGRIM02P","AGRIM02P"
" 7/08/26 00:15",0.000,0.000,221.700,0.166,0.000,0.000
" 7/08/26 00:30",0.000,0.000,221.800,0.179,0.000,0.000
"00:45",0.000,0.000,221.800,0.166,0.000,0.000
"01:00",0.000,0.000,221.800,0.179,0.000,0.000
"01:15",0.000,0.000,221.700,0.179,0.000,0.000
"01:30",0.000,0.000,221.700,0.166,0.000,0.000
"01:45",0.000,0.000,221.800,0.179,0.000,0.000
"02:00",0.000,0.000,221.800,0.166,0.000,0.000
"02:15",0.000,0.000,221.800,0.179,0.000,0.000
"02:30",0.000,0.000,221.800,0.166,0.000,0.000
"02:45",0.000,0.000,221.900,0.179,0.000,0.000
"03:00",0.000,0.000,221.800,0.179,0.000,0.000
"03:15",0.000,0.000,221.900,0.166,0.000,0.000
"03:30",0.000,0.000,221.900,0.179,0.000,0.000
"03:45",0.000,0.000,221.900,0.166,0.000,0.000
"04:00",0.000,0.000,221.900,0.179,0.000,0.000
"04:15",0.000,0.000,221.800,0.179,0.000,0.000
"04:30",0.000,0.000,221.900,0.166,0.000,0.000
"04:45",0.000,0.000,221.900,0.179,0.000,0.000
"05:00",0.000,0.000,221.900,0.179,0.000,0.000
"05:15",0.000,0.000,221.800,0.166,0.000,0.000
"05:30",0.000,0.000,221.900,0.179,0.000,0.000
"05:45",0.000,0.000,221.800,0.166,0.000,0.000
"06:00",0.000,0.000,221.800,0.179,0.000,0.000
"06:15",0.000,0.000,221.900,0.179,0.000,0.000
"06:30",0.000,0.000,221.900,0.166,0.000,0.000
"06:45",0.000,0.000,221.800,0.179,0.000,0.000
"07:00",0.000,0.000,221.700,0.166,0.000,0.000
"07:15",0.000,0.000,221.700,0.179,0.000,0.000
"07:30",0.000,0.000,221.800,0.179,0.000,0.000
"07:45",0.000,0.000,221.800,0.166,0.000,0.000
"08:00",0.000,0.000,221.800,0.179,0.000,0.000
"08:15",0.000,0.000,221.600,0.166,0.000,0.000
"08:30",0.026,0.000,221.400,0.064,0.000,0.000
"08:45",0.384,0.000,221.100,0.000,0.000,0.013
"09:00",1.498,0.000,221.100,0.000,0.000,0.000
"09:15",4.954,0.000,221.400,0.000,0.000,0.038
"09:30",6.054,0.000,221.500,0.000,0.000,0.026
"09:45",8.307,0.000,221.600,0.000,0.000,0.000
"10:00",28.390,0.000,222.200,0.000,0.000,0.000
"10:15",52.045,0.000,223.100,0.000,0.000,0.141
"10:30",58.368,0.000,223.300,0.000,0.000,0.435
"10:45",60.710,0.000,223.200,0.000,0.000,0.000
"11:00",65.318,0.000,223.300,0.000,0.000,0.000
"11:15",73.805,0.000,223.500,0.000,0.000,0.000
"11:30",66.534,0.000,223.400,0.000,0.000,0.000
"11:45",71.002,0.000,223.500,0.000,0.000,0.000
"12:00",72.461,0.000,223.500,0.000,0.000,0.000
"12:15",71.872,0.000,223.500,0.000,0.000,0.000
"12:30",57.869,0.000,222.900,0.000,0.000,0.000
"12:45",47.296,0.000,222.700,0.000,0.000,0.102
"13:00",77.171,0.000,223.300,0.000,0.000,0.128
"13:15",71.744,0.000,223.400,0.000,0.000,0.000
"13:30",102.528,0.000,223.500,0.000,0.000,0.000
"13:45",97.472,0.000,223.600,0.000,0.000,0.000
"14:00",97.139,0.000,223.800,0.000,0.000,0.000
"14:15",91.597,0.000,223.700,0.000,0.000,0.000
"14:30",89.370,0.000,223.700,0.000,0.000,0.000
"14:45",86.195,0.000,223.300,0.000,0.000,0.038
"15:00",69.504,0.000,223.200,0.000,0.000,0.486
"15:15",67.341,0.000,223.200,0.000,0.000,0.333
"15:30",90.944,0.000,223.900,0.000,0.000,0.000
"15:45",70.298,0.000,223.400,0.000,0.000,0.806
"16:00",52.224,0.000,223.000,0.000,0.000,0.000
"16:15",46.054,0.000,222.900,0.000,0.000,0.000
"16:30",29.926,0.000,222.500,0.000,0.000,0.000
"16:45",22.106,0.000,222.200,0.000,0.000,0.000
"17:00",20.045,0.000,222.100,0.000,0.000,0.000
"17:15",15.872,0.000,222.000,0.000,0.000,0.307
"17:30",12.109,0.000,221.900,0.000,0.000,0.077
"17:45",7.885,0.000,221.700,0.000,0.000,0.064
"18:00",5.235,0.000,221.700,0.000,0.000,0.090
"18:15",2.918,0.000,221.700,0.000,0.000,0.026
"18:30",0.307,0.000,221.600,0.000,0.000,0.000
"18:45",0.000,0.038,221.600,0.115,0.000,0.000
"19:00",0.000,0.038,221.500,0.128,0.000,0.000
"19:15",0.000,0.000,221.400,0.179,0.000,0.000
"19:30",0.000,0.000,221.400,0.179,0.000,0.000
"19:45",0.000,0.000,221.400,0.166,0.000,0.000
"20:00",0.000,0.000,221.400,0.179,0.000,0.000
"20:15",0.000,0.000,221.400,0.166,0.000,0.000
"20:30",0.000,0.000,221.400,0.179,0.000,0.000
"20:45",0.000,0.000,221.300,0.179,0.000,0.000
"21:00",0.000,0.000,221.200,0.166,0.000,0.000
"21:15",0.000,0.000,221.300,0.179,0.000,0.000
"21:30",0.000,0.000,221.300,0.166,0.000,0.000
"21:45",0.000,0.000,221.300,0.179,0.000,0.000
"22:00",0.000,0.000,221.300,0.179,0.000,0.000
"22:15",0.000,0.000,221.300,0.166,0.000,0.000
"22:30",0.000,0.000,221.300,0.179,0.000,0.000
"22:45",0.000,0.000,221.400,0.179,0.000,0.000
"23:00",0.000,0.000,221.400,0.166,0.000,0.000
"23:15",0.000,0.000,221.400,0.179,0.000,0.000
"23:30",0.000,0.000,221.500,0.179,0.000,0.000
"23:45",0.000,0.000,221.500,0.166,0.000,0.000
" 7/08/26 24:00",0.000,0.000,221.500,0.179,0.000,0.000
