"kwh"
"Time ","AGRIM02P","AGRIM02P","AGRIM02P","AGRIM02P","AGRIM02P","AGRIM02P"
" 7/04/26 00:15",0.000,0.000,221.500,0.166,0.000,0.000
" 7/04/26 00:30",0.000,0.000,221.400,0.179,0.000,0.000
"00:45",0.000,0.000,221.400,0.179,0.000,0.000
"01:00",0.000,0.000,221.400,0.166,0.000,0.000
"01:15",0.000,0.000,221.400,0.179,0.000,0.000
"01:30",0.000,0.000,221.400,0.179,0.000,0.000
"01:45",0.000,0.000,221.400,0.166,0.000,0.000
"02:00",0.000,0.000,221.400,0.179,0.000,0.000
"02:15",0.000,0.000,221.400,0.166,0.000,0.000
"02:30",0.000,0.000,221.500,0.179,0.000,0.000
"02:45",0.000,0.000,221.400,0.179,0.000,0.000
"03:00",0.000,0.000,221.500,0.166,0.000,0.000
"03:15",0.000,0.000,221.400,0.179,0.000,0.000
"03:30",0.000,0.000,221.500,0.179,0.000,0.000
"03:45",0.000,0.000,221.500,0.166,0.000,0.000
"04:00",0.000,0.000,221.400,0.179,0.000,0.000
"04:15",0.000,0.000,221.400,0.166,0.000,0.000
"04:30",0.000,0.000,221.400,0.179,0.000,0.000
"04:45",0.000,0.000,221.400,0.166,0.000,0.000
"05:00",0.000,0.000,221.400,0.179,0.000,0.000
"05:15",0.000,0.000,221.500,0.179,0.000,0.000
"05:30",0.000,0.000,221.500,0.166,0.000,0.000
"05:45",0.000,0.000,221.500,0.179,0.000,0.000
"06:00",0.000,0.000,221.400,0.179,0.000,0.000
"06:15",0.000,0.000,221.400,0.166,0.000,0.000
"06:30",0.000,0.000,221.500,0.179,0.000,0.000
"06:45",0.000,0.000,221.500,0.166,0.000,0.000
"07:00",0.000,0.000,221.400,0.179,0.000,0.000
"07:15",0.000,0.000,221.400,0.166,0.000,0.000
"07:30",0.000,0.000,221.400,0.179,0.000,0.000
"07:45",0.000,0.000,221.500,0.179,0.000,0.000
"08:00",0.000,0.000,221.400,0.166,0.000,0.000
"08:15",0.000,0.000,221.400,0.179,0.000,0.000
"08:30",0.000,0.000,221.400,0.166,0.000,0.000
"08:45",0.051,0.013,221.400,0.077,0.000,0.026
"09:00",0.397,0.000,221.500,0.000,0.000,0.026
"09:15",1.357,0.000,221.500,0.000,0.000,0.038
"09:30",4.851,0.000,221.600,0.000,0.000,0.013
"09:45",11.968,0.000,221.900,0.000,0.000,0.000
"10:00",22.131,0.000,222.300,0.000,0.000,0.000
"10:15",51.443,0.000,222.800,0.000,0.000,0.000
"10:30",61.773,0.000,223.900,0.000,0.000,0.013
"10:45",68.160,0.000,223.900,0.000,0.000,0.000
"11:00",77.734,0.000,223.900,0.000,0.000,0.000
"11:15",69.056,0.000,224.000,0.000,0.000,0.000
"11:30",53.760,0.000,223.400,0.000,0.000,0.000
"11:45",58.509,0.000,223.400,0.000,0.000,0.000
"12:00",75.162,0.000,223.500,0.000,0.000,0.000
"12:15",50.330,0.000,223.000,0.000,0.000,0.000
"12:30",59.610,0.000,223.200,0.000,0.000,0.000
"12:45",66.086,0.000,223.500,0.000,0.000,0.000
"13:00",66.355,0.000,223.300,0.000,0.000,0.000
"13:15",51.418,0.000,223.200,0.000,0.000,0.000
"13:30",53.952,0.000,223.100,0.000,0.000,0.000
"13:45",71.603,0.000,223.400,0.000,0.000,0.000
"14:00",52.966,0.000,223.000,0.000,0.000,0.000
"14:15",51.226,0.000,222.900,0.000,0.000,0.000
"14:30",42.918,0.000,222.700,0.000,0.000,0.000
"14:45",34.931,0.000,222.400,0.000,0.000,0.000
"15:00",23.770,0.000,222.000,0.000,0.000,0.000
"15:15",22.182,0.000,222.000,0.000,0.000,0.000
"15:30",20.378,0.000,222.100,0.000,0.000,0.000
"15:45",17.600,0.000,222.000,0.000,0.000,0.000
"16:00",14.310,0.000,222.000,0.000,0.000,0.000
"16:15",11.238,0.000,221.800,0.000,0.000,0.000
"16:30",10.022,0.000,221.700,0.000,0.000,0.013
"16:45",8.410,0.000,221.800,0.000,0.000,0.038
"17:00",6.464,0.000,221.900,0.000,0.000,0.051
"17:15",5.645,0.000,222.100,0.000,0.000,0.051
"17:30",3.763,0.000,222.000,0.000,0.000,0.051
"17:45",2.355,0.000,221.900,0.000,0.000,0.051
"18:00",0.499,0.000,221.900,0.000,0.000,0.013
"18:15",0.154,0.000,222.000,0.000,0.000,0.000
"18:30",0.013,0.026,221.900,0.064,0.000,0.000
"18:45",0.000,0.038,221.900,0.128,0.000,0.000
"19:00",0.000,0.038,221.700,0.141,0.000,0.000
"19:15",0.000,0.000,221.600,0.166,0.000,0.000
"19:30",0.000,0.000,221.600,0.179,0.000,0.000
"19:45",0.000,0.000,221.600,0.166,0.000,0.000
"20:00",0.000,0.000,221.600,0.179,0.000,0.000
"20:15",0.000,0.000,221.700,0.179,0.000,0.000
"20:30",0.000,0.000,221.800,0.166,0.000,0.000
"20:45",0.000,0.000,221.700,0.179,0.000,0.000
"21:00",0.000,0.000,221.700,0.166,0.000,0.000
"21:15",0.000,0.000,221.700,0.179,0.000,0.000
"21:30",0.000,0.000,221.700,0.166,0.000,0.000
"21:45",0.000,0.000,221.700,0.179,0.000,0.000
"22:00",0.000,0.000,221.800,0.179,0.000,0.000
"22:15",0.000,0.000,221.700,0.166,0.000,0.000
"22:30",0.000,0.000,221.700,0.179,0.000,0.000
"22:45",0.000,0.000,221.800,0.166,0.000,0.000
"23:00",0.000,0.000,221.600,0.179,0.000,0.000
"23:15",0.000,0.000,221.200,0.179,0.000,0.000
"23:30",0.000,0.000,221.200,0.166,0.000,0.000
"23:45",0.000,0.000,221.200,0.179,0.000,0.000
" 7/04/26 24:00",0.000,0.000,221.400,0.179,0.000,0.000
