"kwh"
"Time ","AGRIM02P","AGRIM02P","AGRIM02P","AGRIM02P","AGRIM02P","AGRIM02P"
" 5/11/26 00:15",0.000,0.000,221.600,0.179,0.000,0.000
" 5/11/26 00:30",0.000,0.000,221.600,0.166,0.000,0.000
"00:45",0.000,0.000,221.500,0.179,0.000,0.000
"01:00",0.000,0.000,221.600,0.179,0.000,0.000
"01:15",0.000,0.000,221.600,0.166,0.000,0.000
"01:30",0.000,0.000,221.600,0.179,0.000,0.000
"01:45",0.000,0.000,221.700,0.166,0.000,0.000
"02:00",0.000,0.000,221.700,0.179,0.000,0.000
"02:15",0.000,0.000,221.700,0.179,0.000,0.000
"02:30",0.000,0.000,221.600,0.166,0.000,0.000
"02:45",0.000,0.000,221.600,0.179,0.000,0.000
"03:00",0.000,0.000,221.700,0.179,0.000,0.000
"03:15",0.000,0.000,221.600,0.166,0.000,0.000
"03:30",0.000,0.000,221.600,0.179,0.000,0.000
"03:45",0.000,0.000,221.600,0.166,0.000,0.000
"04:00",0.000,0.000,221.600,0.179,0.000,0.000
"04:15",0.000,0.000,221.700,0.179,0.000,0.000
"04:30",0.000,0.000,221.700,0.166,0.000,0.000
"04:45",0.000,0.000,221.700,0.179,0.000,0.000
"05:00",0.000,0.000,221.600,0.166,0.000,0.000
"05:15",0.000,0.000,221.600,0.179,0.000,0.000
"05:30",0.000,0.000,221.600,0.179,0.000,0.000
"05:45",0.000,0.000,221.600,0.166,0.000,0.000
"06:00",0.000,0.000,221.600,0.179,0.000,0.000
"06:15",0.000,0.000,221.600,0.166,0.000,0.000
"06:30",0.000,0.000,221.600,0.179,0.000,0.000
"06:45",0.000,0.000,221.500,0.166,0.000,0.000
"07:00",0.000,0.000,221.500,0.179,0.000,0.000
"07:15",0.000,0.000,221.500,0.166,0.000,0.000
"07:30",0.000,0.000,221.500,0.179,0.000,0.000
"07:45",0.000,0.000,221.500,0.179,0.000,0.000
"08:00",0.000,0.013,221.600,0.128,0.000,0.000
"08:15",0.256,0.000,221.600,0.000,0.000,0.026
"08:30",2.854,0.000,221.900,0.000,0.000,0.051
"08:45",10.470,0.000,222.200,0.000,0.000,0.026
"09:00",24.512,0.000,222.700,0.000,0.000,0.000
"09:15",34.291,0.000,222.700,0.000,0.000,0.000
"09:30",42.982,0.000,223.000,0.000,0.000,0.000
"09:45",51.072,0.000,223.300,0.000,0.000,0.000
"10:00",58.752,0.000,223.500,0.000,0.000,0.000
"10:15",65.779,0.000,223.700,0.000,0.000,0.000
"10:30",72.333,0.000,223.800,0.000,0.000,0.000
"10:45",77.965,0.000,223.900,0.000,0.000,0.000
"11:00",83.469,0.000,224.000,0.000,0.000,0.000
"11:15",64.717,0.000,223.600,0.026,0.000,0.000
"11:30",46.861,0.000,223.800,0.000,0.000,0.000
"11:45",96.602,0.000,224.500,0.000,0.000,0.000
"12:00",100.723,0.000,224.500,0.000,0.000,0.000
"12:15",103.590,0.000,224.500,0.000,0.000,0.000
"12:30",105.830,0.000,224.500,0.000,0.000,0.000
"12:45",107.456,0.000,224.500,0.000,0.000,0.000
"13:00",109.184,0.000,224.500,0.000,0.000,0.000
"13:15",110.016,0.000,224.500,0.000,0.000,0.000
"13:30",109.978,0.000,224.600,0.000,0.000,0.000
"13:45",109.606,0.000,224.700,0.000,0.000,0.000
"14:00",109.094,0.000,224.600,0.000,0.000,0.000
"14:15",106.880,0.000,224.700,0.000,0.000,0.000
"14:30",105.165,0.000,224.900,0.000,0.000,0.102
"14:45",103.206,0.000,224.900,0.000,0.000,0.128
"15:00",99.994,0.000,224.800,0.000,0.000,0.102
"15:15",96.922,0.000,224.800,0.000,0.000,0.128
"15:30",92.813,0.000,224.700,0.000,0.000,0.128
"15:45",88.678,0.000,224.700,0.000,0.000,0.115
"16:00",83.418,0.000,224.500,0.000,0.000,0.128
"16:15",77.760,0.000,224.500,0.000,0.000,0.115
"16:30",71.219,0.000,224.400,0.000,0.000,0.090
"16:45",64.474,0.000,224.200,0.000,0.000,0.090
"17:00",56.934,0.000,224.000,0.000,0.000,0.000
"17:15",49.011,0.000,223.700,0.000,0.000,0.000
"17:30",40.832,0.000,223.300,0.000,0.000,0.000
"17:45",32.192,0.000,223.000,0.000,0.000,0.000
"18:00",22.566,0.000,222.600,0.000,0.000,0.013
"18:15",5.619,0.000,222.000,0.000,0.000,0.077
"18:30",1.229,0.000,221.800,0.000,0.000,0.026
"18:45",0.179,0.000,221.700,0.013,0.000,0.000
"19:00",0.000,0.026,221.600,0.115,0.000,0.000
"19:15",0.000,0.038,221.700,0.141,0.000,0.000
"19:30",0.000,0.000,221.600,0.179,0.000,0.000
"19:45",0.000,0.000,221.500,0.166,0.000,0.000
"20:00",0.000,0.000,221.500,0.179,0.000,0.000
"20:15",0.000,0.000,221.500,0.179,0.000,0.000
"20:30",0.000,0.000,221.400,0.166,0.000,0.000
"20:45",0.000,0.000,221.500,0.179,0.000,0.000
"21:00",0.000,0.000,221.500,0.166,0.000,0.000
"21:15",0.000,0.000,221.500,0.179,0.000,0.000
"21:30",0.000,0.000,221.600,0.179,0.000,0.000
"21:45",0.000,0.000,221.500,0.166,0.000,0.000
"22:00",0.000,0.000,221.700,0.179,0.000,0.000
"22:15",0.000,0.000,221.700,0.179,0.000,0.000
"22:30",0.000,0.000,221.800,0.166,0.000,0.000
"22:45",0.000,0.000,221.700,0.179,0.000,0.000
"23:00",0.000,0.000,221.700,0.179,0.000,0.000
"23:15",0.000,0.000,221.700,0.166,0.000,0.000
"23:30",0.000,0.000,221.700,0.179,0.000,0.000
"23:45",0.000,0.000,221.800,0.166,0.000,0.000
" 5/11/26 24:00",0.000,0.000,221.800,0.179,0.000,0.000
