"kwh"
"Time ","AGRIM02P","AGRIM02P","AGRIM02P","AGRIM02P","AGRIM02P","AGRIM02P"
" 4/06/26 00:15",0.000,0.000,221.800,0.179,0.000,0.000
" 4/06/26 00:30",0.000,0.000,221.700,0.192,0.000,0.000
"00:45",0.000,0.000,221.800,0.179,0.000,0.000
"01:00",0.000,0.000,221.800,0.179,0.000,0.000
"01:15",0.000,0.000,221.800,0.192,0.000,0.000
"01:30",0.000,0.000,221.800,0.179,0.000,0.000
"01:45",0.000,0.000,221.800,0.192,0.000,0.000
"02:00",0.000,0.000,221.800,0.179,0.000,0.000
"02:15",0.000,0.000,221.800,0.192,0.000,0.000
"02:30",0.000,0.000,221.800,0.179,0.000,0.000
"02:45",0.000,0.000,221.800,0.192,0.000,0.000
"03:00",0.000,0.000,221.800,0.179,0.000,0.000
"03:15",0.000,0.000,221.700,0.192,0.000,0.000
"03:30",0.000,0.000,221.800,0.179,0.000,0.000
"03:45",0.000,0.000,221.700,0.192,0.000,0.000
"04:00",0.000,0.000,221.700,0.179,0.000,0.000
"04:15",0.000,0.000,221.800,0.192,0.000,0.000
"04:30",0.000,0.000,221.700,0.179,0.000,0.000
"04:45",0.000,0.000,221.700,0.192,0.000,0.000
"05:00",0.000,0.000,221.700,0.179,0.000,0.000
"05:15",0.000,0.000,221.700,0.179,0.000,0.000
"05:30",0.000,0.000,221.800,0.192,0.000,0.000
"05:45",0.000,0.000,221.700,0.179,0.000,0.000
"06:00",0.000,0.000,221.700,0.192,0.000,0.000
"06:15",0.000,0.000,221.700,0.179,0.000,0.000
"06:30",0.000,0.000,221.800,0.179,0.000,0.000
"06:45",0.000,0.000,221.700,0.192,0.000,0.000
"07:00",0.000,0.000,221.700,0.179,0.000,0.000
"07:15",0.000,0.000,221.700,0.192,0.000,0.000
"07:30",0.000,0.000,221.700,0.179,0.000,0.000
"07:45",0.000,0.000,221.800,0.192,0.000,0.000
"08:00",0.000,0.000,221.800,0.128,0.000,0.000
"08:15",0.192,0.000,221.800,0.013,0.000,0.013
"08:30",0.973,0.000,221.900,0.000,0.000,0.013
"08:45",2.227,0.000,222.000,0.000,0.000,0.013
"09:00",3.763,0.000,222.000,0.000,0.000,0.013
"09:15",3.443,0.000,221.900,0.000,0.000,0.026
"09:30",4.941,0.000,221.900,0.000,0.000,0.000
"09:45",7.590,0.000,222.000,0.000,0.000,0.000
"10:00",10.355,0.000,222.000,0.000,0.000,0.000
"10:15",9.946,0.000,222.000,0.000,0.000,0.000
"10:30",12.134,0.000,222.100,0.000,0.000,0.000
"10:45",17.203,0.000,222.100,0.000,0.000,0.000
"11:00",20.762,0.000,222.200,0.000,0.000,0.000
"11:15",18.368,0.000,222.100,0.000,0.000,0.000
"11:30",18.368,0.000,222.000,0.000,0.000,0.000
"11:45",13.914,0.000,222.000,0.000,0.000,0.000
"12:00",17.165,0.000,222.200,0.000,0.000,0.000
"12:15",16.640,0.000,222.200,0.000,0.000,0.000
"12:30",15.066,0.000,222.100,0.000,0.000,0.000
"12:45",23.949,0.000,222.600,0.000,0.000,0.000
"13:00",47.603,0.000,223.200,0.000,0.000,0.000
"13:15",35.469,0.000,222.800,0.000,0.000,0.000
"13:30",33.088,0.000,222.600,0.000,0.000,0.000
"13:45",25.088,0.000,222.200,0.000,0.000,0.000
"14:00",19.597,0.000,222.200,0.000,0.000,0.013
"14:15",16.000,0.000,222.000,0.000,0.000,0.000
"14:30",18.650,0.000,222.100,0.000,0.000,0.000
"14:45",21.171,0.000,222.200,0.000,0.000,0.000
"15:00",20.826,0.000,222.200,0.000,0.000,0.000
"15:15",10.944,0.000,222.100,0.000,0.000,0.038
"15:30",18.509,0.000,222.600,0.000,0.000,0.000
"15:45",34.125,0.000,223.000,0.000,0.000,0.000
"16:00",29.670,0.000,223.000,0.000,0.000,0.000
"16:15",41.203,0.000,223.100,0.000,0.000,0.013
"16:30",54.592,0.000,223.000,0.000,0.000,0.000
"16:45",22.490,0.000,222.500,0.000,0.000,0.000
"17:00",20.314,0.000,222.600,0.000,0.000,0.000
"17:15",53.146,0.000,223.200,0.000,0.000,0.000
"17:30",30.029,0.000,222.500,0.000,0.000,0.000
"17:45",14.336,0.000,222.200,0.000,0.000,0.013
"18:00",10.470,0.000,222.200,0.000,0.000,0.013
"18:15",8.243,0.000,222.000,0.000,0.000,0.000
"18:30",5.222,0.000,221.900,0.000,0.000,0.013
"18:45",2.496,0.000,221.800,0.000,0.000,0.038
"19:00",0.998,0.000,221.700,0.000,0.000,0.051
"19:15",0.128,0.000,221.700,0.013,0.000,0.000
"19:30",0.000,0.026,221.700,0.154,0.000,0.000
"19:45",0.000,0.013,221.600,0.166,0.000,0.000
"20:00",0.000,0.000,221.600,0.192,0.000,0.000
"20:15",0.000,0.000,221.600,0.179,0.000,0.000
"20:30",0.000,0.000,221.600,0.179,0.000,0.000
"20:45",0.000,0.000,221.600,0.192,0.000,0.000
"21:00",0.000,0.000,221.500,0.179,0.000,0.000
"21:15",0.000,0.000,221.500,0.192,0.000,0.000
"21:30",0.000,0.000,221.500,0.179,0.000,0.000
"21:45",0.000,0.000,221.500,0.192,0.000,0.000
"22:00",0.000,0.000,221.600,0.179,0.000,0.000
"22:15",0.000,0.000,221.600,0.192,0.000,0.000
"22:30",0.000,0.000,221.500,0.179,0.000,0.000
"22:45",0.000,0.000,221.600,0.192,0.000,0.000
"23:00",0.000,0.000,221.600,0.179,0.000,0.000
"23:15",0.000,0.000,221.600,0.192,0.000,0.000
"23:30",0.000,0.000,221.700,0.179,0.000,0.000
"23:45",0.000,0.000,221.800,0.192,0.000,0.000
" 4/06/26 24:00",0.000,0.000,221.700,0.179,0.000,0.000
