"kwh"
"Time ","AGRIM02P","AGRIM02P","AGRIM02P","AGRIM02P","AGRIM02P","AGRIM02P"
" 4/13/26 00:15",0.000,0.000,221.400,0.179,0.000,0.000
" 4/13/26 00:30",0.000,0.000,221.500,0.179,0.000,0.000
"00:45",0.000,0.000,221.600,0.192,0.000,0.000
"01:00",0.000,0.000,221.600,0.179,0.000,0.000
"01:15",0.000,0.000,221.500,0.192,0.000,0.000
"01:30",0.000,0.000,221.600,0.179,0.000,0.000
"01:45",0.000,0.000,221.600,0.192,0.000,0.000
"02:00",0.000,0.000,221.600,0.179,0.000,0.000
"02:15",0.000,0.000,221.600,0.179,0.000,0.000
"02:30",0.000,0.000,221.600,0.192,0.000,0.000
"02:45",0.000,0.000,221.600,0.179,0.000,0.000
"03:00",0.000,0.000,221.600,0.192,0.000,0.000
"03:15",0.000,0.000,221.700,0.179,0.000,0.000
"03:30",0.000,0.000,221.700,0.179,0.000,0.000
"03:45",0.000,0.000,221.700,0.192,0.000,0.000
"04:00",0.000,0.000,221.700,0.179,0.000,0.000
"04:15",0.000,0.000,221.700,0.192,0.000,0.000
"04:30",0.000,0.000,221.600,0.179,0.000,0.000
"04:45",0.000,0.000,221.700,0.192,0.000,0.000
"05:00",0.000,0.000,221.700,0.179,0.000,0.000
"05:15",0.000,0.000,221.700,0.192,0.000,0.000
"05:30",0.000,0.000,221.600,0.179,0.000,0.000
"05:45",0.000,0.000,221.700,0.179,0.000,0.000
"06:00",0.000,0.000,221.700,0.192,0.000,0.000
"06:15",0.000,0.000,221.600,0.179,0.000,0.000
"06:30",0.000,0.000,221.500,0.192,0.000,0.000
"06:45",0.000,0.000,221.500,0.179,0.000,0.000
"07:00",0.000,0.000,221.500,0.179,0.000,0.000
"07:15",0.000,0.000,221.500,0.192,0.000,0.000
"07:30",0.000,0.000,221.400,0.179,0.000,0.000
"07:45",0.000,0.013,221.500,0.166,0.000,0.000
"08:00",0.102,0.000,221.500,0.077,0.000,0.013
"08:15",0.602,0.000,221.600,0.000,0.000,0.038
"08:30",1.101,0.000,221.600,0.000,0.000,0.013
"08:45",4.954,0.000,221.800,0.000,0.000,0.026
"09:00",9.075,0.000,222.000,0.000,0.000,0.026
"09:15",8.371,0.000,222.000,0.000,0.000,0.038
"09:30",11.750,0.000,222.000,0.000,0.000,0.000
"09:45",23.347,0.000,222.300,0.000,0.000,0.000
"10:00",23.693,0.000,222.600,0.000,0.000,0.013
"10:15",28.365,0.000,222.800,0.000,0.000,0.000
"10:30",36.083,0.000,222.900,0.000,0.000,0.013
"10:45",41.702,0.000,222.900,0.000,0.000,0.000
"11:00",49.408,0.000,223.100,0.000,0.000,0.000
"11:15",49.766,0.000,223.000,0.000,0.000,0.000
"11:30",36.762,0.000,222.900,0.000,0.000,0.000
"11:45",35.981,0.000,222.700,0.000,0.000,0.000
"12:00",54.426,0.000,223.200,0.000,0.000,0.000
"12:15",51.533,0.000,223.200,0.000,0.000,0.013
"12:30",44.966,0.000,223.000,0.000,0.000,0.000
"12:45",42.611,0.000,223.000,0.000,0.000,0.013
"13:00",50.739,0.000,223.200,0.000,0.000,0.000
"13:15",53.645,0.000,223.200,0.000,0.000,0.000
"13:30",57.613,0.000,223.500,0.000,0.000,0.013
"13:45",43.392,0.000,223.100,0.000,0.000,0.013
"14:00",51.661,0.000,223.100,0.000,0.000,0.000
"14:15",46.554,0.000,223.000,0.000,0.000,0.000
"14:30",39.514,0.000,222.900,0.000,0.000,0.000
"14:45",32.346,0.000,222.800,0.000,0.000,0.013
"15:00",34.970,0.000,222.800,0.000,0.000,0.000
"15:15",30.067,0.000,222.600,0.000,0.000,0.000
"15:30",35.328,0.000,222.700,0.000,0.000,0.000
"15:45",37.542,0.000,222.700,0.000,0.000,0.000
"16:00",27.200,0.000,222.500,0.000,0.000,0.000
"16:15",18.086,0.000,222.100,0.000,0.000,0.000
"16:30",15.629,0.000,221.900,0.000,0.000,0.000
"16:45",21.696,0.000,222.100,0.000,0.000,0.013
"17:00",25.818,0.000,222.200,0.000,0.000,0.000
"17:15",14.630,0.000,222.100,0.000,0.000,0.013
"17:30",12.416,0.000,222.000,0.000,0.000,0.000
"17:45",8.550,0.000,221.900,0.000,0.000,0.013
"18:00",6.490,0.000,221.800,0.000,0.000,0.026
"18:15",8.512,0.000,222.000,0.000,0.000,0.013
"18:30",3.674,0.000,221.700,0.000,0.000,0.064
"18:45",1.728,0.000,221.700,0.000,0.000,0.064
"19:00",0.192,0.000,221.600,0.000,0.000,0.000
"19:15",0.013,0.013,221.400,0.141,0.000,0.000
"19:30",0.000,0.013,221.300,0.154,0.000,0.000
"19:45",0.000,0.013,221.200,0.179,0.000,0.000
"20:00",0.000,0.000,221.200,0.192,0.000,0.000
"20:15",0.000,0.000,221.200,0.179,0.000,0.000
"20:30",0.000,0.000,221.300,0.179,0.000,0.000
"20:45",0.000,0.000,221.300,0.192,0.000,0.000
"21:00",0.000,0.000,221.300,0.179,0.000,0.000
"21:15",0.000,0.000,221.300,0.179,0.000,0.000
"21:30",0.000,0.000,221.200,0.192,0.000,0.000
"21:45",0.000,0.000,221.200,0.179,0.000,0.000
"22:00",0.000,0.000,221.200,0.179,0.000,0.000
"22:15",0.000,0.000,221.300,0.192,0.000,0.000
"22:30",0.000,0.000,221.300,0.179,0.000,0.000
"22:45",0.000,0.000,221.300,0.192,0.000,0.000
"23:00",0.000,0.000,221.300,0.179,0.000,0.000
"23:15",0.000,0.000,221.400,0.179,0.000,0.000
"23:30",0.000,0.000,221.400,0.179,0.000,0.000
"23:45",0.000,0.000,221.400,0.192,0.000,0.000
" 4/13/26 24:00",0.000,0.000,221.500,0.179,0.000,0.000
