"kwh"
"Time ","AGRIM02P","AGRIM02P","AGRIM02P","AGRIM02P","AGRIM02P","AGRIM02P"
" 6/13/26 00:15",0.000,0.000,221.700,0.166,0.000,0.000
" 6/13/26 00:30",0.000,0.000,221.700,0.179,0.000,0.000
"00:45",0.000,0.000,221.700,0.166,0.000,0.000
"01:00",0.000,0.000,221.800,0.179,0.000,0.000
"01:15",0.000,0.000,221.800,0.179,0.000,0.000
"01:30",0.000,0.000,221.900,0.166,0.000,0.000
"01:45",0.000,0.000,221.800,0.179,0.000,0.000
"02:00",0.000,0.000,221.800,0.179,0.000,0.000
"02:15",0.000,0.000,221.800,0.166,0.000,0.000
"02:30",0.000,0.000,221.800,0.179,0.000,0.000
"02:45",0.000,0.000,221.800,0.179,0.000,0.000
"03:00",0.000,0.000,221.800,0.166,0.000,0.000
"03:15",0.000,0.000,221.800,0.179,0.000,0.000
"03:30",0.000,0.000,221.900,0.166,0.000,0.000
"03:45",0.000,0.000,221.800,0.179,0.000,0.000
"04:00",0.000,0.000,221.900,0.179,0.000,0.000
"04:15",0.000,0.000,221.900,0.166,0.000,0.000
"04:30",0.000,0.000,221.900,0.179,0.000,0.000
"04:45",0.000,0.000,221.800,0.166,0.000,0.000
"05:00",0.000,0.000,221.800,0.179,0.000,0.000
"05:15",0.000,0.000,221.800,0.179,0.000,0.000
"05:30",0.000,0.000,221.800,0.166,0.000,0.000
"05:45",0.000,0.000,221.800,0.179,0.000,0.000
"06:00",0.000,0.000,221.800,0.179,0.000,0.000
"06:15",0.000,0.000,221.800,0.166,0.000,0.000
"06:30",0.000,0.000,221.800,0.179,0.000,0.000
"06:45",0.000,0.000,221.700,0.166,0.000,0.000
"07:00",0.000,0.000,221.700,0.179,0.000,0.000
"07:15",0.000,0.000,221.700,0.179,0.000,0.000
"07:30",0.000,0.000,221.600,0.166,0.000,0.000
"07:45",0.000,0.000,221.700,0.179,0.000,0.000
"08:00",0.000,0.000,221.600,0.166,0.000,0.000
"08:15",0.000,0.000,221.600,0.179,0.000,0.000
"08:30",0.000,0.000,221.600,0.166,0.000,0.000
"08:45",0.154,0.000,221.500,0.013,0.000,0.013
"09:00",0.934,0.000,221.600,0.000,0.000,0.090
"09:15",2.483,0.000,221.600,0.000,0.000,0.064
"09:30",6.925,0.000,221.800,0.000,0.000,0.013
"09:45",16.653,0.000,222.000,0.000,0.000,0.000
"10:00",20.250,0.000,222.300,0.000,0.000,0.000
"10:15",34.445,0.000,222.900,0.000,0.000,0.013
"10:30",54.336,0.000,223.200,0.000,0.000,0.000
"10:45",40.077,0.000,222.900,0.000,0.000,0.000
"11:00",38.285,0.000,222.700,0.000,0.000,0.000
"11:15",38.822,0.000,222.700,0.000,0.000,0.000
"11:30",35.968,0.000,222.600,0.000,0.000,0.000
"11:45",62.797,0.000,223.000,0.000,0.000,0.000
"12:00",30.720,0.000,222.900,0.000,0.000,0.000
"12:15",72.576,0.000,223.600,0.000,0.000,0.051
"12:30",60.493,0.000,223.600,0.000,0.000,0.013
"12:45",66.278,0.000,223.600,0.000,0.000,0.013
"13:00",106.534,0.000,224.200,0.000,0.000,0.000
"13:15",50.573,0.000,223.200,0.000,0.000,0.000
"13:30",26.995,0.000,222.900,0.000,0.000,0.000
"13:45",73.958,0.000,223.300,0.000,0.000,0.000
"14:00",33.946,0.000,222.500,0.000,0.000,0.000
"14:15",39.654,0.000,222.800,0.000,0.000,0.000
"14:30",29.747,0.000,222.600,0.000,0.000,0.000
"14:45",42.227,0.000,222.500,0.000,0.000,0.000
"15:00",33.907,0.000,222.300,0.000,0.000,0.000
"15:15",18.534,0.000,222.100,0.000,0.000,0.000
"15:30",15.309,0.000,222.000,0.000,0.000,0.013
"15:45",12.378,0.000,221.900,0.000,0.000,0.013
"16:00",7.757,0.000,221.700,0.000,0.000,0.077
"16:15",3.430,0.000,221.700,0.000,0.000,0.090
"16:30",1.869,0.000,221.600,0.000,0.000,0.102
"16:45",1.114,0.000,221.500,0.000,0.000,0.026
"17:00",1.203,0.000,221.600,0.000,0.000,0.115
"17:15",0.986,0.000,221.500,0.000,0.000,0.102
"17:30",0.589,0.000,221.500,0.000,0.000,0.013
"17:45",0.461,0.000,221.400,0.000,0.000,0.013
"18:00",0.230,0.000,221.400,0.000,0.000,0.026
"18:15",0.026,0.013,221.400,0.051,0.000,0.000
"18:30",0.000,0.038,221.300,0.115,0.000,0.000
"18:45",0.000,0.051,221.300,0.128,0.000,0.000
"19:00",0.000,0.013,221.300,0.166,0.000,0.000
"19:15",0.000,0.000,221.300,0.179,0.000,0.000
"19:30",0.000,0.000,221.300,0.166,0.000,0.000
"19:45",0.000,0.000,221.200,0.179,0.000,0.000
"20:00",0.000,0.000,221.200,0.166,0.000,0.000
"20:15",0.000,0.000,221.200,0.179,0.000,0.000
"20:30",0.000,0.000,221.300,0.179,0.000,0.000
"20:45",0.000,0.000,221.300,0.166,0.000,0.000
"21:00",0.000,0.000,221.300,0.179,0.000,0.000
"21:15",0.000,0.000,221.400,0.179,0.000,0.000
"21:30",0.000,0.000,221.400,0.166,0.000,0.000
"21:45",0.000,0.000,221.400,0.179,0.000,0.000
"22:00",0.000,0.000,221.400,0.166,0.000,0.000
"22:15",0.000,0.000,221.500,0.179,0.000,0.000
"22:30",0.000,0.000,221.500,0.179,0.000,0.000
"22:45",0.000,0.000,221.400,0.166,0.000,0.000
"23:00",0.000,0.000,221.400,0.179,0.000,0.000
"23:15",0.000,0.000,221.300,0.179,0.000,0.000
"23:30",0.000,0.000,221.300,0.166,0.000,0.000
"23:45",0.000,0.000,221.300,0.179,0.000,0.000
" 6/13/26 24:00",0.000,0.000,221.500,0.166,0.000,0.000
