"kwh"
"Time ","AGRIM02P","AGRIM02P","AGRIM02P","AGRIM02P","AGRIM02P","AGRIM02P"
" 2/03/26 00:15",0.000,0.000,220.800,0.179,0.000,0.000
" 2/03/26 00:30",0.000,0.000,220.900,0.179,0.000,0.000
"00:45",0.000,0.000,220.900,0.179,0.000,0.000
"01:00",0.000,0.000,220.900,0.192,0.000,0.000
"01:15",0.000,0.000,220.900,0.179,0.000,0.000
"01:30",0.000,0.000,220.800,0.179,0.000,0.000
"01:45",0.000,0.000,220.900,0.192,0.000,0.000
"02:00",0.000,0.000,220.900,0.179,0.000,0.000
"02:15",0.000,0.000,220.900,0.179,0.000,0.000
"02:30",0.000,0.000,220.900,0.179,0.000,0.000
"02:45",0.000,0.000,220.900,0.192,0.000,0.000
"03:00",0.000,0.000,220.900,0.179,0.000,0.000
"03:15",0.000,0.000,220.900,0.179,0.000,0.000
"03:30",0.000,0.000,220.900,0.192,0.000,0.000
"03:45",0.000,0.000,220.800,0.179,0.000,0.000
"04:00",0.000,0.000,220.800,0.179,0.000,0.000
"04:15",0.000,0.000,220.800,0.179,0.000,0.000
"04:30",0.000,0.000,220.800,0.192,0.000,0.000
"04:45",0.000,0.000,220.900,0.179,0.000,0.000
"05:00",0.000,0.000,220.900,0.179,0.000,0.000
"05:15",0.000,0.000,220.900,0.192,0.000,0.000
"05:30",0.000,0.000,220.900,0.179,0.000,0.000
"05:45",0.000,0.000,220.900,0.179,0.000,0.000
"06:00",0.000,0.000,220.900,0.192,0.000,0.000
"06:15",0.000,0.000,220.900,0.179,0.000,0.000
"06:30",0.000,0.000,220.800,0.179,0.000,0.000
"06:45",0.000,0.000,220.600,0.179,0.000,0.000
"07:00",0.077,0.000,220.600,0.102,0.000,0.026
"07:15",0.614,0.000,220.600,0.000,0.000,0.141
"07:30",1.331,0.000,220.900,0.000,0.000,0.090
"07:45",2.829,0.000,221.100,0.000,0.000,0.026
"08:00",6.515,0.000,221.300,0.000,0.000,0.000
"08:15",12.506,0.000,221.600,0.000,0.000,0.000
"08:30",19.098,0.000,221.900,0.000,0.000,0.000
"08:45",26.035,0.000,222.200,0.000,0.000,0.013
"09:00",33.114,0.000,222.400,0.000,0.000,0.000
"09:15",40.128,0.000,222.500,0.000,0.000,0.000
"09:30",46.758,0.000,222.600,0.000,0.000,0.000
"09:45",53.005,0.000,222.900,0.000,0.000,0.013
"10:00",58.893,0.000,223.100,0.000,0.000,0.013
"10:15",64.563,0.000,223.200,0.000,0.000,0.013
"10:30",70.195,0.000,223.200,0.000,0.000,0.000
"10:45",75.891,0.000,223.200,0.000,0.000,0.013
"11:00",69.722,0.000,223.000,0.000,0.000,0.000
"11:15",73.766,0.000,223.300,0.000,0.000,0.013
"11:30",87.526,0.000,223.600,0.000,0.000,0.000
"11:45",90.701,0.000,223.800,0.000,0.000,0.000
"12:00",93.773,0.000,223.900,0.000,0.000,0.013
"12:15",90.893,0.000,223.900,0.000,0.000,0.026
"12:30",98.022,0.000,223.900,0.000,0.000,0.000
"12:45",99.354,0.000,223.900,0.000,0.000,0.000
"13:00",100.531,0.000,223.900,0.000,0.000,0.013
"13:15",100.736,0.000,223.900,0.000,0.000,0.000
"13:30",101.133,0.000,223.900,0.000,0.000,0.000
"13:45",101.350,0.000,223.900,0.000,0.000,0.013
"14:00",101.338,0.000,223.900,0.000,0.000,0.013
"14:15",100.378,0.000,223.900,0.000,0.000,0.013
"14:30",99.789,0.000,223.800,0.000,0.000,0.013
"14:45",98.048,0.000,223.800,0.000,0.000,0.000
"15:00",96.346,0.000,223.700,0.000,0.000,0.000
"15:15",95.872,0.000,223.800,0.000,0.000,0.026
"15:30",91.482,0.000,223.600,0.000,0.000,0.141
"15:45",89.178,0.000,223.500,0.000,0.000,0.141
"16:00",85.619,0.000,223.500,0.000,0.000,0.000
"16:15",82.010,0.000,223.100,0.000,0.000,0.038
"16:30",79.091,0.000,222.700,0.000,0.000,0.038
"16:45",57.690,0.000,221.900,0.000,0.000,0.013
"17:00",65.702,0.000,221.800,0.000,0.000,0.000
"17:15",65.370,0.000,221.900,0.000,0.000,0.013
"17:30",58.048,0.000,221.800,0.000,0.000,0.013
"17:45",51.955,0.000,221.900,0.000,0.000,0.000
"18:00",45.811,0.000,222.000,0.000,0.000,0.000
"18:15",39.309,0.000,222.100,0.000,0.000,0.000
"18:30",32.704,0.000,222.000,0.000,0.000,0.013
"18:45",25.971,0.000,221.800,0.000,0.000,0.000
"19:00",19.290,0.000,221.600,0.000,0.000,0.000
"19:15",13.030,0.000,221.300,0.000,0.000,0.013
"19:30",7.757,0.000,220.900,0.000,0.000,0.102
"19:45",3.891,0.000,220.500,0.000,0.000,0.115
"20:00",1.690,0.000,220.300,0.000,0.000,0.077
"20:15",0.678,0.000,220.200,0.000,0.000,0.128
"20:30",0.077,0.013,220.200,0.051,0.000,0.026
"20:45",0.000,0.013,220.100,0.154,0.000,0.000
"21:00",0.000,0.013,220.100,0.166,0.000,0.000
"21:15",0.000,0.000,220.100,0.179,0.000,0.000
"21:30",0.000,0.000,220.000,0.179,0.000,0.000
"21:45",0.000,0.000,220.000,0.192,0.000,0.000
"22:00",0.000,0.000,220.100,0.179,0.000,0.000
"22:15",0.000,0.000,220.100,0.179,0.000,0.000
"22:30",0.000,0.000,220.200,0.179,0.000,0.000
"22:45",0.000,0.000,220.200,0.179,0.000,0.000
"23:00",0.000,0.000,220.300,0.179,0.000,0.000
"23:15",0.000,0.000,220.200,0.192,0.000,0.000
"23:30",0.000,0.000,219.700,0.179,0.000,0.000
"23:45",0.000,0.000,219.700,0.179,0.000,0.000
" 2/03/26 24:00",0.000,0.000,219.900,0.179,0.000,0.000
