"kwh"
"Time ","AGRIM02P","AGRIM02P","AGRIM02P","AGRIM02P","AGRIM02P","AGRIM02P"
" 6/05/26 00:15",0.000,0.000,221.800,0.179,0.000,0.000
" 6/05/26 00:30",0.000,0.000,221.700,0.166,0.000,0.000
"00:45",0.000,0.000,221.800,0.179,0.000,0.000
"01:00",0.000,0.000,221.800,0.179,0.000,0.000
"01:15",0.000,0.000,221.800,0.166,0.000,0.000
"01:30",0.000,0.000,221.900,0.179,0.000,0.000
"01:45",0.000,0.000,221.900,0.166,0.000,0.000
"02:00",0.000,0.000,221.800,0.179,0.000,0.000
"02:15",0.000,0.000,221.800,0.166,0.000,0.000
"02:30",0.000,0.000,221.800,0.179,0.000,0.000
"02:45",0.000,0.000,221.900,0.179,0.000,0.000
"03:00",0.000,0.000,221.900,0.166,0.000,0.000
"03:15",0.000,0.000,221.900,0.179,0.000,0.000
"03:30",0.000,0.000,221.900,0.166,0.000,0.000
"03:45",0.000,0.000,221.900,0.179,0.000,0.000
"04:00",0.000,0.000,221.900,0.166,0.000,0.000
"04:15",0.000,0.000,221.900,0.179,0.000,0.000
"04:30",0.000,0.000,221.900,0.166,0.000,0.000
"04:45",0.000,0.000,221.900,0.179,0.000,0.000
"05:00",0.000,0.000,221.800,0.166,0.000,0.000
"05:15",0.000,0.000,221.800,0.179,0.000,0.000
"05:30",0.000,0.000,221.900,0.179,0.000,0.000
"05:45",0.000,0.000,221.800,0.166,0.000,0.000
"06:00",0.000,0.000,221.800,0.179,0.000,0.000
"06:15",0.000,0.000,221.800,0.166,0.000,0.000
"06:30",0.000,0.000,221.800,0.179,0.000,0.000
"06:45",0.000,0.000,221.800,0.166,0.000,0.000
"07:00",0.000,0.000,221.700,0.179,0.000,0.000
"07:15",0.000,0.000,221.800,0.166,0.000,0.000
"07:30",0.000,0.000,221.700,0.179,0.000,0.000
"07:45",0.000,0.000,221.800,0.166,0.000,0.000
"08:00",0.000,0.000,221.700,0.179,0.000,0.000
"08:15",0.000,0.000,221.700,0.166,0.000,0.000
"08:30",0.000,0.000,221.700,0.166,0.000,0.000
"08:45",0.013,0.000,221.700,0.077,0.000,0.013
"09:00",0.397,0.000,221.700,0.013,0.000,0.038
"09:15",1.062,0.000,221.700,0.000,0.000,0.064
"09:30",1.062,0.000,221.700,0.000,0.000,0.051
"09:45",5.414,0.000,221.800,0.000,0.000,0.038
"10:00",5.990,0.000,221.800,0.000,0.000,0.038
"10:15",6.541,0.000,221.900,0.000,0.000,0.038
"10:30",9.907,0.000,222.000,0.000,0.000,0.013
"10:45",9.242,0.000,221.900,0.000,0.000,0.013
"11:00",12.864,0.000,222.000,0.000,0.000,0.000
"11:15",12.083,0.000,222.000,0.000,0.000,0.013
"11:30",12.045,0.000,222.100,0.000,0.000,0.013
"11:45",20.262,0.000,222.300,0.000,0.000,0.000
"12:00",21.619,0.000,222.500,0.000,0.000,0.000
"12:15",30.771,0.000,222.900,0.000,0.000,0.000
"12:30",30.144,0.000,223.000,0.000,0.000,0.000
"12:45",32.384,0.000,223.000,0.000,0.000,0.000
"13:00",29.811,0.000,222.800,0.000,0.000,0.000
"13:15",50.227,0.000,223.100,0.000,0.000,0.000
"13:30",75.494,0.000,223.500,0.000,0.000,0.000
"13:45",75.648,0.000,223.600,0.000,0.000,0.000
"14:00",28.032,0.000,222.800,0.000,0.000,0.013
"14:15",38.426,0.000,222.700,0.000,0.000,0.000
"14:30",32.179,0.000,222.900,0.000,0.000,0.000
"14:45",65.805,0.000,223.600,0.000,0.000,0.000
"15:00",63.693,0.000,223.200,0.000,0.000,0.000
"15:15",45.030,0.000,222.900,0.000,0.000,0.000
"15:30",48.282,0.000,222.900,0.000,0.000,0.000
"15:45",44.211,0.000,222.600,0.000,0.000,0.000
"16:00",59.699,0.000,222.800,0.000,0.000,0.000
"16:15",64.141,0.000,223.000,0.000,0.000,0.000
"16:30",43.072,0.000,222.500,0.000,0.000,0.000
"16:45",25.958,0.000,222.300,0.000,0.000,0.000
"17:00",42.752,0.000,222.400,0.000,0.000,0.000
"17:15",35.942,0.000,222.300,0.000,0.000,0.000
"17:30",27.968,0.000,222.300,0.000,0.000,0.000
"17:45",9.498,0.000,221.800,0.000,0.000,0.038
"18:00",5.798,0.000,221.800,0.000,0.000,0.038
"18:15",3.328,0.000,221.600,0.000,0.000,0.064
"18:30",0.333,0.000,221.500,0.013,0.000,0.000
"18:45",0.000,0.038,221.500,0.115,0.013,0.000
"19:00",0.000,0.038,221.400,0.128,0.000,0.000
"19:15",0.000,0.000,221.400,0.179,0.000,0.000
"19:30",0.000,0.000,221.400,0.179,0.000,0.000
"19:45",0.000,0.000,221.400,0.166,0.000,0.000
"20:00",0.000,0.000,221.500,0.179,0.000,0.000
"20:15",0.000,0.000,221.400,0.166,0.000,0.000
"20:30",0.000,0.000,221.500,0.179,0.000,0.000
"20:45",0.000,0.000,221.500,0.166,0.000,0.000
"21:00",0.000,0.000,221.400,0.179,0.000,0.000
"21:15",0.000,0.000,221.400,0.179,0.000,0.000
"21:30",0.000,0.000,221.500,0.166,0.000,0.000
"21:45",0.000,0.000,221.500,0.179,0.000,0.000
"22:00",0.000,0.000,221.500,0.179,0.000,0.000
"22:15",0.000,0.000,221.500,0.166,0.000,0.000
"22:30",0.000,0.000,221.500,0.179,0.000,0.000
"22:45",0.000,0.000,221.500,0.166,0.000,0.000
"23:00",0.000,0.000,221.500,0.179,0.000,0.000
"23:15",0.000,0.000,221.600,0.179,0.000,0.000
"23:30",0.000,0.000,221.600,0.166,0.000,0.000
"23:45",0.000,0.000,221.600,0.179,0.000,0.000
" 6/05/26 24:00",0.000,0.000,221.700,0.179,0.000,0.000
