"kwh"
"Time ","AGRIM02P","AGRIM02P","AGRIM02P","AGRIM02P","AGRIM02P","AGRIM02P"
" 5/25/26 00:15",0.000,0.000,221.600,0.166,0.000,0.000
" 5/25/26 00:30",0.000,0.000,221.700,0.179,0.000,0.000
"00:45",0.000,0.000,221.600,0.166,0.000,0.000
"01:00",0.000,0.000,221.600,0.179,0.000,0.000
"01:15",0.000,0.000,221.600,0.179,0.000,0.000
"01:30",0.000,0.000,221.700,0.166,0.000,0.000
"01:45",0.000,0.000,221.800,0.179,0.000,0.000
"02:00",0.000,0.000,221.800,0.166,0.000,0.000
"02:15",0.000,0.000,221.800,0.179,0.000,0.000
"02:30",0.000,0.000,221.700,0.166,0.000,0.000
"02:45",0.000,0.000,221.700,0.179,0.000,0.000
"03:00",0.000,0.000,221.700,0.179,0.000,0.000
"03:15",0.000,0.000,221.700,0.166,0.000,0.000
"03:30",0.000,0.000,221.700,0.179,0.000,0.000
"03:45",0.000,0.000,221.700,0.166,0.000,0.000
"04:00",0.000,0.000,221.700,0.179,0.000,0.000
"04:15",0.000,0.000,221.700,0.179,0.000,0.000
"04:30",0.000,0.000,221.700,0.166,0.000,0.000
"04:45",0.000,0.000,221.700,0.179,0.000,0.000
"05:00",0.000,0.000,221.700,0.179,0.000,0.000
"05:15",0.000,0.000,221.700,0.166,0.000,0.000
"05:30",0.000,0.000,221.700,0.179,0.000,0.000
"05:45",0.000,0.000,221.700,0.166,0.000,0.000
"06:00",0.000,0.000,221.700,0.179,0.000,0.000
"06:15",0.000,0.000,221.600,0.166,0.000,0.000
"06:30",0.000,0.000,221.700,0.179,0.000,0.000
"06:45",0.000,0.000,221.700,0.179,0.000,0.000
"07:00",0.000,0.000,221.700,0.166,0.000,0.000
"07:15",0.000,0.000,221.600,0.179,0.000,0.000
"07:30",0.000,0.000,221.700,0.166,0.000,0.000
"07:45",0.000,0.000,221.600,0.179,0.000,0.000
"08:00",0.000,0.000,221.700,0.179,0.000,0.000
"08:15",0.000,0.000,221.700,0.166,0.000,0.000
"08:30",0.077,0.000,221.700,0.064,0.000,0.026
"08:45",0.589,0.000,221.800,0.000,0.000,0.038
"09:00",1.510,0.000,221.700,0.000,0.000,0.064
"09:15",3.546,0.000,221.700,0.000,0.000,0.051
"09:30",4.224,0.000,221.700,0.000,0.000,0.077
"09:45",6.259,0.000,221.900,0.000,0.000,0.038
"10:00",8.704,0.000,221.900,0.000,0.000,0.013
"10:15",12.557,0.000,222.000,0.000,0.000,0.000
"10:30",13.862,0.000,222.200,0.000,0.000,0.000
"10:45",18.035,0.000,222.300,0.000,0.000,0.000
"11:00",19.354,0.000,222.400,0.000,0.000,0.000
"11:15",20.403,0.000,222.400,0.000,0.000,0.000
"11:30",22.438,0.000,222.400,0.000,0.000,0.000
"11:45",23.731,0.000,222.500,0.000,0.000,0.000
"12:00",27.712,0.000,222.600,0.000,0.000,0.000
"12:15",24.742,0.000,222.700,0.000,0.000,0.000
"12:30",29.670,0.000,222.800,0.000,0.000,0.000
"12:45",33.562,0.000,222.800,0.000,0.000,0.000
"13:00",32.077,0.000,222.800,0.000,0.000,0.000
"13:15",37.056,0.000,223.000,0.000,0.000,0.000
"13:30",39.091,0.000,223.100,0.000,0.000,0.000
"13:45",42.547,0.000,223.200,0.000,0.000,0.013
"14:00",87.347,0.000,223.900,0.000,0.000,0.000
"14:15",95.616,0.000,224.200,0.000,0.000,0.000
"14:30",99.469,0.000,224.600,0.000,0.000,0.013
"14:45",40.870,0.000,222.900,0.000,0.000,0.000
"15:00",29.696,0.000,222.700,0.000,0.000,0.000
"15:15",29.594,0.000,222.600,0.000,0.000,0.000
"15:30",26.637,0.000,222.700,0.000,0.000,0.000
"15:45",17.997,0.000,223.000,0.000,0.000,0.038
"16:00",35.738,0.000,223.200,0.000,0.000,0.026
"16:15",70.310,0.000,223.200,0.000,0.000,0.000
"16:30",66.176,0.000,223.200,0.000,0.000,0.000
"16:45",58.432,0.000,223.400,0.000,0.000,0.000
"17:00",50.726,0.000,223.600,0.000,0.000,0.000
"17:15",42.854,0.000,223.300,0.000,0.000,0.013
"17:30",34.240,0.000,223.000,0.000,0.000,0.000
"17:45",25.600,0.000,222.600,0.000,0.000,0.000
"18:00",7.373,0.000,222.100,0.000,0.000,0.064
"18:15",2.624,0.000,221.900,0.000,0.000,0.077
"18:30",0.333,0.000,221.700,0.000,0.000,0.013
"18:45",0.013,0.026,221.600,0.090,0.000,0.000
"19:00",0.000,0.038,221.600,0.128,0.000,0.000
"19:15",0.000,0.013,221.500,0.154,0.000,0.000
"19:30",0.000,0.000,221.400,0.179,0.000,0.000
"19:45",0.000,0.000,221.300,0.179,0.000,0.000
"20:00",0.000,0.000,221.300,0.166,0.000,0.000
"20:15",0.000,0.000,221.300,0.179,0.000,0.000
"20:30",0.000,0.000,221.300,0.166,0.000,0.000
"20:45",0.000,0.000,221.400,0.179,0.000,0.000
"21:00",0.000,0.000,221.400,0.179,0.000,0.000
"21:15",0.000,0.000,221.500,0.166,0.000,0.000
"21:30",0.000,0.000,221.300,0.179,0.000,0.000
"21:45",0.000,0.000,221.400,0.179,0.000,0.000
"22:00",0.000,0.000,221.400,0.166,0.000,0.000
"22:15",0.000,0.000,221.400,0.179,0.000,0.000
"22:30",0.000,0.000,221.500,0.179,0.000,0.000
"22:45",0.000,0.000,221.500,0.166,0.000,0.000
"23:00",0.000,0.000,221.500,0.179,0.000,0.000
"23:15",0.000,0.000,221.400,0.166,0.000,0.000
"23:30",0.000,0.000,221.500,0.179,0.000,0.000
"23:45",0.000,0.000,221.500,0.179,0.000,0.000
" 5/25/26 24:00",0.000,0.000,221.500,0.166,0.000,0.000
