"kwh"
"Time ","AGRIM02P","AGRIM02P","AGRIM02P","AGRIM02P","AGRIM02P","AGRIM02P"
" 4/08/26 00:15",0.000,0.000,221.600,0.179,0.000,0.000
" 4/08/26 00:30",0.000,0.000,221.600,0.192,0.000,0.000
"00:45",0.000,0.000,221.600,0.179,0.000,0.000
"01:00",0.000,0.000,221.700,0.192,0.000,0.000
"01:15",0.000,0.000,221.700,0.179,0.000,0.000
"01:30",0.000,0.000,221.700,0.192,0.000,0.000
"01:45",0.000,0.000,221.800,0.192,0.000,0.000
"02:00",0.000,0.000,221.700,0.179,0.000,0.000
"02:15",0.000,0.000,221.700,0.179,0.000,0.000
"02:30",0.000,0.000,221.700,0.192,0.000,0.000
"02:45",0.000,0.000,221.700,0.179,0.000,0.000
"03:00",0.000,0.000,221.700,0.192,0.000,0.000
"03:15",0.000,0.000,221.700,0.179,0.000,0.000
"03:30",0.000,0.000,221.700,0.192,0.000,0.000
"03:45",0.000,0.000,221.700,0.179,0.000,0.000
"04:00",0.000,0.000,221.800,0.192,0.000,0.000
"04:15",0.000,0.000,221.700,0.179,0.000,0.000
"04:30",0.000,0.000,221.700,0.192,0.000,0.000
"04:45",0.000,0.000,221.800,0.179,0.000,0.000
"05:00",0.000,0.000,221.800,0.192,0.000,0.000
"05:15",0.000,0.000,221.800,0.179,0.000,0.000
"05:30",0.000,0.000,221.700,0.192,0.000,0.000
"05:45",0.000,0.000,221.700,0.179,0.000,0.000
"06:00",0.000,0.000,221.800,0.192,0.000,0.000
"06:15",0.000,0.000,221.700,0.179,0.000,0.000
"06:30",0.000,0.000,221.600,0.192,0.000,0.000
"06:45",0.000,0.000,221.600,0.179,0.000,0.000
"07:00",0.000,0.000,221.600,0.179,0.000,0.000
"07:15",0.000,0.000,221.600,0.192,0.000,0.000
"07:30",0.000,0.000,221.600,0.179,0.000,0.000
"07:45",0.013,0.013,221.700,0.077,0.000,0.000
"08:00",0.768,0.000,221.800,0.000,0.000,0.064
"08:15",3.738,0.000,222.000,0.000,0.000,0.064
"08:30",9.894,0.000,222.400,0.000,0.000,0.038
"08:45",17.434,0.000,222.700,0.000,0.000,0.013
"09:00",25.139,0.000,222.900,0.000,0.000,0.282
"09:15",32.858,0.000,223.200,0.000,0.000,0.115
"09:30",40.512,0.000,223.500,0.000,0.000,0.013
"09:45",47.770,0.000,223.700,0.000,0.000,0.000
"10:00",54.208,0.000,223.800,0.000,0.000,0.013
"10:15",49.510,0.000,223.800,0.000,0.000,0.013
"10:30",32.589,0.000,223.300,0.000,0.000,0.013
"10:45",47.360,0.000,222.900,0.000,0.000,0.000
"11:00",30.810,0.000,222.800,0.000,0.000,0.000
"11:15",26.842,0.000,222.700,0.000,0.000,0.000
"11:30",23.821,0.000,222.400,0.000,0.000,0.000
"11:45",30.387,0.000,222.800,0.000,0.000,0.000
"12:00",28.506,0.000,222.800,0.000,0.000,0.000
"12:15",39.514,0.000,223.000,0.000,0.000,0.000
"12:30",47.181,0.000,222.900,0.000,0.000,0.000
"12:45",43.750,0.000,222.900,0.000,0.000,0.026
"13:00",37.120,0.000,223.000,0.000,0.000,0.448
"13:15",30.554,0.000,222.700,0.000,0.000,0.000
"13:30",28.966,0.000,222.700,0.000,0.000,0.000
"13:45",32.154,0.000,222.700,0.000,0.000,0.000
"14:00",31.923,0.000,222.700,0.000,0.000,0.000
"14:15",31.104,0.000,222.700,0.000,0.000,0.000
"14:30",36.723,0.000,223.100,0.000,0.000,0.038
"14:45",30.195,0.000,222.800,0.000,0.000,0.013
"15:00",36.966,0.000,223.000,0.000,0.000,0.000
"15:15",47.104,0.000,223.000,0.000,0.000,0.000
"15:30",71.181,0.000,223.500,0.000,0.000,0.000
"15:45",91.034,0.000,224.100,0.000,0.000,0.013
"16:00",80.730,0.000,224.100,0.000,0.000,0.038
"16:15",75.034,0.000,224.100,0.000,0.000,0.038
"16:30",68.122,0.000,224.000,0.000,0.000,0.000
"16:45",62.541,0.000,223.900,0.000,0.000,0.000
"17:00",56.256,0.000,223.800,0.000,0.000,0.013
"17:15",49.882,0.000,223.700,0.000,0.000,0.000
"17:30",42.880,0.000,223.500,0.000,0.000,0.000
"17:45",35.853,0.000,223.400,0.000,0.000,0.013
"18:00",28.454,0.000,223.100,0.000,0.000,0.000
"18:15",21.210,0.000,222.800,0.000,0.000,0.013
"18:30",14.144,0.000,222.300,0.000,0.000,0.013
"18:45",7.475,0.000,222.000,0.000,0.000,0.077
"19:00",1.997,0.000,221.800,0.000,0.000,0.051
"19:15",0.128,0.000,221.700,0.013,0.000,0.013
"19:30",0.000,0.013,221.600,0.141,0.000,0.000
"19:45",0.000,0.013,221.600,0.166,0.000,0.000
"20:00",0.000,0.000,221.400,0.192,0.000,0.000
"20:15",0.000,0.000,221.500,0.179,0.000,0.000
"20:30",0.000,0.000,221.500,0.192,0.000,0.000
"20:45",0.000,0.000,221.500,0.179,0.000,0.000
"21:00",0.000,0.000,221.500,0.192,0.000,0.000
"21:15",0.000,0.000,221.500,0.179,0.000,0.000
"21:30",0.000,0.000,221.500,0.192,0.000,0.000
"21:45",0.000,0.000,221.500,0.192,0.000,0.000
"22:00",0.000,0.000,221.600,0.179,0.000,0.000
"22:15",0.000,0.000,221.600,0.192,0.000,0.000
"22:30",0.000,0.000,221.700,0.179,0.000,0.000
"22:45",0.000,0.000,221.600,0.179,0.000,0.000
"23:00",0.000,0.000,221.600,0.192,0.000,0.000
"23:15",0.000,0.000,221.600,0.192,0.000,0.000
"23:30",0.000,0.000,221.700,0.179,0.000,0.000
"23:45",0.000,0.000,221.600,0.179,0.000,0.000
" 4/08/26 24:00",0.000,0.000,221.700,0.192,0.000,0.000
