"kwh"
"Time ","AGRIM02P","AGRIM02P","AGRIM02P","AGRIM02P","AGRIM02P","AGRIM02P"
" 7/01/26 00:15",0.000,0.000,221.600,0.179,0.000,0.000
" 7/01/26 00:30",0.000,0.000,221.700,0.166,0.000,0.000
"00:45",0.000,0.000,221.700,0.179,0.000,0.000
"01:00",0.000,0.000,221.700,0.179,0.000,0.000
"01:15",0.000,0.000,221.700,0.166,0.000,0.000
"01:30",0.000,0.000,221.700,0.179,0.000,0.000
"01:45",0.000,0.000,221.700,0.179,0.000,0.000
"02:00",0.000,0.000,221.800,0.166,0.000,0.000
"02:15",0.000,0.000,221.800,0.179,0.000,0.000
"02:30",0.000,0.000,221.800,0.166,0.000,0.000
"02:45",0.000,0.000,221.800,0.179,0.000,0.000
"03:00",0.000,0.000,221.800,0.179,0.000,0.000
"03:15",0.000,0.000,221.800,0.166,0.000,0.000
"03:30",0.000,0.000,221.800,0.179,0.000,0.000
"03:45",0.000,0.000,221.700,0.166,0.000,0.000
"04:00",0.000,0.000,221.700,0.179,0.000,0.000
"04:15",0.000,0.000,221.700,0.179,0.000,0.000
"04:30",0.000,0.000,221.800,0.166,0.000,0.000
"04:45",0.000,0.000,221.700,0.179,0.000,0.000
"05:00",0.000,0.000,221.700,0.166,0.000,0.000
"05:15",0.000,0.000,221.700,0.179,0.000,0.000
"05:30",0.000,0.000,221.700,0.166,0.000,0.000
"05:45",0.000,0.000,221.700,0.179,0.000,0.000
"06:00",0.000,0.000,221.700,0.179,0.000,0.000
"06:15",0.000,0.000,221.700,0.166,0.000,0.000
"06:30",0.000,0.000,221.600,0.179,0.000,0.000
"06:45",0.000,0.000,221.600,0.166,0.000,0.000
"07:00",0.000,0.000,221.600,0.179,0.000,0.000
"07:15",0.000,0.000,221.600,0.166,0.000,0.000
"07:30",0.000,0.000,221.600,0.179,0.000,0.000
"07:45",0.000,0.000,221.500,0.166,0.000,0.000
"08:00",0.000,0.000,221.500,0.179,0.000,0.000
"08:15",0.000,0.000,221.500,0.166,0.000,0.000
"08:30",0.000,0.000,221.500,0.179,0.000,0.000
"08:45",0.000,0.013,221.500,0.154,0.000,0.000
"09:00",0.141,0.000,221.500,0.013,0.000,0.013
"09:15",0.218,0.000,221.400,0.000,0.000,0.026
"09:30",0.294,0.000,221.400,0.000,0.000,0.013
"09:45",0.691,0.000,221.400,0.000,0.000,0.026
"10:00",2.381,0.000,221.400,0.000,0.000,0.026
"10:15",5.402,0.000,221.500,0.000,0.000,0.051
"10:30",7.782,0.000,221.500,0.000,0.000,0.026
"10:45",7.693,0.000,221.500,0.000,0.000,0.051
"11:00",6.912,0.000,221.500,0.000,0.000,0.026
"11:15",8.090,0.000,221.600,0.000,0.000,0.026
"11:30",8.998,0.000,221.500,0.000,0.000,0.013
"11:45",10.074,0.000,221.500,0.000,0.000,0.000
"12:00",8.218,0.000,221.600,0.000,0.000,0.026
"12:15",6.950,0.000,221.600,0.000,0.000,0.038
"12:30",6.323,0.000,221.600,0.000,0.000,0.051
"12:45",6.874,0.000,221.600,0.000,0.000,0.064
"13:00",7.872,0.000,221.600,0.000,0.000,0.038
"13:15",8.141,0.000,221.700,0.000,0.000,0.013
"13:30",8.282,0.000,221.800,0.000,0.000,0.026
"13:45",9.267,0.000,221.700,0.000,0.000,0.013
"14:00",10.662,0.000,221.800,0.000,0.000,0.013
"14:15",12.723,0.000,221.900,0.000,0.000,0.000
"14:30",11.635,0.000,221.900,0.000,0.000,0.000
"14:45",9.728,0.000,221.800,0.000,0.000,0.000
"15:00",10.266,0.000,221.800,0.000,0.000,0.000
"15:15",8.768,0.000,221.800,0.000,0.000,0.013
"15:30",5.235,0.000,221.700,0.000,0.000,0.077
"15:45",4.813,0.000,221.600,0.000,0.000,0.077
"16:00",4.403,0.000,221.600,0.000,0.000,0.090
"16:15",4.608,0.000,221.600,0.000,0.000,0.064
"16:30",8.230,0.000,221.700,0.000,0.000,0.026
"16:45",6.054,0.000,221.700,0.000,0.000,0.064
"17:00",5.389,0.000,221.700,0.000,0.000,0.064
"17:15",2.650,0.000,221.700,0.000,0.000,0.077
"17:30",1.152,0.000,221.600,0.000,0.000,0.064
"17:45",0.563,0.000,221.600,0.000,0.000,0.000
"18:00",0.422,0.000,221.600,0.000,0.000,0.013
"18:15",0.218,0.000,221.700,0.000,0.000,0.000
"18:30",0.000,0.026,221.500,0.090,0.000,0.000
"18:45",0.000,0.038,221.500,0.128,0.000,0.000
"19:00",0.000,0.038,221.500,0.128,0.000,0.000
"19:15",0.000,0.000,221.500,0.179,0.000,0.000
"19:30",0.000,0.000,221.400,0.179,0.000,0.000
"19:45",0.000,0.000,221.500,0.166,0.000,0.000
"20:00",0.000,0.000,221.400,0.179,0.000,0.000
"20:15",0.000,0.000,221.400,0.166,0.000,0.000
"20:30",0.000,0.000,221.400,0.179,0.000,0.000
"20:45",0.000,0.000,221.400,0.179,0.000,0.000
"21:00",0.000,0.000,221.400,0.166,0.000,0.000
"21:15",0.000,0.000,221.400,0.179,0.000,0.000
"21:30",0.000,0.000,221.500,0.179,0.000,0.000
"21:45",0.000,0.000,221.500,0.166,0.000,0.000
"22:00",0.000,0.000,221.600,0.179,0.000,0.000
"22:15",0.000,0.000,221.600,0.166,0.000,0.000
"22:30",0.000,0.000,221.600,0.179,0.000,0.000
"22:45",0.000,0.000,221.500,0.179,0.000,0.000
"23:00",0.000,0.000,221.500,0.166,0.000,0.000
"23:15",0.000,0.000,220.900,0.179,0.000,0.000
"23:30",0.000,0.000,220.800,0.179,0.000,0.000
"23:45",0.000,0.000,220.900,0.166,0.000,0.000
" 7/01/26 24:00",0.000,0.000,221.000,0.179,0.000,0.000
