"kwh"
"Time ","AGRIM02P","AGRIM02P","AGRIM02P","AGRIM02P","AGRIM02P","AGRIM02P"
" 6/12/26 00:15",0.000,0.000,221.800,0.179,0.000,0.000
" 6/12/26 00:30",0.000,0.000,221.800,0.166,0.000,0.000
"00:45",0.000,0.000,221.800,0.179,0.000,0.000
"01:00",0.000,0.000,221.900,0.166,0.000,0.000
"01:15",0.000,0.000,221.800,0.179,0.000,0.000
"01:30",0.000,0.000,221.900,0.179,0.000,0.000
"01:45",0.000,0.000,221.900,0.166,0.000,0.000
"02:00",0.000,0.000,221.900,0.179,0.000,0.000
"02:15",0.000,0.000,221.900,0.179,0.000,0.000
"02:30",0.000,0.000,221.800,0.166,0.000,0.000
"02:45",0.000,0.000,221.800,0.179,0.000,0.000
"03:00",0.000,0.000,221.800,0.166,0.000,0.000
"03:15",0.000,0.000,221.900,0.179,0.000,0.000
"03:30",0.000,0.000,221.900,0.179,0.000,0.000
"03:45",0.000,0.000,221.800,0.166,0.000,0.000
"04:00",0.000,0.000,221.900,0.179,0.000,0.000
"04:15",0.000,0.000,221.800,0.166,0.000,0.000
"04:30",0.000,0.000,221.800,0.179,0.000,0.000
"04:45",0.000,0.000,221.900,0.166,0.000,0.000
"05:00",0.000,0.000,221.900,0.179,0.000,0.000
"05:15",0.000,0.000,221.900,0.179,0.000,0.000
"05:30",0.000,0.000,221.900,0.166,0.000,0.000
"05:45",0.000,0.000,221.900,0.179,0.000,0.000
"06:00",0.000,0.000,222.000,0.166,0.000,0.000
"06:15",0.000,0.000,221.900,0.179,0.000,0.000
"06:30",0.000,0.000,221.800,0.179,0.000,0.000
"06:45",0.000,0.000,221.800,0.166,0.000,0.000
"07:00",0.000,0.000,221.700,0.179,0.000,0.000
"07:15",0.000,0.000,221.700,0.166,0.000,0.000
"07:30",0.000,0.000,221.700,0.179,0.000,0.000
"07:45",0.000,0.000,221.700,0.166,0.000,0.000
"08:00",0.000,0.000,221.700,0.179,0.000,0.000
"08:15",0.000,0.000,221.700,0.179,0.000,0.000
"08:30",0.000,0.000,221.700,0.166,0.000,0.000
"08:45",0.102,0.000,221.600,0.064,0.000,0.013
"09:00",0.371,0.000,221.700,0.000,0.000,0.013
"09:15",0.691,0.000,221.700,0.000,0.000,0.013
"09:30",1.203,0.000,221.700,0.000,0.000,0.000
"09:45",1.728,0.000,221.800,0.000,0.000,0.013
"10:00",2.906,0.000,221.800,0.000,0.000,0.064
"10:15",3.136,0.000,221.900,0.000,0.000,0.064
"10:30",4.557,0.000,221.900,0.000,0.000,0.051
"10:45",7.578,0.000,222.000,0.000,0.000,0.013
"11:00",9.677,0.000,222.100,0.000,0.000,0.013
"11:15",13.696,0.000,222.100,0.000,0.000,0.000
"11:30",19.456,0.000,222.200,0.000,0.000,0.000
"11:45",33.472,0.000,222.500,0.000,0.000,0.000
"12:00",100.480,0.000,223.600,0.000,0.000,0.000
"12:15",46.387,0.000,222.800,0.000,0.000,0.000
"12:30",74.291,0.000,223.200,0.000,0.000,0.000
"12:45",53.235,0.000,223.200,0.000,0.000,0.000
"13:00",87.552,0.000,224.000,0.000,0.000,0.000
"13:15",86.400,0.000,223.900,0.000,0.000,0.000
"13:30",66.278,0.000,223.500,0.000,0.000,0.000
"13:45",66.035,0.000,223.600,0.000,0.000,0.000
"14:00",76.173,0.000,223.900,0.000,0.000,0.000
"14:15",64.563,0.000,223.800,0.000,0.000,0.000
"14:30",106.048,0.000,224.400,0.000,0.000,0.000
"14:45",101.722,0.000,224.200,0.000,0.000,0.000
"15:00",91.379,0.000,224.200,0.000,0.000,0.000
"15:15",90.675,0.000,224.200,0.000,0.000,0.000
"15:30",86.874,0.000,224.200,0.000,0.000,0.000
"15:45",82.522,0.000,224.000,0.000,0.000,0.000
"16:00",78.016,0.000,223.900,0.000,0.000,0.000
"16:15",71.731,0.000,223.800,0.000,0.000,0.192
"16:30",64.269,0.000,223.600,0.000,0.000,0.013
"16:45",57.331,0.000,223.500,0.000,0.000,0.000
"17:00",50.214,0.000,223.400,0.000,0.000,0.000
"17:15",42.650,0.000,223.200,0.000,0.000,0.000
"17:30",32.870,0.000,222.900,0.000,0.000,0.000
"17:45",15.757,0.000,222.400,0.000,0.000,0.026
"18:00",3.469,0.000,221.900,0.000,0.000,0.038
"18:15",0.717,0.000,221.800,0.000,0.000,0.013
"18:30",0.115,0.013,221.700,0.026,0.000,0.013
"18:45",0.000,0.038,221.600,0.115,0.000,0.000
"19:00",0.000,0.026,221.500,0.141,0.000,0.000
"19:15",0.000,0.000,221.400,0.166,0.000,0.000
"19:30",0.000,0.000,221.400,0.179,0.000,0.000
"19:45",0.000,0.000,221.300,0.179,0.000,0.000
"20:00",0.000,0.000,221.300,0.166,0.000,0.000
"20:15",0.000,0.000,221.300,0.179,0.000,0.000
"20:30",0.000,0.000,221.400,0.166,0.000,0.000
"20:45",0.000,0.000,221.500,0.179,0.000,0.000
"21:00",0.000,0.000,221.500,0.166,0.000,0.000
"21:15",0.000,0.000,221.500,0.179,0.000,0.000
"21:30",0.000,0.000,221.400,0.166,0.000,0.000
"21:45",0.000,0.000,221.500,0.179,0.000,0.000
"22:00",0.000,0.000,221.600,0.179,0.000,0.000
"22:15",0.000,0.000,221.600,0.166,0.000,0.000
"22:30",0.000,0.000,221.600,0.179,0.000,0.000
"22:45",0.000,0.000,221.600,0.179,0.000,0.000
"23:00",0.000,0.000,221.700,0.166,0.000,0.000
"23:15",0.000,0.000,221.700,0.179,0.000,0.000
"23:30",0.000,0.000,221.700,0.166,0.000,0.000
"23:45",0.000,0.000,221.700,0.179,0.000,0.000
" 6/12/26 24:00",0.000,0.000,221.700,0.179,0.000,0.000
