"kwh"
"Time ","AGRIM02P","AGRIM02P","AGRIM02P","AGRIM02P","AGRIM02P","AGRIM02P"
" 9/21/26 00:15",0.000,0.000,216.400,0.154,0.000,0.000
" 9/21/26 00:30",0.000,0.000,215.300,0.166,0.000,0.000
"00:45",0.000,0.000,215.500,0.166,0.000,0.000
"01:00",0.000,0.000,215.200,0.154,0.000,0.000
"01:15",0.000,0.000,215.400,0.166,0.000,0.000
"01:30",0.000,0.000,215.500,0.166,0.000,0.000
"01:45",0.000,0.000,215.400,0.154,0.000,0.000
"02:00",0.000,0.000,215.500,0.166,0.000,0.000
"02:15",0.000,0.000,216.100,0.166,0.000,0.000
"02:30",0.000,0.000,216.100,0.166,0.000,0.000
"02:45",0.000,0.000,215.800,0.154,0.000,0.000
"03:00",0.000,0.000,214.900,0.166,0.000,0.000
"03:15",0.000,0.000,214.900,0.166,0.000,0.000
"03:30",0.000,0.000,214.900,0.154,0.000,0.000
"03:45",0.000,0.000,215.100,0.166,0.000,0.000
"04:00",0.000,0.000,215.300,0.166,0.000,0.000
"04:15",0.000,0.000,215.400,0.154,0.000,0.000
"04:30",0.000,0.000,215.500,0.166,0.000,0.000
"04:45",0.000,0.000,215.600,0.166,0.000,0.000
"05:00",0.000,0.000,215.600,0.154,0.000,0.000
"05:15",0.000,0.000,215.300,0.166,0.000,0.000
"05:30",0.000,0.000,215.000,0.166,0.000,0.000
"05:45",0.000,0.000,214.900,0.154,0.000,0.000
"06:00",0.000,0.000,215.700,0.166,0.000,0.000
"06:15",0.000,0.000,215.100,0.166,0.000,0.000
"06:30",0.000,0.000,215.300,0.154,0.000,0.000
"06:45",0.000,0.000,217.800,0.166,0.000,0.000
"07:00",0.000,0.000,217.500,0.166,0.000,0.000
"07:15",0.013,0.000,217.400,0.115,0.000,0.000
"07:30",0.563,0.000,217.500,0.000,0.000,0.000
"07:45",2.534,0.000,217.300,0.000,0.000,0.000
"08:00",7.565,0.000,217.100,0.000,0.000,0.000
"08:15",16.550,0.000,216.700,0.000,0.000,0.000
"08:30",26.048,0.000,215.700,0.000,0.000,0.000
"08:45",35.379,0.000,214.600,0.000,0.000,0.000
"09:00",44.851,0.000,215.900,0.000,0.000,0.000
"09:15",52.890,0.000,213.400,0.000,0.000,0.000
"09:30",62.566,0.000,213.400,0.000,0.000,0.000
"09:45",70.874,0.000,210.600,0.000,0.000,0.000
"10:00",79.053,0.000,212.600,0.000,0.000,0.000
"10:15",86.349,0.000,213.500,0.000,0.000,0.000
"10:30",93.299,0.000,212.900,0.000,0.000,0.000
"10:45",100.339,0.000,213.900,0.000,0.000,0.000
"11:00",95.731,0.000,213.900,0.000,0.000,0.000
"11:15",105.869,0.000,214.400,0.000,0.000,0.000
"11:30",110.989,0.000,214.900,0.000,0.000,0.000
"11:45",111.898,0.000,215.100,0.000,0.000,0.000
"12:00",111.898,0.000,215.500,0.000,0.000,0.013
"12:15",112.563,0.000,216.500,0.000,0.000,0.000
"12:30",112.013,0.000,215.400,0.000,0.000,0.000
"12:45",112.410,0.000,215.800,0.000,0.000,0.000
"13:00",112.064,0.000,215.400,0.000,0.000,0.000
"13:15",112.794,0.000,216.800,0.000,0.000,0.000
"13:30",112.858,0.000,217.000,0.000,0.000,0.013
"13:45",110.080,0.000,216.500,0.000,0.000,0.000
"14:00",109.722,0.000,215.300,0.000,0.000,0.000
"14:15",112.064,0.000,215.500,0.000,0.000,0.000
"14:30",110.592,0.000,213.900,0.000,0.000,0.000
"14:45",100.838,0.000,213.000,0.000,0.000,0.000
"15:00",107.315,0.000,212.500,0.000,0.000,0.000
"15:15",106.458,0.000,212.800,0.000,0.000,0.000
"15:30",97.165,0.000,212.900,0.000,0.000,0.000
"15:45",84.429,0.000,212.200,0.000,0.000,0.000
"16:00",83.379,0.000,212.900,0.000,0.000,0.000
"16:15",92.774,0.000,213.100,0.000,0.000,0.000
"16:30",85.158,0.000,212.900,0.000,0.000,0.000
"16:45",63.258,0.000,212.800,0.000,0.000,0.000
"17:00",74.970,0.000,213.400,0.000,0.000,0.000
"17:15",61.043,0.000,215.700,0.000,0.000,0.000
"17:30",50.291,0.000,215.900,0.000,0.000,0.000
"17:45",47.206,0.000,215.300,0.000,0.000,0.000
"18:00",36.646,0.000,217.700,0.000,0.000,0.000
"18:15",31.962,0.000,223.200,0.000,0.000,0.000
"18:30",19.098,0.000,222.600,0.000,0.000,0.000
"18:45",9.318,0.000,222.000,0.000,0.000,0.026
"19:00",4.160,0.000,220.800,0.000,0.000,0.064
"19:15",0.384,0.000,220.300,0.000,0.000,0.013
"19:30",0.026,0.013,220.300,0.090,0.000,0.013
"19:45",0.000,0.051,222.300,0.115,0.000,0.000
"20:00",0.000,0.000,222.300,0.179,0.000,0.000
"20:15",0.000,0.000,222.300,0.166,0.000,0.000
"20:30",0.000,0.000,222.300,0.179,0.000,0.000
"20:45",0.000,0.000,222.400,0.179,0.000,0.000
"21:00",0.000,0.000,222.400,0.166,0.000,0.000
"21:15",0.000,0.000,222.600,0.179,0.000,0.000
"21:30",0.000,0.000,222.700,0.166,0.000,0.000
"21:45",0.000,0.000,222.900,0.179,0.000,0.000
"22:00",0.000,0.000,223.000,0.179,0.000,0.000
"22:15",0.000,0.000,221.700,0.166,0.000,0.000
"22:30",0.000,0.000,221.900,0.179,0.000,0.000
"22:45",0.000,0.000,222.600,0.166,0.000,0.000
"23:00",0.000,0.000,221.700,0.179,0.000,0.000
"23:15",0.000,0.000,215.200,0.166,0.000,0.000
"23:30",0.000,0.000,211.900,0.154,0.000,0.000
"23:45",0.000,0.000,211.700,0.154,0.000,0.000
" 9/21/26 24:00",0.000,0.000,211.100,0.166,0.000,0.000
