"kwh"
"Time ","AGRIM02P","AGRIM02P","AGRIM02P","AGRIM02P","AGRIM02P","AGRIM02P"
" 7/26/26 00:15",0.000,0.000,221.400,0.179,0.000,0.000
" 7/26/26 00:30",0.000,0.000,221.400,0.166,0.000,0.000
"00:45",0.000,0.000,221.400,0.179,0.000,0.000
"01:00",0.000,0.000,221.400,0.166,0.000,0.000
"01:15",0.000,0.000,221.500,0.179,0.000,0.000
"01:30",0.000,0.000,221.600,0.166,0.000,0.000
"01:45",0.000,0.000,221.600,0.179,0.000,0.000
"02:00",0.000,0.000,221.600,0.179,0.000,0.000
"02:15",0.000,0.000,221.600,0.166,0.000,0.000
"02:30",0.000,0.000,221.700,0.179,0.000,0.000
"02:45",0.000,0.000,221.700,0.166,0.000,0.000
"03:00",0.000,0.000,221.700,0.179,0.000,0.000
"03:15",0.000,0.000,221.700,0.166,0.000,0.000
"03:30",0.000,0.000,221.600,0.179,0.000,0.000
"03:45",0.000,0.000,221.700,0.166,0.000,0.000
"04:00",0.000,0.000,221.700,0.179,0.000,0.000
"04:15",0.000,0.000,221.700,0.166,0.000,0.000
"04:30",0.000,0.000,221.600,0.179,0.000,0.000
"04:45",0.000,0.000,221.700,0.179,0.000,0.000
"05:00",0.000,0.000,221.600,0.166,0.000,0.000
"05:15",0.000,0.000,221.600,0.179,0.000,0.000
"05:30",0.000,0.000,221.600,0.166,0.000,0.000
"05:45",0.000,0.000,221.600,0.166,0.000,0.000
"06:00",0.000,0.000,221.700,0.179,0.000,0.000
"06:15",0.000,0.000,221.700,0.166,0.000,0.000
"06:30",0.000,0.000,221.600,0.179,0.000,0.000
"06:45",0.000,0.000,221.600,0.166,0.000,0.000
"07:00",0.000,0.000,221.600,0.179,0.000,0.000
"07:15",0.000,0.000,221.600,0.179,0.000,0.000
"07:30",0.000,0.000,221.600,0.166,0.000,0.000
"07:45",0.000,0.000,221.700,0.179,0.000,0.000
"08:00",0.000,0.000,221.700,0.166,0.000,0.000
"08:15",0.000,0.000,221.700,0.179,0.000,0.000
"08:30",0.154,0.000,221.800,0.026,0.000,0.038
"08:45",1.818,0.000,221.900,0.000,0.000,0.013
"09:00",8.499,0.000,222.200,0.000,0.000,0.026
"09:15",27.776,0.000,222.700,0.000,0.000,0.000
"09:30",33.613,0.000,222.900,0.000,0.000,0.051
"09:45",36.032,0.000,223.000,0.000,0.000,0.051
"10:00",47.296,0.000,223.500,0.000,0.000,0.026
"10:15",54.822,0.000,223.700,0.000,0.000,0.013
"10:30",61.722,0.000,223.800,0.000,0.000,0.602
"10:45",67.981,0.000,224.000,0.000,0.000,0.282
"11:00",73.587,0.000,224.100,0.000,0.000,0.371
"11:15",78.541,0.000,224.200,0.000,0.000,0.000
"11:30",83.392,0.000,224.300,0.000,0.000,0.000
"11:45",86.246,0.000,224.200,0.000,0.000,0.000
"12:00",91.059,0.000,224.300,0.000,0.000,0.013
"12:15",93.709,0.000,224.400,0.000,0.000,0.000
"12:30",95.872,0.000,224.400,0.000,0.000,0.000
"12:45",96.717,0.000,224.400,0.000,0.000,0.000
"13:00",99.315,0.000,224.400,0.000,0.000,0.000
"13:15",100.506,0.000,224.400,0.000,0.000,0.013
"13:30",98.662,0.000,224.300,0.000,0.000,1.126
"13:45",104.922,0.000,224.400,0.000,0.000,1.306
"14:00",81.856,0.000,223.800,0.000,0.000,1.037
"14:15",95.130,0.000,224.200,0.000,0.000,1.523
"14:30",93.005,0.000,224.100,0.000,0.000,1.229
"14:45",85.158,0.000,224.000,0.000,0.000,0.000
"15:00",86.771,0.000,224.100,0.000,0.000,0.026
"15:15",78.579,0.000,223.900,0.000,0.000,0.013
"15:30",68.634,0.000,223.600,0.000,0.000,0.102
"15:45",78.515,0.000,224.100,0.000,0.000,0.013
"16:00",79.693,0.000,224.100,0.000,0.000,0.013
"16:15",55.322,0.000,223.600,0.000,0.000,0.013
"16:30",78.234,0.000,224.000,0.000,0.000,0.000
"16:45",62.042,0.000,223.900,0.000,0.000,0.013
"17:00",56.000,0.000,223.700,0.000,0.000,0.026
"17:15",50.214,0.000,223.600,0.000,0.000,0.013
"17:30",32.832,0.000,223.000,0.000,0.000,0.026
"17:45",8.691,0.000,222.000,0.000,0.000,0.064
"18:00",18.355,0.000,222.300,0.000,0.000,0.090
"18:15",14.605,0.000,222.200,0.000,0.000,0.115
"18:30",4.390,0.000,221.900,0.000,0.000,0.090
"18:45",0.525,0.000,221.700,0.000,0.000,0.038
"19:00",0.013,0.026,221.600,0.090,0.013,0.000
"19:15",0.000,0.038,221.600,0.141,0.000,0.000
"19:30",0.000,0.000,221.500,0.166,0.000,0.000
"19:45",0.000,0.000,221.500,0.179,0.000,0.000
"20:00",0.000,0.000,221.500,0.166,0.000,0.000
"20:15",0.000,0.000,221.600,0.179,0.000,0.000
"20:30",0.000,0.000,221.700,0.166,0.000,0.000
"20:45",0.000,0.000,221.600,0.179,0.000,0.000
"21:00",0.000,0.000,221.600,0.166,0.000,0.000
"21:15",0.000,0.000,221.600,0.179,0.000,0.000
"21:30",0.000,0.000,221.600,0.166,0.000,0.000
"21:45",0.000,0.000,221.600,0.179,0.000,0.000
"22:00",0.000,0.000,221.600,0.166,0.000,0.000
"22:15",0.000,0.000,221.600,0.179,0.000,0.000
"22:30",0.000,0.000,221.700,0.166,0.000,0.000
"22:45",0.000,0.000,221.700,0.179,0.000,0.000
"23:00",0.000,0.000,221.700,0.179,0.000,0.000
"23:15",0.000,0.000,221.700,0.166,0.000,0.000
"23:30",0.000,0.000,221.700,0.179,0.000,0.000
"23:45",0.000,0.000,221.700,0.166,0.000,0.000
" 7/26/26 24:00",0.000,0.000,221.800,0.179,0.000,0.000
