"kwh"
"Time ","AGRIM02P","AGRIM02P","AGRIM02P","AGRIM02P","AGRIM02P","AGRIM02P"
" 4/26/26 00:15",0.000,0.000,221.800,0.179,0.000,0.000
" 4/26/26 00:30",0.000,0.000,221.900,0.192,0.000,0.000
"00:45",0.000,0.000,222.100,0.192,0.000,0.000
"01:00",0.000,0.000,224.700,0.179,0.000,0.000
"01:15",0.000,0.000,223.700,0.192,0.000,0.000
"01:30",0.000,0.000,223.400,0.179,0.000,0.000
"01:45",0.000,0.000,224.200,0.192,0.000,0.000
"02:00",0.000,0.000,223.800,0.192,0.000,0.000
"02:15",0.000,0.000,224.100,0.179,0.000,0.000
"02:30",0.000,0.000,223.900,0.192,0.000,0.000
"02:45",0.000,0.000,223.900,0.192,0.000,0.000
"03:00",0.000,0.000,224.000,0.179,0.000,0.000
"03:15",0.000,0.000,224.300,0.192,0.000,0.000
"03:30",0.000,0.000,224.500,0.192,0.000,0.000
"03:45",0.000,0.000,224.600,0.179,0.000,0.000
"04:00",0.000,0.000,224.800,0.192,0.000,0.000
"04:15",0.000,0.000,224.900,0.192,0.000,0.000
"04:30",0.000,0.000,224.700,0.192,0.000,0.000
"04:45",0.000,0.000,223.000,0.179,0.000,0.000
"05:00",0.000,0.000,223.300,0.192,0.000,0.000
"05:15",0.000,0.000,223.300,0.179,0.000,0.000
"05:30",0.000,0.000,223.400,0.192,0.000,0.000
"05:45",0.000,0.000,223.400,0.192,0.000,0.000
"06:00",0.000,0.000,223.400,0.179,0.000,0.000
"06:15",0.000,0.000,222.100,0.192,0.000,0.000
"06:30",0.000,0.000,221.800,0.179,0.000,0.000
"06:45",0.000,0.000,221.200,0.179,0.000,0.000
"07:00",0.000,0.000,221.300,0.192,0.000,0.000
"07:15",0.000,0.000,221.000,0.179,0.000,0.000
"07:30",0.000,0.000,222.800,0.179,0.000,0.000
"07:45",0.000,0.000,223.200,0.192,0.000,0.000
"08:00",0.026,0.000,222.300,0.115,0.000,0.000
"08:15",0.422,0.000,221.800,0.000,0.000,0.013
"08:30",4.685,0.000,221.800,0.000,0.000,0.013
"08:45",11.725,0.000,222.100,0.000,0.000,0.013
"09:00",19.315,0.000,222.500,0.000,0.000,0.000
"09:15",26.278,0.000,222.800,0.000,0.000,0.000
"09:30",32.678,0.000,223.300,0.000,0.000,0.000
"09:45",39.693,0.000,223.600,0.000,0.000,0.000
"10:00",46.042,0.000,223.800,0.000,0.000,0.026
"10:15",51.430,0.000,223.600,0.000,0.000,0.026
"10:30",56.512,0.000,223.800,0.000,0.000,0.026
"10:45",61.491,0.000,224.000,0.000,0.000,0.026
"11:00",66.074,0.000,223.900,0.000,0.000,0.090
"11:15",71.296,0.000,223.800,0.000,0.000,0.282
"11:30",63.232,0.000,223.300,0.000,0.000,0.026
"11:45",24.486,0.000,222.600,0.000,0.000,0.026
"12:00",25.600,0.000,223.500,0.000,0.000,0.051
"12:15",89.062,0.000,224.400,0.000,0.000,0.026
"12:30",90.906,0.000,224.400,0.000,0.000,0.038
"12:45",92.493,0.000,224.400,0.000,0.000,0.013
"13:00",93.504,0.000,224.400,0.000,0.000,0.026
"13:15",94.400,0.000,224.500,0.000,0.000,0.051
"13:30",83.853,0.000,224.400,0.000,0.000,0.218
"13:45",71.718,0.000,224.000,0.000,0.000,0.230
"14:00",91.174,0.000,224.000,0.000,0.000,0.614
"14:15",60.570,0.000,223.600,0.000,0.000,0.602
"14:30",94.054,0.000,224.100,0.000,0.000,0.922
"14:45",90.138,0.000,224.500,0.000,0.000,0.064
"15:00",87.923,0.000,224.000,0.000,0.000,0.026
"15:15",84.531,0.000,223.700,0.000,0.000,0.000
"15:30",34.496,0.000,223.100,0.000,0.000,0.013
"15:45",46.387,0.000,223.300,0.000,0.000,0.013
"16:00",54.144,0.000,223.800,0.000,0.000,0.038
"16:15",61.069,0.000,223.800,0.000,0.000,0.026
"16:30",62.003,0.000,223.900,0.000,0.000,0.026
"16:45",55.872,0.000,223.800,0.000,0.000,0.013
"17:00",49.510,0.000,223.700,0.000,0.000,0.026
"17:15",42.726,0.000,223.500,0.000,0.000,0.000
"17:30",35.520,0.000,223.200,0.000,0.000,0.013
"17:45",28.173,0.000,222.900,0.000,0.000,0.013
"18:00",20.570,0.000,222.400,0.000,0.000,0.000
"18:15",12.838,0.000,222.100,0.000,0.000,0.013
"18:30",5.286,0.000,221.800,0.000,0.000,0.051
"18:45",0.845,0.000,221.600,0.000,0.000,0.051
"19:00",0.077,0.000,221.500,0.038,0.000,0.000
"19:15",0.000,0.026,221.300,0.166,0.000,0.000
"19:30",0.000,0.013,221.300,0.166,0.000,0.000
"19:45",0.000,0.000,221.300,0.179,0.000,0.000
"20:00",0.000,0.000,221.200,0.192,0.000,0.000
"20:15",0.000,0.000,221.200,0.179,0.000,0.000
"20:30",0.000,0.000,221.300,0.192,0.000,0.000
"20:45",0.000,0.000,221.200,0.179,0.000,0.000
"21:00",0.000,0.000,221.100,0.192,0.000,0.000
"21:15",0.000,0.000,221.200,0.179,0.000,0.000
"21:30",0.000,0.000,221.200,0.179,0.000,0.000
"21:45",0.000,0.000,221.200,0.192,0.000,0.000
"22:00",0.000,0.000,221.200,0.179,0.000,0.000
"22:15",0.000,0.000,221.200,0.192,0.000,0.000
"22:30",0.000,0.000,221.300,0.179,0.000,0.000
"22:45",0.000,0.000,221.300,0.192,0.000,0.000
"23:00",0.000,0.000,221.300,0.179,0.000,0.000
"23:15",0.000,0.000,221.200,0.192,0.000,0.000
"23:30",0.000,0.000,221.300,0.179,0.000,0.000
"23:45",0.000,0.000,221.300,0.192,0.000,0.000
" 4/26/26 24:00",0.000,0.000,221.300,0.179,0.000,0.000
