"kwh"
"Time ","AGRIM02P","AGRIM02P","AGRIM02P","AGRIM02P","AGRIM02P","AGRIM02P"
" 5/07/26 00:15",0.000,0.000,221.700,0.166,0.000,0.000
" 5/07/26 00:30",0.000,0.000,221.700,0.179,0.000,0.000
"00:45",0.000,0.000,221.600,0.166,0.000,0.000
"01:00",0.000,0.000,221.700,0.179,0.000,0.000
"01:15",0.000,0.000,221.700,0.166,0.000,0.000
"01:30",0.000,0.000,221.700,0.179,0.000,0.000
"01:45",0.000,0.000,221.700,0.166,0.000,0.000
"02:00",0.000,0.000,221.700,0.179,0.000,0.000
"02:15",0.000,0.000,221.700,0.166,0.000,0.000
"02:30",0.000,0.000,221.700,0.179,0.000,0.000
"02:45",0.000,0.000,221.800,0.166,0.000,0.000
"03:00",0.000,0.000,221.700,0.179,0.000,0.000
"03:15",0.000,0.000,221.700,0.166,0.000,0.000
"03:30",0.000,0.000,221.600,0.179,0.000,0.000
"03:45",0.000,0.000,221.600,0.166,0.000,0.000
"04:00",0.000,0.000,221.700,0.179,0.000,0.000
"04:15",0.000,0.000,221.700,0.166,0.000,0.000
"04:30",0.000,0.000,221.700,0.179,0.000,0.000
"04:45",0.000,0.000,221.600,0.166,0.000,0.000
"05:00",0.000,0.000,221.700,0.179,0.000,0.000
"05:15",0.000,0.000,221.600,0.166,0.000,0.000
"05:30",0.000,0.000,221.600,0.179,0.000,0.000
"05:45",0.000,0.000,221.700,0.166,0.000,0.000
"06:00",0.000,0.000,221.700,0.166,0.000,0.000
"06:15",0.000,0.000,221.700,0.179,0.000,0.000
"06:30",0.000,0.000,221.700,0.166,0.000,0.000
"06:45",0.000,0.000,221.700,0.179,0.000,0.000
"07:00",0.000,0.000,221.700,0.166,0.000,0.000
"07:15",0.000,0.000,221.600,0.179,0.000,0.000
"07:30",0.000,0.000,221.600,0.166,0.000,0.000
"07:45",0.000,0.000,221.600,0.179,0.000,0.000
"08:00",0.000,0.000,221.500,0.166,0.000,0.000
"08:15",0.026,0.000,221.600,0.102,0.000,0.000
"08:30",0.474,0.000,221.500,0.000,0.000,0.013
"08:45",1.318,0.000,221.500,0.000,0.000,0.064
"09:00",2.854,0.000,221.700,0.000,0.000,0.026
"09:15",6.054,0.000,221.700,0.000,0.000,0.026
"09:30",14.259,0.000,221.900,0.000,0.000,0.013
"09:45",10.880,0.000,221.900,0.000,0.000,0.000
"10:00",13.146,0.000,222.000,0.000,0.000,0.000
"10:15",47.795,0.000,222.800,0.000,0.000,0.000
"10:30",71.923,0.000,223.800,0.000,0.000,0.013
"10:45",81.613,0.000,224.100,0.000,0.000,0.000
"11:00",87.181,0.000,224.300,0.000,0.000,0.000
"11:15",92.467,0.000,224.400,0.000,0.000,0.000
"11:30",97.254,0.000,224.400,0.000,0.000,0.000
"11:45",101.018,0.000,224.500,0.000,0.000,0.000
"12:00",104.794,0.000,224.600,0.000,0.000,0.000
"12:15",107.584,0.000,224.700,0.000,0.000,0.000
"12:30",109.568,0.000,224.600,0.000,0.000,0.000
"12:45",111.002,0.000,224.600,0.000,0.000,0.000
"13:00",111.770,0.000,224.600,0.000,0.000,0.000
"13:15",111.770,0.000,224.600,0.000,0.000,0.013
"13:30",111.117,0.000,224.600,0.000,0.000,0.000
"13:45",112.154,0.000,224.600,0.000,0.000,0.000
"14:00",111.974,0.000,224.600,0.000,0.000,0.000
"14:15",110.720,0.000,224.600,0.000,0.000,0.000
"14:30",109.133,0.000,224.600,0.000,0.000,0.000
"14:45",106.803,0.000,224.600,0.000,0.000,0.000
"15:00",103.846,0.000,224.500,0.000,0.000,0.000
"15:15",100.749,0.000,224.500,0.000,0.000,0.038
"15:30",96.883,0.000,224.400,0.000,0.000,0.000
"15:45",92.736,0.000,224.300,0.000,0.000,0.026
"16:00",87.744,0.000,224.300,0.000,0.000,0.000
"16:15",81.216,0.000,224.300,0.000,0.000,0.000
"16:30",74.406,0.000,224.200,0.000,0.000,0.000
"16:45",67.034,0.000,224.000,0.000,0.000,0.013
"17:00",59.789,0.000,224.000,0.000,0.000,0.000
"17:15",52.058,0.000,223.700,0.000,0.000,0.013
"17:30",43.520,0.000,223.300,0.000,0.000,0.000
"17:45",34.240,0.000,223.000,0.000,0.000,0.000
"18:00",23.949,0.000,222.600,0.000,0.000,0.000
"18:15",9.562,0.000,222.100,0.000,0.000,0.038
"18:30",1.933,0.000,221.900,0.000,0.000,0.090
"18:45",0.218,0.000,221.700,0.013,0.000,0.013
"19:00",0.000,0.038,221.500,0.115,0.000,0.000
"19:15",0.000,0.026,221.500,0.128,0.000,0.000
"19:30",0.000,0.000,221.400,0.179,0.000,0.000
"19:45",0.000,0.000,221.400,0.166,0.000,0.000
"20:00",0.000,0.000,221.300,0.179,0.000,0.000
"20:15",0.000,0.000,221.300,0.166,0.000,0.000
"20:30",0.000,0.000,221.300,0.179,0.000,0.000
"20:45",0.000,0.000,221.400,0.166,0.000,0.000
"21:00",0.000,0.000,221.400,0.179,0.000,0.000
"21:15",0.000,0.000,221.400,0.179,0.000,0.000
"21:30",0.000,0.000,221.400,0.166,0.000,0.000
"21:45",0.000,0.000,221.400,0.179,0.000,0.000
"22:00",0.000,0.000,221.400,0.166,0.000,0.000
"22:15",0.000,0.000,221.500,0.179,0.000,0.000
"22:30",0.000,0.000,221.500,0.166,0.000,0.000
"22:45",0.000,0.000,221.500,0.179,0.000,0.000
"23:00",0.000,0.000,221.600,0.166,0.000,0.000
"23:15",0.000,0.000,221.600,0.179,0.000,0.000
"23:30",0.000,0.000,221.700,0.179,0.000,0.000
"23:45",0.000,0.000,221.700,0.166,0.000,0.000
" 5/07/26 24:00",0.000,0.000,221.700,0.179,0.000,0.000
