"kwh"
"Time ","AGRIM02P","AGRIM02P","AGRIM02P","AGRIM02P","AGRIM02P","AGRIM02P"
" 5/08/26 00:15",0.000,0.000,221.600,0.166,0.000,0.000
" 5/08/26 00:30",0.000,0.000,221.600,0.179,0.000,0.000
"00:45",0.000,0.000,221.700,0.179,0.000,0.000
"01:00",0.000,0.000,221.700,0.166,0.000,0.000
"01:15",0.000,0.000,221.700,0.179,0.000,0.000
"01:30",0.000,0.000,221.800,0.166,0.000,0.000
"01:45",0.000,0.000,221.800,0.179,0.000,0.000
"02:00",0.000,0.000,221.700,0.166,0.000,0.000
"02:15",0.000,0.000,221.800,0.179,0.000,0.000
"02:30",0.000,0.000,221.800,0.166,0.000,0.000
"02:45",0.000,0.000,221.700,0.179,0.000,0.000
"03:00",0.000,0.000,221.800,0.166,0.000,0.000
"03:15",0.000,0.000,221.800,0.179,0.000,0.000
"03:30",0.000,0.000,221.700,0.166,0.000,0.000
"03:45",0.000,0.000,221.800,0.179,0.000,0.000
"04:00",0.000,0.000,221.800,0.166,0.000,0.000
"04:15",0.000,0.000,221.700,0.179,0.000,0.000
"04:30",0.000,0.000,221.800,0.166,0.000,0.000
"04:45",0.000,0.000,221.800,0.166,0.000,0.000
"05:00",0.000,0.000,221.800,0.179,0.000,0.000
"05:15",0.000,0.000,221.800,0.166,0.000,0.000
"05:30",0.000,0.000,221.800,0.179,0.000,0.000
"05:45",0.000,0.000,221.800,0.166,0.000,0.000
"06:00",0.000,0.000,221.700,0.179,0.000,0.000
"06:15",0.000,0.000,221.700,0.166,0.000,0.000
"06:30",0.000,0.000,221.700,0.179,0.000,0.000
"06:45",0.000,0.000,221.600,0.166,0.000,0.000
"07:00",0.000,0.000,221.600,0.179,0.000,0.000
"07:15",0.000,0.000,221.600,0.166,0.000,0.000
"07:30",0.000,0.000,221.500,0.179,0.000,0.000
"07:45",0.000,0.000,221.400,0.166,0.000,0.000
"08:00",0.000,0.000,221.300,0.128,0.013,0.000
"08:15",0.384,0.000,221.100,0.000,0.000,0.026
"08:30",3.008,0.000,221.200,0.000,0.000,0.038
"08:45",10.816,0.000,221.500,0.000,0.000,0.026
"09:00",23.936,0.000,222.000,0.000,0.000,0.000
"09:15",33.728,0.000,222.400,0.000,0.000,0.000
"09:30",42.931,0.000,222.700,0.000,0.000,0.000
"09:45",51.558,0.000,223.000,0.000,0.000,0.000
"10:00",59.661,0.000,223.300,0.000,0.000,0.000
"10:15",66.931,0.000,223.400,0.000,0.000,0.000
"10:30",73.638,0.000,223.500,0.000,0.000,0.000
"10:45",79.859,0.000,223.600,0.000,0.000,0.000
"11:00",85.389,0.000,223.500,0.000,0.000,0.000
"11:15",90.970,0.000,223.900,0.000,0.000,0.000
"11:30",95.014,0.000,223.800,0.000,0.000,0.000
"11:45",98.611,0.000,223.800,0.000,0.000,0.000
"12:00",101.939,0.000,224.200,0.000,0.000,0.000
"12:15",104.909,0.000,224.200,0.000,0.000,0.000
"12:30",107.392,0.000,224.200,0.000,0.000,0.000
"12:45",108.749,0.000,224.300,0.000,0.000,0.000
"13:00",109.555,0.000,224.400,0.000,0.000,0.000
"13:15",110.298,0.000,224.400,0.000,0.000,0.000
"13:30",110.016,0.000,224.100,0.000,0.000,0.000
"13:45",109.888,0.000,224.000,0.000,0.000,0.000
"14:00",109.030,0.000,224.000,0.000,0.000,0.000
"14:15",107.686,0.000,224.000,0.000,0.000,0.000
"14:30",105.690,0.000,223.900,0.000,0.000,0.000
"14:45",103.258,0.000,223.600,0.000,0.000,0.000
"15:00",100.326,0.000,223.600,0.000,0.000,0.000
"15:15",97.139,0.000,223.500,0.000,0.000,0.000
"15:30",92.890,0.000,223.400,0.000,0.000,0.000
"15:45",88.371,0.000,223.300,0.000,0.000,0.000
"16:00",82.982,0.000,223.400,0.000,0.000,0.000
"16:15",77.478,0.000,223.600,0.000,0.000,0.000
"16:30",71.040,0.000,223.600,0.000,0.000,0.000
"16:45",64.256,0.000,223.500,0.000,0.000,0.000
"17:00",56.986,0.000,223.400,0.000,0.000,0.000
"17:15",48.998,0.000,223.200,0.000,0.000,0.000
"17:30",40.806,0.000,222.800,0.000,0.000,0.000
"17:45",32.102,0.000,222.800,0.000,0.000,0.000
"18:00",22.669,0.000,222.100,0.000,0.000,0.000
"18:15",8.576,0.000,221.700,0.000,0.000,0.051
"18:30",1.728,0.000,221.500,0.000,0.000,0.064
"18:45",0.205,0.000,221.400,0.013,0.000,0.013
"19:00",0.000,0.038,221.400,0.115,0.000,0.000
"19:15",0.000,0.038,221.300,0.128,0.000,0.000
"19:30",0.000,0.000,221.200,0.179,0.000,0.000
"19:45",0.000,0.000,221.300,0.166,0.000,0.000
"20:00",0.000,0.000,221.300,0.179,0.000,0.000
"20:15",0.000,0.000,221.300,0.179,0.000,0.000
"20:30",0.000,0.000,221.300,0.166,0.000,0.000
"20:45",0.000,0.000,221.300,0.179,0.000,0.000
"21:00",0.000,0.000,221.300,0.166,0.000,0.000
"21:15",0.000,0.000,221.400,0.179,0.000,0.000
"21:30",0.000,0.000,221.500,0.166,0.000,0.000
"21:45",0.000,0.000,221.500,0.179,0.000,0.000
"22:00",0.000,0.000,221.500,0.179,0.000,0.000
"22:15",0.000,0.000,221.500,0.166,0.000,0.000
"22:30",0.000,0.000,221.500,0.179,0.000,0.000
"22:45",0.000,0.000,221.400,0.166,0.000,0.000
"23:00",0.000,0.000,221.400,0.179,0.000,0.000
"23:15",0.000,0.000,221.400,0.166,0.000,0.000
"23:30",0.000,0.000,221.500,0.179,0.000,0.000
"23:45",0.000,0.000,221.500,0.179,0.000,0.000
" 5/08/26 24:00",0.000,0.000,221.500,0.166,0.000,0.000
