"kwh"
"Time ","AGRIM02P","AGRIM02P","AGRIM02P","AGRIM02P","AGRIM02P","AGRIM02P"
" 5/06/26 00:15",0.000,0.000,221.600,0.166,0.000,0.000
" 5/06/26 00:30",0.000,0.000,221.700,0.179,0.000,0.000
"00:45",0.000,0.000,221.600,0.166,0.000,0.000
"01:00",0.000,0.000,221.600,0.179,0.000,0.000
"01:15",0.000,0.000,221.600,0.166,0.000,0.000
"01:30",0.000,0.000,221.600,0.179,0.000,0.000
"01:45",0.000,0.000,221.600,0.166,0.000,0.000
"02:00",0.000,0.000,221.700,0.179,0.000,0.000
"02:15",0.000,0.000,221.700,0.166,0.000,0.000
"02:30",0.000,0.000,221.600,0.179,0.000,0.000
"02:45",0.000,0.000,221.600,0.166,0.000,0.000
"03:00",0.000,0.000,221.600,0.179,0.000,0.000
"03:15",0.000,0.000,221.600,0.166,0.000,0.000
"03:30",0.000,0.000,221.700,0.179,0.000,0.000
"03:45",0.000,0.000,221.700,0.166,0.000,0.000
"04:00",0.000,0.000,221.700,0.179,0.000,0.000
"04:15",0.000,0.000,221.600,0.166,0.000,0.000
"04:30",0.000,0.000,221.600,0.179,0.000,0.000
"04:45",0.000,0.000,221.700,0.166,0.000,0.000
"05:00",0.000,0.000,221.700,0.166,0.000,0.000
"05:15",0.000,0.000,221.700,0.179,0.000,0.000
"05:30",0.000,0.000,221.700,0.166,0.000,0.000
"05:45",0.000,0.000,221.700,0.179,0.000,0.000
"06:00",0.000,0.000,221.700,0.166,0.000,0.000
"06:15",0.000,0.000,221.600,0.179,0.000,0.000
"06:30",0.000,0.000,221.600,0.166,0.000,0.000
"06:45",0.000,0.000,221.700,0.179,0.000,0.000
"07:00",0.000,0.000,221.600,0.166,0.000,0.000
"07:15",0.000,0.000,221.600,0.166,0.000,0.000
"07:30",0.000,0.000,221.600,0.179,0.000,0.000
"07:45",0.000,0.000,221.500,0.166,0.000,0.000
"08:00",0.000,0.000,221.500,0.166,0.000,0.000
"08:15",0.218,0.000,221.600,0.051,0.000,0.013
"08:30",1.408,0.000,221.700,0.000,0.000,0.051
"08:45",2.112,0.000,221.800,0.000,0.000,0.077
"09:00",3.251,0.000,221.800,0.000,0.000,0.038
"09:15",4.582,0.000,221.700,0.000,0.000,0.051
"09:30",8.755,0.000,221.900,0.000,0.000,0.013
"09:45",13.184,0.000,222.100,0.000,0.000,0.000
"10:00",16.243,0.000,222.100,0.000,0.000,0.000
"10:15",19.699,0.000,222.200,0.000,0.000,0.013
"10:30",36.698,0.000,222.400,0.000,0.000,0.000
"10:45",41.344,0.000,222.900,0.000,0.000,0.000
"11:00",43.392,0.000,222.700,0.000,0.000,0.000
"11:15",36.672,0.000,222.500,0.000,0.000,0.000
"11:30",50.726,0.000,222.800,0.000,0.000,0.000
"11:45",35.520,0.000,222.400,0.000,0.000,0.000
"12:00",26.394,0.000,222.200,0.000,0.000,0.000
"12:15",21.888,0.000,222.000,0.000,0.000,0.000
"12:30",28.301,0.000,222.200,0.000,0.000,0.000
"12:45",37.491,0.000,222.400,0.000,0.000,0.000
"13:00",52.646,0.000,222.800,0.000,0.000,0.000
"13:15",57.600,0.000,223.200,0.000,0.000,0.000
"13:30",52.659,0.000,223.100,0.000,0.000,0.000
"13:45",43.405,0.000,223.100,0.000,0.000,0.000
"14:00",71.731,0.000,223.500,0.000,0.000,0.000
"14:15",95.667,0.000,223.900,0.000,0.000,0.000
"14:30",86.003,0.000,223.700,0.000,0.000,0.000
"14:45",91.558,0.000,223.600,0.000,0.000,0.000
"15:00",58.406,0.000,223.300,0.000,0.000,0.013
"15:15",93.120,0.000,223.700,0.000,0.000,0.000
"15:30",87.219,0.000,223.600,0.000,0.000,0.000
"15:45",86.144,0.000,223.700,0.000,0.000,0.000
"16:00",78.579,0.000,223.700,0.000,0.000,0.000
"16:15",73.050,0.000,223.600,0.000,0.000,0.000
"16:30",66.458,0.000,223.500,0.000,0.000,0.000
"16:45",60.070,0.000,223.400,0.000,0.000,0.013
"17:00",52.915,0.000,223.600,0.000,0.000,0.000
"17:15",45.491,0.000,223.500,0.000,0.000,0.000
"17:30",37.402,0.000,223.200,0.000,0.000,0.013
"17:45",28.851,0.000,222.900,0.000,0.000,0.000
"18:00",17.446,0.000,222.300,0.000,0.000,0.013
"18:15",6.707,0.000,222.000,0.000,0.000,0.141
"18:30",2.035,0.000,221.700,0.000,0.000,0.102
"18:45",0.179,0.000,221.600,0.000,0.000,0.013
"19:00",0.000,0.038,221.500,0.128,0.000,0.000
"19:15",0.000,0.026,221.400,0.141,0.000,0.000
"19:30",0.000,0.000,221.400,0.166,0.000,0.000
"19:45",0.000,0.000,221.500,0.179,0.000,0.000
"20:00",0.000,0.000,221.500,0.166,0.000,0.000
"20:15",0.000,0.000,221.500,0.179,0.000,0.000
"20:30",0.000,0.000,221.600,0.179,0.000,0.000
"20:45",0.000,0.000,221.600,0.166,0.000,0.000
"21:00",0.000,0.000,221.600,0.179,0.000,0.000
"21:15",0.000,0.000,221.600,0.166,0.000,0.000
"21:30",0.000,0.000,221.600,0.179,0.000,0.000
"21:45",0.000,0.000,221.600,0.179,0.000,0.000
"22:00",0.000,0.000,221.600,0.166,0.000,0.000
"22:15",0.000,0.000,221.600,0.179,0.000,0.000
"22:30",0.000,0.000,221.700,0.166,0.000,0.000
"22:45",0.000,0.000,221.700,0.179,0.000,0.000
"23:00",0.000,0.000,221.600,0.166,0.000,0.000
"23:15",0.000,0.000,221.600,0.179,0.000,0.000
"23:30",0.000,0.000,221.600,0.166,0.000,0.000
"23:45",0.000,0.000,221.600,0.179,0.000,0.000
" 5/06/26 24:00",0.000,0.000,221.700,0.179,0.000,0.000
