"kwh"
"Time ","AGRIM02P","AGRIM02P","AGRIM02P","AGRIM02P","AGRIM02P","AGRIM02P"
" 7/09/26 00:15",0.000,0.000,221.600,0.166,0.000,0.000
" 7/09/26 00:30",0.000,0.000,221.600,0.179,0.000,0.000
"00:45",0.000,0.000,221.600,0.179,0.000,0.000
"01:00",0.000,0.000,221.600,0.166,0.000,0.000
"01:15",0.000,0.000,221.700,0.179,0.000,0.000
"01:30",0.000,0.000,221.600,0.166,0.000,0.000
"01:45",0.000,0.000,221.600,0.179,0.000,0.000
"02:00",0.000,0.000,221.600,0.179,0.000,0.000
"02:15",0.000,0.000,221.700,0.166,0.000,0.000
"02:30",0.000,0.000,221.700,0.179,0.000,0.000
"02:45",0.000,0.000,221.700,0.166,0.000,0.000
"03:00",0.000,0.000,221.700,0.179,0.000,0.000
"03:15",0.000,0.000,221.700,0.179,0.000,0.000
"03:30",0.000,0.000,221.700,0.166,0.000,0.000
"03:45",0.000,0.000,221.700,0.179,0.000,0.000
"04:00",0.000,0.000,221.700,0.166,0.000,0.000
"04:15",0.000,0.000,221.700,0.179,0.000,0.000
"04:30",0.000,0.000,221.600,0.166,0.000,0.000
"04:45",0.000,0.000,221.700,0.179,0.000,0.000
"05:00",0.000,0.000,221.700,0.179,0.000,0.000
"05:15",0.000,0.000,221.700,0.166,0.000,0.000
"05:30",0.000,0.000,221.700,0.179,0.000,0.000
"05:45",0.000,0.000,221.700,0.166,0.000,0.000
"06:00",0.000,0.000,221.700,0.179,0.000,0.000
"06:15",0.000,0.000,221.800,0.166,0.000,0.000
"06:30",0.000,0.000,221.700,0.179,0.000,0.000
"06:45",0.000,0.000,221.700,0.179,0.000,0.000
"07:00",0.000,0.000,221.700,0.166,0.000,0.000
"07:15",0.000,0.000,221.700,0.179,0.000,0.000
"07:30",0.000,0.000,221.700,0.166,0.000,0.000
"07:45",0.000,0.000,221.700,0.179,0.000,0.000
"08:00",0.000,0.000,221.700,0.179,0.000,0.000
"08:15",0.000,0.000,221.500,0.166,0.000,0.000
"08:30",0.013,0.013,221.400,0.128,0.000,0.000
"08:45",0.448,0.000,221.400,0.000,0.000,0.013
"09:00",3.354,0.000,221.600,0.000,0.000,0.051
"09:15",7.680,0.000,221.700,0.000,0.000,0.051
"09:30",22.912,0.000,222.100,0.000,0.000,0.000
"09:45",34.931,0.000,222.500,0.000,0.000,0.371
"10:00",42.432,0.000,222.800,0.000,0.000,0.000
"10:15",51.738,0.000,223.100,0.000,0.000,0.000
"10:30",56.525,0.000,223.200,0.000,0.000,0.000
"10:45",65.344,0.000,223.400,0.000,0.000,0.000
"11:00",71.462,0.000,223.500,0.000,0.000,0.000
"11:15",76.736,0.000,223.500,0.000,0.000,0.000
"11:30",81.267,0.000,223.500,0.000,0.000,0.000
"11:45",85.440,0.000,223.500,0.000,0.000,0.461
"12:00",89.370,0.000,223.700,0.000,0.000,0.000
"12:15",91.200,0.000,223.700,0.000,0.000,0.038
"12:30",90.944,0.000,223.700,0.000,0.000,0.000
"12:45",93.018,0.000,223.700,0.000,0.000,0.627
"13:00",95.053,0.000,223.700,0.000,0.000,0.000
"13:15",99.738,0.000,223.800,0.000,0.000,0.499
"13:30",99.085,0.000,223.700,0.000,0.000,0.102
"13:45",100.211,0.000,223.700,0.000,0.000,1.139
"14:00",99.238,0.000,223.800,0.000,0.000,0.090
"14:15",98.394,0.000,223.900,0.000,0.000,0.000
"14:30",96.410,0.000,223.900,0.000,0.000,0.013
"14:45",96.346,0.000,223.800,0.000,0.000,0.000
"15:00",85.786,0.000,223.600,0.000,0.000,0.000
"15:15",77.504,0.000,223.400,0.000,0.000,0.000
"15:30",60.787,0.000,223.000,0.000,0.000,0.563
"15:45",54.733,0.000,222.800,0.000,0.000,0.000
"16:00",59.597,0.000,223.000,0.000,0.000,0.832
"16:15",43.763,0.000,222.700,0.000,0.000,0.320
"16:30",32.742,0.000,222.300,0.000,0.000,0.000
"16:45",23.974,0.000,222.100,0.000,0.000,0.000
"17:00",16.768,0.000,221.800,0.000,0.000,0.000
"17:15",14.118,0.000,221.800,0.000,0.000,0.000
"17:30",10.381,0.000,221.700,0.000,0.000,0.038
"17:45",6.592,0.000,221.500,0.000,0.000,0.102
"18:00",2.970,0.000,221.400,0.000,0.000,0.090
"18:15",0.960,0.000,221.400,0.000,0.000,0.013
"18:30",0.666,0.000,221.400,0.000,0.000,0.013
"18:45",0.371,0.000,221.400,0.013,0.000,0.013
"19:00",0.000,0.038,221.200,0.115,0.000,0.000
"19:15",0.000,0.026,221.100,0.166,0.000,0.000
"19:30",0.000,0.000,221.000,0.166,0.000,0.000
"19:45",0.000,0.000,221.100,0.179,0.000,0.000
"20:00",0.000,0.000,221.100,0.166,0.000,0.000
"20:15",0.000,0.000,221.200,0.179,0.000,0.000
"20:30",0.000,0.000,221.200,0.166,0.000,0.000
"20:45",0.000,0.000,221.300,0.179,0.000,0.000
"21:00",0.000,0.000,221.400,0.179,0.000,0.000
"21:15",0.000,0.000,221.400,0.166,0.000,0.000
"21:30",0.000,0.000,221.300,0.179,0.000,0.000
"21:45",0.000,0.000,221.300,0.179,0.000,0.000
"22:00",0.000,0.000,221.400,0.166,0.000,0.000
"22:15",0.000,0.000,221.500,0.179,0.000,0.000
"22:30",0.000,0.000,221.500,0.179,0.000,0.000
"22:45",0.000,0.000,221.500,0.166,0.000,0.000
"23:00",0.000,0.000,221.500,0.179,0.000,0.000
"23:15",0.000,0.000,221.500,0.166,0.000,0.000
"23:30",0.000,0.000,221.500,0.179,0.000,0.000
"23:45",0.000,0.000,221.500,0.179,0.000,0.000
" 7/09/26 24:00",0.000,0.000,221.500,0.166,0.000,0.000
