"kwh"
"Time ","AGRIM02P","AGRIM02P","AGRIM02P","AGRIM02P","AGRIM02P","AGRIM02P"
" 9/08/26 00:15",0.000,0.000,219.800,0.179,0.000,0.000
" 9/08/26 00:30",0.000,0.000,219.800,0.166,0.000,0.000
"00:45",0.000,0.000,219.900,0.166,0.000,0.000
"01:00",0.000,0.000,220.000,0.179,0.000,0.000
"01:15",0.000,0.000,220.000,0.166,0.000,0.000
"01:30",0.000,0.000,220.000,0.179,0.000,0.000
"01:45",0.000,0.000,220.000,0.166,0.000,0.000
"02:00",0.000,0.000,220.000,0.166,0.000,0.000
"02:15",0.000,0.000,220.000,0.179,0.000,0.000
"02:30",0.000,0.000,220.000,0.166,0.000,0.000
"02:45",0.000,0.000,220.000,0.166,0.000,0.000
"03:00",0.000,0.000,219.900,0.179,0.000,0.000
"03:15",0.000,0.000,219.900,0.166,0.000,0.000
"03:30",0.000,0.000,220.000,0.179,0.000,0.000
"03:45",0.000,0.000,220.000,0.166,0.000,0.000
"04:00",0.000,0.000,219.900,0.166,0.000,0.000
"04:15",0.000,0.000,219.900,0.179,0.000,0.000
"04:30",0.000,0.000,219.900,0.166,0.000,0.000
"04:45",0.000,0.000,219.900,0.166,0.000,0.000
"05:00",0.000,0.000,220.000,0.179,0.000,0.000
"05:15",0.000,0.000,220.000,0.166,0.000,0.000
"05:30",0.000,0.000,220.000,0.166,0.000,0.000
"05:45",0.000,0.000,220.000,0.179,0.000,0.000
"06:00",0.000,0.000,220.000,0.166,0.000,0.000
"06:15",0.000,0.000,220.000,0.166,0.000,0.000
"06:30",0.000,0.000,220.000,0.179,0.000,0.000
"06:45",0.000,0.000,220.100,0.166,0.000,0.000
"07:00",0.000,0.000,220.000,0.166,0.000,0.000
"07:15",0.000,0.000,220.000,0.179,0.000,0.000
"07:30",0.000,0.000,219.900,0.115,0.000,0.000
"07:45",0.563,0.000,219.900,0.000,0.000,0.026
"08:00",3.674,0.000,220.100,0.000,0.000,0.000
"08:15",9.587,0.000,220.400,0.000,0.000,0.000
"08:30",18.496,0.000,220.700,0.000,0.000,0.000
"08:45",26.752,0.000,221.100,0.000,0.000,0.320
"09:00",36.045,0.000,221.500,0.000,0.000,0.192
"09:15",45.811,0.000,221.700,0.000,0.000,0.013
"09:30",54.221,0.000,222.000,0.000,0.000,0.000
"09:45",62.259,0.000,222.100,0.000,0.000,0.038
"10:00",70.195,0.000,222.200,0.000,0.000,0.000
"10:15",77.427,0.000,222.400,0.000,0.000,0.000
"10:30",84.096,0.000,222.500,0.000,0.000,0.282
"10:45",90.099,0.000,222.600,0.000,0.000,0.154
"11:00",95.283,0.000,222.800,0.000,0.000,0.000
"11:15",100.147,0.000,222.800,0.000,0.000,0.000
"11:30",104.845,0.000,222.900,0.000,0.000,0.000
"11:45",108.710,0.000,222.800,0.000,0.000,0.922
"12:00",110.861,0.000,223.000,0.000,0.000,0.000
"12:15",112.922,0.000,223.100,0.000,0.000,0.000
"12:30",114.458,0.000,223.000,0.000,0.000,0.883
"12:45",115.418,0.000,223.000,0.000,0.000,0.461
"13:00",115.814,0.000,223.000,0.000,0.000,0.294
"13:15",115.789,0.000,222.900,0.000,0.000,1.050
"13:30",115.584,0.000,222.800,0.000,0.000,1.011
"13:45",115.878,0.000,223.000,0.000,0.000,0.090
"14:00",115.571,0.000,222.900,0.000,0.000,0.627
"14:15",114.227,0.000,222.900,0.000,0.000,1.613
"14:30",113.677,0.000,222.900,0.000,0.000,1.242
"14:45",112.154,0.000,223.000,0.000,0.000,0.000
"15:00",110.387,0.000,223.000,0.000,0.000,0.077
"15:15",108.262,0.000,222.700,0.000,0.000,0.269
"15:30",102.259,0.000,222.700,0.000,0.000,0.000
"15:45",98.470,0.000,222.700,0.000,0.000,0.000
"16:00",94.080,0.000,222.600,0.000,0.000,0.000
"16:15",91.162,0.000,222.600,0.000,0.000,0.000
"16:30",87.270,0.000,222.600,0.000,0.000,0.000
"16:45",74.970,0.000,222.400,0.000,0.000,0.000
"17:00",38.490,0.000,221.500,0.000,0.000,0.000
"17:15",22.003,0.000,220.900,0.000,0.000,0.000
"17:30",17.178,0.000,220.500,0.000,0.000,0.000
"17:45",12.365,0.000,220.300,0.000,0.000,0.000
"18:00",14.131,0.000,220.400,0.000,0.000,0.000
"18:15",13.414,0.000,220.500,0.000,0.000,0.026
"18:30",8.384,0.000,220.400,0.000,0.000,0.064
"18:45",4.787,0.000,220.300,0.000,0.000,0.115
"19:00",0.934,0.000,220.200,0.000,0.000,0.064
"19:15",0.141,0.013,220.100,0.026,0.000,0.000
"19:30",0.000,0.038,220.100,0.128,0.000,0.000
"19:45",0.000,0.013,220.200,0.154,0.000,0.000
"20:00",0.000,0.000,220.100,0.166,0.000,0.000
"20:15",0.000,0.000,220.100,0.179,0.000,0.000
"20:30",0.000,0.000,220.200,0.166,0.000,0.000
"20:45",0.000,0.000,220.100,0.166,0.000,0.000
"21:00",0.000,0.000,220.100,0.179,0.000,0.000
"21:15",0.000,0.000,220.100,0.166,0.000,0.000
"21:30",0.000,0.000,220.100,0.166,0.000,0.000
"21:45",0.000,0.000,220.000,0.179,0.000,0.000
"22:00",0.000,0.000,220.100,0.166,0.000,0.000
"22:15",0.000,0.000,220.100,0.166,0.000,0.000
"22:30",0.000,0.000,220.100,0.179,0.000,0.000
"22:45",0.000,0.000,220.200,0.166,0.000,0.000
"23:00",0.000,0.000,220.200,0.166,0.000,0.000
"23:15",0.000,0.000,219.900,0.179,0.000,0.000
"23:30",0.000,0.000,219.800,0.166,0.000,0.000
"23:45",0.000,0.000,219.800,0.166,0.000,0.000
" 9/08/26 24:00",0.000,0.000,219.800,0.179,0.000,0.000
