"kwh"
"Time ","AGRIM02P","AGRIM02P","AGRIM02P","AGRIM02P","AGRIM02P","AGRIM02P"
" 3/12/26 00:15",0.000,0.000,221.700,0.179,0.000,0.000
" 3/12/26 00:30",0.000,0.000,221.700,0.192,0.000,0.000
"00:45",0.000,0.000,221.700,0.179,0.000,0.000
"01:00",0.000,0.000,221.700,0.179,0.000,0.000
"01:15",0.000,0.000,221.700,0.192,0.000,0.000
"01:30",0.000,0.000,221.800,0.179,0.000,0.000
"01:45",0.000,0.000,221.800,0.192,0.000,0.000
"02:00",0.000,0.000,221.800,0.179,0.000,0.000
"02:15",0.000,0.000,221.800,0.192,0.000,0.000
"02:30",0.000,0.000,221.900,0.179,0.000,0.000
"02:45",0.000,0.000,221.900,0.192,0.000,0.000
"03:00",0.000,0.000,221.900,0.179,0.000,0.000
"03:15",0.000,0.000,221.900,0.179,0.000,0.000
"03:30",0.000,0.000,221.800,0.192,0.000,0.000
"03:45",0.000,0.000,221.800,0.179,0.000,0.000
"04:00",0.000,0.000,221.800,0.192,0.000,0.000
"04:15",0.000,0.000,221.800,0.179,0.000,0.000
"04:30",0.000,0.000,221.800,0.192,0.000,0.000
"04:45",0.000,0.000,221.800,0.179,0.000,0.000
"05:00",0.000,0.000,221.800,0.192,0.000,0.000
"05:15",0.000,0.000,221.800,0.179,0.000,0.000
"05:30",0.000,0.000,221.800,0.179,0.000,0.000
"05:45",0.000,0.000,221.900,0.192,0.000,0.000
"06:00",0.000,0.000,221.900,0.179,0.000,0.000
"06:15",0.000,0.000,221.800,0.192,0.000,0.000
"06:30",0.000,0.000,221.800,0.179,0.000,0.000
"06:45",0.000,0.000,221.800,0.192,0.000,0.000
"07:00",0.000,0.000,221.700,0.179,0.000,0.000
"07:15",0.000,0.000,221.700,0.179,0.000,0.000
"07:30",0.000,0.000,221.800,0.179,0.000,0.000
"07:45",0.064,0.000,221.800,0.013,0.000,0.000
"08:00",0.410,0.000,221.800,0.000,0.000,0.026
"08:15",0.704,0.000,221.900,0.000,0.000,0.013
"08:30",1.254,0.000,222.000,0.000,0.000,0.013
"08:45",2.227,0.000,221.900,0.000,0.000,0.064
"09:00",2.598,0.000,222.000,0.000,0.000,0.051
"09:15",10.765,0.000,222.100,0.000,0.000,0.000
"09:30",15.872,0.000,222.200,0.000,0.000,0.000
"09:45",25.306,0.000,222.500,0.000,0.000,0.000
"10:00",25.242,0.000,222.500,0.000,0.000,0.000
"10:15",16.474,0.000,222.300,0.000,0.000,0.013
"10:30",14.477,0.000,222.200,0.000,0.000,0.000
"10:45",20.941,0.000,222.300,0.000,0.000,0.000
"11:00",20.186,0.000,222.300,0.000,0.000,0.000
"11:15",24.371,0.000,222.300,0.000,0.000,0.000
"11:30",32.512,0.000,222.500,0.000,0.000,0.000
"11:45",40.256,0.000,222.600,0.000,0.000,0.000
"12:00",43.827,0.000,222.800,0.000,0.000,0.000
"12:15",53.402,0.000,223.200,0.000,0.000,0.000
"12:30",66.125,0.000,223.700,0.000,0.000,0.000
"12:45",75.610,0.000,223.800,0.000,0.000,0.000
"13:00",84.160,0.000,224.100,0.000,0.000,0.000
"13:15",84.493,0.000,224.300,0.000,0.000,0.013
"13:30",90.509,0.000,224.000,0.000,0.000,0.000
"13:45",86.426,0.000,223.900,0.000,0.000,0.000
"14:00",94.797,0.000,224.400,0.000,0.000,0.026
"14:15",89.344,0.000,224.300,0.000,0.000,0.013
"14:30",83.661,0.000,224.300,0.000,0.000,0.026
"14:45",100.966,0.000,224.600,0.000,0.000,0.038
"15:00",70.042,0.000,224.400,0.000,0.000,0.051
"15:15",83.251,0.000,224.600,0.000,0.000,0.038
"15:30",49.472,0.000,224.100,0.000,0.000,0.038
"15:45",43.904,0.000,223.800,0.000,0.000,0.051
"16:00",93.440,0.000,224.400,0.000,0.000,0.064
"16:15",66.944,0.000,224.200,0.000,0.000,0.064
"16:30",67.802,0.000,224.200,0.000,0.000,0.038
"16:45",72.307,0.000,224.200,0.000,0.000,0.051
"17:00",61.619,0.000,224.200,0.000,0.000,0.026
"17:15",60.109,0.000,223.900,0.000,0.000,0.026
"17:30",53.056,0.000,224.100,0.000,0.000,0.051
"17:45",46.080,0.000,223.900,0.000,0.000,0.038
"18:00",39.117,0.000,223.600,0.000,0.000,0.051
"18:15",31.962,0.000,223.400,0.000,0.000,0.026
"18:30",24.666,0.000,223.100,0.000,0.000,0.026
"18:45",17.536,0.000,222.800,0.000,0.000,0.013
"19:00",11.046,0.000,222.300,0.000,0.000,0.013
"19:15",5.491,0.000,222.000,0.000,0.000,0.038
"19:30",1.613,0.000,221.900,0.000,0.000,0.051
"19:45",0.230,0.000,221.700,0.000,0.000,0.000
"20:00",0.000,0.000,221.600,0.141,0.000,0.000
"20:15",0.000,0.013,221.700,0.154,0.000,0.000
"20:30",0.000,0.000,221.700,0.192,0.000,0.000
"20:45",0.000,0.000,221.700,0.179,0.000,0.000
"21:00",0.000,0.000,221.700,0.179,0.000,0.000
"21:15",0.000,0.000,221.700,0.192,0.000,0.000
"21:30",0.000,0.000,221.700,0.179,0.000,0.000
"21:45",0.000,0.000,221.700,0.192,0.000,0.000
"22:00",0.000,0.000,221.700,0.179,0.000,0.000
"22:15",0.000,0.000,221.800,0.179,0.000,0.000
"22:30",0.000,0.000,221.700,0.192,0.000,0.000
"22:45",0.000,0.000,221.800,0.179,0.000,0.000
"23:00",0.000,0.000,221.700,0.192,0.000,0.000
"23:15",0.000,0.000,221.800,0.179,0.000,0.000
"23:30",0.000,0.000,221.700,0.192,0.000,0.000
"23:45",0.000,0.000,221.800,0.179,0.000,0.000
" 3/12/26 24:00",0.000,0.000,221.700,0.192,0.000,0.000
