"kwh"
"Time ","AGRIM02P","AGRIM02P","AGRIM02P","AGRIM02P","AGRIM02P","AGRIM02P"
" 1/12/26 00:15",0.000,0.000,221.600,0.179,0.000,0.000
" 1/12/26 00:30",0.000,0.000,221.600,0.192,0.000,0.000
"00:45",0.000,0.000,221.700,0.179,0.000,0.000
"01:00",0.000,0.000,221.700,0.192,0.000,0.000
"01:15",0.000,0.000,221.700,0.179,0.000,0.000
"01:30",0.000,0.000,221.700,0.192,0.000,0.000
"01:45",0.000,0.000,221.700,0.179,0.000,0.000
"02:00",0.000,0.000,221.800,0.192,0.000,0.000
"02:15",0.000,0.000,221.800,0.179,0.000,0.000
"02:30",0.000,0.000,221.800,0.192,0.000,0.000
"02:45",0.000,0.000,221.800,0.179,0.000,0.000
"03:00",0.000,0.000,221.800,0.192,0.000,0.000
"03:15",0.000,0.000,221.800,0.179,0.000,0.000
"03:30",0.000,0.000,221.800,0.192,0.000,0.000
"03:45",0.000,0.000,221.900,0.179,0.000,0.000
"04:00",0.000,0.000,221.900,0.192,0.000,0.000
"04:15",0.000,0.000,221.900,0.179,0.000,0.000
"04:30",0.000,0.000,221.900,0.192,0.000,0.000
"04:45",0.000,0.000,221.900,0.179,0.000,0.000
"05:00",0.000,0.000,221.900,0.179,0.000,0.000
"05:15",0.000,0.000,221.900,0.192,0.000,0.000
"05:30",0.000,0.000,221.900,0.192,0.000,0.000
"05:45",0.000,0.000,221.900,0.179,0.000,0.000
"06:00",0.000,0.000,221.900,0.179,0.000,0.000
"06:15",0.000,0.000,221.900,0.192,0.000,0.000
"06:30",0.000,0.000,221.900,0.179,0.000,0.000
"06:45",0.307,0.000,222.000,0.000,0.000,0.038
"07:00",0.909,0.000,222.100,0.000,0.000,0.051
"07:15",1.600,0.000,221.900,0.000,0.000,0.077
"07:30",2.829,0.000,222.100,0.000,0.000,0.128
"07:45",6.016,0.000,222.300,0.000,0.000,0.051
"08:00",11.635,0.000,222.600,0.000,0.000,0.026
"08:15",18.586,0.000,222.800,0.000,0.000,0.000
"08:30",26.061,0.000,223.100,0.000,0.000,0.000
"08:45",33.971,0.000,223.300,0.000,0.000,0.000
"09:00",41.357,0.000,223.400,0.000,0.000,0.000
"09:15",48.538,0.000,223.100,0.000,0.000,0.000
"09:30",55.360,0.000,223.000,0.000,0.000,0.000
"09:45",61.670,0.000,222.800,0.000,0.000,0.000
"10:00",67.648,0.000,222.600,0.000,0.000,0.000
"10:15",73.472,0.000,222.600,0.000,0.000,0.000
"10:30",78.592,0.000,222.700,0.000,0.000,0.013
"10:45",83.494,0.000,222.800,0.000,0.000,0.000
"11:00",87.872,0.000,222.900,0.000,0.000,0.013
"11:15",91.750,0.000,222.900,0.000,0.000,0.000
"11:30",94.950,0.000,222.900,0.000,0.000,0.000
"11:45",98.381,0.000,223.000,0.000,0.000,0.000
"12:00",100.813,0.000,223.000,0.000,0.000,0.000
"12:15",102.899,0.000,223.100,0.000,0.000,0.013
"12:30",103.590,0.000,223.000,0.000,0.000,0.000
"12:45",104.090,0.000,223.300,0.000,0.000,0.000
"13:00",104.102,0.000,223.500,0.000,0.000,0.013
"13:15",104.269,0.000,223.400,0.000,0.000,0.000
"13:30",104.346,0.000,223.500,0.000,0.000,0.013
"13:45",104.320,0.000,223.500,0.000,0.000,0.000
"14:00",104.256,0.000,223.400,0.000,0.000,0.000
"14:15",103.898,0.000,223.400,0.000,0.000,0.000
"14:30",103.450,0.000,223.400,0.000,0.000,0.013
"14:45",102.861,0.000,223.400,0.000,0.000,0.000
"15:00",102.106,0.000,223.400,0.000,0.000,0.000
"15:15",99.533,0.000,223.400,0.000,0.000,0.000
"15:30",96.909,0.000,223.200,0.000,0.000,0.000
"15:45",93.926,0.000,223.100,0.000,0.000,0.000
"16:00",90.816,0.000,223.100,0.000,0.000,0.000
"16:15",86.925,0.000,223.000,0.000,0.000,0.000
"16:30",82.368,0.000,222.800,0.000,0.000,0.000
"16:45",77.466,0.000,222.800,0.000,0.000,0.000
"17:00",70.362,0.000,222.700,0.000,0.000,0.013
"17:15",57.907,0.000,222.300,0.000,0.000,0.000
"17:30",62.771,0.000,222.600,0.000,0.000,0.013
"17:45",48.128,0.000,222.300,0.000,0.000,0.000
"18:00",36.672,0.000,221.900,0.000,0.000,0.000
"18:15",37.274,0.000,222.000,0.000,0.000,0.000
"18:30",38.170,0.000,222.300,0.000,0.000,0.000
"18:45",18.112,0.000,221.500,0.000,0.000,0.013
"19:00",19.110,0.000,221.400,0.000,0.000,0.013
"19:15",17.306,0.000,221.300,0.000,0.000,0.000
"19:30",8.858,0.000,221.000,0.000,0.000,0.038
"19:45",4.864,0.000,220.600,0.000,0.000,0.115
"20:00",4.083,0.000,220.500,0.000,0.000,0.102
"20:15",1.907,0.000,220.400,0.000,0.000,0.090
"20:30",0.678,0.000,220.400,0.000,0.000,0.115
"20:45",0.026,0.026,220.300,0.051,0.000,0.013
"21:00",0.000,0.038,220.200,0.154,0.000,0.000
"21:15",0.000,0.000,220.200,0.179,0.000,0.000
"21:30",0.000,0.000,220.200,0.179,0.000,0.000
"21:45",0.000,0.000,220.400,0.192,0.000,0.000
"22:00",0.000,0.000,220.600,0.179,0.000,0.000
"22:15",0.000,0.000,220.600,0.179,0.000,0.000
"22:30",0.000,0.000,220.300,0.192,0.000,0.000
"22:45",0.000,0.000,220.300,0.179,0.000,0.000
"23:00",0.000,0.000,220.300,0.179,0.000,0.000
"23:15",0.000,0.000,220.200,0.179,0.000,0.000
"23:30",0.000,0.000,220.100,0.179,0.000,0.000
"23:45",0.000,0.000,220.000,0.192,0.000,0.000
" 1/12/26 24:00",0.000,0.000,220.100,0.179,0.000,0.000
