"kwh"
"Time ","AGRIM02P","AGRIM02P","AGRIM02P","AGRIM02P","AGRIM02P","AGRIM02P"
" 6/22/26 00:15",0.000,0.000,221.600,0.166,0.000,0.000
" 6/22/26 00:30",0.000,0.000,221.600,0.179,0.000,0.000
"00:45",0.000,0.000,221.600,0.179,0.000,0.000
"01:00",0.000,0.000,221.600,0.166,0.000,0.000
"01:15",0.000,0.000,221.700,0.179,0.000,0.000
"01:30",0.000,0.000,221.700,0.166,0.000,0.000
"01:45",0.000,0.000,221.600,0.179,0.000,0.000
"02:00",0.000,0.000,221.600,0.179,0.000,0.000
"02:15",0.000,0.000,221.700,0.166,0.000,0.000
"02:30",0.000,0.000,221.800,0.179,0.000,0.000
"02:45",0.000,0.000,221.800,0.166,0.000,0.000
"03:00",0.000,0.000,221.800,0.179,0.000,0.000
"03:15",0.000,0.000,221.800,0.179,0.000,0.000
"03:30",0.000,0.000,221.800,0.166,0.000,0.000
"03:45",0.000,0.000,221.800,0.179,0.000,0.000
"04:00",0.000,0.000,221.800,0.179,0.000,0.000
"04:15",0.000,0.000,221.700,0.166,0.000,0.000
"04:30",0.000,0.000,221.700,0.179,0.000,0.000
"04:45",0.000,0.000,221.800,0.166,0.000,0.000
"05:00",0.000,0.000,221.800,0.179,0.000,0.000
"05:15",0.000,0.000,221.800,0.179,0.000,0.000
"05:30",0.000,0.000,221.800,0.166,0.000,0.000
"05:45",0.000,0.000,221.900,0.179,0.000,0.000
"06:00",0.000,0.000,221.900,0.166,0.000,0.000
"06:15",0.000,0.000,221.800,0.179,0.000,0.000
"06:30",0.000,0.000,221.800,0.179,0.000,0.000
"06:45",0.000,0.000,221.700,0.166,0.000,0.000
"07:00",0.000,0.000,221.800,0.179,0.000,0.000
"07:15",0.000,0.000,221.800,0.166,0.000,0.000
"07:30",0.000,0.000,221.800,0.179,0.000,0.000
"07:45",0.000,0.000,221.700,0.166,0.000,0.000
"08:00",0.000,0.000,221.700,0.179,0.000,0.000
"08:15",0.000,0.000,221.800,0.179,0.000,0.000
"08:30",0.051,0.000,221.800,0.038,0.000,0.000
"08:45",0.678,0.000,221.900,0.000,0.000,0.026
"09:00",6.016,0.000,222.100,0.000,0.000,0.038
"09:15",11.072,0.000,222.300,0.000,0.000,0.013
"09:30",28.314,0.000,222.700,0.000,0.000,0.000
"09:45",40.141,0.000,223.100,0.000,0.000,0.000
"10:00",48.192,0.000,223.500,0.000,0.000,0.000
"10:15",55.770,0.000,223.800,0.000,0.000,0.000
"10:30",62.886,0.000,223.900,0.000,0.000,0.000
"10:45",69.491,0.000,224.000,0.000,0.000,0.013
"11:00",75.251,0.000,224.100,0.000,0.000,0.000
"11:15",80.474,0.000,224.200,0.000,0.000,0.000
"11:30",85.248,0.000,224.200,0.000,0.000,0.000
"11:45",89.536,0.000,224.200,0.000,0.000,0.000
"12:00",92.634,0.000,224.300,0.000,0.000,0.000
"12:15",96.038,0.000,224.400,0.000,0.000,0.000
"12:30",98.586,0.000,224.500,0.000,0.000,0.000
"12:45",100.672,0.000,224.500,0.000,0.000,0.000
"13:00",102.285,0.000,224.500,0.000,0.000,0.000
"13:15",103.334,0.000,224.500,0.000,0.000,0.000
"13:30",104.077,0.000,224.600,0.000,0.000,0.000
"13:45",103.898,0.000,224.600,0.000,0.000,0.000
"14:00",103.155,0.000,224.500,0.000,0.000,0.000
"14:15",102.054,0.000,224.500,0.000,0.000,0.000
"14:30",100.160,0.000,224.400,0.000,0.000,0.026
"14:45",98.022,0.000,224.400,0.000,0.000,0.154
"15:00",94.886,0.000,224.300,0.000,0.000,0.653
"15:15",91.827,0.000,224.300,0.000,0.000,0.486
"15:30",87.987,0.000,224.300,0.000,0.000,0.051
"15:45",83.610,0.000,224.200,0.000,0.000,0.269
"16:00",78.451,0.000,224.200,0.000,0.000,0.154
"16:15",72.858,0.000,224.100,0.000,0.000,0.448
"16:30",66.726,0.000,223.900,0.000,0.000,0.141
"16:45",60.275,0.000,223.900,0.000,0.000,0.166
"17:00",52.979,0.000,223.700,0.000,0.000,0.000
"17:15",45.261,0.000,223.400,0.000,0.000,0.000
"17:30",36.979,0.000,223.100,0.000,0.000,0.000
"17:45",21.568,0.000,222.500,0.000,0.000,0.013
"18:00",6.438,0.000,222.000,0.000,0.000,0.038
"18:15",2.278,0.000,221.800,0.000,0.000,0.026
"18:30",0.282,0.000,221.600,0.000,0.000,0.000
"18:45",0.013,0.026,221.600,0.064,0.000,0.000
"19:00",0.000,0.051,221.600,0.115,0.000,0.000
"19:15",0.000,0.000,221.500,0.166,0.000,0.000
"19:30",0.000,0.000,221.500,0.179,0.000,0.000
"19:45",0.000,0.000,221.500,0.179,0.000,0.000
"20:00",0.000,0.000,221.500,0.166,0.000,0.000
"20:15",0.000,0.000,221.400,0.179,0.000,0.000
"20:30",0.000,0.000,221.400,0.179,0.000,0.000
"20:45",0.000,0.000,221.400,0.166,0.000,0.000
"21:00",0.000,0.000,221.400,0.179,0.000,0.000
"21:15",0.000,0.000,221.500,0.179,0.000,0.000
"21:30",0.000,0.000,221.500,0.166,0.000,0.000
"21:45",0.000,0.000,221.600,0.179,0.000,0.000
"22:00",0.000,0.000,221.600,0.166,0.000,0.000
"22:15",0.000,0.000,221.500,0.179,0.000,0.000
"22:30",0.000,0.000,221.600,0.179,0.000,0.000
"22:45",0.000,0.000,221.600,0.166,0.000,0.000
"23:00",0.000,0.000,221.600,0.179,0.000,0.000
"23:15",0.000,0.000,221.700,0.179,0.000,0.000
"23:30",0.000,0.000,221.700,0.166,0.000,0.000
"23:45",0.000,0.000,221.700,0.179,0.000,0.000
" 6/22/26 24:00",0.000,0.000,221.600,0.179,0.000,0.000
