"kwh"
"Time ","AGRIM02P","AGRIM02P","AGRIM02P","AGRIM02P","AGRIM02P","AGRIM02P"
" 6/23/26 00:15",0.000,0.000,221.700,0.166,0.000,0.000
" 6/23/26 00:30",0.000,0.000,221.800,0.179,0.000,0.000
"00:45",0.000,0.000,221.700,0.179,0.000,0.000
"01:00",0.000,0.000,221.800,0.166,0.000,0.000
"01:15",0.000,0.000,221.800,0.179,0.000,0.000
"01:30",0.000,0.000,221.800,0.179,0.000,0.000
"01:45",0.000,0.000,221.800,0.166,0.000,0.000
"02:00",0.000,0.000,221.800,0.179,0.000,0.000
"02:15",0.000,0.000,221.900,0.166,0.000,0.000
"02:30",0.000,0.000,221.800,0.179,0.000,0.000
"02:45",0.000,0.000,221.800,0.179,0.000,0.000
"03:00",0.000,0.000,221.700,0.166,0.000,0.000
"03:15",0.000,0.000,221.800,0.179,0.000,0.000
"03:30",0.000,0.000,221.800,0.179,0.000,0.000
"03:45",0.000,0.000,221.800,0.166,0.000,0.000
"04:00",0.000,0.000,221.800,0.179,0.000,0.000
"04:15",0.000,0.000,221.800,0.166,0.000,0.000
"04:30",0.000,0.000,221.800,0.179,0.000,0.000
"04:45",0.000,0.000,221.900,0.179,0.000,0.000
"05:00",0.000,0.000,221.900,0.166,0.000,0.000
"05:15",0.000,0.000,221.800,0.179,0.000,0.000
"05:30",0.000,0.000,221.900,0.166,0.000,0.000
"05:45",0.000,0.000,221.900,0.179,0.000,0.000
"06:00",0.000,0.000,221.900,0.179,0.000,0.000
"06:15",0.000,0.000,221.900,0.166,0.000,0.000
"06:30",0.000,0.000,221.800,0.179,0.000,0.000
"06:45",0.000,0.000,221.800,0.166,0.000,0.000
"07:00",0.000,0.000,221.700,0.179,0.000,0.000
"07:15",0.000,0.000,221.800,0.179,0.000,0.000
"07:30",0.000,0.000,221.800,0.166,0.000,0.000
"07:45",0.000,0.000,221.800,0.179,0.000,0.000
"08:00",0.000,0.000,221.800,0.179,0.000,0.000
"08:15",0.000,0.000,221.900,0.166,0.000,0.000
"08:30",0.026,0.000,221.900,0.051,0.013,0.000
"08:45",0.256,0.000,221.900,0.000,0.000,0.026
"09:00",0.973,0.000,221.900,0.000,0.000,0.013
"09:15",11.162,0.000,222.300,0.000,0.000,0.000
"09:30",27.418,0.000,222.700,0.000,0.000,0.000
"09:45",39.654,0.000,223.100,0.000,0.000,0.000
"10:00",48.717,0.000,223.500,0.000,0.000,0.000
"10:15",56.179,0.000,223.800,0.000,0.000,0.000
"10:30",62.797,0.000,223.900,0.000,0.000,0.000
"10:45",68.838,0.000,224.100,0.000,0.000,0.000
"11:00",74.483,0.000,224.100,0.000,0.000,0.000
"11:15",79.667,0.000,224.200,0.000,0.000,0.000
"11:30",84.378,0.000,224.400,0.000,0.000,0.000
"11:45",88.845,0.000,224.400,0.000,0.000,0.000
"12:00",92.685,0.000,224.400,0.000,0.000,0.000
"12:15",95.642,0.000,224.400,0.000,0.000,0.000
"12:30",98.010,0.000,224.400,0.000,0.000,0.000
"12:45",100.250,0.000,224.500,0.000,0.000,0.000
"13:00",101.862,0.000,224.400,0.000,0.000,0.000
"13:15",103.155,0.000,224.400,0.000,0.000,0.000
"13:30",104.282,0.000,224.400,0.000,0.000,0.000
"13:45",104.371,0.000,224.400,0.000,0.000,0.000
"14:00",103.539,0.000,224.400,0.000,0.000,0.000
"14:15",102.400,0.000,224.300,0.000,0.000,0.000
"14:30",101.274,0.000,224.400,0.000,0.000,0.000
"14:45",99.136,0.000,224.400,0.000,0.000,0.000
"15:00",96.755,0.000,224.400,0.000,0.000,0.000
"15:15",92.774,0.000,224.400,0.000,0.000,0.000
"15:30",89.459,0.000,224.200,0.000,0.000,0.051
"15:45",85.210,0.000,224.200,0.000,0.000,0.000
"16:00",80.333,0.000,224.200,0.000,0.000,0.013
"16:15",74.419,0.000,224.100,0.000,0.000,0.000
"16:30",68.032,0.000,224.000,0.000,0.000,0.000
"16:45",61.402,0.000,223.900,0.000,0.000,0.000
"17:00",54.054,0.000,223.700,0.000,0.000,0.013
"17:15",46.349,0.000,223.500,0.000,0.000,0.000
"17:30",37.798,0.000,223.000,0.000,0.000,0.000
"17:45",22.310,0.000,222.500,0.000,0.000,0.013
"18:00",7.539,0.000,222.100,0.000,0.000,0.038
"18:15",2.611,0.000,221.800,0.000,0.000,0.026
"18:30",0.294,0.000,221.700,0.000,0.000,0.013
"18:45",0.013,0.026,221.600,0.077,0.000,0.000
"19:00",0.000,0.038,221.600,0.128,0.000,0.000
"19:15",0.000,0.013,221.500,0.154,0.000,0.000
"19:30",0.000,0.000,221.500,0.179,0.000,0.000
"19:45",0.000,0.000,221.400,0.166,0.000,0.000
"20:00",0.000,0.000,221.500,0.179,0.000,0.000
"20:15",0.000,0.000,221.500,0.179,0.000,0.000
"20:30",0.000,0.000,221.500,0.166,0.000,0.000
"20:45",0.000,0.000,221.400,0.179,0.000,0.000
"21:00",0.000,0.000,221.300,0.179,0.000,0.000
"21:15",0.000,0.000,221.400,0.166,0.000,0.000
"21:30",0.000,0.000,221.500,0.179,0.000,0.000
"21:45",0.000,0.000,221.500,0.166,0.000,0.000
"22:00",0.000,0.000,221.500,0.179,0.000,0.000
"22:15",0.000,0.000,221.500,0.179,0.000,0.000
"22:30",0.000,0.000,221.400,0.166,0.000,0.000
"22:45",0.000,0.000,221.400,0.179,0.000,0.000
"23:00",0.000,0.000,221.500,0.179,0.000,0.000
"23:15",0.000,0.000,221.500,0.179,0.000,0.000
"23:30",0.000,0.000,221.600,0.166,0.000,0.000
"23:45",0.000,0.000,221.600,0.179,0.000,0.000
" 6/23/26 24:00",0.000,0.000,221.700,0.166,0.000,0.000
