"kwh"
"Time ","AGRIM02P","AGRIM02P","AGRIM02P","AGRIM02P","AGRIM02P","AGRIM02P"
" 7/12/26 00:15",0.000,0.000,221.500,0.166,0.000,0.000
" 7/12/26 00:30",0.000,0.000,221.500,0.179,0.000,0.000
"00:45",0.000,0.000,221.600,0.179,0.000,0.000
"01:00",0.000,0.000,221.600,0.166,0.000,0.000
"01:15",0.000,0.000,221.500,0.179,0.000,0.000
"01:30",0.000,0.000,221.600,0.179,0.000,0.000
"01:45",0.000,0.000,221.600,0.166,0.000,0.000
"02:00",0.000,0.000,221.600,0.179,0.000,0.000
"02:15",0.000,0.000,221.700,0.166,0.000,0.000
"02:30",0.000,0.000,221.700,0.179,0.000,0.000
"02:45",0.000,0.000,221.700,0.179,0.000,0.000
"03:00",0.000,0.000,221.700,0.166,0.000,0.000
"03:15",0.000,0.000,221.700,0.179,0.000,0.000
"03:30",0.000,0.000,221.700,0.179,0.000,0.000
"03:45",0.000,0.000,221.700,0.166,0.000,0.000
"04:00",0.000,0.000,221.700,0.179,0.000,0.000
"04:15",0.000,0.000,221.700,0.166,0.000,0.000
"04:30",0.000,0.000,221.700,0.179,0.000,0.000
"04:45",0.000,0.000,221.800,0.179,0.000,0.000
"05:00",0.000,0.000,221.800,0.166,0.000,0.000
"05:15",0.000,0.000,221.800,0.179,0.000,0.000
"05:30",0.000,0.000,221.700,0.179,0.000,0.000
"05:45",0.000,0.000,221.800,0.166,0.000,0.000
"06:00",0.000,0.000,221.800,0.179,0.000,0.000
"06:15",0.000,0.000,221.800,0.179,0.000,0.000
"06:30",0.000,0.000,221.800,0.166,0.000,0.000
"06:45",0.000,0.000,221.800,0.179,0.000,0.000
"07:00",0.000,0.000,221.800,0.179,0.000,0.000
"07:15",0.000,0.000,221.800,0.166,0.000,0.000
"07:30",0.000,0.000,221.700,0.179,0.000,0.000
"07:45",0.000,0.000,221.800,0.166,0.000,0.000
"08:00",0.000,0.000,221.800,0.179,0.000,0.000
"08:15",0.000,0.000,221.700,0.179,0.000,0.000
"08:30",0.038,0.000,221.800,0.038,0.000,0.000
"08:45",0.806,0.000,221.800,0.000,0.000,0.026
"09:00",4.838,0.000,222.000,0.000,0.000,0.051
"09:15",11.584,0.000,222.300,0.000,0.000,0.013
"09:30",26.138,0.000,222.700,0.000,0.000,0.000
"09:45",35.571,0.000,222.900,0.000,0.000,0.000
"10:00",43.302,0.000,223.200,0.000,0.000,0.000
"10:15",49.600,0.000,223.400,0.000,0.000,0.000
"10:30",59.046,0.000,223.700,0.000,0.000,0.000
"10:45",59.635,0.000,223.800,0.000,0.000,0.000
"11:00",58.304,0.000,223.700,0.000,0.000,0.000
"11:15",80.384,0.000,224.000,0.000,0.000,0.000
"11:30",80.960,0.000,224.000,0.000,0.000,0.000
"11:45",84.122,0.000,224.100,0.000,0.000,0.000
"12:00",88.192,0.000,224.100,0.000,0.000,0.000
"12:15",88.448,0.000,224.100,0.000,0.000,0.000
"12:30",93.069,0.000,224.200,0.000,0.000,0.000
"12:45",91.123,0.000,224.200,0.000,0.000,0.000
"13:00",87.501,0.000,224.000,0.000,0.000,0.000
"13:15",81.536,0.000,223.800,0.000,0.000,0.000
"13:30",88.026,0.000,224.000,0.000,0.000,0.000
"13:45",71.334,0.000,223.700,0.000,0.000,0.000
"14:00",92.941,0.000,224.000,0.000,0.000,0.000
"14:15",83.840,0.000,223.900,0.000,0.000,0.000
"14:30",88.410,0.000,224.100,0.000,0.000,0.000
"14:45",85.990,0.000,224.100,0.000,0.000,0.141
"15:00",91.520,0.000,224.200,0.000,0.000,0.000
"15:15",84.173,0.000,224.000,0.000,0.000,0.000
"15:30",73.178,0.000,223.900,0.000,0.000,0.013
"15:45",73.485,0.000,223.900,0.000,0.000,0.166
"16:00",72.051,0.000,223.800,0.000,0.000,0.000
"16:15",66.342,0.000,223.800,0.000,0.000,0.026
"16:30",66.086,0.000,224.000,0.000,0.000,0.013
"16:45",59.443,0.000,223.800,0.000,0.000,0.000
"17:00",52.544,0.000,223.600,0.000,0.000,0.013
"17:15",44.621,0.000,223.300,0.000,0.000,0.000
"17:30",31.270,0.000,222.800,0.000,0.000,0.000
"17:45",21.670,0.000,222.400,0.000,0.000,0.000
"18:00",11.648,0.000,222.100,0.000,0.000,0.026
"18:15",4.365,0.000,221.800,0.000,0.000,0.038
"18:30",1.101,0.000,221.700,0.000,0.000,0.051
"18:45",0.051,0.013,221.600,0.051,0.000,0.000
"19:00",0.000,0.038,221.500,0.128,0.000,0.000
"19:15",0.000,0.026,221.500,0.141,0.000,0.000
"19:30",0.000,0.000,221.500,0.179,0.000,0.000
"19:45",0.000,0.000,221.500,0.166,0.000,0.000
"20:00",0.000,0.000,221.500,0.179,0.000,0.000
"20:15",0.000,0.000,221.600,0.166,0.000,0.000
"20:30",0.000,0.000,221.700,0.179,0.000,0.000
"20:45",0.000,0.000,221.600,0.179,0.000,0.000
"21:00",0.000,0.000,221.600,0.166,0.000,0.000
"21:15",0.000,0.000,221.600,0.179,0.000,0.000
"21:30",0.000,0.000,221.700,0.166,0.000,0.000
"21:45",0.000,0.000,221.700,0.179,0.000,0.000
"22:00",0.000,0.000,221.700,0.166,0.000,0.000
"22:15",0.000,0.000,221.700,0.179,0.000,0.000
"22:30",0.000,0.000,221.700,0.179,0.000,0.000
"22:45",0.000,0.000,221.800,0.166,0.000,0.000
"23:00",0.000,0.000,221.900,0.179,0.000,0.000
"23:15",0.000,0.000,221.900,0.179,0.000,0.000
"23:30",0.000,0.000,221.800,0.166,0.000,0.000
"23:45",0.000,0.000,221.800,0.179,0.000,0.000
" 7/12/26 24:00",0.000,0.000,221.800,0.179,0.000,0.000
