"kwh"
"Time ","AGRIM02P","AGRIM02P","AGRIM02P","AGRIM02P","AGRIM02P","AGRIM02P"
" 2/08/26 00:15",0.000,0.000,221.700,0.192,0.000,0.000
" 2/08/26 00:30",0.000,0.000,221.700,0.179,0.000,0.000
"00:45",0.000,0.000,221.800,0.179,0.000,0.000
"01:00",0.000,0.000,221.800,0.192,0.000,0.000
"01:15",0.000,0.000,221.700,0.179,0.000,0.000
"01:30",0.000,0.000,221.700,0.192,0.000,0.000
"01:45",0.000,0.000,221.700,0.179,0.000,0.000
"02:00",0.000,0.000,221.800,0.192,0.000,0.000
"02:15",0.000,0.000,221.800,0.179,0.000,0.000
"02:30",0.000,0.000,221.800,0.192,0.000,0.000
"02:45",0.000,0.000,221.900,0.179,0.000,0.000
"03:00",0.000,0.000,221.900,0.179,0.000,0.000
"03:15",0.000,0.000,221.900,0.192,0.000,0.000
"03:30",0.000,0.000,221.900,0.179,0.000,0.000
"03:45",0.000,0.000,221.900,0.192,0.000,0.000
"04:00",0.000,0.000,221.900,0.179,0.000,0.000
"04:15",0.000,0.000,221.800,0.192,0.000,0.000
"04:30",0.000,0.000,221.900,0.179,0.000,0.000
"04:45",0.000,0.000,221.900,0.179,0.000,0.000
"05:00",0.000,0.000,221.900,0.192,0.000,0.000
"05:15",0.000,0.000,221.900,0.179,0.000,0.000
"05:30",0.000,0.000,221.900,0.179,0.000,0.000
"05:45",0.000,0.000,221.800,0.192,0.000,0.000
"06:00",0.000,0.000,221.800,0.179,0.000,0.000
"06:15",0.000,0.000,221.800,0.192,0.000,0.000
"06:30",0.000,0.000,221.800,0.179,0.000,0.000
"06:45",0.000,0.000,221.700,0.192,0.000,0.000
"07:00",0.013,0.000,221.600,0.154,0.000,0.000
"07:15",0.486,0.000,221.700,0.000,0.000,0.038
"07:30",1.651,0.000,221.800,0.000,0.000,0.064
"07:45",4.211,0.000,222.000,0.000,0.000,0.051
"08:00",8.000,0.000,222.200,0.000,0.000,0.051
"08:15",8.806,0.000,222.300,0.000,0.000,0.038
"08:30",14.515,0.000,222.400,0.000,0.000,0.051
"08:45",19.149,0.000,222.600,0.000,0.000,0.000
"09:00",27.866,0.000,222.600,0.000,0.000,0.000
"09:15",34.445,0.000,222.900,0.000,0.000,0.000
"09:30",35.277,0.000,222.500,0.000,0.000,0.000
"09:45",34.496,0.000,222.800,0.000,0.000,0.000
"10:00",27.430,0.000,222.700,0.000,0.000,0.000
"10:15",27.904,0.000,222.500,0.000,0.000,0.000
"10:30",35.930,0.000,222.500,0.000,0.000,0.000
"10:45",33.216,0.000,222.600,0.000,0.000,0.000
"11:00",29.018,0.000,222.500,0.000,0.000,0.000
"11:15",40.512,0.000,222.700,0.000,0.000,0.000
"11:30",47.923,0.000,222.900,0.000,0.000,0.000
"11:45",58.931,0.000,223.100,0.000,0.000,0.000
"12:00",87.718,0.000,223.700,0.000,0.000,0.000
"12:15",62.899,0.000,223.500,0.000,0.000,0.013
"12:30",89.626,0.000,223.700,0.000,0.000,0.000
"12:45",81.344,0.000,223.500,0.000,0.000,0.000
"13:00",84.211,0.000,223.900,0.000,0.000,0.000
"13:15",66.880,0.000,223.500,0.000,0.000,0.013
"13:30",83.392,0.000,223.600,0.000,0.000,0.000
"13:45",92.992,0.000,223.800,0.000,0.000,0.000
"14:00",90.854,0.000,223.800,0.000,0.000,0.000
"14:15",97.818,0.000,224.300,0.000,0.000,0.013
"14:30",90.560,0.000,224.300,0.000,0.000,0.026
"14:45",98.880,0.000,224.100,0.000,0.000,0.013
"15:00",99.955,0.000,224.500,0.000,0.000,0.038
"15:15",97.190,0.000,224.400,0.000,0.000,0.038
"15:30",74.675,0.000,223.800,0.000,0.000,0.013
"15:45",55.104,0.000,223.400,0.000,0.000,0.026
"16:00",63.718,0.000,223.500,0.000,0.000,0.013
"16:15",73.971,0.000,223.600,0.000,0.000,0.013
"16:30",52.736,0.000,223.300,0.000,0.000,0.038
"16:45",71.744,0.000,223.500,0.000,0.000,0.026
"17:00",42.854,0.000,223.500,0.000,0.000,0.026
"17:15",44.838,0.000,223.500,0.000,0.000,0.026
"17:30",39.040,0.000,222.600,0.000,0.000,0.013
"17:45",30.682,0.000,222.700,0.000,0.000,0.038
"18:00",38.336,0.000,222.800,0.000,0.000,0.013
"18:15",31.053,0.000,223.200,0.000,0.000,0.026
"18:30",26.637,0.000,223.200,0.000,0.000,0.026
"18:45",11.994,0.000,222.800,0.000,0.000,0.026
"19:00",8.640,0.000,222.500,0.000,0.000,0.051
"19:15",10.829,0.000,222.300,0.000,0.000,0.038
"19:30",7.539,0.000,222.000,0.000,0.000,0.077
"19:45",3.686,0.000,221.800,0.000,0.000,0.115
"20:00",1.510,0.000,221.500,0.000,0.000,0.038
"20:15",0.550,0.000,221.300,0.000,0.000,0.013
"20:30",0.026,0.000,221.300,0.077,0.000,0.000
"20:45",0.000,0.013,221.300,0.154,0.000,0.000
"21:00",0.000,0.013,221.200,0.179,0.000,0.000
"21:15",0.000,0.000,221.100,0.179,0.000,0.000
"21:30",0.000,0.000,221.100,0.179,0.000,0.000
"21:45",0.000,0.000,221.100,0.179,0.000,0.000
"22:00",0.000,0.000,221.100,0.192,0.000,0.000
"22:15",0.000,0.000,221.100,0.179,0.000,0.000
"22:30",0.000,0.000,221.100,0.179,0.000,0.000
"22:45",0.000,0.000,221.200,0.192,0.000,0.000
"23:00",0.000,0.000,221.300,0.179,0.000,0.000
"23:15",0.000,0.000,221.300,0.179,0.000,0.000
"23:30",0.000,0.000,221.300,0.192,0.000,0.000
"23:45",0.000,0.000,221.300,0.179,0.000,0.000
" 2/08/26 24:00",0.000,0.000,221.300,0.179,0.000,0.000
