"kwh"
"Time ","AGRIM02P","AGRIM02P","AGRIM02P","AGRIM02P","AGRIM02P","AGRIM02P"
" 8/24/26 00:15",0.000,0.000,221.300,0.179,0.000,0.000
" 8/24/26 00:30",0.000,0.000,221.300,0.166,0.000,0.000
"00:45",0.000,0.000,221.400,0.166,0.000,0.000
"01:00",0.000,0.000,221.400,0.179,0.000,0.000
"01:15",0.000,0.000,221.400,0.166,0.000,0.000
"01:30",0.000,0.000,221.400,0.179,0.000,0.000
"01:45",0.000,0.000,221.400,0.179,0.000,0.000
"02:00",0.000,0.000,221.500,0.166,0.000,0.000
"02:15",0.000,0.000,221.500,0.166,0.000,0.000
"02:30",0.000,0.000,221.500,0.179,0.000,0.000
"02:45",0.000,0.000,221.500,0.166,0.000,0.000
"03:00",0.000,0.000,221.500,0.179,0.000,0.000
"03:15",0.000,0.000,221.500,0.166,0.000,0.000
"03:30",0.000,0.000,221.500,0.179,0.000,0.000
"03:45",0.000,0.000,221.500,0.166,0.000,0.000
"04:00",0.000,0.000,221.500,0.179,0.000,0.000
"04:15",0.000,0.000,221.500,0.166,0.000,0.000
"04:30",0.000,0.000,221.500,0.179,0.000,0.000
"04:45",0.000,0.000,221.500,0.166,0.000,0.000
"05:00",0.000,0.000,221.500,0.179,0.000,0.000
"05:15",0.000,0.000,221.500,0.166,0.000,0.000
"05:30",0.000,0.000,221.400,0.179,0.000,0.000
"05:45",0.000,0.000,221.500,0.166,0.000,0.000
"06:00",0.000,0.000,221.500,0.179,0.000,0.000
"06:15",0.000,0.000,221.500,0.166,0.000,0.000
"06:30",0.000,0.000,221.500,0.179,0.000,0.000
"06:45",0.000,0.000,221.400,0.166,0.000,0.000
"07:00",0.000,0.000,221.500,0.179,0.000,0.000
"07:15",0.000,0.000,221.400,0.166,0.000,0.000
"07:30",0.000,0.000,221.300,0.179,0.000,0.000
"07:45",0.000,0.000,221.400,0.166,0.000,0.000
"08:00",0.000,0.000,221.400,0.179,0.000,0.000
"08:15",0.038,0.000,221.400,0.038,0.000,0.000
"08:30",0.243,0.000,221.400,0.000,0.000,0.026
"08:45",0.627,0.000,221.500,0.000,0.000,0.064
"09:00",2.266,0.000,221.500,0.000,0.000,0.026
"09:15",4.723,0.000,221.600,0.000,0.000,0.038
"09:30",5.018,0.000,221.600,0.000,0.000,0.038
"09:45",6.413,0.000,221.600,0.000,0.000,0.026
"10:00",9.011,0.000,221.600,0.000,0.000,0.000
"10:15",13.837,0.000,221.700,0.000,0.000,0.000
"10:30",19.238,0.000,221.900,0.000,0.000,0.000
"10:45",25.933,0.000,222.000,0.000,0.000,0.000
"11:00",30.912,0.000,222.300,0.000,0.000,0.000
"11:15",48.998,0.000,222.600,0.000,0.000,0.000
"11:30",63.565,0.000,223.100,0.000,0.000,0.000
"11:45",65.869,0.000,223.400,0.000,0.000,0.000
"12:00",68.890,0.000,223.400,0.000,0.000,0.013
"12:15",89.856,0.000,224.000,0.000,0.000,0.000
"12:30",111.014,0.000,224.500,0.000,0.000,0.000
"12:45",112.883,0.000,224.600,0.000,0.000,0.141
"13:00",91.277,0.000,223.800,0.000,0.000,0.000
"13:15",107.853,0.000,224.000,0.000,0.000,0.013
"13:30",92.019,0.000,224.200,0.000,0.000,0.000
"13:45",70.733,0.000,223.600,0.000,0.000,0.000
"14:00",97.126,0.000,224.200,0.000,0.000,0.000
"14:15",62.694,0.000,223.500,0.000,0.000,0.000
"14:30",96.832,0.000,224.300,0.000,0.000,0.000
"14:45",103.002,0.000,224.500,0.000,0.000,0.013
"15:00",87.322,0.000,223.900,0.000,0.000,0.000
"15:15",74.227,0.000,223.600,0.000,0.000,0.013
"15:30",103.155,0.000,224.000,0.000,0.000,0.000
"15:45",80.768,0.000,223.800,0.000,0.000,0.051
"16:00",76.672,0.000,223.600,0.000,0.000,0.000
"16:15",37.786,0.000,222.600,0.000,0.000,0.000
"16:30",58.752,0.000,222.800,0.000,0.000,0.000
"16:45",66.445,0.000,223.400,0.000,0.000,0.000
"17:00",56.678,0.000,223.000,0.000,0.000,0.000
"17:15",25.498,0.000,222.300,0.000,0.000,0.000
"17:30",25.165,0.000,222.100,0.000,0.000,0.000
"17:45",20.685,0.000,222.000,0.000,0.000,0.013
"18:00",14.694,0.000,221.900,0.000,0.000,0.013
"18:15",10.829,0.000,221.800,0.000,0.000,0.026
"18:30",5.734,0.000,221.700,0.000,0.000,0.090
"18:45",2.304,0.000,221.600,0.000,0.000,0.064
"19:00",0.230,0.013,221.400,0.013,0.000,0.000
"19:15",0.000,0.026,221.300,0.128,0.000,0.000
"19:30",0.000,0.038,221.200,0.141,0.000,0.000
"19:45",0.000,0.000,221.200,0.166,0.000,0.000
"20:00",0.000,0.000,221.200,0.166,0.000,0.000
"20:15",0.000,0.000,221.200,0.179,0.000,0.000
"20:30",0.000,0.000,221.200,0.166,0.000,0.000
"20:45",0.000,0.000,221.100,0.179,0.000,0.000
"21:00",0.000,0.000,221.100,0.166,0.000,0.000
"21:15",0.000,0.000,221.000,0.179,0.000,0.000
"21:30",0.000,0.000,221.100,0.166,0.000,0.000
"21:45",0.000,0.000,221.200,0.179,0.000,0.000
"22:00",0.000,0.000,221.100,0.166,0.000,0.000
"22:15",0.000,0.000,221.200,0.179,0.000,0.000
"22:30",0.000,0.000,221.200,0.166,0.000,0.000
"22:45",0.000,0.000,221.200,0.179,0.000,0.000
"23:00",0.000,0.000,221.300,0.166,0.000,0.000
"23:15",0.000,0.000,220.900,0.179,0.000,0.000
"23:30",0.000,0.000,220.800,0.166,0.000,0.000
"23:45",0.000,0.000,220.800,0.179,0.000,0.000
" 8/24/26 24:00",0.000,0.000,220.900,0.166,0.000,0.000
