"kwh"
"Time ","AGRIM02P","AGRIM02P","AGRIM02P","AGRIM02P","AGRIM02P","AGRIM02P"
" 3/30/26 00:15",0.000,0.000,221.300,0.179,0.000,0.000
" 3/30/26 00:30",0.000,0.000,221.400,0.192,0.000,0.000
"00:45",0.000,0.000,221.300,0.179,0.000,0.000
"01:00",0.000,0.000,221.200,0.179,0.000,0.000
"01:15",0.000,0.000,221.300,0.192,0.000,0.000
"01:30",0.000,0.000,221.200,0.179,0.000,0.000
"01:45",0.000,0.000,221.300,0.179,0.000,0.000
"02:00",0.000,0.000,221.300,0.192,0.000,0.000
"02:15",0.000,0.000,221.200,0.179,0.000,0.000
"02:30",0.000,0.000,221.200,0.179,0.000,0.000
"02:45",0.000,0.000,221.200,0.192,0.000,0.000
"03:00",0.000,0.000,221.200,0.179,0.000,0.000
"03:15",0.000,0.000,221.200,0.179,0.000,0.000
"03:30",0.000,0.000,221.300,0.192,0.000,0.000
"03:45",0.000,0.000,221.300,0.179,0.000,0.000
"04:00",0.000,0.000,221.300,0.179,0.000,0.000
"04:15",0.000,0.000,221.300,0.192,0.000,0.000
"04:30",0.000,0.000,221.300,0.179,0.000,0.000
"04:45",0.000,0.000,221.300,0.179,0.000,0.000
"05:00",0.000,0.000,221.300,0.192,0.000,0.000
"05:15",0.000,0.000,221.300,0.179,0.000,0.000
"05:30",0.000,0.000,221.300,0.192,0.000,0.000
"05:45",0.000,0.000,221.300,0.179,0.000,0.000
"06:00",0.000,0.000,221.300,0.179,0.000,0.000
"06:15",0.000,0.000,221.300,0.192,0.000,0.000
"06:30",0.000,0.000,221.300,0.179,0.000,0.000
"06:45",0.000,0.000,221.200,0.179,0.000,0.000
"07:00",0.000,0.000,221.200,0.192,0.000,0.000
"07:15",0.000,0.000,221.200,0.179,0.000,0.000
"07:30",0.000,0.000,221.100,0.179,0.000,0.000
"07:45",0.166,0.000,221.200,0.013,0.000,0.000
"08:00",1.395,0.000,221.200,0.000,0.000,0.000
"08:15",4.506,0.000,221.400,0.000,0.000,0.000
"08:30",9.446,0.000,221.700,0.000,0.000,0.000
"08:45",16.115,0.000,221.900,0.000,0.000,0.000
"09:00",23.411,0.000,222.400,0.000,0.000,0.000
"09:15",30.374,0.000,222.700,0.000,0.000,0.026
"09:30",37.184,0.000,222.900,0.000,0.000,0.000
"09:45",43.571,0.000,223.100,0.000,0.000,0.000
"10:00",49.574,0.000,223.100,0.000,0.000,0.000
"10:15",55.270,0.000,223.200,0.000,0.000,0.000
"10:30",61.133,0.000,223.300,0.000,0.000,0.000
"10:45",59.571,0.000,223.200,0.000,0.000,0.000
"11:00",66.790,0.000,223.200,0.000,0.000,0.000
"11:15",79.629,0.000,223.100,0.000,0.000,0.000
"11:30",80.922,0.000,223.300,0.000,0.000,0.000
"11:45",50.509,0.000,222.800,0.000,0.000,0.000
"12:00",54.336,0.000,222.100,0.000,0.000,0.000
"12:15",67.648,0.000,222.400,0.000,0.000,0.000
"12:30",31.757,0.000,221.800,0.000,0.000,0.013
"12:45",29.107,0.000,221.800,0.000,0.000,0.000
"13:00",62.464,0.000,222.400,0.000,0.000,0.000
"13:15",47.245,0.000,222.200,0.000,0.000,0.000
"13:30",63.898,0.000,222.800,0.000,0.000,0.000
"13:45",64.435,0.000,222.700,0.000,0.000,0.000
"14:00",72.269,0.000,222.900,0.000,0.000,0.000
"14:15",75.008,0.000,222.800,0.000,0.000,0.000
"14:30",93.632,0.000,223.500,0.000,0.000,0.000
"14:45",91.482,0.000,223.400,0.000,0.000,0.000
"15:00",63.104,0.000,223.000,0.000,0.000,0.000
"15:15",62.029,0.000,222.400,0.000,0.000,0.000
"15:30",64.627,0.000,222.500,0.000,0.000,0.000
"15:45",34.714,0.000,222.000,0.000,0.000,0.000
"16:00",44.672,0.000,221.900,0.000,0.000,0.000
"16:15",42.662,0.000,221.600,0.000,0.000,0.000
"16:30",51.597,0.000,221.900,0.000,0.000,0.000
"16:45",50.394,0.000,222.000,0.000,0.000,0.000
"17:00",42.099,0.000,221.700,0.000,0.000,0.000
"17:15",46.451,0.000,222.600,0.000,0.000,0.013
"17:30",30.285,0.000,222.300,0.000,0.000,0.000
"17:45",17.446,0.000,222.000,0.000,0.000,0.038
"18:00",24.000,0.000,221.900,0.000,0.000,0.000
"18:15",25.843,0.000,222.200,0.000,0.000,0.000
"18:30",17.894,0.000,221.900,0.000,0.000,0.000
"18:45",10.765,0.000,221.600,0.000,0.000,0.000
"19:00",5.427,0.000,221.300,0.000,0.000,0.038
"19:15",0.947,0.000,221.100,0.000,0.000,0.038
"19:30",0.064,0.000,221.000,0.051,0.000,0.013
"19:45",0.000,0.026,221.000,0.154,0.000,0.000
"20:00",0.000,0.013,221.000,0.179,0.000,0.000
"20:15",0.000,0.000,221.000,0.179,0.000,0.000
"20:30",0.000,0.000,220.900,0.179,0.000,0.000
"20:45",0.000,0.000,220.900,0.192,0.000,0.000
"21:00",0.000,0.000,221.000,0.179,0.000,0.000
"21:15",0.000,0.000,220.900,0.179,0.000,0.000
"21:30",0.000,0.000,220.900,0.179,0.000,0.000
"21:45",0.000,0.000,220.900,0.192,0.000,0.000
"22:00",0.000,0.000,221.000,0.179,0.000,0.000
"22:15",0.000,0.000,220.900,0.179,0.000,0.000
"22:30",0.000,0.000,220.900,0.192,0.000,0.000
"22:45",0.000,0.000,220.900,0.179,0.000,0.000
"23:00",0.000,0.000,221.000,0.179,0.000,0.000
"23:15",0.000,0.000,220.900,0.192,0.000,0.000
"23:30",0.000,0.000,220.800,0.179,0.000,0.000
"23:45",0.000,0.000,220.700,0.179,0.000,0.000
" 3/30/26 24:00",0.000,0.000,220.600,0.192,0.000,0.000
