"kwh"
"Time ","AGRIM02P","AGRIM02P","AGRIM02P","AGRIM02P","AGRIM02P","AGRIM02P"
" 1/17/26 00:15",0.000,0.000,219.000,0.179,0.000,0.000
" 1/17/26 00:30",0.000,0.000,219.100,0.179,0.000,0.000
"00:45",0.000,0.000,219.000,0.179,0.000,0.000
"01:00",0.000,0.000,219.100,0.179,0.000,0.000
"01:15",0.000,0.000,219.100,0.179,0.000,0.000
"01:30",0.000,0.000,219.100,0.192,0.000,0.000
"01:45",0.000,0.000,219.100,0.179,0.000,0.000
"02:00",0.000,0.000,219.100,0.179,0.000,0.000
"02:15",0.000,0.000,219.100,0.179,0.000,0.000
"02:30",0.000,0.000,219.100,0.179,0.000,0.000
"02:45",0.000,0.000,219.100,0.179,0.000,0.000
"03:00",0.000,0.000,219.200,0.192,0.000,0.000
"03:15",0.000,0.000,219.100,0.179,0.000,0.000
"03:30",0.000,0.000,219.200,0.179,0.000,0.000
"03:45",0.000,0.000,219.100,0.179,0.000,0.000
"04:00",0.000,0.000,219.100,0.179,0.000,0.000
"04:15",0.000,0.000,219.100,0.192,0.000,0.000
"04:30",0.000,0.000,219.100,0.179,0.000,0.000
"04:45",0.000,0.000,219.100,0.179,0.000,0.000
"05:00",0.000,0.000,219.100,0.179,0.000,0.000
"05:15",0.000,0.000,219.100,0.179,0.000,0.000
"05:30",0.000,0.000,219.100,0.179,0.000,0.000
"05:45",0.000,0.000,219.200,0.192,0.000,0.000
"06:00",0.000,0.000,219.100,0.179,0.000,0.000
"06:15",0.000,0.000,219.200,0.179,0.000,0.000
"06:30",0.000,0.000,219.200,0.179,0.000,0.000
"06:45",0.051,0.000,219.200,0.102,0.000,0.013
"07:00",0.512,0.000,219.200,0.000,0.000,0.000
"07:15",2.342,0.000,219.300,0.000,0.000,0.013
"07:30",3.827,0.000,219.400,0.000,0.000,0.013
"07:45",4.160,0.000,219.500,0.000,0.000,0.000
"08:00",9.728,0.000,220.100,0.000,0.000,0.000
"08:15",12.250,0.000,220.300,0.000,0.000,0.000
"08:30",23.168,0.000,220.400,0.000,0.000,0.000
"08:45",25.421,0.000,220.300,0.000,0.000,0.000
"09:00",20.070,0.000,220.300,0.000,0.000,0.000
"09:15",18.739,0.000,220.300,0.000,0.000,0.000
"09:30",22.285,0.000,220.300,0.000,0.000,0.000
"09:45",26.483,0.000,220.100,0.000,0.000,0.000
"10:00",32.000,0.000,220.300,0.000,0.000,0.000
"10:15",21.235,0.000,220.700,0.000,0.000,0.013
"10:30",37.210,0.000,220.600,0.000,0.000,0.000
"10:45",38.080,0.000,221.100,0.000,0.000,0.000
"11:00",63.642,0.000,221.400,0.000,0.000,0.000
"11:15",76.634,0.000,221.700,0.000,0.000,0.000
"11:30",78.554,0.000,222.200,0.000,0.000,0.000
"11:45",85.082,0.000,222.600,0.000,0.000,0.000
"12:00",50.714,0.000,222.300,0.000,0.000,0.000
"12:15",85.773,0.000,223.100,0.000,0.000,0.000
"12:30",87.936,0.000,222.900,0.000,0.000,0.000
"12:45",101.069,0.000,223.000,0.000,0.000,0.000
"13:00",104.704,0.000,223.300,0.000,0.000,0.000
"13:15",103.526,0.000,223.100,0.000,0.000,0.000
"13:30",86.157,0.000,223.000,0.000,0.000,0.000
"13:45",104.576,0.000,223.400,0.000,0.000,0.000
"14:00",88.192,0.000,223.100,0.000,0.000,0.013
"14:15",104.550,0.000,223.400,0.000,0.000,0.000
"14:30",103.181,0.000,223.300,0.000,0.000,0.000
"14:45",95.450,0.000,223.200,0.000,0.000,0.013
"15:00",100.928,0.000,223.300,0.000,0.000,0.000
"15:15",98.586,0.000,223.200,0.000,0.000,0.000
"15:30",85.107,0.000,223.100,0.000,0.000,0.000
"15:45",93.542,0.000,223.300,0.000,0.000,0.000
"16:00",89.088,0.000,223.200,0.000,0.000,0.000
"16:15",84.749,0.000,223.100,0.000,0.000,0.000
"16:30",80.576,0.000,222.900,0.000,0.000,0.000
"16:45",76.352,0.000,223.000,0.000,0.000,0.000
"17:00",70.784,0.000,222.800,0.000,0.000,0.000
"17:15",66.074,0.000,222.800,0.000,0.000,0.000
"17:30",60.506,0.000,222.700,0.000,0.000,0.013
"17:45",54.208,0.000,222.700,0.000,0.000,0.013
"18:00",47.782,0.000,222.700,0.000,0.000,0.013
"18:15",41.203,0.000,222.800,0.000,0.000,0.000
"18:30",34.291,0.000,222.600,0.000,0.000,0.013
"18:45",27.264,0.000,222.400,0.000,0.000,0.000
"19:00",20.288,0.000,222.200,0.000,0.000,0.000
"19:15",13.709,0.000,221.900,0.000,0.000,0.013
"19:30",8.166,0.000,221.600,0.000,0.000,0.077
"19:45",4.237,0.000,221.200,0.000,0.000,0.115
"20:00",2.035,0.000,220.900,0.000,0.000,0.064
"20:15",1.050,0.000,220.700,0.000,0.000,0.115
"20:30",0.307,0.000,220.700,0.000,0.000,0.077
"20:45",0.000,0.013,220.600,0.115,0.000,0.000
"21:00",0.000,0.026,220.600,0.154,0.000,0.000
"21:15",0.000,0.013,220.600,0.179,0.000,0.000
"21:30",0.000,0.000,220.500,0.192,0.000,0.000
"21:45",0.000,0.000,220.500,0.179,0.000,0.000
"22:00",0.000,0.000,220.500,0.179,0.000,0.000
"22:15",0.000,0.000,220.600,0.179,0.000,0.000
"22:30",0.000,0.000,220.700,0.192,0.000,0.000
"22:45",0.000,0.000,220.700,0.179,0.000,0.000
"23:00",0.000,0.000,220.700,0.179,0.000,0.000
"23:15",0.000,0.000,220.600,0.192,0.000,0.000
"23:30",0.000,0.000,220.400,0.179,0.000,0.000
"23:45",0.000,0.000,220.300,0.179,0.000,0.000
" 1/17/26 24:00",0.000,0.000,220.300,0.179,0.000,0.000
