"kwh"
"Time ","AGRIM02P","AGRIM02P","AGRIM02P","AGRIM02P","AGRIM02P","AGRIM02P"
" 1/31/26 00:15",0.000,0.000,221.000,0.179,0.000,0.000
" 1/31/26 00:30",0.000,0.000,221.000,0.192,0.000,0.000
"00:45",0.000,0.000,220.900,0.179,0.000,0.000
"01:00",0.000,0.000,221.000,0.179,0.000,0.000
"01:15",0.000,0.000,221.100,0.192,0.000,0.000
"01:30",0.000,0.000,221.100,0.179,0.000,0.000
"01:45",0.000,0.000,221.000,0.179,0.000,0.000
"02:00",0.000,0.000,221.000,0.192,0.000,0.000
"02:15",0.000,0.000,221.100,0.179,0.000,0.000
"02:30",0.000,0.000,221.100,0.179,0.000,0.000
"02:45",0.000,0.000,221.100,0.192,0.000,0.000
"03:00",0.000,0.000,221.200,0.179,0.000,0.000
"03:15",0.000,0.000,221.100,0.192,0.000,0.000
"03:30",0.000,0.000,221.100,0.179,0.000,0.000
"03:45",0.000,0.000,221.100,0.179,0.000,0.000
"04:00",0.000,0.000,221.100,0.179,0.000,0.000
"04:15",0.000,0.000,221.100,0.192,0.000,0.000
"04:30",0.000,0.000,221.100,0.179,0.000,0.000
"04:45",0.000,0.000,221.200,0.192,0.000,0.000
"05:00",0.000,0.000,221.100,0.179,0.000,0.000
"05:15",0.000,0.000,221.100,0.179,0.000,0.000
"05:30",0.000,0.000,221.200,0.192,0.000,0.000
"05:45",0.000,0.000,221.100,0.179,0.000,0.000
"06:00",0.000,0.000,221.100,0.179,0.000,0.000
"06:15",0.000,0.000,221.100,0.192,0.000,0.000
"06:30",0.000,0.000,221.100,0.179,0.000,0.000
"06:45",0.000,0.000,221.100,0.179,0.000,0.000
"07:00",0.013,0.000,221.200,0.166,0.000,0.000
"07:15",0.397,0.000,221.100,0.013,0.000,0.013
"07:30",2.688,0.000,221.200,0.000,0.000,0.026
"07:45",4.634,0.000,221.000,0.000,0.000,0.013
"08:00",7.462,0.000,221.300,0.000,0.000,0.000
"08:15",7.027,0.000,222.000,0.000,0.000,0.000
"08:30",17.242,0.000,222.400,0.000,0.000,0.000
"08:45",23.590,0.000,222.400,0.000,0.000,0.000
"09:00",25.510,0.000,222.900,0.000,0.000,0.026
"09:15",29.683,0.000,222.400,0.000,0.000,0.000
"09:30",27.942,0.000,222.200,0.000,0.000,0.000
"09:45",29.773,0.000,222.800,0.000,0.000,0.026
"10:00",47.846,0.000,222.700,0.000,0.000,0.640
"10:15",62.323,0.000,222.500,0.000,0.000,0.000
"10:30",43.149,0.000,222.000,0.000,0.000,0.000
"10:45",35.738,0.000,221.700,0.000,0.000,0.000
"11:00",57.485,0.000,222.700,0.000,0.000,0.000
"11:15",87.706,0.000,223.200,0.000,0.000,0.000
"11:30",67.866,0.000,222.900,0.000,0.000,0.000
"11:45",75.226,0.000,223.200,0.000,0.000,0.000
"12:00",32.371,0.000,222.300,0.000,0.000,0.000
"12:15",60.710,0.000,222.500,0.000,0.000,0.000
"12:30",93.645,0.000,223.500,0.000,0.000,0.000
"12:45",104.640,0.000,223.700,0.000,0.000,0.000
"13:00",67.981,0.000,223.100,0.000,0.000,0.000
"13:15",74.778,0.000,223.300,0.000,0.000,0.013
"13:30",65.664,0.000,223.100,0.000,0.000,0.000
"13:45",66.688,0.000,222.700,0.000,0.000,0.000
"14:00",54.835,0.000,222.600,0.000,0.000,0.000
"14:15",54.374,0.000,222.600,0.000,0.000,0.000
"14:30",55.078,0.000,222.600,0.000,0.000,0.000
"14:45",37.210,0.000,222.400,0.000,0.000,0.000
"15:00",41.267,0.000,222.200,0.000,0.000,0.000
"15:15",55.462,0.000,222.400,0.000,0.000,0.000
"15:30",59.174,0.000,222.600,0.000,0.000,0.000
"15:45",30.144,0.000,222.000,0.000,0.000,0.000
"16:00",22.246,0.000,221.600,0.000,0.000,0.000
"16:15",32.013,0.000,221.700,0.000,0.000,0.000
"16:30",23.514,0.000,221.500,0.000,0.000,0.000
"16:45",14.195,0.000,221.500,0.000,0.000,0.000
"17:00",19.213,0.000,221.600,0.000,0.000,0.000
"17:15",26.701,0.000,222.200,0.000,0.000,0.000
"17:30",23.437,0.000,221.900,0.000,0.000,0.000
"17:45",24.320,0.000,221.700,0.000,0.000,0.000
"18:00",30.490,0.000,222.000,0.000,0.000,0.000
"18:15",21.120,0.000,221.900,0.000,0.000,0.000
"18:30",8.064,0.000,221.400,0.000,0.000,0.026
"18:45",19.699,0.000,221.600,0.000,0.000,0.000
"19:00",14.554,0.000,221.900,0.000,0.000,0.000
"19:15",10.330,0.000,221.800,0.000,0.000,0.013
"19:30",10.816,0.000,221.800,0.000,0.000,0.013
"19:45",3.162,0.000,221.300,0.000,0.000,0.064
"20:00",0.525,0.000,221.100,0.000,0.000,0.102
"20:15",0.205,0.000,221.100,0.000,0.000,0.038
"20:30",0.026,0.064,221.100,0.013,0.000,0.000
"20:45",0.000,0.102,221.000,0.064,0.000,0.000
"21:00",0.000,0.000,221.000,0.179,0.000,0.000
"21:15",0.000,0.000,221.000,0.179,0.000,0.000
"21:30",0.000,0.000,221.000,0.179,0.000,0.000
"21:45",0.000,0.000,221.000,0.192,0.000,0.000
"22:00",0.000,0.000,221.000,0.179,0.000,0.000
"22:15",0.000,0.000,221.100,0.179,0.000,0.000
"22:30",0.000,0.000,221.000,0.192,0.000,0.000
"22:45",0.000,0.000,221.000,0.179,0.000,0.000
"23:00",0.000,0.000,221.000,0.179,0.000,0.000
"23:15",0.000,0.000,220.800,0.179,0.000,0.000
"23:30",0.000,0.000,220.700,0.192,0.000,0.000
"23:45",0.000,0.000,220.700,0.179,0.000,0.000
" 1/31/26 24:00",0.000,0.000,220.700,0.179,0.000,0.000
