"kwh"
"Time ","AGRIM02P","AGRIM02P","AGRIM02P","AGRIM02P","AGRIM02P","AGRIM02P"
" 9/25/26 00:15",0.000,0.000,220.600,0.179,0.000,0.000
" 9/25/26 00:30",0.000,0.000,220.600,0.166,0.000,0.000
"00:45",0.000,0.000,220.600,0.179,0.000,0.000
"01:00",0.000,0.000,220.600,0.166,0.000,0.000
"01:15",0.000,0.000,220.600,0.179,0.000,0.000
"01:30",0.000,0.000,220.700,0.166,0.000,0.000
"01:45",0.000,0.000,220.700,0.179,0.000,0.000
"02:00",0.000,0.000,220.700,0.166,0.000,0.000
"02:15",0.000,0.000,220.800,0.166,0.000,0.000
"02:30",0.000,0.000,220.700,0.179,0.000,0.000
"02:45",0.000,0.000,220.700,0.166,0.000,0.000
"03:00",0.000,0.000,220.700,0.179,0.000,0.000
"03:15",0.000,0.000,220.800,0.166,0.000,0.000
"03:30",0.000,0.000,220.800,0.166,0.000,0.000
"03:45",0.000,0.000,220.800,0.179,0.000,0.000
"04:00",0.000,0.000,220.800,0.166,0.000,0.000
"04:15",0.000,0.000,220.800,0.179,0.000,0.000
"04:30",0.000,0.000,220.800,0.166,0.000,0.000
"04:45",0.000,0.000,220.900,0.166,0.000,0.000
"05:00",0.000,0.000,220.900,0.179,0.000,0.000
"05:15",0.000,0.000,220.800,0.166,0.000,0.000
"05:30",0.000,0.000,220.800,0.179,0.000,0.000
"05:45",0.000,0.000,220.800,0.166,0.000,0.000
"06:00",0.000,0.000,220.700,0.166,0.000,0.000
"06:15",0.000,0.000,220.700,0.179,0.000,0.000
"06:30",0.000,0.000,220.700,0.166,0.000,0.000
"06:45",0.000,0.000,220.700,0.179,0.000,0.000
"07:00",0.000,0.000,220.700,0.166,0.000,0.000
"07:15",0.051,0.000,220.700,0.090,0.000,0.000
"07:30",0.870,0.000,220.700,0.000,0.000,0.051
"07:45",3.430,0.000,220.900,0.000,0.000,0.038
"08:00",8.998,0.000,221.300,0.000,0.000,0.000
"08:15",17.626,0.000,221.700,0.000,0.000,0.000
"08:30",26.598,0.000,222.100,0.000,0.000,0.000
"08:45",35.507,0.000,222.500,0.000,0.000,0.000
"09:00",44.070,0.000,222.400,0.000,0.000,0.000
"09:15",52.480,0.000,223.000,0.000,0.000,0.013
"09:30",60.838,0.000,223.100,0.000,0.000,0.026
"09:45",68.659,0.000,223.300,0.000,0.000,0.179
"10:00",75.597,0.000,223.400,0.000,0.000,0.166
"10:15",82.189,0.000,223.400,0.000,0.000,0.755
"10:30",87.808,0.000,223.600,0.000,0.000,0.013
"10:45",92.288,0.000,223.700,0.000,0.000,0.000
"11:00",97.088,0.000,223.800,0.000,0.000,0.013
"11:15",100.416,0.000,223.800,0.000,0.000,0.013
"11:30",103.795,0.000,223.800,0.000,0.000,0.000
"11:45",106.611,0.000,223.800,0.000,0.000,0.000
"12:00",108.595,0.000,223.600,0.000,0.000,0.000
"12:15",110.694,0.000,224.000,0.000,0.000,0.013
"12:30",111.667,0.000,224.000,0.000,0.000,0.013
"12:45",112.512,0.000,224.000,0.000,0.000,0.013
"13:00",113.101,0.000,224.000,0.000,0.000,0.026
"13:15",113.485,0.000,224.100,0.000,0.000,0.026
"13:30",113.677,0.000,224.100,0.000,0.000,0.026
"13:45",113.267,0.000,224.100,0.000,0.000,0.038
"14:00",111.885,0.000,224.000,0.000,0.000,0.038
"14:15",110.874,0.000,223.700,0.000,0.000,0.038
"14:30",109.594,0.000,223.700,0.000,0.000,0.026
"14:45",107.571,0.000,223.900,0.000,0.000,0.038
"15:00",105.472,0.000,223.400,0.000,0.000,0.013
"15:15",102.195,0.000,223.300,0.000,0.000,0.013
"15:30",98.829,0.000,223.500,0.000,0.000,0.026
"15:45",94.694,0.000,223.400,0.000,0.000,0.026
"16:00",90.355,0.000,223.400,0.000,0.000,0.038
"16:15",84.608,0.000,223.300,0.000,0.000,0.013
"16:30",78.157,0.000,223.200,0.000,0.000,0.026
"16:45",72.461,0.000,223.000,0.000,0.000,0.013
"17:00",65.382,0.000,222.800,0.000,0.000,0.026
"17:15",58.214,0.000,223.000,0.000,0.000,0.026
"17:30",50.240,0.000,223.000,0.000,0.000,0.038
"17:45",42.022,0.000,222.700,0.000,0.000,0.000
"18:00",34.086,0.000,222.500,0.000,0.000,0.013
"18:15",25.754,0.000,222.300,0.000,0.000,0.013
"18:30",17.677,0.000,221.900,0.000,0.000,0.026
"18:45",10.240,0.000,221.500,0.000,0.000,0.090
"19:00",4.262,0.000,221.200,0.000,0.000,0.102
"19:15",0.730,0.000,221.000,0.000,0.000,0.064
"19:30",0.077,0.013,220.900,0.051,0.000,0.026
"19:45",0.000,0.038,220.900,0.128,0.000,0.000
"20:00",0.000,0.000,220.800,0.154,0.000,0.000
"20:15",0.000,0.000,220.800,0.179,0.000,0.000
"20:30",0.000,0.000,220.900,0.166,0.000,0.000
"20:45",0.000,0.000,220.800,0.166,0.000,0.000
"21:00",0.000,0.000,220.800,0.179,0.000,0.000
"21:15",0.000,0.000,220.700,0.166,0.000,0.000
"21:30",0.000,0.000,220.800,0.166,0.000,0.000
"21:45",0.000,0.000,220.800,0.179,0.000,0.000
"22:00",0.000,0.000,220.800,0.166,0.000,0.000
"22:15",0.000,0.000,220.800,0.179,0.000,0.000
"22:30",0.000,0.000,220.800,0.166,0.000,0.000
"22:45",0.000,0.000,220.800,0.166,0.000,0.000
"23:00",0.000,0.000,220.900,0.179,0.000,0.000
"23:15",0.000,0.000,220.700,0.166,0.000,0.000
"23:30",0.000,0.000,220.600,0.166,0.000,0.000
"23:45",0.000,0.000,220.600,0.179,0.000,0.000
" 9/25/26 24:00",0.000,0.000,220.500,0.166,0.000,0.000
