"kwh"
"Time ","AGRIM02P","AGRIM02P","AGRIM02P","AGRIM02P","AGRIM02P","AGRIM02P"
" 6/16/26 00:15",0.000,0.000,221.700,0.166,0.000,0.000
" 6/16/26 00:30",0.000,0.000,221.700,0.179,0.000,0.000
"00:45",0.000,0.000,221.800,0.166,0.000,0.000
"01:00",0.000,0.000,221.800,0.179,0.000,0.000
"01:15",0.000,0.000,221.900,0.179,0.000,0.000
"01:30",0.000,0.000,221.900,0.179,0.000,0.000
"01:45",0.000,0.000,221.900,0.166,0.000,0.000
"02:00",0.000,0.000,221.900,0.179,0.000,0.000
"02:15",0.000,0.000,221.900,0.166,0.000,0.000
"02:30",0.000,0.000,221.800,0.179,0.000,0.000
"02:45",0.000,0.000,221.900,0.166,0.000,0.000
"03:00",0.000,0.000,221.900,0.179,0.000,0.000
"03:15",0.000,0.000,221.800,0.179,0.000,0.000
"03:30",0.000,0.000,221.800,0.166,0.000,0.000
"03:45",0.000,0.000,221.800,0.179,0.000,0.000
"04:00",0.000,0.000,221.900,0.179,0.000,0.000
"04:15",0.000,0.000,221.800,0.166,0.000,0.000
"04:30",0.000,0.000,221.800,0.179,0.000,0.000
"04:45",0.000,0.000,221.800,0.166,0.000,0.000
"05:00",0.000,0.000,221.800,0.179,0.000,0.000
"05:15",0.000,0.000,221.800,0.179,0.000,0.000
"05:30",0.000,0.000,221.800,0.166,0.000,0.000
"05:45",0.000,0.000,221.800,0.179,0.000,0.000
"06:00",0.000,0.000,221.900,0.179,0.000,0.000
"06:15",0.000,0.000,221.900,0.166,0.000,0.000
"06:30",0.000,0.000,221.800,0.179,0.000,0.000
"06:45",0.000,0.000,221.800,0.166,0.000,0.000
"07:00",0.000,0.000,221.700,0.179,0.000,0.000
"07:15",0.000,0.000,221.700,0.166,0.000,0.000
"07:30",0.000,0.000,221.700,0.179,0.000,0.000
"07:45",0.000,0.000,221.600,0.179,0.000,0.000
"08:00",0.000,0.000,221.600,0.166,0.000,0.000
"08:15",0.000,0.000,221.600,0.166,0.000,0.000
"08:30",0.064,0.000,221.600,0.038,0.000,0.013
"08:45",0.819,0.000,221.700,0.000,0.000,0.064
"09:00",1.728,0.000,221.700,0.000,0.000,0.026
"09:15",5.594,0.000,221.800,0.000,0.000,0.026
"09:30",11.597,0.000,221.900,0.000,0.000,0.000
"09:45",15.859,0.000,222.000,0.000,0.000,0.000
"10:00",26.931,0.000,222.400,0.000,0.000,0.000
"10:15",28.237,0.000,222.400,0.000,0.000,0.000
"10:30",30.541,0.000,222.500,0.000,0.000,0.000
"10:45",55.488,0.000,223.200,0.000,0.000,0.013
"11:00",49.933,0.000,223.100,0.000,0.000,0.000
"11:15",50.662,0.000,223.200,0.000,0.000,0.000
"11:30",68.774,0.000,223.700,0.000,0.000,0.000
"11:45",74.982,0.000,223.700,0.000,0.000,0.000
"12:00",72.934,0.000,223.700,0.000,0.000,0.000
"12:15",69.952,0.000,223.700,0.000,0.000,0.000
"12:30",65.037,0.000,223.500,0.000,0.000,0.000
"12:45",71.078,0.000,223.600,0.000,0.000,0.000
"13:00",65.562,0.000,223.500,0.000,0.000,0.000
"13:15",84.160,0.000,223.600,0.000,0.000,0.000
"13:30",68.378,0.000,223.500,0.000,0.000,0.000
"13:45",87.181,0.000,223.900,0.000,0.000,0.000
"14:00",84.979,0.000,223.900,0.000,0.000,0.000
"14:15",80.448,0.000,223.900,0.000,0.000,0.000
"14:30",75.789,0.000,223.800,0.000,0.000,0.000
"14:45",78.374,0.000,223.900,0.000,0.000,0.000
"15:00",83.264,0.000,223.900,0.000,0.000,0.128
"15:15",80.576,0.000,223.900,0.000,0.000,0.000
"15:30",82.509,0.000,224.000,0.000,0.000,0.000
"15:45",74.573,0.000,223.800,0.000,0.000,0.000
"16:00",66.266,0.000,223.700,0.000,0.000,0.000
"16:15",49.690,0.000,223.300,0.000,0.000,0.000
"16:30",44.326,0.000,223.100,0.000,0.000,0.000
"16:45",18.022,0.000,222.200,0.000,0.000,0.000
"17:00",26.022,0.000,222.400,0.000,0.000,0.000
"17:15",18.483,0.000,222.300,0.000,0.000,0.000
"17:30",18.650,0.000,222.300,0.000,0.000,0.000
"17:45",15.258,0.000,222.100,0.000,0.000,0.000
"18:00",6.989,0.000,221.800,0.000,0.000,0.038
"18:15",2.317,0.000,221.700,0.000,0.000,0.102
"18:30",0.077,0.013,221.600,0.026,0.000,0.000
"18:45",0.000,0.038,221.500,0.128,0.000,0.000
"19:00",0.000,0.026,221.400,0.154,0.000,0.000
"19:15",0.000,0.000,221.300,0.166,0.000,0.000
"19:30",0.000,0.000,221.400,0.179,0.000,0.000
"19:45",0.000,0.000,221.500,0.166,0.000,0.000
"20:00",0.000,0.000,221.400,0.179,0.000,0.000
"20:15",0.000,0.000,221.500,0.166,0.000,0.000
"20:30",0.000,0.000,221.500,0.179,0.000,0.000
"20:45",0.000,0.000,221.300,0.179,0.000,0.000
"21:00",0.000,0.000,221.400,0.166,0.000,0.000
"21:15",0.000,0.000,221.300,0.179,0.000,0.000
"21:30",0.000,0.000,221.300,0.179,0.000,0.000
"21:45",0.000,0.000,221.300,0.166,0.000,0.000
"22:00",0.000,0.000,221.300,0.179,0.000,0.000
"22:15",0.000,0.000,221.400,0.179,0.000,0.000
"22:30",0.000,0.000,221.500,0.166,0.000,0.000
"22:45",0.000,0.000,221.500,0.179,0.000,0.000
"23:00",0.000,0.000,221.500,0.166,0.000,0.000
"23:15",0.000,0.000,221.400,0.179,0.000,0.000
"23:30",0.000,0.000,221.500,0.179,0.000,0.000
"23:45",0.000,0.000,221.500,0.166,0.000,0.000
" 6/16/26 24:00",0.000,0.000,221.500,0.179,0.000,0.000
