"kwh"
"Time ","AGRIM02P","AGRIM02P","AGRIM02P","AGRIM02P","AGRIM02P","AGRIM02P"
" 5/30/26 00:15",0.000,0.000,221.500,0.179,0.000,0.000
"00:30",0.000,0.000,221.600,0.179,0.000,0.000
"00:45",0.000,0.000,221.600,0.166,0.000,0.000
"01:00",0.000,0.000,221.600,0.179,0.000,0.000
"01:15",0.000,0.000,221.700,0.166,0.000,0.000
"01:30",0.000,0.000,221.700,0.179,0.000,0.000
"01:45",0.000,0.000,221.700,0.179,0.000,0.000
"02:00",0.000,0.000,221.700,0.166,0.000,0.000
"02:15",0.000,0.000,221.700,0.179,0.000,0.000
"02:30",0.000,0.000,221.700,0.166,0.000,0.000
"02:45",0.000,0.000,221.700,0.179,0.000,0.000
"03:00",0.000,0.000,221.700,0.166,0.000,0.000
"03:15",0.000,0.000,221.700,0.179,0.000,0.000
"03:30",0.000,0.000,221.800,0.166,0.000,0.000
"03:45",0.000,0.000,221.800,0.179,0.000,0.000
"04:00",0.000,0.000,221.800,0.179,0.000,0.000
"04:15",0.000,0.000,221.900,0.166,0.000,0.000
"04:30",0.000,0.000,221.800,0.179,0.000,0.000
"04:45",0.000,0.000,221.800,0.166,0.000,0.000
"05:00",0.000,0.000,221.800,0.179,0.000,0.000
"05:15",0.000,0.000,221.800,0.166,0.000,0.000
"05:30",0.000,0.000,221.800,0.179,0.000,0.000
"05:45",0.000,0.000,221.800,0.179,0.000,0.000
"06:00",0.000,0.000,221.900,0.166,0.000,0.000
"06:15",0.000,0.000,221.900,0.179,0.000,0.000
"06:30",0.000,0.000,221.800,0.166,0.000,0.000
"06:45",0.000,0.000,221.800,0.179,0.000,0.000
"07:00",0.000,0.000,221.800,0.179,0.000,0.000
"07:15",0.000,0.000,221.800,0.166,0.000,0.000
"07:30",0.000,0.000,221.800,0.179,0.000,0.000
"07:45",0.000,0.000,221.900,0.166,0.000,0.000
"08:00",0.000,0.000,221.800,0.179,0.000,0.000
"08:15",0.000,0.000,221.800,0.166,0.000,0.000
"08:30",0.077,0.000,221.800,0.077,0.000,0.013
"08:45",0.960,0.000,221.800,0.000,0.000,0.026
"09:00",3.213,0.000,221.800,0.000,0.000,0.038
"09:15",11.405,0.000,222.300,0.000,0.000,0.000
"09:30",13.018,0.000,222.300,0.000,0.000,0.000
"09:45",10.995,0.000,222.100,0.000,0.000,0.000
"10:00",14.502,0.000,222.300,0.000,0.000,0.000
"10:15",31.667,0.000,222.600,0.000,0.000,0.000
"10:30",52.006,0.000,223.000,0.000,0.000,0.000
"10:45",55.296,0.000,223.100,0.000,0.000,0.000
"11:00",55.642,0.000,223.300,0.000,0.000,0.000
"11:15",85.542,0.000,224.000,0.000,0.000,0.000
"11:30",51.149,0.000,223.400,0.000,0.000,0.000
"11:45",43.546,0.000,223.200,0.000,0.000,0.000
"12:00",87.949,0.000,224.300,0.000,0.000,0.000
"12:15",97.626,0.000,224.500,0.000,0.000,0.000
"12:30",62.976,0.000,223.600,0.000,0.000,0.000
"12:45",31.258,0.000,222.800,0.000,0.000,0.000
"13:00",57.165,0.000,223.400,0.000,0.000,0.000
"13:15",107.085,0.000,224.600,0.000,0.000,0.000
"13:30",79.334,0.000,224.300,0.000,0.000,0.013
"13:45",103.309,0.000,224.500,0.000,0.000,0.013
"14:00",101.158,0.000,224.500,0.000,0.000,0.013
"14:15",83.546,0.000,223.700,0.000,0.000,0.000
"14:30",37.875,0.000,223.100,0.000,0.000,0.000
"14:45",51.046,0.000,223.300,0.000,0.000,0.013
"15:00",84.570,0.000,223.900,0.000,0.000,0.000
"15:15",68.710,0.000,223.900,0.000,0.000,0.026
"15:30",80.294,0.000,224.100,0.000,0.000,0.000
"15:45",60.134,0.000,223.500,0.000,0.000,0.013
"16:00",62.848,0.000,223.900,0.000,0.000,0.000
"16:15",59.136,0.000,223.600,0.000,0.000,0.013
"16:30",32.986,0.000,222.900,0.000,0.000,0.000
"16:45",60.813,0.000,223.000,0.000,0.000,0.000
"17:00",51.315,0.000,222.900,0.000,0.000,0.000
"17:15",47.974,0.000,222.800,0.000,0.000,0.000
"17:30",34.176,0.000,222.700,0.000,0.000,0.013
"17:45",22.400,0.000,222.600,0.000,0.000,0.000
"18:00",5.760,0.000,222.000,0.000,0.000,0.064
"18:15",2.842,0.000,221.800,0.000,0.000,0.064
"18:30",0.602,0.000,221.600,0.000,0.000,0.013
"18:45",0.013,0.026,221.700,0.102,0.000,0.000
"19:00",0.000,0.038,221.500,0.115,0.000,0.000
"19:15",0.000,0.000,221.500,0.179,0.000,0.000
"19:30",0.000,0.000,221.500,0.166,0.000,0.000
"19:45",0.000,0.000,221.500,0.179,0.000,0.000
"20:00",0.000,0.000,221.600,0.166,0.000,0.000
"20:15",0.000,0.000,221.500,0.179,0.000,0.000
"20:30",0.000,0.000,221.500,0.179,0.000,0.000
"20:45",0.000,0.000,221.400,0.166,0.000,0.000
"21:00",0.000,0.000,221.400,0.179,0.000,0.000
"21:15",0.000,0.000,221.500,0.166,0.000,0.000
"21:30",0.000,0.000,221.500,0.179,0.000,0.000
"21:45",0.000,0.000,221.600,0.166,0.000,0.000
"22:00",0.000,0.000,221.600,0.179,0.000,0.000
"22:15",0.000,0.000,221.600,0.179,0.000,0.000
"22:30",0.000,0.000,221.600,0.166,0.000,0.000
"22:45",0.000,0.000,221.700,0.179,0.000,0.000
"23:00",0.000,0.000,221.700,0.179,0.000,0.000
"23:15",0.000,0.000,221.700,0.166,0.000,0.000
"23:30",0.000,0.000,221.700,0.179,0.000,0.000
"23:45",0.000,0.000,221.700,0.166,0.000,0.000
" 5/30/26 24:00",0.000,0.000,221.800,0.179,0.000,0.000
