"kwh"
"Time ","AGRIM02P","AGRIM02P","AGRIM02P","AGRIM02P","AGRIM02P","AGRIM02P"
" 6/18/26 00:15",0.000,0.000,221.800,0.179,0.000,0.000
" 6/18/26 00:30",0.000,0.000,221.700,0.179,0.000,0.000
"00:45",0.000,0.000,221.700,0.166,0.000,0.000
"01:00",0.000,0.000,221.800,0.179,0.000,0.000
"01:15",0.000,0.000,221.800,0.166,0.000,0.000
"01:30",0.000,0.000,221.800,0.179,0.000,0.000
"01:45",0.000,0.000,221.700,0.166,0.000,0.000
"02:00",0.000,0.000,221.700,0.179,0.000,0.000
"02:15",0.000,0.000,221.700,0.166,0.000,0.000
"02:30",0.000,0.000,221.700,0.179,0.000,0.000
"02:45",0.000,0.000,221.700,0.166,0.000,0.000
"03:00",0.000,0.000,221.800,0.179,0.000,0.000
"03:15",0.000,0.000,221.800,0.166,0.000,0.000
"03:30",0.000,0.000,221.800,0.179,0.000,0.000
"03:45",0.000,0.000,221.700,0.166,0.000,0.000
"04:00",0.000,0.000,221.800,0.179,0.000,0.000
"04:15",0.000,0.000,221.700,0.166,0.000,0.000
"04:30",0.000,0.000,221.700,0.179,0.000,0.000
"04:45",0.000,0.000,221.700,0.166,0.000,0.000
"05:00",0.000,0.000,221.700,0.179,0.000,0.000
"05:15",0.000,0.000,221.700,0.166,0.000,0.000
"05:30",0.000,0.000,221.700,0.179,0.000,0.000
"05:45",0.000,0.000,221.700,0.166,0.000,0.000
"06:00",0.000,0.000,221.700,0.179,0.000,0.000
"06:15",0.000,0.000,221.700,0.166,0.000,0.000
"06:30",0.000,0.000,221.700,0.179,0.000,0.000
"06:45",0.000,0.000,221.600,0.166,0.000,0.000
"07:00",0.000,0.000,221.700,0.179,0.000,0.000
"07:15",0.000,0.000,221.700,0.166,0.000,0.000
"07:30",0.000,0.000,221.600,0.179,0.000,0.000
"07:45",0.000,0.000,221.600,0.166,0.000,0.000
"08:00",0.000,0.000,221.600,0.179,0.000,0.000
"08:15",0.000,0.000,221.600,0.166,0.000,0.000
"08:30",0.000,0.000,221.600,0.166,0.000,0.000
"08:45",0.000,0.000,221.600,0.166,0.000,0.000
"09:00",0.038,0.013,221.600,0.051,0.000,0.000
"09:15",0.218,0.000,221.600,0.000,0.000,0.013
"09:30",0.307,0.000,221.600,0.000,0.000,0.013
"09:45",0.333,0.000,221.500,0.000,0.000,0.000
"10:00",1.050,0.000,221.500,0.000,0.000,0.102
"10:15",0.691,0.000,221.500,0.000,0.000,0.026
"10:30",0.947,0.000,221.600,0.000,0.000,0.064
"10:45",0.896,0.000,221.600,0.000,0.000,0.038
"11:00",2.662,0.000,221.800,0.000,0.000,0.038
"11:15",3.814,0.000,221.700,0.000,0.000,0.064
"11:30",4.211,0.000,221.800,0.000,0.000,0.051
"11:45",9.075,0.000,222.000,0.000,0.000,0.013
"12:00",10.637,0.000,222.000,0.000,0.000,0.000
"12:15",9.779,0.000,222.100,0.000,0.000,0.038
"12:30",11.085,0.000,222.000,0.000,0.000,0.051
"12:45",18.176,0.000,222.100,0.000,0.000,0.013
"13:00",24.051,0.000,222.300,0.000,0.000,0.000
"13:15",16.960,0.000,222.100,0.000,0.000,0.000
"13:30",13.926,0.000,222.000,0.000,0.000,0.013
"13:45",15.027,0.000,222.000,0.000,0.000,0.000
"14:00",14.515,0.000,221.900,0.000,0.000,0.000
"14:15",15.181,0.000,222.100,0.000,0.000,0.000
"14:30",12.109,0.000,222.000,0.000,0.000,0.000
"14:45",13.082,0.000,222.000,0.000,0.000,0.000
"15:00",11.494,0.000,222.000,0.000,0.000,0.000
"15:15",17.946,0.000,222.100,0.000,0.000,0.000
"15:30",29.005,0.000,222.300,0.000,0.000,0.000
"15:45",46.272,0.000,222.800,0.000,0.000,0.000
"16:00",68.774,0.000,223.600,0.000,0.000,0.000
"16:15",45.338,0.000,223.100,0.000,0.000,0.000
"16:30",15.616,0.000,222.100,0.000,0.000,0.000
"16:45",12.518,0.000,222.000,0.000,0.000,0.000
"17:00",9.024,0.000,221.900,0.000,0.000,0.038
"17:15",3.635,0.000,221.800,0.000,0.000,0.051
"17:30",1.050,0.000,221.800,0.000,0.000,0.000
"17:45",0.448,0.000,221.800,0.000,0.000,0.000
"18:00",0.589,0.000,221.800,0.000,0.000,0.013
"18:15",0.179,0.000,221.600,0.000,0.000,0.000
"18:30",0.000,0.026,221.700,0.115,0.000,0.000
"18:45",0.000,0.038,221.600,0.128,0.000,0.000
"19:00",0.000,0.038,221.600,0.141,0.000,0.000
"19:15",0.000,0.000,221.700,0.179,0.000,0.000
"19:30",0.000,0.000,221.600,0.179,0.000,0.000
"19:45",0.000,0.000,221.500,0.166,0.000,0.000
"20:00",0.000,0.000,221.500,0.179,0.000,0.000
"20:15",0.000,0.000,221.500,0.166,0.000,0.000
"20:30",0.000,0.000,221.500,0.179,0.000,0.000
"20:45",0.000,0.000,221.500,0.166,0.000,0.000
"21:00",0.000,0.000,221.500,0.179,0.000,0.000
"21:15",0.000,0.000,221.500,0.179,0.000,0.000
"21:30",0.000,0.000,221.500,0.166,0.000,0.000
"21:45",0.000,0.000,221.600,0.179,0.000,0.000
"22:00",0.000,0.000,221.600,0.179,0.000,0.000
"22:15",0.000,0.000,221.500,0.166,0.000,0.000
"22:30",0.000,0.000,221.500,0.179,0.000,0.000
"22:45",0.000,0.000,221.500,0.166,0.000,0.000
"23:00",0.000,0.000,221.600,0.179,0.000,0.000
"23:15",0.000,0.000,221.600,0.179,0.000,0.000
"23:30",0.000,0.000,221.500,0.166,0.000,0.000
"23:45",0.000,0.000,221.500,0.179,0.000,0.000
" 6/18/26 24:00",0.000,0.000,221.600,0.166,0.000,0.000
