"kwh"
"Time ","AGRIM02P","AGRIM02P","AGRIM02P","AGRIM02P","AGRIM02P","AGRIM02P"
" 8/05/26 00:15",0.000,0.000,221.100,0.179,0.000,0.000
" 8/05/26 00:30",0.000,0.000,221.100,0.166,0.000,0.000
"00:45",0.000,0.000,221.100,0.179,0.000,0.000
"01:00",0.000,0.000,221.100,0.166,0.000,0.000
"01:15",0.000,0.000,221.100,0.179,0.000,0.000
"01:30",0.000,0.000,221.000,0.166,0.000,0.000
"01:45",0.000,0.000,221.100,0.166,0.000,0.000
"02:00",0.000,0.000,221.100,0.179,0.000,0.000
"02:15",0.000,0.000,221.100,0.166,0.000,0.000
"02:30",0.000,0.000,221.100,0.179,0.000,0.000
"02:45",0.000,0.000,221.100,0.166,0.000,0.000
"03:00",0.000,0.000,221.100,0.179,0.000,0.000
"03:15",0.000,0.000,221.100,0.166,0.000,0.000
"03:30",0.000,0.000,221.100,0.179,0.000,0.000
"03:45",0.000,0.000,221.100,0.166,0.000,0.000
"04:00",0.000,0.000,221.200,0.179,0.000,0.000
"04:15",0.000,0.000,221.100,0.166,0.000,0.000
"04:30",0.000,0.000,221.100,0.166,0.000,0.000
"04:45",0.000,0.000,221.100,0.179,0.000,0.000
"05:00",0.000,0.000,221.100,0.166,0.000,0.000
"05:15",0.000,0.000,221.100,0.179,0.000,0.000
"05:30",0.000,0.000,221.100,0.166,0.000,0.000
"05:45",0.000,0.000,221.100,0.179,0.000,0.000
"06:00",0.000,0.000,221.100,0.166,0.000,0.000
"06:15",0.000,0.000,221.100,0.166,0.000,0.000
"06:30",0.000,0.000,221.100,0.179,0.000,0.000
"06:45",0.000,0.000,221.100,0.166,0.000,0.000
"07:00",0.000,0.000,221.100,0.179,0.000,0.000
"07:15",0.000,0.000,221.100,0.166,0.000,0.000
"07:30",0.000,0.000,221.000,0.179,0.000,0.000
"07:45",0.000,0.000,221.000,0.166,0.000,0.000
"08:00",0.000,0.000,221.000,0.166,0.000,0.000
"08:15",0.000,0.000,221.000,0.179,0.000,0.000
"08:30",0.000,0.000,221.100,0.154,0.000,0.000
"08:45",0.013,0.013,221.100,0.090,0.000,0.000
"09:00",0.102,0.000,221.000,0.013,0.000,0.000
"09:15",0.704,0.000,220.800,0.000,0.000,0.013
"09:30",1.088,0.000,220.800,0.000,0.000,0.090
"09:45",2.624,0.000,220.900,0.000,0.000,0.013
"10:00",6.477,0.000,220.900,0.000,0.000,0.026
"10:15",9.651,0.000,220.900,0.000,0.000,0.013
"10:30",12.109,0.000,221.000,0.000,0.000,0.000
"10:45",11.968,0.000,221.100,0.000,0.000,0.000
"11:00",15.181,0.000,221.200,0.000,0.000,0.000
"11:15",14.963,0.000,221.300,0.000,0.000,0.000
"11:30",19.059,0.000,221.500,0.000,0.000,0.000
"11:45",15.654,0.000,221.200,0.000,0.000,0.000
"12:00",25.741,0.000,221.400,0.000,0.000,0.000
"12:15",22.272,0.000,221.500,0.000,0.000,0.000
"12:30",22.541,0.000,221.400,0.000,0.000,0.000
"12:45",26.675,0.000,221.500,0.000,0.000,0.000
"13:00",31.616,0.000,221.600,0.000,0.000,0.038
"13:15",32.115,0.000,221.800,0.000,0.000,0.179
"13:30",33.306,0.000,221.900,0.000,0.000,0.000
"13:45",21.325,0.000,221.400,0.000,0.000,0.000
"14:00",20.454,0.000,221.400,0.000,0.000,0.000
"14:15",22.989,0.000,221.400,0.000,0.000,0.000
"14:30",29.056,0.000,221.600,0.000,0.000,0.000
"14:45",25.229,0.000,221.600,0.000,0.000,0.000
"15:00",15.795,0.000,221.300,0.000,0.000,0.000
"15:15",17.613,0.000,221.300,0.000,0.000,0.000
"15:30",19.290,0.000,221.400,0.000,0.000,0.000
"15:45",14.707,0.000,221.400,0.000,0.000,0.000
"16:00",19.021,0.000,221.700,0.000,0.000,0.000
"16:15",20.301,0.000,221.800,0.000,0.000,0.000
"16:30",21.363,0.000,221.800,0.000,0.000,0.000
"16:45",21.005,0.000,222.000,0.000,0.000,0.013
"17:00",17.498,0.000,222.100,0.000,0.000,0.000
"17:15",26.931,0.000,222.500,0.000,0.000,0.000
"17:30",23.258,0.000,222.600,0.000,0.000,0.013
"17:45",5.568,0.000,221.800,0.000,0.000,0.077
"18:00",8.986,0.000,222.000,0.000,0.000,0.026
"18:15",7.194,0.000,222.100,0.000,0.000,0.064
"18:30",5.478,0.000,222.000,0.000,0.000,0.064
"18:45",1.357,0.000,221.900,0.000,0.000,0.038
"19:00",0.102,0.013,221.700,0.013,0.000,0.000
"19:15",0.000,0.038,221.700,0.128,0.000,0.000
"19:30",0.000,0.013,221.600,0.141,0.000,0.000
"19:45",0.000,0.000,221.500,0.179,0.000,0.000
"20:00",0.000,0.000,221.600,0.179,0.000,0.000
"20:15",0.000,0.000,221.500,0.166,0.000,0.000
"20:30",0.000,0.000,221.600,0.179,0.000,0.000
"20:45",0.000,0.000,221.600,0.166,0.000,0.000
"21:00",0.000,0.000,221.500,0.179,0.000,0.000
"21:15",0.000,0.000,221.500,0.179,0.000,0.000
"21:30",0.000,0.000,221.600,0.166,0.000,0.000
"21:45",0.000,0.000,221.600,0.179,0.000,0.000
"22:00",0.000,0.000,221.600,0.166,0.000,0.000
"22:15",0.000,0.000,221.600,0.179,0.000,0.000
"22:30",0.000,0.000,221.600,0.179,0.000,0.000
"22:45",0.000,0.000,221.600,0.166,0.000,0.000
"23:00",0.000,0.000,221.700,0.179,0.000,0.000
"23:15",0.000,0.000,221.600,0.166,0.000,0.000
"23:30",0.000,0.000,221.300,0.179,0.000,0.000
"23:45",0.000,0.000,221.400,0.166,0.000,0.000
" 8/05/26 24:00",0.000,0.000,221.400,0.179,0.000,0.000
