"kwh"
"Time ","AGRIM02P","AGRIM02P","AGRIM02P","AGRIM02P","AGRIM02P","AGRIM02P"
" 5/09/26 00:15",0.000,0.000,221.600,0.179,0.000,0.000
" 5/09/26 00:30",0.000,0.000,221.600,0.166,0.000,0.000
"00:45",0.000,0.000,221.700,0.179,0.000,0.000
"01:00",0.000,0.000,221.700,0.179,0.000,0.000
"01:15",0.000,0.000,221.700,0.166,0.000,0.000
"01:30",0.000,0.000,221.700,0.179,0.000,0.000
"01:45",0.000,0.000,221.700,0.166,0.000,0.000
"02:00",0.000,0.000,221.700,0.179,0.000,0.000
"02:15",0.000,0.000,221.800,0.179,0.000,0.000
"02:30",0.000,0.000,221.700,0.166,0.000,0.000
"02:45",0.000,0.000,221.700,0.179,0.000,0.000
"03:00",0.000,0.000,221.800,0.166,0.000,0.000
"03:15",0.000,0.000,221.700,0.179,0.000,0.000
"03:30",0.000,0.000,221.600,0.166,0.000,0.000
"03:45",0.000,0.000,221.600,0.179,0.000,0.000
"04:00",0.000,0.000,221.600,0.166,0.000,0.000
"04:15",0.000,0.000,221.600,0.179,0.000,0.000
"04:30",0.000,0.000,221.600,0.166,0.000,0.000
"04:45",0.000,0.000,221.600,0.179,0.000,0.000
"05:00",0.000,0.000,221.600,0.166,0.000,0.000
"05:15",0.000,0.000,221.600,0.179,0.000,0.000
"05:30",0.000,0.000,221.600,0.166,0.000,0.000
"05:45",0.000,0.000,221.600,0.179,0.000,0.000
"06:00",0.000,0.000,221.600,0.166,0.000,0.000
"06:15",0.000,0.000,221.600,0.179,0.000,0.000
"06:30",0.000,0.000,221.600,0.166,0.000,0.000
"06:45",0.000,0.000,221.700,0.179,0.000,0.000
"07:00",0.000,0.000,221.700,0.179,0.000,0.000
"07:15",0.000,0.000,221.700,0.166,0.000,0.000
"07:30",0.000,0.000,221.700,0.179,0.000,0.000
"07:45",0.000,0.000,221.600,0.166,0.000,0.000
"08:00",0.000,0.000,221.700,0.154,0.000,0.013
"08:15",0.218,0.000,221.700,0.000,0.013,0.013
"08:30",1.626,0.000,221.700,0.000,0.000,0.077
"08:45",11.725,0.000,222.000,0.000,0.000,0.026
"09:00",23.846,0.000,222.600,0.000,0.000,0.000
"09:15",36.045,0.000,222.800,0.000,0.000,0.000
"09:30",43.635,0.000,223.300,0.000,0.000,0.000
"09:45",51.098,0.000,223.600,0.000,0.000,0.000
"10:00",58.368,0.000,223.800,0.000,0.000,0.000
"10:15",65.869,0.000,224.000,0.000,0.000,0.000
"10:30",73.011,0.000,224.100,0.000,0.000,0.000
"10:45",78.771,0.000,224.200,0.000,0.000,0.000
"11:00",36.070,0.000,222.900,0.026,0.000,0.000
"11:15",83.648,0.000,224.200,0.000,0.000,0.000
"11:30",99.046,0.000,224.300,0.000,0.000,0.000
"11:45",105.088,0.000,224.500,0.000,0.000,0.000
"12:00",101.542,0.000,224.500,0.000,0.000,0.000
"12:15",108.582,0.000,224.100,0.000,0.000,0.000
"12:30",110.822,0.000,224.700,0.000,0.000,0.000
"12:45",90.675,0.000,224.400,0.000,0.000,0.013
"13:00",58.240,0.000,223.900,0.000,0.000,0.013
"13:15",105.818,0.000,224.300,0.000,0.000,0.000
"13:30",113.510,0.000,224.700,0.000,0.000,0.000
"13:45",74.022,0.000,224.100,0.000,0.000,0.013
"14:00",70.861,0.000,224.200,0.000,0.000,0.038
"14:15",77.965,0.000,223.700,0.000,0.000,0.013
"14:30",93.837,0.000,223.800,0.000,0.000,0.000
"14:45",93.261,0.000,224.400,0.000,0.000,0.000
"15:00",67.366,0.000,224.200,0.000,0.000,0.013
"15:15",34.598,0.000,223.600,0.000,0.000,0.026
"15:30",27.059,0.000,223.100,0.000,0.000,0.013
"15:45",89.075,0.000,224.400,0.000,0.000,0.013
"16:00",67.763,0.000,224.300,0.000,0.000,0.026
"16:15",85.146,0.000,223.700,0.000,0.000,0.000
"16:30",82.022,0.000,223.700,0.000,0.000,0.000
"16:45",74.778,0.000,223.400,0.000,0.000,0.000
"17:00",63.142,0.000,223.500,0.000,0.000,0.000
"17:15",53.248,0.000,223.600,0.000,0.000,0.000
"17:30",42.560,0.000,223.300,0.000,0.000,0.000
"17:45",32.973,0.000,222.900,0.000,0.000,0.000
"18:00",23.539,0.000,222.500,0.000,0.000,0.000
"18:15",7.603,0.000,222.000,0.000,0.000,0.038
"18:30",0.589,0.000,220.800,0.026,0.000,0.026
"18:45",0.166,0.013,221.500,0.000,0.000,0.013
"19:00",0.000,0.038,221.400,0.128,0.000,0.000
"19:15",0.000,0.038,221.400,0.128,0.000,0.000
"19:30",0.000,0.000,221.400,0.179,0.000,0.000
"19:45",0.000,0.000,221.400,0.179,0.000,0.000
"20:00",0.000,0.000,221.400,0.166,0.000,0.000
"20:15",0.000,0.000,221.400,0.179,0.000,0.000
"20:30",0.000,0.000,221.400,0.166,0.000,0.000
"20:45",0.000,0.000,221.400,0.179,0.000,0.000
"21:00",0.000,0.000,221.500,0.166,0.000,0.000
"21:15",0.000,0.000,221.500,0.179,0.000,0.000
"21:30",0.000,0.000,221.600,0.179,0.000,0.000
"21:45",0.000,0.000,221.600,0.166,0.000,0.000
"22:00",0.000,0.000,221.600,0.179,0.000,0.000
"22:15",0.000,0.000,221.600,0.166,0.000,0.000
"22:30",0.000,0.000,221.600,0.179,0.000,0.000
"22:45",0.000,0.000,221.500,0.179,0.000,0.000
"23:00",0.000,0.000,221.400,0.166,0.000,0.000
"23:15",0.000,0.000,221.300,0.179,0.000,0.000
"23:30",0.000,0.000,221.300,0.179,0.000,0.000
"23:45",0.000,0.000,221.300,0.166,0.000,0.000
" 5/09/26 24:00",0.000,0.000,221.300,0.179,0.000,0.000
