"kwh"
"Time ","AGRIM02P","AGRIM02P","AGRIM02P","AGRIM02P","AGRIM02P","AGRIM02P"
" 3/16/26 00:15",0.000,0.000,221.800,0.192,0.000,0.000
" 3/16/26 00:30",0.000,0.000,221.800,0.179,0.000,0.000
"00:45",0.000,0.000,221.800,0.192,0.000,0.000
"01:00",0.000,0.000,221.800,0.179,0.000,0.000
"01:15",0.000,0.000,221.800,0.192,0.000,0.000
"01:30",0.000,0.000,221.800,0.179,0.000,0.000
"01:45",0.000,0.000,221.800,0.192,0.000,0.000
"02:00",0.000,0.000,221.900,0.179,0.000,0.000
"02:15",0.000,0.000,221.800,0.179,0.000,0.000
"02:30",0.000,0.000,221.800,0.192,0.000,0.000
"02:45",0.000,0.000,221.800,0.179,0.000,0.000
"03:00",0.000,0.000,221.800,0.192,0.000,0.000
"03:15",0.000,0.000,221.800,0.179,0.000,0.000
"03:30",0.000,0.000,221.900,0.192,0.000,0.000
"03:45",0.000,0.000,221.900,0.179,0.000,0.000
"04:00",0.000,0.000,221.900,0.192,0.000,0.000
"04:15",0.000,0.000,221.800,0.179,0.000,0.000
"04:30",0.000,0.000,221.800,0.179,0.000,0.000
"04:45",0.000,0.000,221.800,0.192,0.000,0.000
"05:00",0.000,0.000,221.800,0.179,0.000,0.000
"05:15",0.000,0.000,221.800,0.192,0.000,0.000
"05:30",0.000,0.000,221.800,0.179,0.000,0.000
"05:45",0.000,0.000,221.800,0.192,0.000,0.000
"06:00",0.000,0.000,221.800,0.179,0.000,0.000
"06:15",0.000,0.000,221.700,0.192,0.000,0.000
"06:30",0.000,0.000,221.700,0.179,0.000,0.000
"06:45",0.000,0.000,221.700,0.179,0.000,0.000
"07:00",0.000,0.000,221.700,0.192,0.000,0.000
"07:15",0.000,0.000,221.700,0.179,0.000,0.000
"07:30",0.000,0.000,221.600,0.192,0.000,0.000
"07:45",0.051,0.000,221.600,0.064,0.000,0.013
"08:00",0.589,0.000,221.600,0.000,0.000,0.013
"08:15",1.651,0.000,221.700,0.000,0.000,0.051
"08:30",2.944,0.000,221.700,0.000,0.000,0.013
"08:45",6.566,0.000,221.800,0.000,0.000,0.038
"09:00",10.662,0.000,221.800,0.000,0.000,0.013
"09:15",15.642,0.000,222.100,0.000,0.000,0.000
"09:30",18.099,0.000,222.100,0.000,0.000,0.000
"09:45",17.702,0.000,222.000,0.000,0.000,0.000
"10:00",19.379,0.000,222.100,0.000,0.000,0.000
"10:15",20.787,0.000,222.100,0.000,0.000,0.000
"10:30",21.312,0.000,222.100,0.000,0.000,0.000
"10:45",23.501,0.000,222.100,0.000,0.000,0.000
"11:00",31.782,0.000,222.300,0.000,0.000,0.000
"11:15",31.450,0.000,222.500,0.000,0.000,0.000
"11:30",39.027,0.000,222.700,0.000,0.000,0.000
"11:45",43.648,0.000,222.900,0.000,0.000,0.000
"12:00",43.750,0.000,222.900,0.000,0.000,0.000
"12:15",48.038,0.000,223.100,0.000,0.000,0.000
"12:30",59.072,0.000,223.500,0.000,0.000,0.000
"12:45",89.024,0.000,223.900,0.000,0.000,0.000
"13:00",98.189,0.000,224.200,0.000,0.000,0.000
"13:15",103.398,0.000,224.500,0.000,0.000,0.051
"13:30",103.680,0.000,224.700,0.000,0.000,0.038
"13:45",104.128,0.000,224.700,0.000,0.000,0.013
"14:00",104.448,0.000,224.700,0.000,0.000,0.038
"14:15",100.454,0.000,224.600,0.000,0.000,0.026
"14:30",71.514,0.000,224.100,0.000,0.000,0.026
"14:45",76.595,0.000,224.200,0.000,0.000,0.026
"15:00",43.290,0.000,223.500,0.000,0.000,0.013
"15:15",97.805,0.000,224.400,0.000,0.000,0.026
"15:30",89.779,0.000,224.200,0.000,0.000,0.026
"15:45",51.469,0.000,223.800,0.000,0.000,0.026
"16:00",35.482,0.000,223.500,0.000,0.000,0.026
"16:15",76.032,0.000,224.300,0.000,0.000,0.026
"16:30",68.301,0.000,224.200,0.000,0.000,0.026
"16:45",70.822,0.000,223.900,0.000,0.000,0.013
"17:00",50.010,0.000,223.100,0.000,0.000,0.000
"17:15",53.453,0.000,223.500,0.000,0.000,0.013
"17:30",50.176,0.000,223.500,0.000,0.000,0.026
"17:45",37.542,0.013,223.800,0.013,0.000,0.026
"18:00",22.579,0.000,222.800,0.000,0.000,0.000
"18:15",32.448,0.000,223.300,0.000,0.000,0.013
"18:30",23.130,0.000,223.000,0.000,0.000,0.026
"18:45",14.387,0.000,222.500,0.000,0.000,0.026
"19:00",9.254,0.000,222.300,0.000,0.000,0.064
"19:15",3.661,0.000,222.000,0.000,0.000,0.077
"19:30",1.024,0.000,221.700,0.000,0.000,0.013
"19:45",0.090,0.000,221.600,0.051,0.000,0.000
"20:00",0.000,0.013,221.600,0.166,0.000,0.000
"20:15",0.000,0.013,221.500,0.166,0.000,0.000
"20:30",0.000,0.000,221.600,0.179,0.000,0.000
"20:45",0.000,0.000,221.600,0.192,0.000,0.000
"21:00",0.000,0.000,221.500,0.179,0.000,0.000
"21:15",0.000,0.000,221.500,0.179,0.000,0.000
"21:30",0.000,0.000,221.600,0.192,0.000,0.000
"21:45",0.000,0.000,221.500,0.179,0.000,0.000
"22:00",0.000,0.000,221.600,0.192,0.000,0.000
"22:15",0.000,0.000,221.600,0.179,0.000,0.000
"22:30",0.000,0.000,221.700,0.192,0.000,0.000
"22:45",0.000,0.000,221.600,0.179,0.000,0.000
"23:00",0.000,0.000,221.700,0.192,0.000,0.000
"23:15",0.000,0.000,221.600,0.179,0.000,0.000
"23:30",0.000,0.000,221.500,0.179,0.000,0.000
"23:45",0.000,0.000,221.600,0.192,0.000,0.000
" 3/16/26 24:00",0.000,0.000,221.700,0.179,0.000,0.000
