"kwh"
"Time ","AGRIM02P","AGRIM02P","AGRIM02P","AGRIM02P","AGRIM02P","AGRIM02P"
" 5/27/26 00:15",0.000,0.000,221.700,0.179,0.000,0.000
" 5/27/26 00:30",0.000,0.000,221.700,0.166,0.000,0.000
"00:45",0.000,0.000,221.700,0.179,0.000,0.000
"01:00",0.000,0.000,221.700,0.166,0.000,0.000
"01:15",0.000,0.000,221.800,0.179,0.000,0.000
"01:30",0.000,0.000,221.800,0.179,0.000,0.000
"01:45",0.000,0.000,221.800,0.166,0.000,0.000
"02:00",0.000,0.000,221.800,0.179,0.000,0.000
"02:15",0.000,0.000,221.700,0.166,0.000,0.000
"02:30",0.000,0.000,221.700,0.179,0.000,0.000
"02:45",0.000,0.000,221.700,0.166,0.000,0.000
"03:00",0.000,0.000,221.800,0.179,0.000,0.000
"03:15",0.000,0.000,221.800,0.166,0.000,0.000
"03:30",0.000,0.000,221.700,0.179,0.000,0.000
"03:45",0.000,0.000,221.800,0.179,0.000,0.000
"04:00",0.000,0.000,221.800,0.166,0.000,0.000
"04:15",0.000,0.000,221.700,0.179,0.000,0.000
"04:30",0.000,0.000,221.800,0.166,0.000,0.000
"04:45",0.000,0.000,221.700,0.179,0.000,0.000
"05:00",0.000,0.000,221.700,0.166,0.000,0.000
"05:15",0.000,0.000,221.700,0.179,0.000,0.000
"05:30",0.000,0.000,221.800,0.166,0.000,0.000
"05:45",0.000,0.000,221.800,0.179,0.000,0.000
"06:00",0.000,0.000,221.800,0.166,0.000,0.000
"06:15",0.000,0.000,221.800,0.179,0.000,0.000
"06:30",0.000,0.000,221.800,0.166,0.000,0.000
"06:45",0.000,0.000,221.700,0.179,0.000,0.000
"07:00",0.000,0.000,221.700,0.166,0.000,0.000
"07:15",0.000,0.000,221.600,0.179,0.000,0.000
"07:30",0.000,0.000,221.600,0.166,0.000,0.000
"07:45",0.000,0.000,221.600,0.179,0.000,0.000
"08:00",0.000,0.000,221.600,0.166,0.000,0.000
"08:15",0.064,0.000,221.600,0.064,0.000,0.013
"08:30",0.896,0.000,221.600,0.000,0.000,0.051
"08:45",4.749,0.000,221.500,0.000,0.000,0.051
"09:00",11.098,0.000,221.700,0.000,0.000,0.013
"09:15",27.558,0.000,222.200,0.000,0.000,0.000
"09:30",38.387,0.000,222.500,0.000,0.000,0.000
"09:45",45.568,0.000,222.800,0.000,0.000,0.000
"10:00",43.507,0.000,222.900,0.000,0.000,0.000
"10:15",56.883,0.000,223.000,0.000,0.000,0.000
"10:30",62.515,0.000,223.200,0.000,0.000,0.000
"10:45",71.450,0.000,223.300,0.000,0.000,0.000
"11:00",76.288,0.000,223.400,0.000,0.000,0.000
"11:15",80.422,0.000,223.500,0.000,0.000,0.000
"11:30",85.005,0.000,223.600,0.000,0.000,0.000
"11:45",88.653,0.000,223.600,0.000,0.000,0.000
"12:00",91.187,0.000,223.700,0.000,0.000,0.000
"12:15",95.411,0.000,223.800,0.000,0.000,0.000
"12:30",97.779,0.000,223.700,0.000,0.000,0.000
"12:45",99.802,0.000,223.800,0.000,0.000,0.000
"13:00",100.992,0.000,223.800,0.000,0.000,0.000
"13:15",102.336,0.000,223.900,0.000,0.000,0.000
"13:30",100.992,0.000,223.900,0.000,0.000,0.000
"13:45",103.706,0.000,223.900,0.000,0.000,0.000
"14:00",103.398,0.000,223.800,0.000,0.000,0.000
"14:15",99.994,0.000,223.700,0.000,0.000,0.000
"14:30",99.763,0.000,223.700,0.000,0.000,0.000
"14:45",97.882,0.000,223.700,0.000,0.000,0.000
"15:00",94.771,0.000,223.700,0.000,0.000,0.000
"15:15",90.867,0.000,223.700,0.000,0.000,0.000
"15:30",85.811,0.000,223.600,0.000,0.000,0.000
"15:45",81.280,0.000,223.500,0.000,0.000,0.000
"16:00",74.893,0.000,223.400,0.000,0.000,0.000
"16:15",68.557,0.000,223.300,0.000,0.000,0.000
"16:30",62.566,0.000,223.500,0.000,0.000,0.000
"16:45",56.832,0.000,223.400,0.000,0.000,0.000
"17:00",48.499,0.000,223.100,0.000,0.000,0.000
"17:15",36.480,0.000,222.700,0.000,0.000,0.000
"17:30",19.443,0.000,222.100,0.000,0.000,0.000
"17:45",13.299,0.000,221.800,0.000,0.000,0.000
"18:00",4.954,0.000,221.600,0.000,0.000,0.090
"18:15",2.022,0.000,221.600,0.000,0.000,0.038
"18:30",0.192,0.000,221.400,0.013,0.000,0.000
"18:45",0.000,0.038,221.300,0.115,0.000,0.000
"19:00",0.000,0.051,221.300,0.128,0.000,0.000
"19:15",0.000,0.000,221.400,0.179,0.000,0.000
"19:30",0.000,0.000,221.400,0.166,0.000,0.000
"19:45",0.000,0.000,221.400,0.179,0.000,0.000
"20:00",0.000,0.000,221.300,0.166,0.000,0.000
"20:15",0.000,0.000,221.300,0.179,0.000,0.000
"20:30",0.000,0.000,221.400,0.179,0.000,0.000
"20:45",0.000,0.000,221.400,0.166,0.000,0.000
"21:00",0.000,0.000,221.400,0.179,0.000,0.000
"21:15",0.000,0.000,221.400,0.179,0.000,0.000
"21:30",0.000,0.000,221.300,0.166,0.000,0.000
"21:45",0.000,0.000,221.400,0.179,0.000,0.000
"22:00",0.000,0.000,221.400,0.166,0.000,0.000
"22:15",0.000,0.000,221.500,0.179,0.000,0.000
"22:30",0.000,0.000,221.500,0.179,0.000,0.000
"22:45",0.000,0.000,221.500,0.166,0.000,0.000
"23:00",0.000,0.000,221.500,0.179,0.000,0.000
"23:15",0.000,0.000,221.500,0.179,0.000,0.000
"23:30",0.000,0.000,221.500,0.166,0.000,0.000
"23:45",0.000,0.000,221.500,0.179,0.000,0.000
" 5/27/26 24:00",0.000,0.000,221.600,0.166,0.000,0.000
