"kwh"
"Time ","AGRIM02P","AGRIM02P","AGRIM02P","AGRIM02P","AGRIM02P","AGRIM02P"
" 6/25/26 00:15",0.000,0.000,221.700,0.179,0.000,0.000
" 6/25/26 00:30",0.000,0.000,221.700,0.166,0.000,0.000
"00:45",0.000,0.000,221.800,0.179,0.000,0.000
"01:00",0.000,0.000,221.800,0.179,0.000,0.000
"01:15",0.000,0.000,221.800,0.166,0.000,0.000
"01:30",0.000,0.000,221.800,0.179,0.000,0.000
"01:45",0.000,0.000,221.800,0.179,0.000,0.000
"02:00",0.000,0.000,221.900,0.166,0.000,0.000
"02:15",0.000,0.000,221.800,0.179,0.000,0.000
"02:30",0.000,0.000,221.800,0.179,0.000,0.000
"02:45",0.000,0.000,221.900,0.166,0.000,0.000
"03:00",0.000,0.000,221.800,0.179,0.000,0.000
"03:15",0.000,0.000,221.900,0.166,0.000,0.000
"03:30",0.000,0.000,221.900,0.179,0.000,0.000
"03:45",0.000,0.000,221.800,0.179,0.000,0.000
"04:00",0.000,0.000,221.900,0.166,0.000,0.000
"04:15",0.000,0.000,221.900,0.179,0.000,0.000
"04:30",0.000,0.000,221.900,0.166,0.000,0.000
"04:45",0.000,0.000,221.900,0.179,0.000,0.000
"05:00",0.000,0.000,221.800,0.179,0.000,0.000
"05:15",0.000,0.000,221.800,0.166,0.000,0.000
"05:30",0.000,0.000,221.700,0.179,0.000,0.000
"05:45",0.000,0.000,221.800,0.166,0.000,0.000
"06:00",0.000,0.000,221.800,0.179,0.000,0.000
"06:15",0.000,0.000,221.700,0.179,0.000,0.000
"06:30",0.000,0.000,221.800,0.166,0.000,0.000
"06:45",0.000,0.000,221.700,0.179,0.000,0.000
"07:00",0.000,0.000,221.700,0.166,0.000,0.000
"07:15",0.000,0.000,221.700,0.179,0.000,0.000
"07:30",0.000,0.000,221.700,0.179,0.000,0.000
"07:45",0.000,0.000,221.600,0.166,0.000,0.000
"08:00",0.000,0.000,221.700,0.179,0.000,0.000
"08:15",0.000,0.000,221.700,0.179,0.000,0.000
"08:30",0.038,0.013,221.600,0.051,0.013,0.000
"08:45",0.627,0.000,221.700,0.000,0.000,0.026
"09:00",5.517,0.000,221.900,0.000,0.000,0.013
"09:15",10.624,0.000,222.100,0.000,0.000,0.013
"09:30",27.379,0.000,222.600,0.000,0.000,0.000
"09:45",39.002,0.000,223.000,0.000,0.000,0.000
"10:00",47.411,0.000,223.200,0.000,0.000,0.000
"10:15",55.117,0.000,223.500,0.000,0.000,0.000
"10:30",62.195,0.000,223.600,0.000,0.000,0.000
"10:45",67.110,0.000,223.700,0.000,0.000,0.000
"11:00",0.000,0.000,207.500,0.000,0.000,0.000
"11:15",0.000,0.000,0.000,0.000,0.000,0.000
"11:30",0.000,0.000,0.000,0.000,0.000,0.000
"11:45",0.000,0.000,0.000,0.000,0.000,0.000
"12:00",0.000,0.000,0.000,0.000,0.000,0.000
"12:15",0.000,0.000,0.000,0.000,0.000,0.000
"12:30",0.000,0.000,0.000,0.000,0.000,0.000
"12:45",12.557,0.000,222.300,0.026,0.000,0.000
"13:00",75.674,0.000,223.900,0.000,0.000,0.000
"13:15",101.965,0.000,224.300,0.000,0.000,0.000
"13:30",102.810,0.000,224.300,0.000,0.000,0.000
"13:45",101.875,0.000,224.200,0.000,0.000,0.000
"14:00",102.234,0.000,224.200,0.000,0.000,0.000
"14:15",101.082,0.000,224.300,0.000,0.000,0.013
"14:30",99.494,0.000,224.300,0.000,0.000,0.000
"14:45",96.576,0.000,224.200,0.000,0.000,0.000
"15:00",94.976,0.000,224.300,0.000,0.000,0.000
"15:15",91.187,0.000,224.300,0.000,0.000,0.013
"15:30",87.373,0.000,224.200,0.000,0.000,0.000
"15:45",83.264,0.000,224.200,0.000,0.000,0.000
"16:00",78.438,0.000,224.200,0.000,0.000,0.000
"16:15",73.203,0.000,224.100,0.000,0.000,0.000
"16:30",67.379,0.000,224.000,0.000,0.000,0.000
"16:45",60.774,0.000,223.800,0.000,0.000,0.013
"17:00",53.824,0.000,223.600,0.000,0.000,0.000
"17:15",45.184,0.000,223.300,0.000,0.000,0.000
"17:30",32.205,0.000,222.800,0.000,0.000,0.000
"17:45",20.352,0.000,222.500,0.000,0.000,0.000
"18:00",6.285,0.000,222.100,0.000,0.000,0.064
"18:15",2.547,0.000,222.000,0.000,0.000,0.051
"18:30",0.205,0.000,221.800,0.000,0.000,0.013
"18:45",0.000,0.026,221.800,0.115,0.000,0.000
"19:00",0.000,0.038,221.600,0.128,0.000,0.000
"19:15",0.000,0.013,221.600,0.166,0.000,0.000
"19:30",0.000,0.000,221.600,0.179,0.000,0.000
"19:45",0.000,0.000,221.600,0.166,0.000,0.000
"20:00",0.000,0.000,221.500,0.179,0.000,0.000
"20:15",0.000,0.000,221.400,0.179,0.000,0.000
"20:30",0.000,0.000,221.500,0.166,0.000,0.000
"20:45",0.000,0.000,221.500,0.179,0.000,0.000
"21:00",0.000,0.000,221.500,0.166,0.000,0.000
"21:15",0.000,0.000,221.500,0.179,0.000,0.000
"21:30",0.000,0.000,221.500,0.179,0.000,0.000
"21:45",0.000,0.000,221.600,0.166,0.000,0.000
"22:00",0.000,0.000,221.700,0.179,0.000,0.000
"22:15",0.000,0.000,221.700,0.179,0.000,0.000
"22:30",0.000,0.000,221.700,0.166,0.000,0.000
"22:45",0.000,0.000,221.700,0.179,0.000,0.000
"23:00",0.000,0.000,221.600,0.166,0.000,0.000
"23:15",0.000,0.000,221.700,0.179,0.000,0.000
"23:30",0.000,0.000,221.700,0.179,0.000,0.000
"23:45",0.000,0.000,221.800,0.166,0.000,0.000
" 6/25/26 24:00",0.000,0.000,221.900,0.179,0.000,0.000
