"kwh"
"Time ","AGRIM02P","AGRIM02P","AGRIM02P","AGRIM02P","AGRIM02P","AGRIM02P"
" 6/26/26 00:15",0.000,0.000,221.800,0.179,0.000,0.000
" 6/26/26 00:30",0.000,0.000,221.800,0.166,0.000,0.000
"00:45",0.000,0.000,221.900,0.179,0.000,0.000
"01:00",0.000,0.000,221.800,0.179,0.000,0.000
"01:15",0.000,0.000,221.800,0.166,0.000,0.000
"01:30",0.000,0.000,221.800,0.179,0.000,0.000
"01:45",0.000,0.000,221.900,0.166,0.000,0.000
"02:00",0.000,0.000,221.900,0.179,0.000,0.000
"02:15",0.000,0.000,221.900,0.179,0.000,0.000
"02:30",0.000,0.000,221.900,0.166,0.000,0.000
"02:45",0.000,0.000,221.900,0.179,0.000,0.000
"03:00",0.000,0.000,221.900,0.166,0.000,0.000
"03:15",0.000,0.000,221.800,0.179,0.000,0.000
"03:30",0.000,0.000,221.900,0.179,0.000,0.000
"03:45",0.000,0.000,221.900,0.166,0.000,0.000
"04:00",0.000,0.000,221.900,0.179,0.000,0.000
"04:15",0.000,0.000,221.900,0.166,0.000,0.000
"04:30",0.000,0.000,221.800,0.179,0.000,0.000
"04:45",0.000,0.000,221.900,0.179,0.000,0.000
"05:00",0.000,0.000,221.900,0.166,0.000,0.000
"05:15",0.000,0.000,221.900,0.179,0.000,0.000
"05:30",0.000,0.000,221.900,0.166,0.000,0.000
"05:45",0.000,0.000,221.900,0.179,0.000,0.000
"06:00",0.000,0.000,221.900,0.179,0.000,0.000
"06:15",0.000,0.000,221.900,0.166,0.000,0.000
"06:30",0.000,0.000,221.900,0.179,0.000,0.000
"06:45",0.000,0.000,221.900,0.166,0.000,0.000
"07:00",0.000,0.000,221.800,0.179,0.000,0.000
"07:15",0.000,0.000,221.700,0.179,0.000,0.000
"07:30",0.000,0.000,221.700,0.166,0.000,0.000
"07:45",0.000,0.000,221.700,0.179,0.000,0.000
"08:00",0.000,0.000,221.700,0.166,0.000,0.000
"08:15",0.013,0.000,221.600,0.166,0.000,0.000
"08:30",0.026,0.000,221.600,0.026,0.000,0.000
"08:45",0.883,0.000,221.500,0.000,0.000,0.013
"09:00",4.890,0.000,221.700,0.000,0.000,0.038
"09:15",8.870,0.000,221.800,0.000,0.000,0.013
"09:30",13.325,0.000,222.000,0.000,0.000,0.000
"09:45",26.163,0.000,222.500,0.000,0.000,0.000
"10:00",37.018,0.000,222.800,0.000,0.000,0.000
"10:15",41.882,0.000,223.000,0.000,0.000,0.000
"10:30",51.507,0.000,223.300,0.000,0.000,0.000
"10:45",60.442,0.000,223.500,0.000,0.000,0.000
"11:00",66.035,0.000,223.600,0.000,0.000,0.000
"11:15",70.643,0.000,223.700,0.000,0.000,0.000
"11:30",79.322,0.000,223.800,0.000,0.000,0.000
"11:45",84.493,0.000,223.900,0.000,0.000,0.000
"12:00",87.680,0.000,224.000,0.000,0.000,0.000
"12:15",86.426,0.000,223.900,0.000,0.000,0.000
"12:30",90.765,0.000,224.000,0.000,0.000,0.000
"12:45",61.542,0.000,223.400,0.000,0.000,0.000
"13:00",94.566,0.000,224.000,0.000,0.000,0.000
"13:15",92.762,0.000,224.000,0.000,0.000,0.179
"13:30",89.254,0.000,223.900,0.000,0.000,0.000
"13:45",87.693,0.000,223.800,0.000,0.000,0.000
"14:00",81.088,0.000,223.700,0.000,0.000,0.000
"14:15",90.701,0.000,224.000,0.000,0.000,0.000
"14:30",95.718,0.000,224.200,0.000,0.000,0.000
"14:45",91.840,0.000,224.100,0.000,0.000,0.000
"15:00",85.594,0.000,224.000,0.000,0.000,0.000
"15:15",91.110,0.000,224.100,0.000,0.000,0.000
"15:30",85.773,0.000,224.100,0.000,0.000,0.013
"15:45",81.562,0.000,224.000,0.000,0.000,0.000
"16:00",76.736,0.000,224.000,0.000,0.000,0.000
"16:15",69.888,0.000,223.800,0.000,0.000,0.000
"16:30",62.221,0.000,223.600,0.000,0.000,0.000
"16:45",55.706,0.000,223.400,0.000,0.000,0.000
"17:00",46.758,0.000,223.100,0.000,0.000,0.000
"17:15",43.238,0.000,223.000,0.000,0.000,0.000
"17:30",39.066,0.000,222.700,0.000,0.000,0.000
"17:45",21.440,0.000,222.300,0.000,0.000,0.013
"18:00",7.014,0.000,221.800,0.000,0.000,0.038
"18:15",3.584,0.000,221.800,0.000,0.000,0.051
"18:30",0.602,0.000,221.600,0.000,0.000,0.013
"18:45",0.038,0.013,221.600,0.026,0.000,0.000
"19:00",0.000,0.038,221.500,0.115,0.000,0.000
"19:15",0.000,0.013,221.500,0.166,0.000,0.000
"19:30",0.000,0.000,221.500,0.179,0.000,0.000
"19:45",0.000,0.000,221.500,0.166,0.000,0.000
"20:00",0.000,0.000,221.500,0.179,0.000,0.000
"20:15",0.000,0.000,221.400,0.166,0.000,0.000
"20:30",0.000,0.000,221.400,0.179,0.000,0.000
"20:45",0.000,0.000,221.400,0.166,0.000,0.000
"21:00",0.000,0.000,221.400,0.179,0.000,0.000
"21:15",0.000,0.000,221.400,0.179,0.000,0.000
"21:30",0.000,0.000,221.400,0.166,0.000,0.000
"21:45",0.000,0.000,221.400,0.179,0.000,0.000
"22:00",0.000,0.000,221.500,0.179,0.000,0.000
"22:15",0.000,0.000,221.500,0.166,0.000,0.000
"22:30",0.000,0.000,221.500,0.179,0.000,0.000
"22:45",0.000,0.000,221.600,0.179,0.000,0.000
"23:00",0.000,0.000,221.500,0.166,0.000,0.000
"23:15",0.000,0.000,221.500,0.179,0.000,0.000
"23:30",0.000,0.000,221.500,0.166,0.000,0.000
"23:45",0.000,0.000,221.500,0.179,0.000,0.000
" 6/26/26 24:00",0.000,0.000,221.500,0.179,0.000,0.000
