"kwh"
"Time ","AGRIM02P","AGRIM02P","AGRIM02P","AGRIM02P","AGRIM02P","AGRIM02P"
" 1/23/26 00:15",0.000,0.000,219.600,0.179,0.000,0.000
" 1/23/26 00:30",0.000,0.000,219.600,0.192,0.000,0.000
"00:45",0.000,0.000,219.600,0.179,0.000,0.000
"01:00",0.000,0.000,219.500,0.179,0.000,0.000
"01:15",0.000,0.000,219.600,0.179,0.000,0.000
"01:30",0.000,0.000,219.600,0.179,0.000,0.000
"01:45",0.000,0.000,219.600,0.179,0.000,0.000
"02:00",0.000,0.000,219.600,0.192,0.000,0.000
"02:15",0.000,0.000,219.600,0.179,0.000,0.000
"02:30",0.000,0.000,219.600,0.179,0.000,0.000
"02:45",0.000,0.000,219.600,0.179,0.000,0.000
"03:00",0.000,0.000,219.600,0.192,0.000,0.000
"03:15",0.000,0.000,219.600,0.179,0.000,0.000
"03:30",0.000,0.000,219.600,0.179,0.000,0.000
"03:45",0.000,0.000,219.600,0.179,0.000,0.000
"04:00",0.000,0.000,219.600,0.179,0.000,0.000
"04:15",0.000,0.000,219.600,0.192,0.000,0.000
"04:30",0.000,0.000,219.600,0.179,0.000,0.000
"04:45",0.000,0.000,219.600,0.179,0.000,0.000
"05:00",0.000,0.000,219.600,0.179,0.000,0.000
"05:15",0.000,0.000,219.600,0.179,0.000,0.000
"05:30",0.000,0.000,219.600,0.192,0.000,0.000
"05:45",0.000,0.000,219.600,0.179,0.000,0.000
"06:00",0.000,0.000,219.600,0.179,0.000,0.000
"06:15",0.000,0.000,219.600,0.179,0.000,0.000
"06:30",0.000,0.000,219.600,0.179,0.000,0.000
"06:45",0.026,0.000,219.700,0.128,0.000,0.000
"07:00",0.474,0.000,219.700,0.000,0.000,0.013
"07:15",1.139,0.000,219.500,0.000,0.000,0.013
"07:30",2.048,0.000,219.700,0.000,0.000,0.013
"07:45",4.326,0.000,219.900,0.000,0.000,0.000
"08:00",9.088,0.000,220.200,0.000,0.000,0.000
"08:15",15.232,0.000,220.300,0.000,0.000,0.000
"08:30",21.914,0.000,220.600,0.000,0.000,0.000
"08:45",29.146,0.000,220.600,0.000,0.000,0.000
"09:00",36.442,0.000,220.800,0.000,0.000,0.000
"09:15",43.469,0.000,220.700,0.000,0.000,0.000
"09:30",50.598,0.000,220.600,0.000,0.000,0.000
"09:45",56.768,0.000,220.700,0.000,0.000,0.000
"10:00",62.592,0.000,220.800,0.000,0.000,0.000
"10:15",68.378,0.000,221.200,0.000,0.000,0.000
"10:30",73.574,0.000,221.400,0.000,0.000,0.000
"10:45",78.298,0.000,221.500,0.000,0.000,0.000
"11:00",83.277,0.000,221.700,0.000,0.000,0.000
"11:15",87.411,0.000,222.000,0.000,0.000,0.000
"11:30",90.662,0.000,222.000,0.000,0.000,0.000
"11:45",94.502,0.000,222.000,0.000,0.000,0.000
"12:00",97.766,0.000,222.300,0.000,0.000,0.000
"12:15",98.086,0.000,222.400,0.000,0.000,0.000
"12:30",101.338,0.000,222.500,0.000,0.000,0.000
"12:45",98.189,0.000,222.300,0.000,0.000,0.000
"13:00",103.962,0.000,222.400,0.000,0.000,0.000
"13:15",101.811,0.000,222.400,0.000,0.000,0.000
"13:30",103.168,0.000,222.500,0.000,0.000,0.000
"13:45",99.430,0.000,222.400,0.000,0.000,0.013
"14:00",95.667,0.000,222.300,0.000,0.000,0.000
"14:15",103.706,0.000,222.400,0.000,0.000,0.000
"14:30",103.437,0.000,222.300,0.000,0.000,0.000
"14:45",102.733,0.000,222.000,0.000,0.000,0.000
"15:00",71.539,0.000,221.800,0.000,0.000,0.000
"15:15",94.093,0.000,222.100,0.000,0.000,0.000
"15:30",89.958,0.000,221.800,0.000,0.000,0.000
"15:45",63.219,0.000,221.600,0.000,0.000,0.000
"16:00",82.739,0.000,221.700,0.000,0.000,0.000
"16:15",83.021,0.000,222.100,0.000,0.000,0.000
"16:30",85.427,0.000,221.500,0.000,0.000,0.000
"16:45",79.027,0.000,221.200,0.000,0.000,0.000
"17:00",64.525,0.000,220.900,0.000,0.000,0.000
"17:15",67.085,0.000,220.600,0.000,0.000,0.000
"17:30",60.851,0.000,220.600,0.000,0.000,0.000
"17:45",51.622,0.000,220.800,0.000,0.000,0.000
"18:00",41.331,0.000,220.800,0.000,0.000,0.000
"18:15",35.597,0.000,220.700,0.000,0.000,0.000
"18:30",28.058,0.000,220.400,0.000,0.000,0.000
"18:45",27.264,0.000,220.600,0.000,0.000,0.000
"19:00",16.154,0.000,220.000,0.000,0.000,0.000
"19:15",9.242,0.000,219.600,0.000,0.000,0.026
"19:30",7.629,0.000,219.500,0.000,0.000,0.064
"19:45",5.862,0.000,219.400,0.000,0.000,0.077
"20:00",3.802,0.000,219.400,0.000,0.000,0.090
"20:15",1.805,0.000,219.300,0.000,0.000,0.141
"20:30",0.205,0.026,219.300,0.000,0.026,0.077
"20:45",0.000,0.077,219.200,0.064,0.013,0.000
"21:00",0.000,0.026,219.200,0.166,0.000,0.000
"21:15",0.000,0.000,219.200,0.179,0.000,0.000
"21:30",0.000,0.000,219.200,0.179,0.000,0.000
"21:45",0.000,0.000,219.300,0.179,0.000,0.000
"22:00",0.000,0.000,219.300,0.179,0.000,0.000
"22:15",0.000,0.000,219.300,0.179,0.000,0.000
"22:30",0.000,0.000,219.300,0.179,0.000,0.000
"22:45",0.000,0.000,219.200,0.179,0.000,0.000
"23:00",0.000,0.000,219.300,0.179,0.000,0.000
"23:15",0.000,0.000,219.000,0.179,0.000,0.000
"23:30",0.000,0.000,218.900,0.179,0.000,0.000
"23:45",0.000,0.000,218.700,0.192,0.000,0.000
" 1/23/26 24:00",0.000,0.000,218.700,0.179,0.000,0.000
