"kwh"
"Time ","AGRIM02P","AGRIM02P","AGRIM02P","AGRIM02P","AGRIM02P","AGRIM02P"
" 1/14/26 00:15",0.000,0.000,220.200,0.179,0.000,0.000
" 1/14/26 00:30",0.000,0.000,220.200,0.179,0.000,0.000
"00:45",0.000,0.000,220.200,0.179,0.000,0.000
"01:00",0.000,0.000,220.200,0.192,0.000,0.000
"01:15",0.000,0.000,220.300,0.179,0.000,0.000
"01:30",0.000,0.000,220.300,0.179,0.000,0.000
"01:45",0.000,0.000,220.300,0.179,0.000,0.000
"02:00",0.000,0.000,220.300,0.192,0.000,0.000
"02:15",0.000,0.000,220.300,0.179,0.000,0.000
"02:30",0.000,0.000,220.300,0.179,0.000,0.000
"02:45",0.000,0.000,220.300,0.179,0.000,0.000
"03:00",0.000,0.000,220.400,0.192,0.000,0.000
"03:15",0.000,0.000,220.400,0.179,0.000,0.000
"03:30",0.000,0.000,220.400,0.179,0.000,0.000
"03:45",0.000,0.000,220.400,0.179,0.000,0.000
"04:00",0.000,0.000,220.400,0.192,0.000,0.000
"04:15",0.000,0.000,220.400,0.179,0.000,0.000
"04:30",0.000,0.000,220.500,0.179,0.000,0.000
"04:45",0.000,0.000,220.400,0.192,0.000,0.000
"05:00",0.000,0.000,220.400,0.179,0.000,0.000
"05:15",0.000,0.000,220.500,0.179,0.000,0.000
"05:30",0.000,0.000,220.500,0.179,0.000,0.000
"05:45",0.000,0.000,220.500,0.192,0.000,0.000
"06:00",0.000,0.000,220.500,0.179,0.000,0.000
"06:15",0.000,0.000,220.500,0.179,0.000,0.000
"06:30",0.000,0.000,220.500,0.179,0.000,0.000
"06:45",0.243,0.000,220.500,0.026,0.000,0.013
"07:00",0.794,0.000,218.600,0.000,0.000,0.013
"07:15",1.434,0.000,215.700,0.000,0.000,0.000
"07:30",2.534,0.000,219.500,0.000,0.000,0.000
"07:45",5.363,0.000,221.300,0.000,0.000,0.000
"08:00",10.765,0.000,221.700,0.000,0.000,0.000
"08:15",17.818,0.000,221.900,0.000,0.000,0.000
"08:30",25.280,0.000,221.600,0.000,0.000,0.000
"08:45",12.198,0.000,219.700,0.038,0.000,0.000
"09:00",28.749,0.000,221.700,0.000,0.000,0.000
"09:15",48.320,0.000,221.900,0.000,0.000,0.000
"09:30",55.360,0.000,222.000,0.000,0.000,0.000
"09:45",61.901,0.000,222.100,0.000,0.000,0.000
"10:00",68.045,0.000,222.000,0.000,0.000,0.000
"10:15",73.933,0.000,222.100,0.000,0.000,0.000
"10:30",79.066,0.000,222.200,0.000,0.000,0.000
"10:45",84.672,0.000,222.200,0.000,0.000,0.000
"11:00",88.115,0.000,222.300,0.000,0.000,0.000
"11:15",93.645,0.000,222.300,0.000,0.000,0.000
"11:30",97.011,0.000,222.400,0.000,0.000,0.000
"11:45",99.469,0.000,222.400,0.000,0.000,0.000
"12:00",102.016,0.000,222.500,0.000,0.000,0.000
"12:15",103.974,0.000,222.400,0.000,0.000,0.000
"12:30",104.486,0.000,222.400,0.000,0.000,0.000
"12:45",91.379,0.000,222.200,0.000,0.000,0.000
"13:00",103.283,0.000,222.300,0.000,0.000,0.000
"13:15",95.808,0.000,222.300,0.000,0.000,0.000
"13:30",98.368,0.000,222.200,0.000,0.000,0.000
"13:45",81.638,0.000,222.000,0.000,0.000,0.000
"14:00",87.078,0.000,222.200,0.000,0.000,0.000
"14:15",95.526,0.000,222.300,0.000,0.000,0.000
"14:30",92.954,0.000,222.100,0.000,0.000,0.038
"14:45",102.349,0.000,222.100,0.000,0.000,0.000
"15:00",104.307,0.000,222.400,0.000,0.000,0.000
"15:15",82.368,0.000,222.100,0.000,0.000,0.000
"15:30",89.690,0.000,222.200,0.000,0.000,0.000
"15:45",80.077,0.000,222.200,0.000,0.000,0.000
"16:00",94.285,0.000,222.300,0.000,0.000,0.000
"16:15",88.627,0.000,222.300,0.000,0.000,0.000
"16:30",83.328,0.000,222.200,0.000,0.000,0.000
"16:45",78.182,0.000,222.200,0.000,0.000,0.013
"17:00",73.331,0.000,222.100,0.000,0.000,0.000
"17:15",67.622,0.000,222.000,0.000,0.000,0.000
"17:30",62.003,0.000,222.000,0.000,0.000,0.000
"17:45",55.757,0.000,221.900,0.000,0.000,0.269
"18:00",49.178,0.000,221.800,0.000,0.000,0.000
"18:15",42.202,0.000,221.800,0.000,0.000,0.000
"18:30",35.072,0.000,221.300,0.000,0.000,0.000
"18:45",27.750,0.000,221.000,0.000,0.000,0.013
"19:00",20.403,0.000,220.800,0.000,0.000,0.000
"19:15",13.747,0.000,220.500,0.000,0.000,0.000
"19:30",8.064,0.000,220.200,0.000,0.000,0.051
"19:45",4.070,0.000,219.900,0.000,0.000,0.051
"20:00",2.035,0.000,219.600,0.000,0.000,0.038
"20:15",1.062,0.000,219.400,0.000,0.000,0.102
"20:30",0.346,0.000,219.300,0.000,0.000,0.077
"20:45",0.013,0.038,219.300,0.038,0.000,0.000
"21:00",0.000,0.077,219.200,0.077,0.000,0.000
"21:15",0.000,0.013,219.200,0.166,0.000,0.000
"21:30",0.000,0.000,219.200,0.179,0.000,0.000
"21:45",0.000,0.000,219.100,0.179,0.000,0.000
"22:00",0.000,0.000,219.200,0.192,0.000,0.000
"22:15",0.000,0.000,219.200,0.179,0.000,0.000
"22:30",0.000,0.000,219.200,0.179,0.000,0.000
"22:45",0.000,0.000,219.300,0.179,0.000,0.000
"23:00",0.000,0.000,219.300,0.179,0.000,0.000
"23:15",0.000,0.000,219.300,0.179,0.000,0.000
"23:30",0.000,0.000,219.200,0.179,0.000,0.000
"23:45",0.000,0.000,219.200,0.179,0.000,0.000
" 1/14/26 24:00",0.000,0.000,219.100,0.179,0.000,0.000
