"kwh"
"Time ","AGRIM02P","AGRIM02P","AGRIM02P","AGRIM02P","AGRIM02P","AGRIM02P"
"04/19/26 00:15",0.000,0.000,221.500,0.000,0.000,0.000
"00:30",0.000,0.000,221.500,0.000,0.000,0.000
"00:45",0.000,0.000,221.500,0.000,0.000,0.000
"01:00",0.000,0.000,221.500,0.000,0.000,0.000
"01:15",0.000,0.000,221.500,0.000,0.000,0.000
"01:30",0.000,0.000,221.500,0.000,0.000,0.000
"01:45",0.000,0.000,221.500,0.000,0.000,0.000
"02:00",0.000,0.000,221.500,0.000,0.000,0.000
"02:15",0.000,0.000,221.500,0.000,0.000,0.000
"02:30",0.000,0.000,221.500,0.000,0.000,0.000
"02:45",0.000,0.000,221.500,0.000,0.000,0.000
"03:00",0.000,0.000,221.500,0.000,0.000,0.000
"03:15",0.000,0.000,221.500,0.000,0.000,0.000
"03:30",0.000,0.000,221.500,0.000,0.000,0.000
"03:45",0.000,0.000,221.500,0.000,0.000,0.000
"04:00",0.000,0.000,221.500,0.000,0.000,0.000
"04:15",0.000,0.000,221.500,0.000,0.000,0.000
"04:30",0.000,0.000,221.500,0.000,0.000,0.000
"04:45",0.000,0.000,221.500,0.000,0.000,0.000
"05:00",0.000,0.000,221.500,0.000,0.000,0.000
"05:15",0.000,0.000,221.500,0.000,0.000,0.000
"05:30",0.000,0.000,221.500,0.000,0.000,0.000
"05:45",0.000,0.000,221.500,0.000,0.000,0.000
"06:00",0.000,0.000,221.500,0.000,0.000,0.000
"06:15",0.000,0.000,221.500,0.000,0.000,0.000
"06:30",0.000,0.000,221.500,0.000,0.000,0.000
"06:45",0.000,0.000,221.500,0.000,0.000,0.000
"07:00",0.000,0.000,221.500,0.000,0.000,0.000
"07:15",0.000,0.000,221.500,0.000,0.000,0.000
"07:30",0.000,0.000,221.500,0.000,0.000,0.000
"07:45",0.000,0.000,221.500,0.000,0.000,0.000
"08:00",0.000,0.000,221.500,0.000,0.000,0.000
"08:15",0.538,0.000,223.000,0.000,0.000,0.000
"08:30",0.538,0.000,223.000,0.000,0.000,0.000
"08:45",0.538,0.000,223.000,0.000,0.000,0.000
"09:00",0.538,0.000,223.000,0.000,0.000,0.000
"09:15",6.903,0.000,223.000,0.000,0.000,0.000
"09:30",6.903,0.000,223.000,0.000,0.000,0.000
"09:45",6.903,0.000,223.000,0.000,0.000,0.000
"10:00",6.903,0.000,223.000,0.000,0.000,0.000
"10:15",29.453,0.000,223.000,0.000,0.000,0.000
"10:30",29.453,0.000,223.000,0.000,0.000,0.000
"10:45",29.453,0.000,223.000,0.000,0.000,0.000
"11:00",29.453,0.000,223.000,0.000,0.000,0.000
"11:15",7.213,0.000,223.000,0.000,0.000,0.000
"11:30",7.213,0.000,223.000,0.000,0.000,0.000
"11:45",7.213,0.000,223.000,0.000,0.000,0.000
"12:00",7.213,0.000,223.000,0.000,0.000,0.000
"12:15",40.420,0.000,223.000,0.000,0.000,0.000
"12:30",40.420,0.000,223.000,0.000,0.000,0.000
"12:45",40.420,0.000,223.000,0.000,0.000,0.000
"13:00",40.420,0.000,223.000,0.000,0.000,0.000
"13:15",38.563,0.000,223.000,0.000,0.000,0.000
"13:30",38.563,0.000,223.000,0.000,0.000,0.000
"13:45",38.563,0.000,223.000,0.000,0.000,0.000
"14:00",38.563,0.000,223.000,0.000,0.000,0.000
"14:15",39.198,0.000,223.000,0.000,0.000,0.000
"14:30",39.198,0.000,223.000,0.000,0.000,0.000
"14:45",39.198,0.000,223.000,0.000,0.000,0.000
"15:00",39.198,0.000,223.000,0.000,0.000,0.000
"15:15",53.648,0.000,223.000,0.000,0.000,0.000
"15:30",53.648,0.000,223.000,0.000,0.000,0.000
"15:45",53.648,0.000,223.000,0.000,0.000,0.000
"16:00",53.648,0.000,223.000,0.000,0.000,0.000
"16:15",34.595,0.000,223.000,0.000,0.000,0.000
"16:30",34.595,0.000,223.000,0.000,0.000,0.000
"16:45",34.595,0.000,223.000,0.000,0.000,0.000
"17:00",34.595,0.000,223.000,0.000,0.000,0.000
"17:15",7.140,0.000,223.000,0.000,0.000,0.000
"17:30",7.140,0.000,223.000,0.000,0.000,0.000
"17:45",7.140,0.000,223.000,0.000,0.000,0.000
"18:00",7.140,0.000,223.000,0.000,0.000,0.000
"18:15",1.463,0.000,223.000,0.000,0.000,0.000
"18:30",1.463,0.000,223.000,0.000,0.000,0.000
"18:45",1.463,0.000,223.000,0.000,0.000,0.000
"19:00",1.463,0.000,223.000,0.000,0.000,0.000
"19:15",0.000,0.000,221.500,0.000,0.000,0.000
"19:30",0.000,0.000,221.500,0.000,0.000,0.000
"19:45",0.000,0.000,221.500,0.000,0.000,0.000
"20:00",0.000,0.000,221.500,0.000,0.000,0.000
"20:15",0.000,0.000,221.500,0.000,0.000,0.000
"20:30",0.000,0.000,221.500,0.000,0.000,0.000
"20:45",0.000,0.000,221.500,0.000,0.000,0.000
"21:00",0.000,0.000,221.500,0.000,0.000,0.000
"21:15",0.000,0.000,221.500,0.000,0.000,0.000
"21:30",0.000,0.000,221.500,0.000,0.000,0.000
"21:45",0.000,0.000,221.500,0.000,0.000,0.000
"22:00",0.000,0.000,221.500,0.000,0.000,0.000
"22:15",0.000,0.000,221.500,0.000,0.000,0.000
"22:30",0.000,0.000,221.500,0.000,0.000,0.000
"22:45",0.000,0.000,221.500,0.000,0.000,0.000
"23:00",0.000,0.000,221.500,0.000,0.000,0.000
"23:15",0.000,0.000,221.500,0.000,0.000,0.000
"23:30",0.000,0.000,221.500,0.000,0.000,0.000
"23:45",0.000,0.000,221.500,0.000,0.000,0.000
"04/19/26 24:00",0.000,0.000,221.500,0.000,0.000,0.000
