"kwh"
"Time ","AGRIM02P","AGRIM02P","AGRIM02P","AGRIM02P","AGRIM02P","AGRIM02P"
" 1/15/26 00:15",0.000,0.000,219.100,0.179,0.000,0.000
" 1/15/26 00:30",0.000,0.000,219.100,0.192,0.000,0.000
"00:45",0.000,0.000,219.100,0.179,0.000,0.000
"01:00",0.000,0.000,219.100,0.179,0.000,0.000
"01:15",0.000,0.000,219.100,0.179,0.000,0.000
"01:30",0.000,0.000,219.100,0.179,0.000,0.000
"01:45",0.000,0.000,219.200,0.179,0.000,0.000
"02:00",0.000,0.000,219.200,0.179,0.000,0.000
"02:15",0.000,0.000,219.100,0.179,0.000,0.000
"02:30",0.000,0.000,219.200,0.179,0.000,0.000
"02:45",0.000,0.000,219.200,0.179,0.000,0.000
"03:00",0.000,0.000,219.200,0.179,0.000,0.000
"03:15",0.000,0.000,219.200,0.179,0.000,0.000
"03:30",0.000,0.000,219.200,0.179,0.000,0.000
"03:45",0.000,0.000,219.200,0.179,0.000,0.000
"04:00",0.000,0.000,219.200,0.192,0.000,0.000
"04:15",0.000,0.000,219.200,0.179,0.000,0.000
"04:30",0.000,0.000,219.200,0.179,0.000,0.000
"04:45",0.000,0.000,219.300,0.179,0.000,0.000
"05:00",0.000,0.000,219.600,0.179,0.000,0.000
"05:15",0.000,0.000,219.600,0.179,0.000,0.000
"05:30",0.000,0.000,219.600,0.179,0.000,0.000
"05:45",0.000,0.000,219.600,0.179,0.000,0.000
"06:00",0.000,0.000,219.600,0.192,0.000,0.000
"06:15",0.000,0.000,219.600,0.179,0.000,0.000
"06:30",0.000,0.000,219.600,0.179,0.000,0.000
"06:45",0.154,0.000,219.600,0.038,0.000,0.000
"07:00",0.730,0.000,219.700,0.000,0.000,0.013
"07:15",1.574,0.000,219.500,0.000,0.000,0.013
"07:30",3.251,0.000,219.400,0.000,0.000,0.000
"07:45",5.146,0.000,219.500,0.000,0.000,0.000
"08:00",6.976,0.000,219.400,0.000,0.000,0.000
"08:15",10.739,0.000,219.300,0.000,0.000,0.000
"08:30",14.349,0.000,219.400,0.000,0.000,0.000
"08:45",16.845,0.000,219.500,0.000,0.000,0.000
"09:00",33.126,0.000,219.800,0.000,0.000,0.000
"09:15",26.291,0.000,219.800,0.000,0.000,0.000
"09:30",65.446,0.000,221.100,0.000,0.000,0.000
"09:45",42.202,0.000,220.700,0.000,0.000,0.000
"10:00",43.200,0.000,220.700,0.000,0.000,0.000
"10:15",72.026,0.000,220.900,0.000,0.000,0.000
"10:30",80.538,0.000,221.400,0.000,0.000,0.000
"10:45",70.490,0.000,221.300,0.000,0.000,0.000
"11:00",89.754,0.000,221.500,0.000,0.000,0.000
"11:15",75.994,0.000,221.300,0.000,0.000,0.000
"11:30",80.192,0.000,221.100,0.000,0.000,0.000
"11:45",72.218,0.000,221.100,0.000,0.000,0.000
"12:00",82.688,0.000,221.200,0.000,0.000,0.000
"12:15",80.589,0.000,221.400,0.000,0.000,0.000
"12:30",93.645,0.000,221.600,0.000,0.000,0.000
"12:45",103.782,0.000,221.600,0.000,0.000,0.000
"13:00",66.624,0.000,220.900,0.000,0.000,0.000
"13:15",78.682,0.000,221.200,0.000,0.000,0.000
"13:30",101.760,0.000,221.700,0.000,0.000,0.000
"13:45",100.467,0.000,221.700,0.000,0.000,0.000
"14:00",98.637,0.000,221.700,0.000,0.000,0.000
"14:15",83.494,0.000,221.500,0.000,0.000,0.013
"14:30",104.000,0.000,221.800,0.000,0.000,0.000
"14:45",103.718,0.000,221.800,0.000,0.000,0.000
"15:00",101.440,0.000,222.000,0.000,0.000,1.382
"15:15",102.502,0.000,222.200,0.000,0.000,0.090
"15:30",100.211,0.000,222.200,0.000,0.000,0.000
"15:45",97.216,0.000,222.100,0.000,0.000,0.000
"16:00",93.082,0.000,222.100,0.000,0.000,0.013
"16:15",88.832,0.000,222.000,0.000,0.000,0.154
"16:30",84.198,0.000,221.700,0.000,0.000,0.000
"16:45",79.808,0.000,221.700,0.000,0.000,0.000
"17:00",74.470,0.000,221.600,0.000,0.000,0.000
"17:15",68.774,0.000,221.100,0.000,0.000,0.000
"17:30",62.950,0.000,221.100,0.000,0.000,0.000
"17:45",56.346,0.000,221.000,0.000,0.000,0.000
"18:00",49.677,0.000,221.100,0.000,0.000,0.013
"18:15",42.496,0.000,221.000,0.000,0.000,0.000
"18:30",35.200,0.000,220.900,0.000,0.000,0.013
"18:45",27.802,0.000,220.700,0.000,0.000,0.000
"19:00",20.544,0.000,220.400,0.000,0.000,0.000
"19:15",13.862,0.000,220.200,0.000,0.000,0.026
"19:30",8.307,0.000,219.900,0.000,0.000,0.038
"19:45",4.416,0.000,219.600,0.000,0.000,0.013
"20:00",2.163,0.000,219.200,0.000,0.000,0.128
"20:15",0.806,0.000,219.100,0.000,0.000,0.192
"20:30",0.282,0.000,219.000,0.000,0.000,0.128
"20:45",0.013,0.038,219.000,0.038,0.000,0.000
"21:00",0.000,0.077,219.000,0.064,0.000,0.000
"21:15",0.000,0.013,218.900,0.179,0.000,0.000
"21:30",0.000,0.000,218.900,0.179,0.000,0.000
"21:45",0.000,0.000,218.900,0.179,0.000,0.000
"22:00",0.000,0.000,218.900,0.179,0.000,0.000
"22:15",0.000,0.000,219.000,0.179,0.000,0.000
"22:30",0.000,0.000,219.100,0.179,0.000,0.000
"22:45",0.000,0.000,219.000,0.179,0.000,0.000
"23:00",0.000,0.000,218.900,0.179,0.000,0.000
"23:15",0.000,0.000,218.800,0.179,0.000,0.000
"23:30",0.000,0.000,218.500,0.192,0.000,0.000
"23:45",0.000,0.000,218.600,0.179,0.000,0.000
" 1/15/26 24:00",0.000,0.000,218.600,0.179,0.000,0.000
