"kwh"
"Time ","AGRIM02P","AGRIM02P","AGRIM02P","AGRIM02P","AGRIM02P","AGRIM02P"
" 9/13/26 00:15",0.000,0.000,220.300,0.166,0.000,0.000
" 9/13/26 00:30",0.000,0.000,220.800,0.166,0.000,0.000
"00:45",0.000,0.000,221.000,0.179,0.000,0.000
"01:00",0.000,0.000,221.700,0.166,0.000,0.000
"01:15",0.000,0.000,221.800,0.166,0.000,0.000
"01:30",0.000,0.000,222.400,0.179,0.000,0.000
"01:45",0.000,0.000,222.600,0.166,0.000,0.000
"02:00",0.000,0.000,222.300,0.166,0.000,0.000
"02:15",0.000,0.000,222.300,0.179,0.000,0.000
"02:30",0.000,0.000,223.500,0.166,0.000,0.000
"02:45",0.000,0.000,224.500,0.179,0.000,0.000
"03:00",0.000,0.000,223.700,0.166,0.000,0.000
"03:15",0.000,0.000,223.800,0.179,0.000,0.000
"03:30",0.000,0.000,224.100,0.179,0.000,0.000
"03:45",0.000,0.000,223.800,0.166,0.000,0.000
"04:00",0.000,0.000,224.000,0.179,0.000,0.000
"04:15",0.000,0.000,224.000,0.166,0.000,0.000
"04:30",0.000,0.000,224.200,0.179,0.000,0.000
"04:45",0.000,0.000,224.000,0.166,0.000,0.000
"05:00",0.000,0.000,223.700,0.179,0.000,0.000
"05:15",0.000,0.000,223.900,0.179,0.000,0.000
"05:30",0.000,0.000,223.900,0.166,0.000,0.000
"05:45",0.000,0.000,223.900,0.179,0.000,0.000
"06:00",0.000,0.000,224.100,0.166,0.000,0.000
"06:15",0.000,0.000,223.900,0.179,0.000,0.000
"06:30",0.000,0.000,223.500,0.166,0.000,0.000
"06:45",0.000,0.000,223.400,0.179,0.000,0.000
"07:00",0.000,0.000,223.800,0.179,0.000,0.000
"07:15",0.000,0.000,223.700,0.166,0.000,0.000
"07:30",0.038,0.000,224.000,0.077,0.000,0.000
"07:45",0.141,0.000,222.900,0.026,0.000,0.000
"08:00",1.510,0.000,224.100,0.000,0.000,0.013
"08:15",5.696,0.000,223.800,0.000,0.000,0.000
"08:30",17.510,0.000,223.600,0.000,0.000,0.000
"08:45",19.405,0.000,222.700,0.000,0.000,0.000
"09:00",21.747,0.000,222.200,0.000,0.000,0.000
"09:15",21.389,0.000,222.100,0.000,0.000,0.000
"09:30",28.851,0.000,222.900,0.000,0.000,0.000
"09:45",35.635,0.000,222.300,0.000,0.000,0.000
"10:00",41.293,0.000,222.400,0.000,0.000,0.000
"10:15",53.107,0.000,222.700,0.000,0.000,0.000
"10:30",66.394,0.000,222.600,0.000,0.000,0.000
"10:45",41.920,0.000,222.100,0.000,0.000,0.000
"11:00",39.949,0.000,221.700,0.000,0.000,0.000
"11:15",38.758,0.000,222.100,0.000,0.000,0.000
"11:30",49.472,0.000,221.400,0.000,0.000,0.000
"11:45",58.368,0.000,220.600,0.000,0.000,0.000
"12:00",79.194,0.000,220.800,0.000,0.000,0.000
"12:15",73.203,0.000,220.900,0.000,0.000,0.000
"12:30",81.331,0.000,221.900,0.000,0.000,0.000
"12:45",101.158,0.000,222.200,0.000,0.000,0.000
"13:00",103.667,0.000,222.400,0.000,0.000,0.000
"13:15",104.064,0.000,222.500,0.000,0.000,0.000
"13:30",72.883,0.000,222.400,0.000,0.000,0.256
"13:45",54.157,0.000,222.100,0.000,0.000,0.000
"14:00",60.390,0.000,222.000,0.000,0.000,0.333
"14:15",74.867,0.000,220.600,0.000,0.000,0.000
"14:30",19.213,0.000,222.200,0.026,0.000,0.000
"14:45",53.402,0.000,224.700,0.000,0.000,0.000
"15:00",43.341,0.000,223.400,0.000,0.000,0.000
"15:15",35.187,0.000,223.100,0.000,0.000,0.000
"15:30",20.915,0.000,223.100,0.000,0.000,0.000
"15:45",32.282,0.000,223.000,0.000,0.000,0.000
"16:00",37.158,0.000,223.100,0.000,0.000,0.000
"16:15",27.738,0.000,222.900,0.000,0.000,0.000
"16:30",17.677,0.000,222.600,0.000,0.000,0.000
"16:45",7.808,0.000,221.300,0.026,0.000,0.013
"17:00",7.309,0.000,222.200,0.000,0.000,0.000
"17:15",10.061,0.000,222.000,0.000,0.000,0.000
"17:30",7.194,0.000,221.100,0.000,0.000,0.026
"17:45",5.440,0.000,221.500,0.000,0.000,0.026
"18:00",5.901,0.000,221.700,0.000,0.000,0.026
"18:15",5.094,0.000,221.900,0.000,0.000,0.026
"18:30",4.544,0.000,223.300,0.000,0.000,0.205
"18:45",1.907,0.000,221.900,0.000,0.000,0.102
"19:00",0.678,0.000,221.400,0.000,0.000,0.038
"19:15",0.102,0.026,221.600,0.026,0.000,0.026
"19:30",0.000,0.038,221.400,0.128,0.000,0.000
"19:45",0.000,0.026,221.000,0.141,0.000,0.000
"20:00",0.000,0.000,221.400,0.179,0.000,0.000
"20:15",0.000,0.000,222.700,0.166,0.000,0.000
"20:30",0.000,0.000,222.900,0.179,0.000,0.000
"20:45",0.000,0.000,222.700,0.179,0.000,0.000
"21:00",0.000,0.000,223.200,0.179,0.000,0.000
"21:15",0.000,0.000,223.800,0.166,0.000,0.000
"21:30",0.000,0.000,223.600,0.179,0.000,0.000
"21:45",0.000,0.000,223.800,0.179,0.000,0.000
"22:00",0.000,0.000,224.000,0.179,0.000,0.000
"22:15",0.000,0.000,223.300,0.179,0.000,0.000
"22:30",0.000,0.000,222.400,0.166,0.000,0.000
"22:45",0.000,0.000,222.600,0.179,0.000,0.000
"23:00",0.000,0.000,221.800,0.179,0.000,0.000
"23:15",0.000,0.000,222.100,0.166,0.000,0.000
"23:30",0.000,0.000,223.500,0.179,0.000,0.000
"23:45",0.000,0.000,223.500,0.179,0.000,0.000
" 9/13/26 24:00",0.000,0.000,223.400,0.166,0.000,0.000
