"kwh"
"Time ","AGRIM02P","AGRIM02P","AGRIM02P","AGRIM02P","AGRIM02P","AGRIM02P"
" 7/19/26 00:15",0.000,0.000,221.600,0.166,0.000,0.000
" 7/19/26 00:30",0.000,0.000,221.600,0.179,0.000,0.000
"00:45",0.000,0.000,221.600,0.166,0.000,0.000
"01:00",0.000,0.000,221.600,0.179,0.000,0.000
"01:15",0.000,0.000,221.600,0.166,0.000,0.000
"01:30",0.000,0.000,221.600,0.179,0.000,0.000
"01:45",0.000,0.000,221.700,0.166,0.000,0.000
"02:00",0.000,0.000,221.700,0.179,0.000,0.000
"02:15",0.000,0.000,221.600,0.179,0.000,0.000
"02:30",0.000,0.000,221.600,0.166,0.000,0.000
"02:45",0.000,0.000,221.600,0.179,0.000,0.000
"03:00",0.000,0.000,221.600,0.166,0.000,0.000
"03:15",0.000,0.000,221.600,0.179,0.000,0.000
"03:30",0.000,0.000,221.600,0.166,0.000,0.000
"03:45",0.000,0.000,221.600,0.179,0.000,0.000
"04:00",0.000,0.000,221.600,0.166,0.000,0.000
"04:15",0.000,0.000,221.600,0.179,0.000,0.000
"04:30",0.000,0.000,221.600,0.166,0.000,0.000
"04:45",0.000,0.000,221.600,0.179,0.000,0.000
"05:00",0.000,0.000,221.700,0.166,0.000,0.000
"05:15",0.000,0.000,221.700,0.179,0.000,0.000
"05:30",0.000,0.000,221.700,0.166,0.000,0.000
"05:45",0.000,0.000,221.700,0.179,0.000,0.000
"06:00",0.000,0.000,221.700,0.166,0.000,0.000
"06:15",0.000,0.000,221.700,0.179,0.000,0.000
"06:30",0.000,0.000,221.700,0.166,0.000,0.000
"06:45",0.000,0.000,221.700,0.179,0.000,0.000
"07:00",0.000,0.000,221.700,0.166,0.000,0.000
"07:15",0.000,0.000,221.700,0.179,0.000,0.000
"07:30",0.000,0.000,221.700,0.166,0.000,0.000
"07:45",0.000,0.000,221.700,0.179,0.000,0.000
"08:00",0.000,0.000,221.600,0.166,0.000,0.000
"08:15",0.000,0.000,221.600,0.179,0.000,0.000
"08:30",0.013,0.000,221.600,0.115,0.000,0.000
"08:45",0.410,0.000,221.700,0.000,0.000,0.038
"09:00",2.470,0.000,221.800,0.000,0.000,0.090
"09:15",5.504,0.000,222.000,0.000,0.000,0.026
"09:30",12.582,0.000,222.200,0.000,0.000,0.000
"09:45",28.672,0.000,222.600,0.000,0.000,0.000
"10:00",40.371,0.000,222.900,0.000,0.000,0.000
"10:15",27.379,0.000,222.600,0.000,0.000,0.000
"10:30",28.941,0.000,222.600,0.000,0.000,0.000
"10:45",32.576,0.000,222.700,0.000,0.000,0.000
"11:00",36.864,0.000,222.900,0.000,0.000,0.000
"11:15",32.512,0.000,222.600,0.000,0.000,0.000
"11:30",36.608,0.000,222.800,0.000,0.000,0.000
"11:45",47.014,0.000,223.000,0.000,0.000,0.000
"12:00",42.317,0.000,222.800,0.000,0.000,0.000
"12:15",50.086,0.000,223.000,0.000,0.000,0.000
"12:30",59.046,0.000,223.400,0.000,0.000,0.000
"12:45",60.109,0.000,223.500,0.000,0.000,0.000
"13:00",42.944,0.000,223.100,0.000,0.000,0.000
"13:15",52.710,0.000,223.100,0.000,0.000,0.013
"13:30",50.048,0.000,223.000,0.000,0.000,0.000
"13:45",43.648,0.000,222.900,0.000,0.000,0.000
"14:00",44.826,0.000,222.900,0.000,0.000,0.000
"14:15",56.410,0.000,223.200,0.000,0.000,0.000
"14:30",36.506,0.000,222.800,0.000,0.000,0.000
"14:45",46.579,0.000,223.000,0.000,0.000,0.000
"15:00",36.762,0.000,222.700,0.000,0.000,0.000
"15:15",30.669,0.000,222.500,0.000,0.000,0.000
"15:30",30.426,0.000,222.600,0.000,0.000,0.000
"15:45",26.906,0.000,222.500,0.000,0.000,0.000
"16:00",21.491,0.000,222.300,0.000,0.000,0.000
"16:15",16.397,0.000,222.200,0.000,0.000,0.000
"16:30",13.261,0.000,222.100,0.000,0.000,0.026
"16:45",12.710,0.000,222.000,0.000,0.000,0.000
"17:00",11.494,0.000,222.000,0.000,0.000,0.013
"17:15",9.088,0.000,221.900,0.000,0.000,0.115
"17:30",7.859,0.000,221.900,0.000,0.000,0.115
"17:45",4.390,0.000,221.900,0.000,0.000,0.026
"18:00",2.086,0.000,221.800,0.000,0.000,0.013
"18:15",0.589,0.000,221.800,0.000,0.000,0.000
"18:30",0.230,0.000,221.700,0.000,0.000,0.000
"18:45",0.000,0.026,221.500,0.102,0.013,0.000
"19:00",0.000,0.038,221.500,0.128,0.000,0.000
"19:15",0.000,0.013,221.400,0.154,0.000,0.000
"19:30",0.000,0.000,221.400,0.179,0.000,0.000
"19:45",0.000,0.000,221.500,0.166,0.000,0.000
"20:00",0.000,0.000,221.500,0.179,0.000,0.000
"20:15",0.000,0.000,221.400,0.166,0.000,0.000
"20:30",0.000,0.000,221.500,0.179,0.000,0.000
"20:45",0.000,0.000,221.500,0.179,0.000,0.000
"21:00",0.000,0.000,221.400,0.166,0.000,0.000
"21:15",0.000,0.000,221.500,0.179,0.000,0.000
"21:30",0.000,0.000,221.500,0.166,0.000,0.000
"21:45",0.000,0.000,221.600,0.179,0.000,0.000
"22:00",0.000,0.000,221.600,0.166,0.000,0.000
"22:15",0.000,0.000,221.600,0.179,0.000,0.000
"22:30",0.000,0.000,221.500,0.179,0.000,0.000
"22:45",0.000,0.000,221.500,0.166,0.000,0.000
"23:00",0.000,0.000,221.600,0.179,0.000,0.000
"23:15",0.000,0.000,221.500,0.166,0.000,0.000
"23:30",0.000,0.000,221.500,0.179,0.000,0.000
"23:45",0.000,0.000,221.400,0.166,0.000,0.000
" 7/19/26 24:00",0.000,0.000,221.500,0.179,0.000,0.000
