"kwh"
"Time ","AGRIM02P","AGRIM02P","AGRIM02P","AGRIM02P","AGRIM02P","AGRIM02P"
" 3/26/26 00:15",0.000,0.000,221.200,0.192,0.000,0.000
" 3/26/26 00:30",0.000,0.000,221.200,0.179,0.000,0.000
"00:45",0.000,0.000,221.200,0.179,0.000,0.000
"01:00",0.000,0.000,221.300,0.192,0.000,0.000
"01:15",0.000,0.000,221.200,0.179,0.000,0.000
"01:30",0.000,0.000,221.200,0.192,0.000,0.000
"01:45",0.000,0.000,221.300,0.179,0.000,0.000
"02:00",0.000,0.000,221.200,0.179,0.000,0.000
"02:15",0.000,0.000,221.200,0.192,0.000,0.000
"02:30",0.000,0.000,221.300,0.179,0.000,0.000
"02:45",0.000,0.000,221.300,0.179,0.000,0.000
"03:00",0.000,0.000,221.300,0.192,0.000,0.000
"03:15",0.000,0.000,221.400,0.179,0.000,0.000
"03:30",0.000,0.000,221.400,0.192,0.000,0.000
"03:45",0.000,0.000,221.400,0.179,0.000,0.000
"04:00",0.000,0.000,221.400,0.179,0.000,0.000
"04:15",0.000,0.000,221.400,0.179,0.000,0.000
"04:30",0.000,0.000,221.400,0.192,0.000,0.000
"04:45",0.000,0.000,221.400,0.179,0.000,0.000
"05:00",0.000,0.000,221.400,0.192,0.000,0.000
"05:15",0.000,0.000,221.400,0.179,0.000,0.000
"05:30",0.000,0.000,221.400,0.179,0.000,0.000
"05:45",0.000,0.000,221.400,0.192,0.000,0.000
"06:00",0.000,0.000,221.400,0.179,0.000,0.000
"06:15",0.000,0.000,221.400,0.179,0.000,0.000
"06:30",0.000,0.000,221.300,0.192,0.000,0.000
"06:45",0.000,0.000,221.300,0.179,0.000,0.000
"07:00",0.000,0.000,221.400,0.192,0.000,0.000
"07:15",0.000,0.000,221.300,0.179,0.000,0.000
"07:30",0.000,0.000,221.300,0.179,0.000,0.000
"07:45",0.102,0.000,221.200,0.077,0.000,0.000
"08:00",0.371,0.000,221.300,0.000,0.000,0.000
"08:15",0.691,0.000,221.200,0.000,0.000,0.000
"08:30",0.666,0.000,221.200,0.000,0.000,0.000
"08:45",2.278,0.000,221.400,0.000,0.000,0.000
"09:00",4.966,0.000,221.500,0.000,0.000,0.013
"09:15",9.152,0.000,221.600,0.000,0.000,0.000
"09:30",14.362,0.000,221.800,0.000,0.000,0.000
"09:45",18.483,0.000,221.900,0.000,0.000,0.000
"10:00",22.758,0.000,222.000,0.000,0.000,0.000
"10:15",26.010,0.000,222.300,0.000,0.000,0.000
"10:30",26.995,0.000,222.200,0.000,0.000,0.000
"10:45",32.550,0.000,222.200,0.000,0.000,0.000
"11:00",46.618,0.000,222.500,0.000,0.000,0.000
"11:15",67.674,0.000,223.100,0.000,0.000,0.000
"11:30",75.110,0.000,223.400,0.000,0.000,0.000
"11:45",91.392,0.000,223.500,0.000,0.000,0.000
"12:00",76.800,0.000,223.500,0.000,0.000,0.000
"12:15",92.877,0.000,223.700,0.000,0.000,0.000
"12:30",94.707,0.000,223.800,0.000,0.000,0.000
"12:45",96.883,0.000,223.800,0.000,0.000,0.000
"13:00",97.766,0.000,223.800,0.000,0.000,0.000
"13:15",98.829,0.000,223.800,0.000,0.000,0.013
"13:30",99.110,0.000,223.900,0.000,0.000,0.013
"13:45",99.699,0.000,223.900,0.000,0.000,0.000
"14:00",98.637,0.000,223.900,0.000,0.000,0.000
"14:15",97.344,0.000,223.900,0.000,0.000,0.013
"14:30",96.128,0.000,223.800,0.000,0.000,0.000
"14:45",94.554,0.000,223.700,0.000,0.000,0.000
"15:00",92.365,0.000,223.800,0.000,0.000,0.013
"15:15",90.022,0.000,223.800,0.000,0.000,0.000
"15:30",87.782,0.000,223.700,0.000,0.000,0.000
"15:45",83.968,0.000,223.500,0.000,0.000,0.000
"16:00",78.669,0.000,223.600,0.000,0.000,0.013
"16:15",74.982,0.000,223.600,0.000,0.000,0.013
"16:30",59.853,0.000,223.300,0.000,0.000,0.026
"16:45",52.275,0.000,223.300,0.000,0.000,0.013
"17:00",63.974,0.000,223.200,0.000,0.000,0.013
"17:15",54.118,0.000,223.200,0.000,0.000,0.026
"17:30",47.117,0.000,223.200,0.000,0.000,0.013
"17:45",40.166,0.000,223.000,0.000,0.000,0.000
"18:00",32.960,0.000,222.900,0.000,0.000,0.026
"18:15",25.677,0.000,222.600,0.000,0.000,0.000
"18:30",18.688,0.000,222.200,0.000,0.000,0.000
"18:45",11.878,0.000,221.900,0.000,0.000,0.026
"19:00",6.093,0.000,221.600,0.000,0.000,0.013
"19:15",1.754,0.000,221.300,0.000,0.000,0.051
"19:30",0.179,0.000,221.100,0.013,0.000,0.000
"19:45",0.000,0.013,221.000,0.128,0.000,0.000
"20:00",0.000,0.026,220.900,0.166,0.000,0.000
"20:15",0.000,0.000,221.000,0.179,0.000,0.000
"20:30",0.000,0.000,220.900,0.179,0.000,0.000
"20:45",0.000,0.000,221.000,0.192,0.000,0.000
"21:00",0.000,0.000,220.900,0.179,0.000,0.000
"21:15",0.000,0.000,220.900,0.179,0.000,0.000
"21:30",0.000,0.000,220.900,0.192,0.000,0.000
"21:45",0.000,0.000,221.000,0.179,0.000,0.000
"22:00",0.000,0.000,221.000,0.192,0.000,0.000
"22:15",0.000,0.000,221.000,0.179,0.000,0.000
"22:30",0.000,0.000,221.000,0.179,0.000,0.000
"22:45",0.000,0.000,221.000,0.192,0.000,0.000
"23:00",0.000,0.000,220.900,0.179,0.000,0.000
"23:15",0.000,0.000,220.900,0.179,0.000,0.000
"23:30",0.000,0.000,220.800,0.192,0.000,0.000
"23:45",0.000,0.000,220.800,0.179,0.000,0.000
" 3/26/26 24:00",0.000,0.000,220.900,0.179,0.000,0.000
