"kwh"
"Time ","AGRIM02P","AGRIM02P","AGRIM02P","AGRIM02P","AGRIM02P","AGRIM02P"
" 8/25/26 00:15",0.000,0.000,220.900,0.179,0.000,0.000
" 8/25/26 00:30",0.000,0.000,221.000,0.166,0.000,0.000
"00:45",0.000,0.000,221.000,0.179,0.000,0.000
"01:00",0.000,0.000,221.000,0.166,0.000,0.000
"01:15",0.000,0.000,221.000,0.166,0.000,0.000
"01:30",0.000,0.000,221.000,0.179,0.000,0.000
"01:45",0.000,0.000,221.000,0.166,0.000,0.000
"02:00",0.000,0.000,221.100,0.179,0.000,0.000
"02:15",0.000,0.000,221.000,0.166,0.000,0.000
"02:30",0.000,0.000,221.000,0.179,0.000,0.000
"02:45",0.000,0.000,221.000,0.166,0.000,0.000
"03:00",0.000,0.000,221.000,0.179,0.000,0.000
"03:15",0.000,0.000,221.000,0.166,0.000,0.000
"03:30",0.000,0.000,221.100,0.179,0.000,0.000
"03:45",0.000,0.000,221.000,0.166,0.000,0.000
"04:00",0.000,0.000,221.000,0.179,0.000,0.000
"04:15",0.000,0.000,221.000,0.166,0.000,0.000
"04:30",0.000,0.000,221.000,0.179,0.000,0.000
"04:45",0.000,0.000,221.000,0.166,0.000,0.000
"05:00",0.000,0.000,221.000,0.166,0.000,0.000
"05:15",0.000,0.000,221.000,0.179,0.000,0.000
"05:30",0.000,0.000,221.000,0.166,0.000,0.000
"05:45",0.000,0.000,221.000,0.179,0.000,0.000
"06:00",0.000,0.000,221.000,0.166,0.000,0.000
"06:15",0.000,0.000,221.000,0.179,0.000,0.000
"06:30",0.000,0.000,221.000,0.166,0.000,0.000
"06:45",0.000,0.000,221.000,0.179,0.000,0.000
"07:00",0.000,0.000,221.000,0.166,0.000,0.000
"07:15",0.000,0.000,220.900,0.179,0.000,0.000
"07:30",0.000,0.000,220.900,0.166,0.000,0.000
"07:45",0.000,0.000,220.900,0.166,0.000,0.000
"08:00",0.141,0.000,220.900,0.026,0.026,0.013
"08:15",1.651,0.000,221.000,0.000,0.000,0.141
"08:30",5.350,0.000,221.400,0.000,0.000,0.064
"08:45",8.102,0.000,221.400,0.000,0.000,0.038
"09:00",11.725,0.000,221.500,0.000,0.000,0.000
"09:15",18.714,0.000,221.500,0.000,0.000,0.000
"09:30",17.792,0.000,219.600,0.013,0.000,0.013
"09:45",12.915,0.000,221.600,0.013,0.000,0.000
"10:00",27.341,0.000,222.000,0.000,0.000,0.000
"10:15",37.888,0.000,222.300,0.000,0.000,0.000
"10:30",57.946,0.000,222.800,0.000,0.000,0.000
"10:45",84.160,0.000,223.700,0.000,0.000,0.128
"11:00",32.934,0.000,222.200,0.000,0.000,0.000
"11:15",65.370,0.000,222.900,0.000,0.000,0.013
"11:30",92.774,0.000,223.700,0.000,0.000,0.294
"11:45",61.568,0.000,223.100,0.000,0.000,0.102
"12:00",48.474,0.000,222.600,0.000,0.000,0.166
"12:15",79.091,0.000,223.100,0.000,0.000,0.205
"12:30",81.139,0.000,223.200,0.000,0.000,0.102
"12:45",80.870,0.000,220.700,0.000,0.000,0.179
"13:00",8.461,0.000,220.600,0.026,0.000,0.000
"13:15",48.051,0.000,220.700,0.000,0.000,0.000
"13:30",59.315,0.000,220.400,0.000,0.000,0.000
"13:45",77.619,0.000,221.400,0.000,0.000,0.000
"14:00",69.197,0.000,221.500,0.000,0.000,0.000
"14:15",110.720,0.000,221.700,0.000,0.000,0.000
"14:30",108.723,0.000,221.000,0.000,0.000,0.000
"14:45",98.586,0.000,221.500,0.000,0.000,0.166
"15:00",78.848,0.000,220.300,0.000,0.000,1.318
"15:15",52.800,0.000,218.800,0.000,0.000,0.691
"15:30",98.867,0.000,218.600,0.000,0.000,0.102
"15:45",80.154,0.000,217.200,0.000,0.000,0.000
"16:00",57.126,0.000,217.800,0.000,0.000,0.000
"16:15",74.714,0.000,219.300,0.000,0.000,0.000
"16:30",44.070,0.000,218.200,0.000,0.000,0.000
"16:45",33.984,0.000,217.900,0.000,0.000,0.000
"17:00",43.546,0.000,219.800,0.000,0.000,0.000
"17:15",28.941,0.000,219.300,0.000,0.000,0.000
"17:30",8.973,0.000,219.300,0.026,0.000,0.000
"17:45",30.707,0.000,220.800,0.000,0.000,0.000
"18:00",18.624,0.000,221.100,0.000,0.000,0.000
"18:15",23.232,0.000,222.200,0.000,0.000,0.000
"18:30",12.877,0.000,222.200,0.000,0.000,0.000
"18:45",6.528,0.000,221.800,0.000,0.000,0.000
"19:00",1.510,0.000,221.200,0.000,0.000,0.000
"19:15",0.051,0.026,219.800,0.064,0.000,0.000
"19:30",0.000,0.038,220.300,0.128,0.000,0.000
"19:45",0.000,0.000,220.200,0.166,0.000,0.000
"20:00",0.000,0.000,219.500,0.179,0.000,0.000
"20:15",0.000,0.000,219.800,0.166,0.000,0.000
"20:30",0.000,0.000,220.500,0.166,0.000,0.000
"20:45",0.000,0.000,222.000,0.179,0.000,0.000
"21:00",0.000,0.000,221.900,0.166,0.000,0.000
"21:15",0.000,0.000,222.000,0.166,0.000,0.000
"21:30",0.000,0.000,222.200,0.179,0.000,0.000
"21:45",0.000,0.000,222.000,0.179,0.000,0.000
"22:00",0.000,0.000,220.200,0.166,0.000,0.000
"22:15",0.000,0.000,220.200,0.166,0.000,0.000
"22:30",0.000,0.000,220.500,0.179,0.000,0.000
"22:45",0.000,0.000,221.100,0.166,0.000,0.000
"23:00",0.000,0.000,221.800,0.166,0.000,0.000
"23:15",0.000,0.000,221.400,0.179,0.000,0.000
"23:30",0.000,0.000,220.800,0.166,0.000,0.000
"23:45",0.000,0.000,221.700,0.179,0.000,0.000
" 8/25/26 24:00",0.000,0.000,220.000,0.166,0.000,0.000
