"kwh"
"Time ","AGRIM02P","AGRIM02P","AGRIM02P","AGRIM02P","AGRIM02P","AGRIM02P"
" 8/22/26 00:15",0.000,0.000,221.300,0.179,0.000,0.000
" 8/22/26 00:30",0.000,0.000,221.400,0.166,0.000,0.000
"00:45",0.000,0.000,221.400,0.179,0.000,0.000
"01:00",0.000,0.000,221.400,0.179,0.000,0.000
"01:15",0.000,0.000,221.400,0.166,0.000,0.000
"01:30",0.000,0.000,221.400,0.179,0.000,0.000
"01:45",0.000,0.000,221.400,0.166,0.000,0.000
"02:00",0.000,0.000,221.500,0.179,0.000,0.000
"02:15",0.000,0.000,221.500,0.166,0.000,0.000
"02:30",0.000,0.000,221.500,0.179,0.000,0.000
"02:45",0.000,0.000,221.500,0.166,0.000,0.000
"03:00",0.000,0.000,221.500,0.179,0.000,0.000
"03:15",0.000,0.000,221.500,0.166,0.000,0.000
"03:30",0.000,0.000,221.500,0.179,0.000,0.000
"03:45",0.000,0.000,221.500,0.179,0.000,0.000
"04:00",0.000,0.000,221.600,0.166,0.000,0.000
"04:15",0.000,0.000,221.500,0.179,0.000,0.000
"04:30",0.000,0.000,221.500,0.166,0.000,0.000
"04:45",0.000,0.000,221.500,0.179,0.000,0.000
"05:00",0.000,0.000,221.500,0.166,0.000,0.000
"05:15",0.000,0.000,221.500,0.179,0.000,0.000
"05:30",0.000,0.000,221.600,0.166,0.000,0.000
"05:45",0.000,0.000,221.500,0.179,0.000,0.000
"06:00",0.000,0.000,221.500,0.166,0.000,0.000
"06:15",0.000,0.000,221.400,0.179,0.000,0.000
"06:30",0.000,0.000,221.400,0.166,0.000,0.000
"06:45",0.000,0.000,221.400,0.179,0.000,0.000
"07:00",0.000,0.000,221.300,0.179,0.000,0.000
"07:15",0.000,0.000,221.400,0.166,0.000,0.000
"07:30",0.000,0.000,221.300,0.179,0.000,0.000
"07:45",0.000,0.000,221.400,0.166,0.000,0.000
"08:00",0.038,0.013,221.400,0.077,0.000,0.000
"08:15",0.294,0.000,221.400,0.000,0.000,0.026
"08:30",1.306,0.000,221.400,0.000,0.000,0.013
"08:45",4.454,0.000,221.500,0.000,0.000,0.064
"09:00",6.630,0.000,221.500,0.000,0.000,0.026
"09:15",9.229,0.000,221.300,0.000,0.000,0.000
"09:30",12.966,0.000,221.500,0.000,0.000,0.000
"09:45",16.410,0.000,221.500,0.000,0.000,0.000
"10:00",17.203,0.000,221.500,0.000,0.000,0.000
"10:15",17.894,0.000,221.500,0.000,0.000,0.000
"10:30",15.974,0.000,221.500,0.000,0.000,0.000
"10:45",13.568,0.000,221.500,0.000,0.000,0.102
"11:00",15.795,0.000,221.600,0.000,0.000,0.128
"11:15",18.714,0.000,221.900,0.000,0.000,0.269
"11:30",21.478,0.000,222.000,0.000,0.000,0.000
"11:45",25.587,0.000,222.100,0.000,0.000,0.013
"12:00",24.730,0.000,222.000,0.000,0.000,0.115
"12:15",30.758,0.000,222.200,0.000,0.000,0.115
"12:30",34.611,0.000,222.400,0.000,0.000,0.013
"12:45",39.040,0.000,222.600,0.000,0.000,0.000
"13:00",37.722,0.000,222.600,0.000,0.000,0.051
"13:15",45.440,0.000,222.700,0.000,0.000,0.128
"13:30",55.066,0.000,223.000,0.000,0.000,0.000
"13:45",59.418,0.000,223.200,0.000,0.000,0.026
"14:00",74.022,0.000,223.400,0.000,0.000,0.000
"14:15",73.152,0.000,223.500,0.000,0.000,0.000
"14:30",81.318,0.000,223.900,0.000,0.000,0.000
"14:45",86.912,0.000,224.000,0.000,0.000,0.000
"15:00",74.035,0.000,223.900,0.000,0.000,0.000
"15:15",68.390,0.000,223.600,0.000,0.000,0.000
"15:30",70.656,0.000,223.600,0.000,0.000,0.000
"15:45",73.741,0.000,223.800,0.000,0.000,0.000
"16:00",79.578,0.000,224.000,0.000,0.000,0.000
"16:15",76.006,0.000,224.000,0.000,0.000,0.013
"16:30",65.549,0.000,223.900,0.000,0.000,0.013
"16:45",56.755,0.000,223.700,0.000,0.000,0.000
"17:00",56.448,0.000,223.500,0.000,0.000,0.000
"17:15",45.837,0.000,223.100,0.000,0.000,0.000
"17:30",43.904,0.000,223.000,0.000,0.000,0.000
"17:45",35.494,0.000,222.800,0.000,0.000,0.000
"18:00",27.827,0.000,222.700,0.000,0.000,0.000
"18:15",17.075,0.000,222.500,0.000,0.000,0.026
"18:30",11.008,0.000,222.100,0.000,0.000,0.013
"18:45",5.120,0.000,221.900,0.000,0.000,0.064
"19:00",1.011,0.000,221.700,0.000,0.000,0.038
"19:15",0.051,0.013,221.500,0.051,0.013,0.013
"19:30",0.000,0.038,221.500,0.128,0.000,0.000
"19:45",0.000,0.000,221.500,0.166,0.000,0.000
"20:00",0.000,0.000,221.600,0.179,0.000,0.000
"20:15",0.000,0.000,221.600,0.179,0.000,0.000
"20:30",0.000,0.000,221.500,0.166,0.000,0.000
"20:45",0.000,0.000,221.500,0.179,0.000,0.000
"21:00",0.000,0.000,221.500,0.179,0.000,0.000
"21:15",0.000,0.000,221.500,0.166,0.000,0.000
"21:30",0.000,0.000,221.400,0.179,0.000,0.000
"21:45",0.000,0.000,221.400,0.166,0.000,0.000
"22:00",0.000,0.000,221.500,0.179,0.000,0.000
"22:15",0.000,0.000,221.500,0.179,0.000,0.000
"22:30",0.000,0.000,221.500,0.166,0.000,0.000
"22:45",0.000,0.000,221.600,0.179,0.000,0.000
"23:00",0.000,0.000,221.600,0.179,0.000,0.000
"23:15",0.000,0.000,221.400,0.166,0.000,0.000
"23:30",0.000,0.000,221.300,0.179,0.000,0.000
"23:45",0.000,0.000,221.300,0.166,0.000,0.000
" 8/22/26 24:00",0.000,0.000,221.300,0.179,0.000,0.000
