"kwh"
"Time ","AGRIM02P","AGRIM02P","AGRIM02P","AGRIM02P","AGRIM02P","AGRIM02P"
" 9/06/26 00:15",0.000,0.000,220.900,0.166,0.000,0.000
" 9/06/26 00:30",0.000,0.000,220.900,0.179,0.000,0.000
"00:45",0.000,0.000,221.000,0.166,0.000,0.000
"01:00",0.000,0.000,221.000,0.179,0.000,0.000
"01:15",0.000,0.000,220.900,0.166,0.000,0.000
"01:30",0.000,0.000,221.000,0.166,0.000,0.000
"01:45",0.000,0.000,221.000,0.179,0.000,0.000
"02:00",0.000,0.000,221.000,0.179,0.000,0.000
"02:15",0.000,0.000,221.000,0.166,0.000,0.000
"02:30",0.000,0.000,221.100,0.166,0.000,0.000
"02:45",0.000,0.000,221.100,0.179,0.000,0.000
"03:00",0.000,0.000,221.100,0.166,0.000,0.000
"03:15",0.000,0.000,221.100,0.179,0.000,0.000
"03:30",0.000,0.000,221.100,0.166,0.000,0.000
"03:45",0.000,0.000,221.100,0.179,0.000,0.000
"04:00",0.000,0.000,221.100,0.166,0.000,0.000
"04:15",0.000,0.000,221.000,0.179,0.000,0.000
"04:30",0.000,0.000,221.100,0.166,0.000,0.000
"04:45",0.000,0.000,221.100,0.166,0.000,0.000
"05:00",0.000,0.000,221.000,0.179,0.000,0.000
"05:15",0.000,0.000,221.000,0.166,0.000,0.000
"05:30",0.000,0.000,221.100,0.179,0.000,0.000
"05:45",0.000,0.000,221.000,0.166,0.000,0.000
"06:00",0.000,0.000,221.000,0.179,0.000,0.000
"06:15",0.000,0.000,221.000,0.166,0.000,0.000
"06:30",0.000,0.000,221.000,0.179,0.000,0.000
"06:45",0.000,0.000,221.000,0.166,0.000,0.000
"07:00",0.000,0.000,221.000,0.166,0.000,0.000
"07:15",0.000,0.000,221.000,0.179,0.000,0.000
"07:30",0.000,0.000,220.900,0.166,0.000,0.000
"07:45",0.038,0.000,221.100,0.115,0.000,0.013
"08:00",0.512,0.000,221.100,0.000,0.000,0.026
"08:15",1.664,0.000,221.100,0.000,0.000,0.051
"08:30",3.379,0.000,220.900,0.000,0.000,0.026
"08:45",6.349,0.000,220.900,0.000,0.000,0.000
"09:00",9.894,0.000,220.600,0.000,0.000,0.000
"09:15",13.939,0.000,220.900,0.000,0.000,0.000
"09:30",17.997,0.000,221.200,0.000,0.000,0.000
"09:45",17.984,0.000,221.200,0.000,0.000,0.000
"10:00",19.699,0.000,221.100,0.000,0.000,0.000
"10:15",17.856,0.000,221.000,0.000,0.000,0.000
"10:30",18.304,0.000,221.200,0.000,0.000,0.000
"10:45",26.675,0.000,221.600,0.000,0.000,0.000
"11:00",34.893,0.000,221.800,0.000,0.000,0.000
"11:15",32.346,0.000,221.800,0.000,0.000,0.000
"11:30",29.056,0.000,221.700,0.000,0.000,0.000
"11:45",23.514,0.000,221.600,0.000,0.000,0.269
"12:00",23.002,0.000,221.500,0.000,0.000,0.000
"12:15",20.506,0.000,221.500,0.000,0.000,0.000
"12:30",20.685,0.000,221.500,0.000,0.000,0.000
"12:45",20.032,0.000,221.500,0.000,0.000,0.000
"13:00",20.621,0.000,221.500,0.000,0.000,0.000
"13:15",22.643,0.000,221.600,0.000,0.000,0.000
"13:30",27.802,0.000,221.800,0.000,0.000,0.000
"13:45",27.059,0.000,221.800,0.000,0.000,0.000
"14:00",27.917,0.000,221.800,0.000,0.000,0.000
"14:15",29.530,0.000,221.800,0.000,0.000,0.000
"14:30",24.909,0.000,221.700,0.000,0.000,0.000
"14:45",24.000,0.000,221.700,0.000,0.000,0.000
"15:00",28.045,0.000,221.700,0.000,0.000,0.000
"15:15",30.720,0.000,221.800,0.000,0.000,0.000
"15:30",24.512,0.000,221.700,0.000,0.000,0.000
"15:45",30.336,0.000,221.700,0.000,0.000,0.000
"16:00",29.069,0.000,221.800,0.000,0.000,0.000
"16:15",22.797,0.000,221.700,0.000,0.000,0.000
"16:30",23.782,0.000,221.700,0.000,0.000,0.000
"16:45",21.235,0.000,221.700,0.000,0.000,0.000
"17:00",22.694,0.000,221.500,0.000,0.000,0.000
"17:15",26.048,0.000,221.700,0.000,0.000,0.000
"17:30",22.400,0.000,221.800,0.000,0.000,0.013
"17:45",19.098,0.000,221.600,0.000,0.000,0.000
"18:00",12.864,0.000,221.500,0.000,0.000,0.013
"18:15",8.794,0.000,221.400,0.000,0.000,0.026
"18:30",5.402,0.000,221.200,0.000,0.000,0.115
"18:45",2.790,0.000,221.000,0.000,0.000,0.128
"19:00",0.499,0.000,220.800,0.000,0.000,0.013
"19:15",0.077,0.013,220.800,0.051,0.000,0.013
"19:30",0.000,0.051,220.800,0.128,0.000,0.000
"19:45",0.000,0.013,220.800,0.154,0.000,0.000
"20:00",0.000,0.000,220.800,0.179,0.000,0.000
"20:15",0.000,0.000,220.800,0.166,0.000,0.000
"20:30",0.000,0.000,220.800,0.179,0.000,0.000
"20:45",0.000,0.000,220.700,0.166,0.000,0.000
"21:00",0.000,0.000,220.700,0.179,0.000,0.000
"21:15",0.000,0.000,220.800,0.166,0.000,0.000
"21:30",0.000,0.000,220.800,0.179,0.000,0.000
"21:45",0.000,0.000,220.800,0.166,0.000,0.000
"22:00",0.000,0.000,220.800,0.166,0.000,0.000
"22:15",0.000,0.000,220.900,0.179,0.000,0.000
"22:30",0.000,0.000,220.800,0.166,0.000,0.000
"22:45",0.000,0.000,220.900,0.179,0.000,0.000
"23:00",0.000,0.000,220.900,0.166,0.000,0.000
"23:15",0.000,0.000,220.600,0.179,0.000,0.000
"23:30",0.000,0.000,220.600,0.166,0.000,0.000
"23:45",0.000,0.000,220.600,0.179,0.000,0.000
" 9/06/26 24:00",0.000,0.000,220.700,0.166,0.000,0.000
