"kwh"
"Time ","AGRIM02P","AGRIM02P","AGRIM02P","AGRIM02P","AGRIM02P","AGRIM02P"
" 1/11/26 00:15",0.000,0.000,221.600,0.179,0.000,0.000
" 1/11/26 00:30",0.000,0.000,221.700,0.192,0.000,0.000
"00:45",0.000,0.000,221.700,0.179,0.000,0.000
"01:00",0.000,0.000,221.700,0.179,0.000,0.000
"01:15",0.000,0.000,221.700,0.192,0.000,0.000
"01:30",0.000,0.000,221.600,0.192,0.000,0.000
"01:45",0.000,0.000,221.700,0.179,0.000,0.000
"02:00",0.000,0.000,221.700,0.179,0.000,0.000
"02:15",0.000,0.000,221.700,0.192,0.000,0.000
"02:30",0.000,0.000,221.800,0.192,0.000,0.000
"02:45",0.000,0.000,221.800,0.179,0.000,0.000
"03:00",0.000,0.000,221.800,0.192,0.000,0.000
"03:15",0.000,0.000,221.800,0.179,0.000,0.000
"03:30",0.000,0.000,221.800,0.179,0.000,0.000
"03:45",0.000,0.000,221.800,0.192,0.000,0.000
"04:00",0.000,0.000,221.800,0.192,0.000,0.000
"04:15",0.000,0.000,221.800,0.179,0.000,0.000
"04:30",0.000,0.000,221.800,0.192,0.000,0.000
"04:45",0.000,0.000,221.800,0.179,0.000,0.000
"05:00",0.000,0.000,221.900,0.192,0.000,0.000
"05:15",0.000,0.000,221.900,0.179,0.000,0.000
"05:30",0.000,0.000,221.900,0.192,0.000,0.000
"05:45",0.000,0.000,221.900,0.179,0.000,0.000
"06:00",0.000,0.000,221.900,0.192,0.000,0.000
"06:15",0.000,0.000,221.900,0.179,0.000,0.000
"06:30",0.000,0.000,221.900,0.179,0.000,0.000
"06:45",0.358,0.000,221.800,0.000,0.000,0.051
"07:00",0.038,0.000,180.900,0.000,0.000,0.000
"07:15",0.000,0.000,0.000,0.000,0.000,0.000
"07:30",0.000,0.000,0.000,0.000,0.000,0.000
"07:45",0.000,0.000,0.000,0.000,0.000,0.000
"08:00",0.000,0.000,0.000,0.000,0.000,0.000
"08:15",0.000,0.000,0.000,0.000,0.000,0.000
"08:30",0.000,0.000,0.000,0.000,0.000,0.000
"08:45",0.000,0.000,0.000,0.000,0.000,0.000
"09:00",0.000,0.000,0.000,0.000,0.000,0.000
"09:15",0.000,0.000,0.000,0.000,0.000,0.000
"09:30",0.000,0.000,0.000,0.000,0.000,0.000
"09:45",0.000,0.000,0.000,0.000,0.000,0.000
"10:00",0.000,0.000,0.000,0.000,0.000,0.000
"10:15",0.000,0.000,0.000,0.000,0.000,0.000
"10:30",0.000,0.000,0.000,0.000,0.000,0.000
"10:45",0.000,0.000,0.000,0.000,0.000,0.000
"11:00",12.608,0.000,220.900,0.026,0.000,0.000
"11:15",80.397,0.000,224.700,0.000,0.000,0.026
"11:30",96.026,0.000,224.900,0.000,0.000,0.051
"11:45",99.046,0.000,224.900,0.000,0.000,0.026
"12:00",101.414,0.000,224.900,0.000,0.000,0.038
"12:15",102.925,0.000,224.900,0.000,0.000,0.038
"12:30",103.821,0.000,224.900,0.000,0.000,0.026
"12:45",104.282,0.000,225.000,0.000,0.000,0.064
"13:00",104.602,0.000,225.000,0.000,0.000,0.051
"13:15",104.832,0.000,224.900,0.000,0.000,0.038
"13:30",104.576,0.000,225.000,0.000,0.000,0.090
"13:45",104.627,0.000,225.000,0.000,0.000,0.064
"14:00",104.422,0.000,224.800,0.000,0.000,0.051
"14:15",104.320,0.000,224.900,0.000,0.000,0.038
"14:30",104.141,0.000,224.900,0.000,0.000,0.141
"14:45",103.859,0.000,224.900,0.000,0.000,0.141
"15:00",102.131,0.000,224.900,0.000,0.000,0.064
"15:15",100.096,0.000,224.900,0.000,0.000,0.026
"15:30",97.638,0.000,224.800,0.000,0.000,0.038
"15:45",94.029,0.000,224.800,0.000,0.000,0.038
"16:00",90.650,0.000,224.800,0.000,0.000,0.064
"16:15",86.925,0.000,224.800,0.000,0.000,0.051
"16:30",82.419,0.000,224.700,0.000,0.000,0.090
"16:45",77.414,0.000,224.600,0.000,0.000,0.090
"17:00",72.870,0.000,224.500,0.000,0.000,0.064
"17:15",67.738,0.000,224.400,0.000,0.000,0.026
"17:30",62.080,0.000,224.300,0.000,0.000,0.026
"17:45",55.718,0.000,224.200,0.000,0.000,0.051
"18:00",49.037,0.000,224.100,0.000,0.000,0.026
"18:15",42.253,0.000,224.000,0.000,0.000,0.038
"18:30",35.174,0.000,223.800,0.000,0.000,0.013
"18:45",27.763,0.000,223.600,0.000,0.000,0.026
"19:00",20.570,0.000,223.400,0.000,0.000,0.026
"19:15",13.760,0.000,223.100,0.000,0.000,0.026
"19:30",8.102,0.000,222.700,0.000,0.000,0.038
"19:45",4.160,0.000,222.300,0.000,0.000,0.064
"20:00",2.086,0.000,222.000,0.000,0.000,0.128
"20:15",1.190,0.000,221.800,0.000,0.000,0.051
"20:30",0.435,0.000,221.700,0.000,0.000,0.051
"20:45",0.026,0.026,221.600,0.051,0.000,0.000
"21:00",0.000,0.064,221.500,0.090,0.000,0.000
"21:15",0.000,0.000,221.500,0.179,0.000,0.000
"21:30",0.000,0.000,221.500,0.192,0.000,0.000
"21:45",0.000,0.000,221.500,0.179,0.000,0.000
"22:00",0.000,0.000,221.500,0.192,0.000,0.000
"22:15",0.000,0.000,221.500,0.179,0.000,0.000
"22:30",0.000,0.000,221.500,0.192,0.000,0.000
"22:45",0.000,0.000,221.500,0.179,0.000,0.000
"23:00",0.000,0.000,221.600,0.192,0.000,0.000
"23:15",0.000,0.000,221.500,0.179,0.000,0.000
"23:30",0.000,0.000,221.500,0.192,0.000,0.000
"23:45",0.000,0.000,221.600,0.179,0.000,0.000
" 1/11/26 24:00",0.000,0.000,221.600,0.192,0.000,0.000
