"kwh"
"Time ","AGRIM02P","AGRIM02P","AGRIM02P","AGRIM02P","AGRIM02P","AGRIM02P"
" 6/21/26 00:15",0.000,0.000,221.600,0.166,0.000,0.000
" 6/21/26 00:30",0.000,0.000,221.600,0.179,0.000,0.000
"00:45",0.000,0.000,221.600,0.166,0.000,0.000
"01:00",0.000,0.000,221.600,0.179,0.000,0.000
"01:15",0.000,0.000,221.700,0.179,0.000,0.000
"01:30",0.000,0.000,221.700,0.166,0.000,0.000
"01:45",0.000,0.000,221.700,0.179,0.000,0.000
"02:00",0.000,0.000,221.700,0.179,0.000,0.000
"02:15",0.000,0.000,221.700,0.166,0.000,0.000
"02:30",0.000,0.000,221.700,0.179,0.000,0.000
"02:45",0.000,0.000,221.700,0.166,0.000,0.000
"03:00",0.000,0.000,221.700,0.179,0.000,0.000
"03:15",0.000,0.000,221.700,0.179,0.000,0.000
"03:30",0.000,0.000,221.700,0.166,0.000,0.000
"03:45",0.000,0.000,221.600,0.179,0.000,0.000
"04:00",0.000,0.000,221.600,0.166,0.000,0.000
"04:15",0.000,0.000,221.700,0.179,0.000,0.000
"04:30",0.000,0.000,221.600,0.179,0.000,0.000
"04:45",0.000,0.000,221.600,0.166,0.000,0.000
"05:00",0.000,0.000,221.600,0.179,0.000,0.000
"05:15",0.000,0.000,221.600,0.166,0.000,0.000
"05:30",0.000,0.000,221.600,0.179,0.000,0.000
"05:45",0.000,0.000,221.600,0.179,0.000,0.000
"06:00",0.000,0.000,221.600,0.166,0.000,0.000
"06:15",0.000,0.000,221.700,0.179,0.000,0.000
"06:30",0.000,0.000,221.600,0.166,0.000,0.000
"06:45",0.000,0.000,221.700,0.179,0.000,0.000
"07:00",0.000,0.000,221.600,0.166,0.000,0.000
"07:15",0.000,0.000,221.700,0.179,0.000,0.000
"07:30",0.000,0.000,221.700,0.179,0.000,0.000
"07:45",0.000,0.000,221.600,0.166,0.000,0.000
"08:00",0.000,0.000,221.600,0.179,0.000,0.000
"08:15",0.000,0.000,221.700,0.179,0.000,0.000
"08:30",0.000,0.013,221.700,0.128,0.000,0.000
"08:45",0.192,0.000,221.700,0.000,0.000,0.013
"09:00",0.845,0.000,221.700,0.000,0.000,0.064
"09:15",0.960,0.000,221.700,0.000,0.000,0.026
"09:30",1.549,0.000,221.600,0.000,0.000,0.026
"09:45",4.506,0.000,221.700,0.000,0.000,0.051
"10:00",4.224,0.000,221.800,0.000,0.000,0.038
"10:15",3.328,0.000,221.800,0.000,0.000,0.077
"10:30",5.312,0.000,221.800,0.000,0.000,0.051
"10:45",9.178,0.000,222.000,0.000,0.000,0.013
"11:00",13.146,0.000,222.100,0.000,0.000,0.013
"11:15",12.864,0.000,222.100,0.000,0.000,0.000
"11:30",11.917,0.000,222.100,0.000,0.000,0.026
"11:45",16.371,0.000,222.200,0.000,0.000,0.000
"12:00",18.291,0.000,222.200,0.000,0.000,0.000
"12:15",16.819,0.000,222.200,0.000,0.000,0.013
"12:30",12.749,0.000,222.100,0.000,0.000,0.013
"12:45",19.763,0.000,222.200,0.000,0.000,0.013
"13:00",18.675,0.000,222.600,0.000,0.000,0.013
"13:15",17.498,0.000,222.400,0.000,0.000,0.000
"13:30",21.786,0.000,222.400,0.000,0.000,0.090
"13:45",19.789,0.000,222.500,0.000,0.000,0.026
"14:00",25.997,0.000,222.500,0.000,0.000,0.000
"14:15",22.413,0.000,222.600,0.000,0.000,0.013
"14:30",47.846,0.000,223.200,0.000,0.000,0.000
"14:45",18.982,0.000,222.500,0.000,0.000,0.013
"15:00",16.102,0.000,222.500,0.000,0.000,0.026
"15:15",18.176,0.000,222.300,0.000,0.000,0.000
"15:30",22.925,0.000,222.400,0.000,0.000,0.000
"15:45",29.018,0.000,222.500,0.000,0.000,0.013
"16:00",35.853,0.000,222.600,0.000,0.000,0.000
"16:15",49.792,0.000,223.000,0.000,0.000,0.000
"16:30",59.814,0.000,223.500,0.000,0.000,0.000
"16:45",33.920,0.000,223.200,0.000,0.000,0.000
"17:00",27.251,0.000,222.700,0.000,0.000,0.013
"17:15",21.619,0.000,222.300,0.000,0.000,0.013
"17:30",6.426,0.000,221.900,0.000,0.000,0.064
"17:45",7.014,0.000,221.900,0.000,0.000,0.051
"18:00",2.419,0.000,221.800,0.000,0.000,0.038
"18:15",0.538,0.000,221.700,0.000,0.000,0.026
"18:30",0.013,0.026,221.600,0.077,0.013,0.000
"18:45",0.000,0.038,221.500,0.128,0.000,0.000
"19:00",0.000,0.026,221.600,0.141,0.000,0.000
"19:15",0.000,0.000,221.600,0.179,0.000,0.000
"19:30",0.000,0.000,221.500,0.179,0.000,0.000
"19:45",0.000,0.000,221.500,0.166,0.000,0.000
"20:00",0.000,0.000,221.400,0.179,0.000,0.000
"20:15",0.000,0.000,221.400,0.179,0.000,0.000
"20:30",0.000,0.000,221.400,0.166,0.000,0.000
"20:45",0.000,0.000,221.300,0.179,0.000,0.000
"21:00",0.000,0.000,221.400,0.166,0.000,0.000
"21:15",0.000,0.000,221.400,0.179,0.000,0.000
"21:30",0.000,0.000,221.300,0.179,0.000,0.000
"21:45",0.000,0.000,221.400,0.166,0.000,0.000
"22:00",0.000,0.000,221.400,0.179,0.000,0.000
"22:15",0.000,0.000,221.600,0.166,0.000,0.000
"22:30",0.000,0.000,221.600,0.179,0.000,0.000
"22:45",0.000,0.000,221.600,0.179,0.000,0.000
"23:00",0.000,0.000,221.500,0.166,0.000,0.000
"23:15",0.000,0.000,221.600,0.179,0.000,0.000
"23:30",0.000,0.000,221.600,0.179,0.000,0.000
"23:45",0.000,0.000,221.600,0.166,0.000,0.000
" 6/21/26 24:00",0.000,0.000,221.600,0.179,0.000,0.000
