"kwh"
"Time ","AGRIM02P","AGRIM02P","AGRIM02P","AGRIM02P","AGRIM02P","AGRIM02P"
" 3/05/26 00:15",0.000,0.000,128.700,0.051,0.000,0.000
" 3/05/26 00:30",0.000,0.000,110.500,0.038,0.000,0.000
"00:45",0.000,0.000,112.900,0.026,0.000,0.000
"01:00",0.000,0.000,109.700,0.038,0.000,0.000
"01:15",0.000,0.000,109.700,0.026,0.000,0.000
"01:30",0.000,0.000,109.700,0.026,0.000,0.000
"01:45",0.000,0.000,109.800,0.026,0.000,0.000
"02:00",0.000,0.000,109.700,0.038,0.000,0.000
"02:15",0.000,0.000,109.600,0.026,0.000,0.000
"02:30",0.000,0.000,109.700,0.026,0.000,0.000
"02:45",0.000,0.000,109.600,0.026,0.000,0.000
"03:00",0.000,0.000,109.500,0.026,0.000,0.000
"03:15",0.000,0.000,109.600,0.038,0.000,0.000
"03:30",0.000,0.000,109.400,0.026,0.000,0.000
"03:45",0.000,0.000,109.500,0.013,0.000,0.000
"04:00",0.000,0.000,109.500,0.000,0.000,0.000
"04:15",0.000,0.000,109.400,0.000,0.000,0.000
"04:30",0.000,0.000,109.600,0.000,0.000,0.000
"04:45",0.000,0.000,109.400,0.000,0.000,0.000
"05:00",0.000,0.000,109.600,0.000,0.000,0.000
"05:15",0.000,0.000,109.600,0.000,0.000,0.000
"05:30",0.000,0.000,109.500,0.000,0.000,0.000
"05:45",0.000,0.000,109.300,0.000,0.000,0.000
"06:00",0.000,0.000,109.400,0.000,0.000,0.000
"06:15",0.000,0.000,109.500,0.000,0.000,0.000
"06:30",0.000,0.000,109.500,0.000,0.000,0.000
"06:45",0.000,0.000,109.400,0.000,0.000,0.000
"07:00",0.000,0.000,109.500,0.000,0.000,0.000
"07:15",0.000,0.000,109.200,0.000,0.000,0.000
"07:30",0.000,0.000,109.200,0.000,0.000,0.000
"07:45",0.000,0.000,109.200,0.000,0.000,0.000
"08:00",0.000,0.000,109.200,0.000,0.000,0.000
"08:15",0.000,0.000,109.200,0.000,0.000,0.000
"08:30",0.000,0.000,109.200,0.000,0.000,0.000
"08:45",0.000,0.000,110.000,0.000,0.000,0.000
"09:00",0.000,0.000,110.300,0.000,0.000,0.000
"09:15",0.000,0.000,110.200,0.000,0.000,0.000
"09:30",0.000,0.000,110.200,0.000,0.000,0.000
"09:45",0.000,0.000,110.300,0.000,0.000,0.000
"10:00",0.000,0.000,116.200,0.064,0.000,0.000
"10:15",0.000,0.000,117.200,0.102,0.000,0.000
"10:30",0.000,0.000,115.800,0.102,0.000,0.000
"10:45",0.000,0.000,115.500,0.090,0.000,0.000
"11:00",0.000,0.000,116.100,0.102,0.000,0.000
"11:15",0.000,0.000,117.500,0.102,0.000,0.000
"11:30",0.000,0.000,117.500,0.090,0.000,0.000
"11:45",0.000,0.000,117.800,0.102,0.000,0.000
"12:00",0.000,0.000,117.700,0.102,0.000,0.000
"12:15",0.000,0.000,117.600,0.090,0.000,0.000
"12:30",0.000,0.000,117.300,0.102,0.000,0.000
"12:45",0.000,0.000,117.600,0.090,0.000,0.000
"13:00",0.000,0.000,117.400,0.102,0.000,0.000
"13:15",0.000,0.000,117.200,0.102,0.000,0.000
"13:30",0.000,0.000,117.600,0.090,0.000,0.000
"13:45",0.000,0.000,117.100,0.102,0.000,0.000
"14:00",0.000,0.000,117.200,0.102,0.000,0.000
"14:15",0.000,0.000,116.500,0.090,0.000,0.000
"14:30",0.000,0.000,117.000,0.102,0.000,0.000
"14:45",0.000,0.000,116.600,0.102,0.000,0.000
"15:00",0.000,0.000,116.400,0.090,0.000,0.000
"15:15",0.000,0.000,117.100,0.102,0.000,0.000
"15:30",0.000,0.000,117.000,0.102,0.000,0.000
"15:45",0.000,0.000,116.800,0.090,0.000,0.000
"16:00",0.000,0.000,116.800,0.102,0.000,0.000
"16:15",0.166,0.000,210.900,0.038,0.000,0.000
"16:30",0.269,0.000,221.900,0.000,0.000,0.000
"16:45",0.499,0.000,221.800,0.000,0.000,0.000
"17:00",1.062,0.000,221.900,0.000,0.000,0.000
"17:15",1.344,0.000,221.900,0.000,0.000,0.000
"17:30",3.610,0.000,222.400,0.000,0.000,0.000
"17:45",0.000,0.000,116.800,0.102,0.000,0.000
"18:00",0.000,0.000,115.900,0.102,0.000,0.000
"18:15",0.000,0.000,116.100,0.090,0.000,0.000
"18:30",0.000,0.000,116.000,0.102,0.000,0.000
"18:45",0.000,0.000,116.700,0.090,0.000,0.000
"19:00",0.000,0.000,116.400,0.102,0.000,0.000
"19:15",0.000,0.000,116.100,0.102,0.000,0.000
"19:30",0.000,0.000,116.500,0.090,0.000,0.000
"19:45",0.000,0.000,116.200,0.102,0.000,0.000
"20:00",0.000,0.000,161.100,0.141,0.000,0.000
"20:15",0.000,0.000,221.700,0.179,0.000,0.000
"20:30",0.000,0.000,221.700,0.179,0.000,0.000
"20:45",0.000,0.000,221.700,0.192,0.000,0.000
"21:00",0.000,0.000,221.600,0.179,0.000,0.000
"21:15",0.000,0.000,221.600,0.192,0.000,0.000
"21:30",0.000,0.000,221.600,0.179,0.000,0.000
"21:45",0.000,0.000,221.700,0.192,0.000,0.000
"22:00",0.000,0.000,221.700,0.179,0.000,0.000
"22:15",0.000,0.000,221.800,0.192,0.000,0.000
"22:30",0.000,0.000,221.800,0.179,0.000,0.000
"22:45",0.000,0.000,221.800,0.192,0.000,0.000
"23:00",0.000,0.000,221.900,0.179,0.000,0.000
"23:15",0.000,0.000,221.800,0.179,0.000,0.000
"23:30",0.000,0.000,221.800,0.192,0.000,0.000
"23:45",0.000,0.000,221.800,0.192,0.000,0.000
" 3/05/26 24:00",0.000,0.000,221.900,0.179,0.000,0.000
