"kwh"
"Time ","AGRIM02P","AGRIM02P","AGRIM02P","AGRIM02P","AGRIM02P","AGRIM02P"
" 9/11/26 00:15",0.000,0.000,220.900,0.166,0.000,0.000
" 9/11/26 00:30",0.000,0.000,220.900,0.166,0.000,0.000
"00:45",0.000,0.000,220.900,0.179,0.000,0.000
"01:00",0.000,0.000,221.000,0.166,0.000,0.000
"01:15",0.000,0.000,221.000,0.179,0.000,0.000
"01:30",0.000,0.000,221.000,0.166,0.000,0.000
"01:45",0.000,0.000,221.000,0.179,0.000,0.000
"02:00",0.000,0.000,221.000,0.166,0.000,0.000
"02:15",0.000,0.000,221.000,0.179,0.000,0.000
"02:30",0.000,0.000,221.000,0.166,0.000,0.000
"02:45",0.000,0.000,220.900,0.179,0.000,0.000
"03:00",0.000,0.000,220.900,0.166,0.000,0.000
"03:15",0.000,0.000,220.900,0.166,0.000,0.000
"03:30",0.000,0.000,220.900,0.179,0.000,0.000
"03:45",0.000,0.000,220.900,0.166,0.000,0.000
"04:00",0.000,0.000,220.900,0.179,0.000,0.000
"04:15",0.000,0.000,220.800,0.166,0.000,0.000
"04:30",0.000,0.000,220.800,0.166,0.000,0.000
"04:45",0.000,0.000,220.800,0.179,0.000,0.000
"05:00",0.000,0.000,220.800,0.166,0.000,0.000
"05:15",0.000,0.000,220.800,0.179,0.000,0.000
"05:30",0.000,0.000,220.800,0.166,0.000,0.000
"05:45",0.000,0.000,220.900,0.179,0.000,0.000
"06:00",0.000,0.000,220.900,0.166,0.000,0.000
"06:15",0.000,0.000,220.900,0.166,0.000,0.000
"06:30",0.000,0.000,220.900,0.179,0.000,0.000
"06:45",0.000,0.000,220.900,0.166,0.000,0.000
"07:00",0.000,0.000,221.000,0.179,0.000,0.000
"07:15",0.000,0.000,221.000,0.166,0.000,0.000
"07:30",0.000,0.000,220.900,0.166,0.000,0.000
"07:45",0.486,0.000,221.000,0.013,0.000,0.051
"08:00",1.600,0.000,221.000,0.000,0.000,0.090
"08:15",2.726,0.000,221.000,0.000,0.000,0.077
"08:30",3.994,0.000,221.100,0.000,0.000,0.064
"08:45",13.299,0.000,221.400,0.000,0.000,0.141
"09:00",37.504,0.000,222.400,0.000,0.000,0.141
"09:15",46.707,0.000,222.800,0.000,0.000,0.000
"09:30",55.398,0.000,223.100,0.000,0.000,0.000
"09:45",63.821,0.000,223.200,0.000,0.000,0.000
"10:00",71.872,0.000,223.300,0.000,0.000,0.026
"10:15",79.258,0.000,223.500,0.000,0.000,0.013
"10:30",85.709,0.000,223.600,0.000,0.000,0.013
"10:45",91.635,0.000,223.600,0.000,0.000,0.320
"11:00",96.166,0.000,223.800,0.000,0.000,0.026
"11:15",100.864,0.000,223.800,0.000,0.000,0.000
"11:30",104.486,0.000,223.800,0.000,0.000,1.037
"11:45",108.352,0.000,223.900,0.000,0.000,0.000
"12:00",110.707,0.000,223.900,0.000,0.000,0.000
"12:15",112.909,0.000,223.900,0.000,0.000,0.000
"12:30",112.038,0.000,223.800,0.000,0.000,0.013
"12:45",115.456,0.000,223.900,0.000,0.000,0.000
"13:00",115.763,0.000,223.900,0.000,0.000,0.000
"13:15",115.994,0.000,224.000,0.000,0.000,0.000
"13:30",116.045,0.000,224.100,0.000,0.000,0.000
"13:45",112.563,0.000,224.000,0.000,0.000,0.013
"14:00",74.931,0.000,222.600,0.000,0.000,0.000
"14:15",84.506,0.000,222.500,0.000,0.000,0.000
"14:30",19.469,0.000,221.400,0.000,0.000,0.013
"14:45",6.579,0.000,221.200,0.000,0.000,0.077
"15:00",2.803,0.000,221.100,0.000,0.000,0.102
"15:15",1.562,0.000,221.000,0.000,0.000,0.064
"15:30",0.883,0.000,221.100,0.000,0.000,0.026
"15:45",0.640,0.000,221.200,0.000,0.000,0.026
"16:00",5.504,0.000,221.400,0.000,0.000,0.026
"16:15",34.253,0.000,222.000,0.000,0.000,0.000
"16:30",101.402,0.000,223.100,0.000,0.000,0.000
"16:45",37.338,0.000,222.300,0.000,0.000,0.013
"17:00",52.851,0.000,223.100,0.000,0.000,0.013
"17:15",62.899,0.000,223.100,0.000,0.000,0.000
"17:30",56.154,0.000,223.100,0.000,0.000,0.000
"17:45",31.078,0.000,221.700,0.000,0.000,0.000
"18:00",12.416,0.000,222.400,0.000,0.000,0.064
"18:15",26.291,0.000,222.600,0.000,0.000,0.000
"18:30",16.742,0.000,222.200,0.000,0.000,0.026
"18:45",8.922,0.000,221.800,0.000,0.000,0.026
"19:00",2.624,0.000,221.400,0.000,0.000,0.064
"19:15",0.166,0.000,221.200,0.013,0.000,0.013
"19:30",0.000,0.038,221.200,0.115,0.000,0.000
"19:45",0.000,0.026,221.100,0.141,0.000,0.000
"20:00",0.000,0.000,221.000,0.179,0.000,0.000
"20:15",0.000,0.000,221.000,0.166,0.000,0.000
"20:30",0.000,0.000,221.000,0.179,0.000,0.000
"20:45",0.000,0.000,220.900,0.166,0.000,0.000
"21:00",0.000,0.000,220.900,0.179,0.000,0.000
"21:15",0.000,0.000,220.900,0.166,0.000,0.000
"21:30",0.000,0.000,220.900,0.179,0.000,0.000
"21:45",0.000,0.000,221.000,0.166,0.000,0.000
"22:00",0.000,0.000,221.100,0.179,0.000,0.000
"22:15",0.000,0.000,221.100,0.166,0.000,0.000
"22:30",0.000,0.000,221.100,0.179,0.000,0.000
"22:45",0.000,0.000,221.200,0.166,0.000,0.000
"23:00",0.000,0.000,221.300,0.179,0.000,0.000
"23:15",0.000,0.000,221.200,0.166,0.000,0.000
"23:30",0.000,0.000,221.100,0.179,0.000,0.000
"23:45",0.000,0.000,221.000,0.166,0.000,0.000
" 9/11/26 24:00",0.000,0.000,220.700,0.179,0.000,0.000
