"kwh"
"Time ","AGRIM02P","AGRIM02P","AGRIM02P","AGRIM02P","AGRIM02P","AGRIM02P"
" 3/25/26 00:15",0.000,0.000,220.900,0.179,0.000,0.000
" 3/25/26 00:30",0.000,0.000,220.900,0.192,0.000,0.000
"00:45",0.000,0.000,220.900,0.179,0.000,0.000
"01:00",0.000,0.000,220.900,0.179,0.000,0.000
"01:15",0.000,0.000,220.900,0.192,0.000,0.000
"01:30",0.000,0.000,221.000,0.179,0.000,0.000
"01:45",0.000,0.000,221.000,0.179,0.000,0.000
"02:00",0.000,0.000,221.000,0.192,0.000,0.000
"02:15",0.000,0.000,220.900,0.179,0.000,0.000
"02:30",0.000,0.000,220.900,0.179,0.000,0.000
"02:45",0.000,0.000,220.900,0.192,0.000,0.000
"03:00",0.000,0.000,221.200,0.179,0.000,0.000
"03:15",0.000,0.000,221.300,0.179,0.000,0.000
"03:30",0.000,0.000,221.300,0.192,0.000,0.000
"03:45",0.000,0.000,221.300,0.179,0.000,0.000
"04:00",0.000,0.000,221.300,0.179,0.000,0.000
"04:15",0.000,0.000,221.300,0.192,0.000,0.000
"04:30",0.000,0.000,221.200,0.179,0.000,0.000
"04:45",0.000,0.000,221.300,0.179,0.000,0.000
"05:00",0.000,0.000,221.300,0.192,0.000,0.000
"05:15",0.000,0.000,221.300,0.179,0.000,0.000
"05:30",0.000,0.000,221.300,0.179,0.000,0.000
"05:45",0.000,0.000,221.200,0.192,0.000,0.000
"06:00",0.000,0.000,221.300,0.179,0.000,0.000
"06:15",0.000,0.000,221.200,0.179,0.000,0.000
"06:30",0.000,0.000,221.200,0.192,0.000,0.000
"06:45",0.000,0.000,221.200,0.179,0.000,0.000
"07:00",0.000,0.000,221.200,0.179,0.000,0.000
"07:15",0.000,0.000,221.100,0.192,0.000,0.000
"07:30",0.000,0.000,221.100,0.154,0.000,0.000
"07:45",0.282,0.000,221.100,0.013,0.000,0.000
"08:00",1.920,0.000,221.200,0.000,0.000,0.026
"08:15",5.709,0.000,221.300,0.000,0.000,0.013
"08:30",11.878,0.000,221.800,0.000,0.000,0.000
"08:45",19.034,0.000,222.200,0.000,0.000,0.000
"09:00",26.522,0.000,222.500,0.000,0.000,0.000
"09:15",33.958,0.000,222.900,0.000,0.000,0.000
"09:30",41.446,0.000,223.100,0.000,0.000,0.013
"09:45",48.384,0.000,223.200,0.000,0.000,0.000
"10:00",55.002,0.000,223.300,0.000,0.000,0.013
"10:15",60.992,0.000,223.400,0.000,0.000,0.013
"10:30",66.432,0.000,223.500,0.000,0.000,0.000
"10:45",71.475,0.000,223.600,0.000,0.000,0.000
"11:00",76.467,0.000,223.600,0.000,0.000,0.013
"11:15",80.934,0.000,223.700,0.000,0.000,0.000
"11:30",85.261,0.000,223.700,0.000,0.000,0.000
"11:45",88.883,0.000,223.800,0.000,0.000,0.000
"12:00",92.301,0.000,223.700,0.000,0.000,0.000
"12:15",73.178,0.000,223.400,0.000,0.000,0.013
"12:30",80.717,0.000,223.500,0.000,0.000,0.000
"12:45",99.942,0.000,223.800,0.000,0.000,0.013
"13:00",101.683,0.000,223.900,0.000,0.000,0.013
"13:15",88.704,0.000,223.600,0.000,0.000,0.013
"13:30",102.285,0.000,223.800,0.000,0.000,0.000
"13:45",102.131,0.000,223.800,0.000,0.000,0.000
"14:00",99.648,0.000,223.800,0.000,0.000,0.000
"14:15",100.211,0.000,223.800,0.000,0.000,0.000
"14:30",98.995,0.000,223.800,0.000,0.000,0.000
"14:45",96.806,0.000,223.700,0.000,0.000,0.000
"15:00",84.531,0.000,223.500,0.000,0.000,0.000
"15:15",93.056,0.000,224.000,0.000,0.000,0.000
"15:30",90.266,0.000,223.900,0.000,0.000,0.013
"15:45",85.606,0.000,223.900,0.000,0.000,0.000
"16:00",81.498,0.000,223.800,0.000,0.000,0.000
"16:15",76.608,0.000,223.800,0.000,0.000,0.000
"16:30",69.824,0.000,223.700,0.000,0.000,0.000
"16:45",66.355,0.000,223.600,0.000,0.000,0.000
"17:00",60.531,0.000,223.500,0.000,0.000,0.000
"17:15",54.246,0.000,223.400,0.000,0.000,0.000
"17:30",47.744,0.000,223.300,0.000,0.000,0.013
"17:45",41.818,0.000,223.300,0.000,0.000,0.026
"18:00",34.048,0.000,223.100,0.000,0.000,0.013
"18:15",26.202,0.000,222.700,0.000,0.000,0.013
"18:30",18.970,0.000,222.500,0.000,0.000,0.013
"18:45",12.352,0.000,222.100,0.000,0.000,0.000
"19:00",6.528,0.000,221.700,0.000,0.000,0.038
"19:15",2.125,0.000,221.400,0.000,0.000,0.090
"19:30",0.230,0.000,221.200,0.000,0.000,0.013
"19:45",0.013,0.026,221.200,0.102,0.013,0.013
"20:00",0.000,0.026,221.100,0.154,0.000,0.000
"20:15",0.000,0.000,221.200,0.179,0.000,0.000
"20:30",0.000,0.000,221.200,0.192,0.000,0.000
"20:45",0.000,0.000,221.200,0.179,0.000,0.000
"21:00",0.000,0.000,221.200,0.192,0.000,0.000
"21:15",0.000,0.000,221.200,0.179,0.000,0.000
"21:30",0.000,0.000,221.200,0.179,0.000,0.000
"21:45",0.000,0.000,221.200,0.192,0.000,0.000
"22:00",0.000,0.000,221.200,0.179,0.000,0.000
"22:15",0.000,0.000,221.300,0.179,0.000,0.000
"22:30",0.000,0.000,221.300,0.192,0.000,0.000
"22:45",0.000,0.000,221.300,0.179,0.000,0.000
"23:00",0.000,0.000,221.200,0.192,0.000,0.000
"23:15",0.000,0.000,221.100,0.179,0.000,0.000
"23:30",0.000,0.000,221.100,0.179,0.000,0.000
"23:45",0.000,0.000,221.100,0.192,0.000,0.000
" 3/25/26 24:00",0.000,0.000,221.200,0.179,0.000,0.000
