"kwh"
"Time ","AGRIM02P","AGRIM02P","AGRIM02P","AGRIM02P","AGRIM02P","AGRIM02P"
" 9/01/26 00:15",0.000,0.000,220.900,0.179,0.000,0.000
" 9/01/26 00:30",0.000,0.000,220.900,0.166,0.000,0.000
"00:45",0.000,0.000,220.900,0.179,0.000,0.000
"01:00",0.000,0.000,221.000,0.166,0.000,0.000
"01:15",0.000,0.000,221.000,0.179,0.000,0.000
"01:30",0.000,0.000,221.000,0.166,0.000,0.000
"01:45",0.000,0.000,221.000,0.179,0.000,0.000
"02:00",0.000,0.000,221.000,0.166,0.000,0.000
"02:15",0.000,0.000,221.000,0.166,0.000,0.000
"02:30",0.000,0.000,221.000,0.179,0.000,0.000
"02:45",0.000,0.000,221.100,0.166,0.000,0.000
"03:00",0.000,0.000,221.100,0.179,0.000,0.000
"03:15",0.000,0.000,221.000,0.166,0.000,0.000
"03:30",0.000,0.000,221.000,0.179,0.000,0.000
"03:45",0.000,0.000,221.000,0.166,0.000,0.000
"04:00",0.000,0.000,221.000,0.179,0.000,0.000
"04:15",0.000,0.000,221.000,0.166,0.000,0.000
"04:30",0.000,0.000,221.100,0.179,0.000,0.000
"04:45",0.000,0.000,221.100,0.166,0.000,0.000
"05:00",0.000,0.000,221.000,0.179,0.000,0.000
"05:15",0.000,0.000,221.100,0.166,0.000,0.000
"05:30",0.000,0.000,221.100,0.179,0.000,0.000
"05:45",0.000,0.000,221.100,0.166,0.000,0.000
"06:00",0.000,0.000,221.100,0.179,0.000,0.000
"06:15",0.000,0.000,221.100,0.166,0.000,0.000
"06:30",0.000,0.000,221.100,0.179,0.000,0.000
"06:45",0.000,0.000,221.100,0.166,0.000,0.000
"07:00",0.000,0.000,221.100,0.179,0.000,0.000
"07:15",0.000,0.000,221.100,0.166,0.000,0.000
"07:30",0.000,0.000,221.100,0.179,0.000,0.000
"07:45",0.051,0.000,221.100,0.038,0.013,0.000
"08:00",1.254,0.000,221.200,0.000,0.000,0.064
"08:15",6.003,0.000,221.600,0.000,0.000,0.038
"08:30",14.643,0.000,222.000,0.000,0.000,0.000
"08:45",24.269,0.000,222.500,0.000,0.000,0.000
"09:00",33.472,0.000,222.900,0.000,0.000,0.000
"09:15",42.202,0.000,222.900,0.000,0.000,0.000
"09:30",50.726,0.000,223.100,0.000,0.000,0.000
"09:45",58.893,0.000,223.300,0.000,0.000,0.000
"10:00",66.330,0.000,223.500,0.000,0.000,0.000
"10:15",73.152,0.000,223.500,0.000,0.000,0.000
"10:30",79.398,0.000,223.600,0.000,0.000,0.000
"10:45",85.235,0.000,223.700,0.000,0.000,0.000
"11:00",90.509,0.000,223.600,0.000,0.000,0.000
"11:15",95.680,0.000,223.400,0.000,0.000,0.000
"11:30",99.968,0.000,223.500,0.000,0.000,0.000
"11:45",103.450,0.000,223.700,0.000,0.000,0.000
"12:00",107.085,0.000,224.000,0.000,0.000,0.000
"12:15",109.645,0.000,224.000,0.000,0.000,0.038
"12:30",111.693,0.000,224.000,0.000,0.000,0.000
"12:45",113.139,0.000,224.000,0.000,0.000,0.000
"13:00",113.882,0.000,224.000,0.000,0.000,0.000
"13:15",113.690,0.000,224.000,0.000,0.000,0.000
"13:30",114.458,0.000,224.000,0.000,0.000,0.000
"13:45",114.227,0.000,224.000,0.000,0.000,0.000
"14:00",113.459,0.000,223.900,0.000,0.000,0.000
"14:15",111.962,0.000,223.400,0.000,0.000,0.000
"14:30",110.861,0.000,223.400,0.000,0.000,0.000
"14:45",109.312,0.000,223.600,0.000,0.000,0.000
"15:00",106.291,0.000,224.000,0.000,0.000,0.000
"15:15",103.680,0.000,224.000,0.000,0.000,0.000
"15:30",100.173,0.000,223.700,0.000,0.000,0.000
"15:45",95.078,0.000,224.200,0.000,0.000,0.013
"16:00",90.586,0.000,224.100,0.000,0.000,0.013
"16:15",85.146,0.000,223.700,0.000,0.000,0.000
"16:30",79.386,0.000,223.300,0.000,0.000,0.000
"16:45",72.576,0.000,223.100,0.000,0.000,0.000
"17:00",65.894,0.000,222.900,0.000,0.000,0.000
"17:15",58.304,0.000,222.800,0.000,0.000,0.000
"17:30",50.496,0.000,222.600,0.000,0.000,0.000
"17:45",42.138,0.000,222.200,0.000,0.000,0.000
"18:00",33.498,0.000,222.500,0.000,0.000,0.013
"18:15",24.666,0.000,222.700,0.000,0.000,0.038
"18:30",15.629,0.000,222.300,0.000,0.000,0.038
"18:45",7.334,0.000,221.800,0.000,0.000,0.064
"19:00",1.254,0.000,221.500,0.000,0.000,0.051
"19:15",0.090,0.013,221.300,0.051,0.000,0.013
"19:30",0.000,0.038,221.300,0.115,0.000,0.000
"19:45",0.000,0.013,221.300,0.154,0.000,0.000
"20:00",0.000,0.000,221.200,0.179,0.000,0.000
"20:15",0.000,0.000,221.200,0.166,0.000,0.000
"20:30",0.000,0.000,221.200,0.179,0.000,0.000
"20:45",0.000,0.000,221.200,0.166,0.000,0.000
"21:00",0.000,0.000,221.200,0.179,0.000,0.000
"21:15",0.000,0.000,221.100,0.166,0.000,0.000
"21:30",0.000,0.000,221.200,0.179,0.000,0.000
"21:45",0.000,0.000,221.200,0.166,0.000,0.000
"22:00",0.000,0.000,221.300,0.179,0.000,0.000
"22:15",0.000,0.000,221.300,0.166,0.000,0.000
"22:30",0.000,0.000,221.400,0.179,0.000,0.000
"22:45",0.000,0.000,221.400,0.166,0.000,0.000
"23:00",0.000,0.000,221.300,0.166,0.000,0.000
"23:15",0.000,0.000,221.100,0.179,0.000,0.000
"23:30",0.000,0.000,220.900,0.166,0.000,0.000
"23:45",0.000,0.000,221.000,0.179,0.000,0.000
" 9/01/26 24:00",0.000,0.000,220.700,0.166,0.000,0.000
