"kwh"
"Time ","AGRIM02P","AGRIM02P","AGRIM02P","AGRIM02P","AGRIM02P","AGRIM02P"
" 1/19/26 00:15",0.000,0.000,220.500,0.192,0.000,0.000
" 1/19/26 00:30",0.000,0.000,220.500,0.179,0.000,0.000
"00:45",0.000,0.000,220.600,0.179,0.000,0.000
"01:00",0.000,0.000,220.600,0.179,0.000,0.000
"01:15",0.000,0.000,220.600,0.192,0.000,0.000
"01:30",0.000,0.000,220.500,0.179,0.000,0.000
"01:45",0.000,0.000,220.500,0.179,0.000,0.000
"02:00",0.000,0.000,220.500,0.179,0.000,0.000
"02:15",0.000,0.000,220.500,0.192,0.000,0.000
"02:30",0.000,0.000,220.600,0.179,0.000,0.000
"02:45",0.000,0.000,220.600,0.179,0.000,0.000
"03:00",0.000,0.000,220.600,0.192,0.000,0.000
"03:15",0.000,0.000,220.500,0.179,0.000,0.000
"03:30",0.000,0.000,220.500,0.179,0.000,0.000
"03:45",0.000,0.000,220.500,0.179,0.000,0.000
"04:00",0.000,0.000,220.500,0.192,0.000,0.000
"04:15",0.000,0.000,220.600,0.179,0.000,0.000
"04:30",0.000,0.000,220.500,0.179,0.000,0.000
"04:45",0.000,0.000,220.500,0.192,0.000,0.000
"05:00",0.000,0.000,220.500,0.179,0.000,0.000
"05:15",0.000,0.000,220.500,0.179,0.000,0.000
"05:30",0.000,0.000,220.500,0.179,0.000,0.000
"05:45",0.000,0.000,220.500,0.192,0.000,0.000
"06:00",0.000,0.000,220.500,0.179,0.000,0.000
"06:15",0.000,0.000,220.500,0.179,0.000,0.000
"06:30",0.000,0.000,220.500,0.179,0.000,0.000
"06:45",0.026,0.000,220.500,0.128,0.000,0.000
"07:00",0.154,0.000,220.500,0.000,0.013,0.013
"07:15",0.627,0.000,220.600,0.000,0.000,0.038
"07:30",2.829,0.000,220.700,0.000,0.000,0.000
"07:45",7.667,0.000,220.900,0.000,0.000,0.000
"08:00",9.741,0.000,220.900,0.000,0.000,0.026
"08:15",13.645,0.000,220.700,0.000,0.000,0.000
"08:30",23.130,0.000,221.300,0.000,0.000,0.000
"08:45",30.899,0.000,221.900,0.000,0.000,0.000
"09:00",38.157,0.000,221.900,0.000,0.000,0.000
"09:15",45.645,0.000,221.900,0.000,0.000,0.000
"09:30",52.851,0.000,221.900,0.000,0.000,0.000
"09:45",59.507,0.000,222.200,0.000,0.000,0.000
"10:00",65.728,0.000,222.600,0.000,0.000,0.000
"10:15",71.206,0.000,222.700,0.000,0.000,0.000
"10:30",76.736,0.000,222.800,0.000,0.000,0.000
"10:45",81.446,0.000,222.800,0.000,0.000,0.000
"11:00",86.170,0.000,222.800,0.000,0.000,0.000
"11:15",90.995,0.000,222.700,0.000,0.000,0.000
"11:30",94.643,0.000,222.700,0.000,0.000,0.000
"11:45",92.685,0.000,222.600,0.000,0.000,0.000
"12:00",81.933,0.000,222.500,0.000,0.000,0.000
"12:15",94.643,0.000,222.600,0.000,0.000,0.000
"12:30",102.016,0.000,222.700,0.000,0.000,0.013
"12:45",103.808,0.000,222.800,0.000,0.000,0.000
"13:00",103.795,0.000,222.700,0.000,0.000,0.000
"13:15",103.936,0.000,222.700,0.000,0.000,0.000
"13:30",104.115,0.000,222.600,0.000,0.000,0.000
"13:45",103.040,0.000,222.600,0.000,0.000,0.000
"14:00",96.781,0.000,222.400,0.000,0.000,0.000
"14:15",104.294,0.000,222.600,0.000,0.000,0.000
"14:30",104.013,0.000,222.400,0.000,0.000,0.000
"14:45",103.642,0.000,222.600,0.000,0.000,0.000
"15:00",102.822,0.000,222.700,0.000,0.000,0.000
"15:15",100.979,0.000,222.600,0.000,0.000,0.000
"15:30",97.254,0.000,222.500,0.000,0.000,0.000
"15:45",94.477,0.000,222.100,0.000,0.000,0.000
"16:00",90.982,0.000,221.800,0.000,0.000,0.000
"16:15",86.592,0.000,221.200,0.000,0.000,0.000
"16:30",82.598,0.000,221.500,0.000,0.000,0.000
"16:45",77.914,0.000,221.500,0.000,0.000,0.000
"17:00",73.114,0.000,221.400,0.000,0.000,0.000
"17:15",67.469,0.000,221.400,0.000,0.000,0.000
"17:30",61.606,0.000,221.000,0.000,0.000,0.026
"17:45",55.539,0.000,220.900,0.000,0.000,0.000
"18:00",48.717,0.000,220.900,0.000,0.000,0.000
"18:15",44.096,0.000,220.900,0.000,0.000,0.013
"18:30",35.622,0.000,220.600,0.000,0.000,0.013
"18:45",28.173,0.000,220.500,0.000,0.000,0.090
"19:00",20.634,0.000,220.200,0.000,0.000,0.038
"19:15",14.080,0.000,220.000,0.000,0.000,0.000
"19:30",8.512,0.000,219.800,0.000,0.000,0.013
"19:45",4.570,0.000,219.500,0.000,0.000,0.000
"20:00",2.330,0.000,219.300,0.000,0.000,0.038
"20:15",1.216,0.000,219.100,0.000,0.000,0.077
"20:30",0.384,0.000,219.000,0.000,0.000,0.090
"20:45",0.013,0.013,218.900,0.090,0.000,0.000
"21:00",0.000,0.013,218.800,0.154,0.000,0.000
"21:15",0.000,0.013,218.900,0.179,0.000,0.000
"21:30",0.000,0.000,218.900,0.179,0.000,0.000
"21:45",0.000,0.000,218.900,0.179,0.000,0.000
"22:00",0.000,0.000,218.900,0.179,0.000,0.000
"22:15",0.000,0.000,218.900,0.179,0.000,0.000
"22:30",0.000,0.000,218.900,0.179,0.000,0.000
"22:45",0.000,0.000,218.900,0.179,0.000,0.000
"23:00",0.000,0.000,218.900,0.179,0.000,0.000
"23:15",0.000,0.000,218.800,0.179,0.000,0.000
"23:30",0.000,0.000,218.600,0.179,0.000,0.000
"23:45",0.000,0.000,218.600,0.192,0.000,0.000
" 1/19/26 24:00",0.000,0.000,218.700,0.179,0.000,0.000
