"kwh"
"Time ","AGRIM02P","AGRIM02P","AGRIM02P","AGRIM02P","AGRIM02P","AGRIM02P"
" 8/03/26 00:15",0.000,0.000,221.600,0.166,0.000,0.000
" 8/03/26 00:30",0.000,0.000,221.600,0.179,0.000,0.000
"00:45",0.000,0.000,221.600,0.166,0.000,0.000
"01:00",0.000,0.000,221.600,0.179,0.000,0.000
"01:15",0.000,0.000,221.600,0.166,0.000,0.000
"01:30",0.000,0.000,221.700,0.179,0.000,0.000
"01:45",0.000,0.000,221.700,0.166,0.000,0.000
"02:00",0.000,0.000,221.700,0.179,0.000,0.000
"02:15",0.000,0.000,221.700,0.166,0.000,0.000
"02:30",0.000,0.000,221.800,0.179,0.000,0.000
"02:45",0.000,0.000,221.800,0.166,0.000,0.000
"03:00",0.000,0.000,221.800,0.166,0.000,0.000
"03:15",0.000,0.000,221.800,0.179,0.000,0.000
"03:30",0.000,0.000,221.800,0.179,0.000,0.000
"03:45",0.000,0.000,221.800,0.166,0.000,0.000
"04:00",0.000,0.000,221.900,0.179,0.000,0.000
"04:15",0.000,0.000,221.800,0.166,0.000,0.000
"04:30",0.000,0.000,221.900,0.166,0.000,0.000
"04:45",0.000,0.000,221.800,0.179,0.000,0.000
"05:00",0.000,0.000,221.800,0.166,0.000,0.000
"05:15",0.000,0.000,221.800,0.179,0.000,0.000
"05:30",0.000,0.000,221.800,0.166,0.000,0.000
"05:45",0.000,0.000,221.800,0.179,0.000,0.000
"06:00",0.000,0.000,221.800,0.179,0.000,0.000
"06:15",0.000,0.000,221.700,0.166,0.000,0.000
"06:30",0.000,0.000,221.600,0.179,0.000,0.000
"06:45",0.000,0.000,221.600,0.166,0.000,0.000
"07:00",0.000,0.000,221.500,0.179,0.000,0.000
"07:15",0.000,0.000,221.600,0.166,0.000,0.000
"07:30",0.000,0.000,221.500,0.179,0.000,0.000
"07:45",0.000,0.000,221.500,0.166,0.000,0.000
"08:00",0.000,0.000,221.500,0.179,0.000,0.000
"08:15",0.000,0.026,221.500,0.115,0.000,0.000
"08:30",0.090,0.000,221.500,0.051,0.000,0.013
"08:45",0.448,0.000,221.300,0.000,0.000,0.038
"09:00",1.280,0.000,221.300,0.000,0.000,0.026
"09:15",3.814,0.000,221.100,0.000,0.000,0.051
"09:30",6.464,0.000,221.100,0.000,0.000,0.051
"09:45",15.475,0.000,221.500,0.000,0.000,0.000
"10:00",12.646,0.000,221.500,0.000,0.000,0.000
"10:15",17.254,0.000,221.700,0.000,0.000,0.000
"10:30",56.781,0.000,222.700,0.000,0.000,0.000
"10:45",67.302,0.000,223.100,0.000,0.000,0.000
"11:00",65.869,0.000,222.900,0.000,0.000,0.000
"11:15",67.699,0.000,222.600,0.000,0.000,0.000
"11:30",39.270,0.000,222.000,0.000,0.000,0.000
"11:45",30.874,0.000,221.800,0.000,0.000,0.000
"12:00",35.469,0.000,221.700,0.000,0.000,0.000
"12:15",34.547,0.000,221.400,0.000,0.000,0.000
"12:30",28.928,0.000,221.300,0.000,0.000,0.000
"12:45",22.259,0.000,221.300,0.000,0.000,0.000
"13:00",32.435,0.000,221.700,0.000,0.000,0.000
"13:15",31.437,0.000,221.900,0.000,0.000,0.013
"13:30",25.587,0.000,221.800,0.000,0.000,0.000
"13:45",30.925,0.000,222.000,0.000,0.000,0.000
"14:00",24.282,0.000,221.900,0.000,0.000,0.000
"14:15",17.946,0.000,221.600,0.000,0.000,0.013
"14:30",20.966,0.000,221.600,0.000,0.000,0.000
"14:45",27.264,0.000,221.700,0.000,0.000,0.000
"15:00",31.437,0.000,221.800,0.000,0.000,0.000
"15:15",35.469,0.000,221.900,0.000,0.000,0.000
"15:30",63.386,0.000,222.900,0.000,0.000,0.000
"15:45",75.136,0.000,223.500,0.000,0.000,0.000
"16:00",74.074,0.000,223.600,0.000,0.000,0.000
"16:15",74.765,0.000,223.600,0.000,0.000,0.000
"16:30",69.478,0.000,223.200,0.000,0.000,0.000
"16:45",54.490,0.000,223.100,0.000,0.000,0.000
"17:00",56.294,0.000,223.100,0.000,0.000,0.000
"17:15",49.677,0.000,223.000,0.000,0.000,0.000
"17:30",41.792,0.000,222.800,0.000,0.000,0.000
"17:45",33.907,0.000,222.500,0.000,0.000,0.000
"18:00",25.638,0.000,222.200,0.000,0.000,0.000
"18:15",16.768,0.000,222.300,0.000,0.000,0.013
"18:30",4.250,0.000,221.900,0.000,0.000,0.090
"18:45",0.998,0.000,221.700,0.000,0.000,0.038
"19:00",0.077,0.013,221.500,0.051,0.000,0.000
"19:15",0.000,0.051,221.500,0.128,0.000,0.000
"19:30",0.000,0.013,221.500,0.154,0.000,0.000
"19:45",0.000,0.000,221.500,0.166,0.000,0.000
"20:00",0.000,0.000,221.400,0.179,0.000,0.000
"20:15",0.000,0.000,221.400,0.166,0.000,0.000
"20:30",0.000,0.000,221.500,0.179,0.000,0.000
"20:45",0.000,0.000,221.500,0.179,0.000,0.000
"21:00",0.000,0.000,221.500,0.166,0.000,0.000
"21:15",0.000,0.000,221.400,0.179,0.000,0.000
"21:30",0.000,0.000,221.500,0.166,0.000,0.000
"21:45",0.000,0.000,221.500,0.179,0.000,0.000
"22:00",0.000,0.000,221.500,0.166,0.000,0.000
"22:15",0.000,0.000,221.500,0.179,0.000,0.000
"22:30",0.000,0.000,221.600,0.179,0.000,0.000
"22:45",0.000,0.000,221.600,0.166,0.000,0.000
"23:00",0.000,0.000,221.600,0.179,0.000,0.000
"23:15",0.000,0.000,221.400,0.166,0.000,0.000
"23:30",0.000,0.000,221.300,0.179,0.000,0.000
"23:45",0.000,0.000,221.300,0.166,0.000,0.000
" 8/03/26 24:00",0.000,0.000,221.300,0.179,0.000,0.000
