"kwh"
"Time ","AGRIM02P","AGRIM02P","AGRIM02P","AGRIM02P","AGRIM02P","AGRIM02P"
" 4/30/26 00:15",0.000,0.000,221.700,0.179,0.000,0.000
" 4/30/26 00:30",0.000,0.000,221.700,0.166,0.000,0.000
"00:45",0.000,0.000,221.800,0.179,0.000,0.000
"01:00",0.000,0.000,221.800,0.166,0.000,0.000
"01:15",0.000,0.000,221.800,0.179,0.000,0.000
"01:30",0.000,0.000,221.800,0.166,0.000,0.000
"01:45",0.000,0.000,221.900,0.179,0.000,0.000
"02:00",0.000,0.000,221.800,0.179,0.000,0.000
"02:15",0.000,0.000,221.800,0.166,0.000,0.000
"02:30",0.000,0.000,221.800,0.179,0.000,0.000
"02:45",0.000,0.000,221.800,0.166,0.000,0.000
"03:00",0.000,0.000,221.800,0.179,0.000,0.000
"03:15",0.000,0.000,221.800,0.166,0.000,0.000
"03:30",0.000,0.000,221.800,0.179,0.000,0.000
"03:45",0.000,0.000,221.800,0.179,0.000,0.000
"04:00",0.000,0.000,221.800,0.166,0.000,0.000
"04:15",0.000,0.000,221.800,0.179,0.000,0.000
"04:30",0.000,0.000,221.900,0.166,0.000,0.000
"04:45",0.000,0.000,221.800,0.179,0.000,0.000
"05:00",0.000,0.000,221.800,0.166,0.000,0.000
"05:15",0.000,0.000,221.900,0.166,0.000,0.000
"05:30",0.000,0.000,221.800,0.179,0.000,0.000
"05:45",0.000,0.000,221.800,0.166,0.000,0.000
"06:00",0.000,0.000,221.900,0.179,0.000,0.000
"06:15",0.000,0.000,221.800,0.179,0.000,0.000
"06:30",0.000,0.000,221.900,0.166,0.000,0.000
"06:45",0.000,0.000,221.800,0.179,0.000,0.000
"07:00",0.000,0.000,221.800,0.166,0.000,0.000
"07:15",0.000,0.000,221.800,0.179,0.000,0.000
"07:30",0.000,0.000,221.700,0.166,0.000,0.000
"07:45",0.000,0.000,221.700,0.179,0.000,0.000
"08:00",0.026,0.013,221.700,0.051,0.013,0.000
"08:15",0.947,0.000,221.700,0.000,0.000,0.064
"08:30",5.158,0.000,221.600,0.000,0.000,0.064
"08:45",14.861,0.000,221.900,0.000,0.000,0.000
"09:00",23.898,0.000,222.400,0.000,0.000,0.000
"09:15",32.269,0.000,222.800,0.000,0.000,0.000
"09:30",40.346,0.000,223.100,0.000,0.000,0.000
"09:45",48.179,0.000,223.300,0.000,0.000,0.000
"10:00",55.565,0.000,223.500,0.000,0.000,0.000
"10:15",61.888,0.000,223.500,0.000,0.000,0.000
"10:30",67.904,0.000,223.600,0.000,0.000,0.000
"10:45",73.702,0.000,223.700,0.000,0.000,0.000
"11:00",79.091,0.000,223.800,0.000,0.000,0.000
"11:15",84.070,0.000,223.900,0.000,0.000,0.013
"11:30",88.154,0.000,224.000,0.000,0.000,0.000
"11:45",92.211,0.000,224.000,0.000,0.000,0.000
"12:00",95.334,0.000,224.000,0.000,0.000,0.051
"12:15",98.278,0.000,224.100,0.000,0.000,0.000
"12:30",100.634,0.000,224.100,0.000,0.000,0.000
"12:45",101.094,0.000,224.100,0.000,0.000,0.000
"13:00",104.141,0.000,224.200,0.000,0.000,0.000
"13:15",105.216,0.000,224.200,0.000,0.000,0.000
"13:30",105.920,0.000,224.200,0.000,0.000,0.000
"13:45",106.202,0.000,224.200,0.000,0.000,0.000
"14:00",105.549,0.000,224.200,0.000,0.000,0.000
"14:15",104.243,0.000,224.100,0.000,0.000,0.064
"14:30",101.645,0.000,224.100,0.000,0.000,0.000
"14:45",98.662,0.000,224.100,0.000,0.000,0.000
"15:00",96.346,0.000,224.100,0.000,0.000,0.000
"15:15",90.138,0.000,224.000,0.000,0.000,0.013
"15:30",89.510,0.000,224.100,0.000,0.000,0.013
"15:45",85.939,0.000,224.000,0.000,0.000,0.000
"16:00",80.435,0.000,224.000,0.000,0.000,0.013
"16:15",75.008,0.000,223.800,0.000,0.000,0.013
"16:30",68.915,0.000,223.700,0.000,0.000,0.000
"16:45",62.157,0.000,223.600,0.000,0.000,0.013
"17:00",54.976,0.000,223.500,0.000,0.000,0.000
"17:15",47.514,0.000,223.300,0.000,0.000,0.000
"17:30",39.578,0.000,223.000,0.000,0.000,0.000
"17:45",31.488,0.000,222.700,0.000,0.000,0.000
"18:00",23.245,0.000,222.300,0.000,0.000,0.013
"18:15",14.310,0.000,221.900,0.000,0.000,0.013
"18:30",3.904,0.000,221.500,0.000,0.000,0.077
"18:45",0.474,0.000,221.300,0.000,0.000,0.013
"19:00",0.051,0.013,221.300,0.077,0.000,0.000
"19:15",0.000,0.038,221.300,0.115,0.000,0.000
"19:30",0.000,0.000,221.200,0.166,0.000,0.000
"19:45",0.000,0.000,221.200,0.166,0.000,0.000
"20:00",0.000,0.000,221.100,0.179,0.000,0.000
"20:15",0.000,0.000,221.100,0.166,0.000,0.000
"20:30",0.000,0.000,221.100,0.179,0.000,0.000
"20:45",0.000,0.000,221.100,0.166,0.000,0.000
"21:00",0.000,0.000,221.100,0.179,0.000,0.000
"21:15",0.000,0.000,221.100,0.166,0.000,0.000
"21:30",0.000,0.000,221.100,0.179,0.000,0.000
"21:45",0.000,0.000,221.100,0.166,0.000,0.000
"22:00",0.000,0.000,221.200,0.179,0.000,0.000
"22:15",0.000,0.000,221.200,0.166,0.000,0.000
"22:30",0.000,0.000,221.300,0.179,0.000,0.000
"22:45",0.000,0.000,221.200,0.166,0.000,0.000
"23:00",0.000,0.000,221.300,0.179,0.000,0.000
"23:15",0.000,0.000,221.200,0.166,0.000,0.000
"23:30",0.000,0.000,221.300,0.179,0.000,0.000
"23:45",0.000,0.000,221.400,0.166,0.000,0.000
" 4/30/26 24:00",0.000,0.000,221.300,0.179,0.000,0.000
