"kwh"
"Time ","AGRIM02P","AGRIM02P","AGRIM02P","AGRIM02P","AGRIM02P","AGRIM02P"
" 2/12/26 00:15",0.000,0.000,219.200,0.179,0.000,0.000
" 2/12/26 00:30",0.000,0.000,219.200,0.179,0.000,0.000
"00:45",0.000,0.000,219.200,0.179,0.000,0.000
"01:00",0.000,0.000,219.200,0.179,0.000,0.000
"01:15",0.000,0.000,219.200,0.179,0.000,0.000
"01:30",0.000,0.000,219.300,0.192,0.000,0.000
"01:45",0.000,0.000,219.300,0.179,0.000,0.000
"02:00",0.000,0.000,219.300,0.179,0.000,0.000
"02:15",0.000,0.000,219.200,0.179,0.000,0.000
"02:30",0.000,0.000,219.200,0.179,0.000,0.000
"02:45",0.000,0.000,219.300,0.179,0.000,0.000
"03:00",0.000,0.000,219.300,0.179,0.000,0.000
"03:15",0.000,0.000,219.300,0.179,0.000,0.000
"03:30",0.000,0.000,219.300,0.192,0.000,0.000
"03:45",0.000,0.000,219.300,0.179,0.000,0.000
"04:00",0.000,0.000,219.300,0.179,0.000,0.000
"04:15",0.000,0.000,219.400,0.179,0.000,0.000
"04:30",0.000,0.000,219.400,0.179,0.000,0.000
"04:45",0.000,0.000,219.400,0.179,0.000,0.000
"05:00",0.000,0.000,219.300,0.179,0.000,0.000
"05:15",0.000,0.000,219.300,0.179,0.000,0.000
"05:30",0.000,0.000,219.300,0.179,0.000,0.000
"05:45",0.000,0.000,219.300,0.192,0.000,0.000
"06:00",0.000,0.000,219.300,0.179,0.000,0.000
"06:15",0.000,0.000,219.300,0.179,0.000,0.000
"06:30",0.000,0.000,219.200,0.179,0.000,0.000
"06:45",0.000,0.000,219.100,0.179,0.000,0.000
"07:00",0.000,0.000,219.200,0.179,0.000,0.000
"07:15",0.115,0.000,219.300,0.064,0.000,0.000
"07:30",0.730,0.000,219.600,0.000,0.000,0.026
"07:45",1.882,0.000,219.600,0.000,0.000,0.026
"08:00",3.584,0.000,219.600,0.000,0.000,0.000
"08:15",10.893,0.000,219.900,0.000,0.000,0.000
"08:30",11.814,0.000,220.000,0.000,0.000,0.000
"08:45",11.366,0.000,220.000,0.000,0.000,0.000
"09:00",25.382,0.000,220.300,0.000,0.000,0.205
"09:15",27.123,0.000,220.600,0.000,0.000,0.013
"09:30",24.013,0.000,220.200,0.000,0.000,0.000
"09:45",52.339,0.000,220.600,0.000,0.000,0.000
"10:00",56.294,0.000,221.300,0.000,0.000,0.013
"10:15",31.974,0.000,220.900,0.000,0.000,0.000
"10:30",27.994,0.000,220.700,0.000,0.000,0.000
"10:45",38.272,0.000,220.700,0.000,0.000,0.000
"11:00",37.875,0.000,220.900,0.000,0.000,0.000
"11:15",45.632,0.000,221.000,0.000,0.000,0.000
"11:30",74.867,0.000,221.600,0.000,0.000,0.013
"11:45",70.861,0.000,221.700,0.000,0.000,0.000
"12:00",81.907,0.000,221.900,0.000,0.000,0.000
"12:15",77.632,0.000,221.800,0.000,0.000,0.013
"12:30",102.669,0.000,222.200,0.000,0.000,0.000
"12:45",99.430,0.000,222.100,0.000,0.000,0.013
"13:00",102.669,0.000,222.200,0.000,0.000,0.000
"13:15",102.746,0.000,222.200,0.000,0.000,0.013
"13:30",102.963,0.000,222.200,0.000,0.000,0.000
"13:45",103.501,0.000,222.200,0.000,0.000,0.000
"14:00",101.747,0.000,222.100,0.000,0.000,0.000
"14:15",103.846,0.000,222.100,0.000,0.000,0.013
"14:30",58.893,0.000,220.800,0.000,0.000,0.000
"14:45",80.358,0.000,221.000,0.000,0.000,0.000
"15:00",22.797,0.000,220.700,0.000,0.000,0.064
"15:15",49.754,0.000,220.500,0.000,0.000,0.000
"15:30",24.371,0.000,220.500,0.000,0.000,0.013
"15:45",24.973,0.000,219.900,0.000,0.000,0.000
"16:00",57.037,0.000,220.800,0.000,0.000,0.000
"16:15",37.568,0.000,220.200,0.000,0.000,0.013
"16:30",83.059,0.000,221.000,0.000,0.000,0.000
"16:45",79.936,0.000,221.200,0.000,0.000,0.000
"17:00",73.536,0.000,221.200,0.000,0.000,0.000
"17:15",67.392,0.000,221.100,0.000,0.000,0.013
"17:30",61.043,0.000,221.000,0.000,0.000,0.000
"17:45",54.272,0.000,220.900,0.000,0.000,0.013
"18:00",47.795,0.000,220.900,0.000,0.000,0.000
"18:15",40.755,0.000,220.800,0.000,0.000,0.026
"18:30",33.459,0.000,220.600,0.000,0.000,0.013
"18:45",26.022,0.000,220.400,0.000,0.000,0.000
"19:00",18.726,0.000,220.100,0.000,0.000,0.000
"19:15",12.237,0.000,219.800,0.000,0.000,0.000
"19:30",6.976,0.000,219.500,0.000,0.000,0.013
"19:45",3.571,0.000,219.200,0.000,0.000,0.038
"20:00",1.434,0.000,219.000,0.000,0.000,0.077
"20:15",0.307,0.000,218.900,0.000,0.000,0.051
"20:30",0.000,0.013,218.900,0.102,0.000,0.000
"20:45",0.000,0.026,218.800,0.154,0.000,0.000
"21:00",0.000,0.000,218.800,0.179,0.000,0.000
"21:15",0.000,0.000,218.800,0.179,0.000,0.000
"21:30",0.000,0.000,218.900,0.179,0.000,0.000
"21:45",0.000,0.000,218.800,0.179,0.000,0.000
"22:00",0.000,0.000,218.900,0.179,0.000,0.000
"22:15",0.000,0.000,218.800,0.192,0.000,0.000
"22:30",0.000,0.000,218.800,0.179,0.000,0.000
"22:45",0.000,0.000,218.800,0.179,0.000,0.000
"23:00",0.000,0.000,218.900,0.179,0.000,0.000
"23:15",0.000,0.000,218.800,0.179,0.000,0.000
"23:30",0.000,0.000,218.700,0.179,0.000,0.000
"23:45",0.000,0.000,218.700,0.179,0.000,0.000
" 2/12/26 24:00",0.000,0.000,218.700,0.179,0.000,0.000
