"kwh"
"Time ","AGRIM02P","AGRIM02P","AGRIM02P","AGRIM02P","AGRIM02P","AGRIM02P"
" 1/04/26 00:15",0.000,0.000,219.300,0.179,0.000,0.000
" 1/04/26 00:30",0.000,0.000,219.300,0.179,0.000,0.000
"00:45",0.000,0.000,219.400,0.179,0.000,0.000
"01:00",0.000,0.000,219.400,0.179,0.000,0.000
"01:15",0.000,0.000,219.200,0.179,0.000,0.000
"01:30",0.000,0.000,219.100,0.192,0.000,0.000
"01:45",0.000,0.000,219.100,0.179,0.000,0.000
"02:00",0.000,0.000,219.100,0.179,0.000,0.000
"02:15",0.000,0.000,219.100,0.179,0.000,0.000
"02:30",0.000,0.000,219.100,0.179,0.000,0.000
"02:45",0.000,0.000,219.200,0.179,0.000,0.000
"03:00",0.000,0.000,219.200,0.179,0.000,0.000
"03:15",0.000,0.000,219.100,0.179,0.000,0.000
"03:30",0.000,0.000,219.100,0.179,0.000,0.000
"03:45",0.000,0.000,219.100,0.192,0.000,0.000
"04:00",0.000,0.000,219.100,0.179,0.000,0.000
"04:15",0.000,0.000,219.100,0.179,0.000,0.000
"04:30",0.000,0.000,219.200,0.179,0.000,0.000
"04:45",0.000,0.000,219.200,0.179,0.000,0.000
"05:00",0.000,0.000,219.200,0.179,0.000,0.000
"05:15",0.000,0.000,219.200,0.179,0.000,0.000
"05:30",0.000,0.000,219.200,0.192,0.000,0.000
"05:45",0.000,0.000,219.300,0.179,0.000,0.000
"06:00",0.000,0.000,219.300,0.179,0.000,0.000
"06:15",0.000,0.000,219.200,0.179,0.000,0.000
"06:30",0.077,0.000,219.200,0.102,0.000,0.000
"06:45",0.602,0.000,219.300,0.000,0.000,0.013
"07:00",1.408,0.000,219.400,0.000,0.000,0.013
"07:15",2.445,0.000,219.900,0.000,0.000,0.000
"07:30",4.262,0.000,220.100,0.000,0.000,0.000
"07:45",8.243,0.000,220.400,0.000,0.000,0.000
"08:00",14.003,0.000,220.300,0.000,0.000,0.000
"08:15",20.672,0.000,220.200,0.000,0.000,0.000
"08:30",27.789,0.000,220.100,0.000,0.000,0.000
"08:45",35.264,0.000,220.200,0.000,0.000,0.000
"09:00",42.624,0.000,220.500,0.000,0.000,0.000
"09:15",49.715,0.000,220.900,0.000,0.000,0.000
"09:30",56.538,0.000,221.200,0.000,0.000,0.000
"09:45",63.155,0.000,221.300,0.000,0.000,0.000
"10:00",69.402,0.000,221.400,0.000,0.000,0.038
"10:15",75.174,0.000,221.500,0.000,0.000,0.013
"10:30",80.333,0.000,221.600,0.000,0.000,0.000
"10:45",85.056,0.000,221.700,0.000,0.000,0.000
"11:00",89.088,0.000,221.700,0.000,0.000,0.000
"11:15",92.762,0.000,221.900,0.000,0.000,0.000
"11:30",95.501,0.000,222.200,0.000,0.000,0.026
"11:45",98.163,0.000,222.200,0.000,0.000,0.000
"12:00",100.582,0.000,222.200,0.000,0.000,0.000
"12:15",102.464,0.000,222.300,0.000,0.000,0.000
"12:30",103.437,0.000,222.300,0.000,0.000,0.000
"12:45",103.616,0.000,222.300,0.000,0.000,0.000
"13:00",103.974,0.000,222.300,0.000,0.000,0.000
"13:15",104.077,0.000,222.300,0.000,0.000,0.000
"13:30",104.115,0.000,222.300,0.000,0.000,0.000
"13:45",104.064,0.000,222.300,0.000,0.000,0.000
"14:00",103.757,0.000,222.300,0.000,0.000,0.013
"14:15",103.578,0.000,222.300,0.000,0.000,0.000
"14:30",103.360,0.000,222.200,0.000,0.000,0.000
"14:45",102.733,0.000,222.200,0.000,0.000,0.000
"15:00",100.429,0.000,222.300,0.000,0.000,0.000
"15:15",98.189,0.000,222.300,0.000,0.000,0.000
"15:30",95.795,0.000,222.300,0.000,0.000,0.000
"15:45",92.352,0.000,222.300,0.000,0.000,0.000
"16:00",89.216,0.000,222.200,0.000,0.000,0.000
"16:15",84.749,0.000,222.100,0.000,0.000,0.000
"16:30",79.949,0.000,222.100,0.000,0.000,0.000
"16:45",75.802,0.000,222.000,0.000,0.000,0.000
"17:00",70.400,0.000,221.900,0.000,0.000,0.000
"17:15",64.742,0.000,221.800,0.000,0.000,0.000
"17:30",59.021,0.000,221.700,0.000,0.000,0.000
"17:45",52.954,0.000,221.700,0.000,0.000,0.000
"18:00",46.208,0.000,221.500,0.000,0.000,0.000
"18:15",39.424,0.000,221.400,0.000,0.000,0.000
"18:30",32.384,0.000,221.300,0.000,0.000,0.000
"18:45",25.562,0.000,221.200,0.000,0.000,0.000
"19:00",18.893,0.000,221.000,0.000,0.000,0.000
"19:15",12.902,0.000,220.700,0.000,0.000,0.038
"19:30",8.051,0.000,220.400,0.000,0.000,0.013
"19:45",4.787,0.000,220.100,0.000,0.000,0.013
"20:00",2.931,0.000,219.800,0.000,0.000,0.090
"20:15",1.536,0.000,219.600,0.000,0.000,0.154
"20:30",0.486,0.000,219.500,0.000,0.000,0.179
"20:45",0.013,0.026,219.500,0.064,0.000,0.000
"21:00",0.000,0.026,219.400,0.154,0.000,0.000
"21:15",0.000,0.013,219.400,0.166,0.000,0.000
"21:30",0.000,0.000,219.400,0.179,0.000,0.000
"21:45",0.000,0.000,219.400,0.179,0.000,0.000
"22:00",0.000,0.000,219.400,0.192,0.000,0.000
"22:15",0.000,0.000,219.400,0.179,0.000,0.000
"22:30",0.000,0.000,219.500,0.179,0.000,0.000
"22:45",0.000,0.000,219.400,0.179,0.000,0.000
"23:00",0.000,0.000,219.400,0.179,0.000,0.000
"23:15",0.000,0.000,219.300,0.179,0.000,0.000
"23:30",0.000,0.000,219.300,0.179,0.000,0.000
"23:45",0.000,0.000,219.200,0.192,0.000,0.000
" 1/04/26 24:00",0.000,0.000,219.300,0.179,0.000,0.000
