"kwh"
"Time ","AGRIM02P","AGRIM02P","AGRIM02P","AGRIM02P","AGRIM02P","AGRIM02P"
" 3/21/26 00:15",0.000,0.000,0.000,0.000,0.000,0.000
" 3/21/26 00:30",0.000,0.000,0.000,0.000,0.000,0.000
"00:45",0.000,0.000,0.000,0.000,0.000,0.000
"01:00",0.000,0.000,0.000,0.000,0.000,0.000
"01:15",0.000,0.000,0.000,0.000,0.000,0.000
"01:30",0.000,0.000,0.000,0.000,0.000,0.000
"01:45",0.000,0.000,0.000,0.000,0.000,0.000
"02:00",0.000,0.000,0.000,0.000,0.000,0.000
"02:15",0.000,0.000,0.000,0.000,0.000,0.000
"02:30",0.000,0.000,0.000,0.000,0.000,0.000
"02:45",0.000,0.000,0.000,0.000,0.000,0.000
"03:00",0.000,0.000,0.000,0.000,0.000,0.000
"03:15",0.000,0.000,0.000,0.000,0.000,0.000
"03:30",0.000,0.000,0.000,0.000,0.000,0.000
"03:45",0.000,0.000,0.000,0.000,0.000,0.000
"04:00",0.000,0.000,0.000,0.000,0.000,0.000
"04:15",0.000,0.000,0.000,0.000,0.000,0.000
"04:30",0.000,0.000,0.000,0.000,0.000,0.000
"04:45",0.000,0.000,0.000,0.000,0.000,0.000
"05:00",0.000,0.000,0.000,0.000,0.000,0.000
"05:15",0.000,0.000,0.000,0.000,0.000,0.000
"05:30",0.000,0.000,0.000,0.000,0.000,0.000
"05:45",0.000,0.000,0.000,0.000,0.000,0.000
"06:00",0.000,0.000,0.000,0.000,0.000,0.000
"06:15",0.000,0.000,0.000,0.000,0.000,0.000
"06:30",0.000,0.000,0.000,0.000,0.000,0.000
"06:45",0.000,0.000,0.000,0.000,0.000,0.000
"07:00",0.000,0.000,0.000,0.000,0.000,0.000
"07:15",0.000,0.000,0.000,0.000,0.000,0.000
"07:30",0.000,0.000,0.000,0.000,0.000,0.000
"07:45",0.000,0.000,0.000,0.000,0.000,0.000
"08:00",0.000,0.000,0.000,0.000,0.000,0.000
"08:15",0.000,0.000,0.000,0.000,0.000,0.000
"08:30",0.000,0.000,0.000,0.000,0.000,0.000
"08:45",0.000,0.000,0.000,0.000,0.000,0.000
"09:00",0.000,0.000,0.000,0.000,0.000,0.000
"09:15",0.000,0.000,0.000,0.000,0.000,0.000
"09:30",0.000,0.000,29.700,0.026,0.000,0.000
"09:45",1.088,0.000,167.100,0.090,0.000,0.000
"10:00",21.670,0.000,222.900,0.000,0.000,0.000
"10:15",46.822,0.000,223.300,0.000,0.000,0.000
"10:30",56.307,0.000,224.000,0.000,0.000,0.000
"10:45",60.672,0.000,224.200,0.000,0.000,0.000
"11:00",64.691,0.000,224.000,0.000,0.000,0.000
"11:15",67.098,0.000,224.300,0.000,0.000,0.000
"11:30",70.259,0.000,224.300,0.000,0.000,0.000
"11:45",72.358,0.000,224.300,0.000,0.000,0.000
"12:00",73.818,0.000,224.400,0.000,0.000,0.013
"12:15",74.560,0.000,224.400,0.000,0.000,0.000
"12:30",76.467,0.000,224.300,0.000,0.000,0.000
"12:45",76.160,0.000,224.500,0.000,0.000,0.013
"13:00",76.902,0.000,224.300,0.000,0.000,0.013
"13:15",77.581,0.000,224.600,0.000,0.000,0.000
"13:30",77.798,0.000,224.500,0.000,0.000,0.013
"13:45",70.387,0.000,224.300,0.000,0.000,0.026
"14:00",76.211,0.000,224.500,0.000,0.000,0.013
"14:15",75.469,0.000,224.500,0.000,0.000,0.038
"14:30",77.222,0.000,224.600,0.000,0.000,0.038
"14:45",76.160,0.000,224.500,0.000,0.000,0.038
"15:00",75.661,0.000,224.500,0.000,0.000,0.026
"15:15",73.331,0.000,224.500,0.000,0.000,0.192
"15:30",70.938,0.000,224.400,0.000,0.000,0.013
"15:45",68.966,0.000,224.400,0.000,0.000,0.013
"16:00",66.470,0.000,224.300,0.000,0.000,0.102
"16:15",62.822,0.000,224.200,0.000,0.000,0.512
"16:30",58.880,0.000,224.200,0.000,0.000,0.051
"16:45",55.027,0.000,224.100,0.000,0.000,0.102
"17:00",50.458,0.000,224.000,0.000,0.000,0.000
"17:15",45.594,0.000,223.900,0.000,0.000,0.013
"17:30",40.410,0.000,223.800,0.000,0.000,0.013
"17:45",35.046,0.000,223.700,0.000,0.000,0.000
"18:00",29.440,0.000,223.500,0.000,0.000,0.000
"18:15",23.526,0.000,223.200,0.000,0.000,0.000
"18:30",17.562,0.000,222.900,0.000,0.000,0.000
"18:45",11.840,0.000,222.500,0.000,0.000,0.000
"19:00",6.630,0.000,222.200,0.000,0.000,0.000
"19:15",2.586,0.000,221.800,0.000,0.000,0.000
"19:30",0.384,0.000,221.700,0.000,0.000,0.000
"19:45",0.038,0.013,221.600,0.077,0.000,0.000
"20:00",0.000,0.026,221.400,0.154,0.000,0.000
"20:15",0.000,0.000,221.300,0.179,0.000,0.000
"20:30",0.000,0.000,221.400,0.192,0.000,0.000
"20:45",0.000,0.000,221.400,0.179,0.000,0.000
"21:00",0.000,0.000,221.500,0.192,0.000,0.000
"21:15",0.000,0.000,221.500,0.179,0.000,0.000
"21:30",0.000,0.000,221.500,0.179,0.000,0.000
"21:45",0.000,0.000,221.500,0.192,0.000,0.000
"22:00",0.000,0.000,221.600,0.179,0.000,0.000
"22:15",0.000,0.000,221.600,0.192,0.000,0.000
"22:30",0.000,0.000,221.500,0.179,0.000,0.000
"22:45",0.000,0.000,221.600,0.192,0.000,0.000
"23:00",0.000,0.000,221.600,0.192,0.000,0.000
"23:15",0.000,0.000,221.600,0.179,0.000,0.000
"23:30",0.000,0.000,221.600,0.179,0.000,0.000
"23:45",0.000,0.000,221.600,0.192,0.000,0.000
" 3/21/26 24:00",0.000,0.000,221.500,0.179,0.000,0.000
