"kwh"
"Time ","AGRIM02P","AGRIM02P","AGRIM02P","AGRIM02P","AGRIM02P","AGRIM02P"
" 3/10/26 00:15",0.000,0.000,221.700,0.179,0.000,0.000
" 3/10/26 00:30",0.000,0.000,221.700,0.192,0.000,0.000
"00:45",0.000,0.000,221.700,0.179,0.000,0.000
"01:00",0.000,0.000,221.800,0.192,0.000,0.000
"01:15",0.000,0.000,221.800,0.179,0.000,0.000
"01:30",0.000,0.000,221.900,0.192,0.000,0.000
"01:45",0.000,0.000,221.800,0.179,0.000,0.000
"02:00",0.000,0.000,221.800,0.192,0.000,0.000
"02:15",0.000,0.000,221.800,0.179,0.000,0.000
"02:30",0.000,0.000,221.800,0.179,0.000,0.000
"02:45",0.000,0.000,221.800,0.192,0.000,0.000
"03:00",0.000,0.000,221.900,0.179,0.000,0.000
"03:15",0.000,0.000,221.800,0.192,0.000,0.000
"03:30",0.000,0.000,221.800,0.179,0.000,0.000
"03:45",0.000,0.000,221.800,0.192,0.000,0.000
"04:00",0.000,0.000,221.800,0.179,0.000,0.000
"04:15",0.000,0.000,221.800,0.192,0.000,0.000
"04:30",0.000,0.000,221.800,0.179,0.000,0.000
"04:45",0.000,0.000,221.800,0.179,0.000,0.000
"05:00",0.000,0.000,221.800,0.192,0.000,0.000
"05:15",0.000,0.000,221.800,0.179,0.000,0.000
"05:30",0.000,0.000,221.800,0.192,0.000,0.000
"05:45",0.000,0.000,221.800,0.179,0.000,0.000
"06:00",0.000,0.000,221.800,0.192,0.000,0.000
"06:15",0.000,0.000,221.800,0.179,0.000,0.000
"06:30",0.000,0.000,221.700,0.192,0.000,0.000
"06:45",0.000,0.000,221.700,0.179,0.000,0.000
"07:00",0.000,0.000,221.700,0.179,0.000,0.000
"07:15",0.000,0.000,221.700,0.192,0.000,0.000
"07:30",0.064,0.000,221.700,0.090,0.000,0.000
"07:45",0.691,0.000,221.800,0.000,0.000,0.026
"08:00",3.469,0.000,221.900,0.000,0.000,0.064
"08:15",8.397,0.000,222.200,0.000,0.000,0.038
"08:30",15.027,0.000,222.400,0.000,0.000,0.013
"08:45",16.973,0.000,222.700,0.000,0.000,0.013
"09:00",21.542,0.000,222.900,0.000,0.000,0.000
"09:15",22.733,0.000,222.900,0.000,0.000,0.000
"09:30",25.088,0.000,222.700,0.000,0.000,0.013
"09:45",21.709,0.000,222.500,0.000,0.000,0.000
"10:00",23.181,0.000,222.600,0.000,0.000,0.000
"10:15",21.133,0.000,222.600,0.000,0.000,0.000
"10:30",20.570,0.000,222.600,0.000,0.000,0.013
"10:45",25.997,0.000,222.800,0.000,0.000,0.000
"11:00",33.920,0.000,222.900,0.000,0.000,0.000
"11:15",38.310,0.000,223.300,0.000,0.000,0.000
"11:30",50.150,0.000,223.400,0.000,0.000,0.000
"11:45",48.051,0.000,223.500,0.000,0.000,0.000
"12:00",30.182,0.000,223.100,0.000,0.000,0.013
"12:15",30.259,0.000,223.100,0.000,0.000,0.000
"12:30",48.781,0.000,223.500,0.000,0.000,0.000
"12:45",55.757,0.000,223.600,0.000,0.000,0.000
"13:00",15.398,0.000,222.700,0.000,0.000,0.013
"13:15",7.040,0.000,222.300,0.000,0.000,0.038
"13:30",16.730,0.000,222.700,0.000,0.000,0.013
"13:45",15.910,0.000,222.500,0.000,0.000,0.026
"14:00",14.963,0.000,222.400,0.000,0.000,0.038
"14:15",14.323,0.000,222.400,0.000,0.000,0.026
"14:30",24.576,0.000,222.600,0.000,0.000,0.000
"14:45",11.686,0.000,222.300,0.000,0.000,0.013
"15:00",16.154,0.000,222.200,0.000,0.000,0.013
"15:15",5.542,0.000,222.100,0.000,0.000,0.013
"15:30",5.402,0.000,222.100,0.000,0.000,0.013
"15:45",4.838,0.000,222.000,0.000,0.000,0.026
"16:00",4.480,0.000,221.900,0.000,0.000,0.038
"16:15",6.566,0.000,222.100,0.000,0.000,0.026
"16:30",8.038,0.000,222.100,0.000,0.000,0.000
"16:45",10.957,0.000,222.200,0.000,0.000,0.013
"17:00",8.448,0.000,222.200,0.000,0.000,0.013
"17:15",15.603,0.000,222.500,0.000,0.000,0.013
"17:30",19.584,0.000,222.700,0.000,0.000,0.013
"17:45",11.866,0.000,222.600,0.000,0.000,0.038
"18:00",15.053,0.000,222.300,0.000,0.000,0.000
"18:15",10.138,0.000,222.100,0.000,0.000,0.128
"18:30",8.922,0.000,222.200,0.000,0.000,0.026
"18:45",5.786,0.000,222.100,0.000,0.000,0.038
"19:00",3.635,0.000,221.900,0.000,0.000,0.038
"19:15",2.918,0.000,221.900,0.000,0.000,0.038
"19:30",0.384,0.000,221.900,0.013,0.000,0.026
"19:45",0.000,0.013,221.900,0.166,0.000,0.000
"20:00",0.000,0.013,221.900,0.154,0.000,0.000
"20:15",0.000,0.013,221.800,0.166,0.000,0.000
"20:30",0.000,0.000,221.800,0.179,0.000,0.000
"20:45",0.000,0.000,221.700,0.192,0.000,0.000
"21:00",0.000,0.000,221.700,0.179,0.000,0.000
"21:15",0.000,0.000,221.700,0.192,0.000,0.000
"21:30",0.000,0.000,221.700,0.179,0.000,0.000
"21:45",0.000,0.000,221.700,0.192,0.000,0.000
"22:00",0.000,0.000,221.800,0.179,0.000,0.000
"22:15",0.000,0.000,221.900,0.192,0.000,0.000
"22:30",0.000,0.000,221.900,0.179,0.000,0.000
"22:45",0.000,0.000,221.900,0.192,0.000,0.000
"23:00",0.000,0.000,221.900,0.179,0.000,0.000
"23:15",0.000,0.000,221.900,0.192,0.000,0.000
"23:30",0.000,0.000,221.900,0.179,0.000,0.000
"23:45",0.000,0.000,221.900,0.192,0.000,0.000
" 3/10/26 24:00",0.000,0.000,221.900,0.179,0.000,0.000
