"kwh"
"Time ","AGRIM02P","AGRIM02P","AGRIM02P","AGRIM02P","AGRIM02P","AGRIM02P"
" 3/11/26 00:15",0.000,0.000,221.900,0.192,0.000,0.000
" 3/11/26 00:30",0.000,0.000,221.900,0.179,0.000,0.000
"00:45",0.000,0.000,221.900,0.179,0.000,0.000
"01:00",0.000,0.000,221.900,0.192,0.000,0.000
"01:15",0.000,0.000,221.900,0.179,0.000,0.000
"01:30",0.000,0.000,221.800,0.192,0.000,0.000
"01:45",0.000,0.000,221.800,0.179,0.000,0.000
"02:00",0.000,0.000,221.800,0.192,0.000,0.000
"02:15",0.000,0.000,221.800,0.179,0.000,0.000
"02:30",0.000,0.000,221.900,0.192,0.000,0.000
"02:45",0.000,0.000,221.900,0.179,0.000,0.000
"03:00",0.000,0.000,221.900,0.179,0.000,0.000
"03:15",0.000,0.000,221.900,0.192,0.000,0.000
"03:30",0.000,0.000,221.900,0.179,0.000,0.000
"03:45",0.000,0.000,221.900,0.192,0.000,0.000
"04:00",0.000,0.000,221.900,0.179,0.000,0.000
"04:15",0.000,0.000,221.900,0.192,0.000,0.000
"04:30",0.000,0.000,221.900,0.179,0.000,0.000
"04:45",0.000,0.000,221.900,0.192,0.000,0.000
"05:00",0.000,0.000,222.000,0.179,0.000,0.000
"05:15",0.000,0.000,221.900,0.192,0.000,0.000
"05:30",0.000,0.000,221.900,0.179,0.000,0.000
"05:45",0.000,0.000,221.900,0.179,0.000,0.000
"06:00",0.000,0.000,221.900,0.192,0.000,0.000
"06:15",0.000,0.000,221.900,0.192,0.000,0.000
"06:30",0.000,0.000,221.800,0.179,0.000,0.000
"06:45",0.000,0.000,221.800,0.179,0.000,0.000
"07:00",0.000,0.000,221.800,0.192,0.000,0.000
"07:15",0.000,0.000,221.800,0.179,0.000,0.000
"07:30",0.026,0.000,221.800,0.141,0.000,0.000
"07:45",0.538,0.000,221.900,0.000,0.000,0.026
"08:00",2.074,0.000,222.000,0.000,0.000,0.051
"08:15",3.891,0.000,222.100,0.000,0.000,0.000
"08:30",12.096,0.000,222.200,0.000,0.000,0.000
"08:45",15.795,0.000,222.400,0.000,0.000,0.000
"09:00",15.744,0.000,222.500,0.000,0.000,0.013
"09:15",24.602,0.000,222.700,0.000,0.000,0.000
"09:30",28.058,0.000,222.600,0.000,0.000,0.000
"09:45",24.768,0.000,222.400,0.000,0.000,0.000
"10:00",21.491,0.000,222.300,0.000,0.000,0.000
"10:15",18.906,0.000,222.300,0.000,0.000,0.000
"10:30",20.979,0.000,222.400,0.000,0.000,0.000
"10:45",27.814,0.000,222.500,0.000,0.000,0.000
"11:00",31.053,0.000,222.600,0.000,0.000,0.000
"11:15",35.418,0.000,222.900,0.000,0.000,0.000
"11:30",41.638,0.000,223.400,0.000,0.000,0.013
"11:45",39.142,0.000,223.500,0.000,0.000,0.013
"12:00",64.000,0.000,223.900,0.000,0.000,0.013
"12:15",36.275,0.000,223.600,0.000,0.000,0.026
"12:30",80.858,0.000,224.300,0.000,0.000,0.064
"12:45",102.464,0.000,224.800,0.000,0.000,0.077
"13:00",100.070,0.000,224.800,0.000,0.000,0.102
"13:15",82.470,0.000,224.500,0.000,0.000,0.077
"13:30",86.976,0.000,224.500,0.000,0.000,0.064
"13:45",80.717,0.000,224.600,0.000,0.000,0.051
"14:00",80.512,0.000,224.500,0.000,0.000,0.064
"14:15",73.126,0.000,224.400,0.000,0.000,0.038
"14:30",96.960,0.000,224.600,0.000,0.000,0.026
"14:45",74.406,0.000,224.300,0.000,0.000,0.013
"15:00",93.824,0.000,224.600,0.000,0.000,0.038
"15:15",93.568,0.000,224.500,0.000,0.000,0.051
"15:30",70.093,0.000,224.200,0.000,0.000,0.051
"15:45",49.254,0.000,224.000,0.000,0.000,0.051
"16:00",93.069,0.000,224.700,0.000,0.000,0.397
"16:15",88.448,0.000,224.600,0.000,0.000,0.051
"16:30",75.955,0.000,224.100,0.000,0.000,0.000
"16:45",78.989,0.000,224.300,0.000,0.000,0.013
"17:00",74.906,0.000,223.800,0.000,0.000,0.000
"17:15",64.832,0.000,224.100,0.000,0.000,0.026
"17:30",50.944,0.000,223.800,0.000,0.000,0.038
"17:45",47.360,0.000,223.800,0.000,0.000,0.397
"18:00",41.011,0.000,223.600,0.000,0.000,0.026
"18:15",27.520,0.000,223.200,0.000,0.000,0.026
"18:30",21.440,0.000,222.900,0.000,0.000,0.013
"18:45",18.394,0.000,222.600,0.000,0.000,0.013
"19:00",5.530,0.000,222.100,0.000,0.000,0.064
"19:15",4.186,0.000,222.000,0.000,0.000,0.064
"19:30",1.318,0.000,221.800,0.000,0.000,0.064
"19:45",0.192,0.000,221.700,0.000,0.000,0.000
"20:00",0.000,0.013,221.700,0.154,0.000,0.000
"20:15",0.000,0.013,221.600,0.154,0.000,0.000
"20:30",0.000,0.000,221.600,0.192,0.000,0.000
"20:45",0.000,0.000,221.500,0.179,0.000,0.000
"21:00",0.000,0.000,221.500,0.179,0.000,0.000
"21:15",0.000,0.000,221.600,0.192,0.000,0.000
"21:30",0.000,0.000,221.500,0.179,0.000,0.000
"21:45",0.000,0.000,221.600,0.192,0.000,0.000
"22:00",0.000,0.000,221.500,0.179,0.000,0.000
"22:15",0.000,0.000,221.600,0.192,0.000,0.000
"22:30",0.000,0.000,221.600,0.179,0.000,0.000
"22:45",0.000,0.000,221.600,0.179,0.000,0.000
"23:00",0.000,0.000,221.700,0.192,0.000,0.000
"23:15",0.000,0.000,221.800,0.179,0.000,0.000
"23:30",0.000,0.000,221.700,0.192,0.000,0.000
"23:45",0.000,0.000,221.700,0.179,0.000,0.000
" 3/11/26 24:00",0.000,0.000,221.700,0.192,0.000,0.000
