"kwh"
"Time ","AGRIM02P","AGRIM02P","AGRIM02P","AGRIM02P","AGRIM02P","AGRIM02P"
" 5/12/26 00:15",0.000,0.000,221.700,0.179,0.000,0.000
" 5/12/26 00:30",0.000,0.000,221.700,0.166,0.000,0.000
"00:45",0.000,0.000,221.700,0.179,0.000,0.000
"01:00",0.000,0.000,221.800,0.179,0.000,0.000
"01:15",0.000,0.000,221.800,0.166,0.000,0.000
"01:30",0.000,0.000,221.800,0.179,0.000,0.000
"01:45",0.000,0.000,221.800,0.166,0.000,0.000
"02:00",0.000,0.000,221.700,0.179,0.000,0.000
"02:15",0.000,0.000,221.800,0.179,0.000,0.000
"02:30",0.000,0.000,221.800,0.166,0.000,0.000
"02:45",0.000,0.000,221.800,0.179,0.000,0.000
"03:00",0.000,0.000,221.700,0.166,0.000,0.000
"03:15",0.000,0.000,221.700,0.179,0.000,0.000
"03:30",0.000,0.000,221.800,0.179,0.000,0.000
"03:45",0.000,0.000,221.800,0.166,0.000,0.000
"04:00",0.000,0.000,221.800,0.179,0.000,0.000
"04:15",0.000,0.000,221.800,0.166,0.000,0.000
"04:30",0.000,0.000,221.800,0.179,0.000,0.000
"04:45",0.000,0.000,221.700,0.179,0.000,0.000
"05:00",0.000,0.000,221.700,0.166,0.000,0.000
"05:15",0.000,0.000,221.700,0.179,0.000,0.000
"05:30",0.000,0.000,221.800,0.166,0.000,0.000
"05:45",0.000,0.000,221.800,0.179,0.000,0.000
"06:00",0.000,0.000,221.700,0.179,0.000,0.000
"06:15",0.000,0.000,221.800,0.166,0.000,0.000
"06:30",0.000,0.000,221.800,0.179,0.000,0.000
"06:45",0.000,0.000,221.700,0.166,0.000,0.000
"07:00",0.000,0.000,221.700,0.179,0.000,0.000
"07:15",0.000,0.000,221.600,0.166,0.000,0.000
"07:30",0.000,0.000,221.600,0.179,0.000,0.000
"07:45",0.000,0.000,221.500,0.166,0.000,0.000
"08:00",0.000,0.000,221.500,0.141,0.013,0.000
"08:15",0.243,0.000,221.500,0.013,0.000,0.026
"08:30",2.701,0.000,221.600,0.000,0.000,0.051
"08:45",9.050,0.000,222.000,0.000,0.000,0.038
"09:00",23.475,0.000,222.400,0.000,0.000,0.000
"09:15",33.485,0.000,222.700,0.000,0.000,0.000
"09:30",41.958,0.000,223.100,0.000,0.000,0.000
"09:45",49.933,0.000,223.500,0.000,0.000,0.000
"10:00",57.984,0.000,223.700,0.000,0.000,0.000
"10:15",65.088,0.000,223.800,0.000,0.000,0.000
"10:30",71.322,0.000,223.900,0.000,0.000,0.000
"10:45",77.018,0.000,224.000,0.000,0.000,0.000
"11:00",81.920,0.000,224.100,0.000,0.000,0.000
"11:15",86.656,0.000,224.100,0.000,0.000,0.000
"11:30",90.970,0.000,224.200,0.000,0.000,0.000
"11:45",94.374,0.000,224.100,0.000,0.000,0.000
"12:00",97.946,0.000,224.200,0.000,0.000,0.000
"12:15",100.736,0.000,224.200,0.000,0.000,0.000
"12:30",103.168,0.000,224.300,0.000,0.000,0.000
"12:45",104.717,0.000,224.300,0.000,0.000,0.000
"13:00",106.445,0.000,224.400,0.000,0.000,0.000
"13:15",107.238,0.000,224.400,0.000,0.000,0.000
"13:30",36.403,0.000,222.800,0.026,0.000,0.000
"13:45",92.954,0.000,224.200,0.000,0.000,0.000
"14:00",105.882,0.000,224.400,0.000,0.000,0.000
"14:15",104.371,0.000,224.300,0.000,0.000,0.000
"14:30",102.451,0.000,224.300,0.000,0.000,0.000
"14:45",100.224,0.000,224.300,0.000,0.000,0.000
"15:00",97.370,0.000,224.200,0.000,0.000,0.000
"15:15",93.965,0.000,224.200,0.000,0.000,0.102
"15:30",89.920,0.000,224.100,0.000,0.000,0.000
"15:45",85.568,0.000,224.000,0.000,0.000,0.000
"16:00",80.474,0.000,224.000,0.000,0.000,0.000
"16:15",74.688,0.000,223.900,0.000,0.000,0.691
"16:30",68.685,0.000,223.800,0.000,0.000,0.000
"16:45",61.990,0.000,223.700,0.000,0.000,0.000
"17:00",54.477,0.000,223.500,0.000,0.000,0.000
"17:15",47.386,0.000,223.300,0.000,0.000,0.000
"17:30",39.462,0.000,223.100,0.000,0.000,0.000
"17:45",30.874,0.000,222.800,0.000,0.000,0.000
"18:00",21.043,0.000,222.400,0.000,0.000,0.000
"18:15",4.685,0.000,221.800,0.000,0.000,0.102
"18:30",1.088,0.000,221.400,0.000,0.000,0.051
"18:45",0.141,0.000,220.400,0.013,0.000,0.013
"19:00",0.000,0.013,243.500,0.192,0.000,0.000
"19:15",0.000,0.013,243.700,0.192,0.000,0.000
"19:30",0.000,0.000,243.500,0.205,0.000,0.000
"19:45",0.000,0.000,232.700,0.192,0.000,0.000
"20:00",0.000,0.000,221.300,0.179,0.000,0.000
"20:15",0.000,0.000,221.400,0.166,0.000,0.000
"20:30",0.000,0.000,221.400,0.179,0.000,0.000
"20:45",0.000,0.000,221.500,0.179,0.000,0.000
"21:00",0.000,0.000,221.300,0.166,0.000,0.000
"21:15",0.000,0.000,221.400,0.179,0.000,0.000
"21:30",0.000,0.000,221.400,0.179,0.000,0.000
"21:45",0.000,0.000,221.400,0.166,0.000,0.000
"22:00",0.000,0.000,221.400,0.179,0.000,0.000
"22:15",0.000,0.000,221.600,0.179,0.000,0.000
"22:30",0.000,0.000,221.600,0.166,0.000,0.000
"22:45",0.000,0.000,221.600,0.179,0.000,0.000
"23:00",0.000,0.000,221.600,0.179,0.000,0.000
"23:15",0.000,0.000,221.500,0.166,0.000,0.000
"23:30",0.000,0.000,221.600,0.179,0.000,0.000
"23:45",0.000,0.000,221.700,0.166,0.000,0.000
" 5/12/26 24:00",0.000,0.000,221.600,0.179,0.000,0.000
