"kwh"
"Time ","AGRIM02P","AGRIM02P","AGRIM02P","AGRIM02P","AGRIM02P","AGRIM02P"
" 2/19/26 00:15",0.000,0.000,221.400,0.179,0.000,0.000
" 2/19/26 00:30",0.000,0.000,221.400,0.192,0.000,0.000
"00:45",0.000,0.000,221.300,0.179,0.000,0.000
"01:00",0.000,0.000,221.400,0.179,0.000,0.000
"01:15",0.000,0.000,221.300,0.192,0.000,0.000
"01:30",0.000,0.000,221.300,0.179,0.000,0.000
"01:45",0.000,0.000,221.300,0.179,0.000,0.000
"02:00",0.000,0.000,221.400,0.192,0.000,0.000
"02:15",0.000,0.000,221.300,0.179,0.000,0.000
"02:30",0.000,0.000,221.300,0.179,0.000,0.000
"02:45",0.000,0.000,221.400,0.192,0.000,0.000
"03:00",0.000,0.000,221.400,0.179,0.000,0.000
"03:15",0.000,0.000,221.400,0.192,0.000,0.000
"03:30",0.000,0.000,221.500,0.179,0.000,0.000
"03:45",0.000,0.000,221.400,0.179,0.000,0.000
"04:00",0.000,0.000,221.500,0.192,0.000,0.000
"04:15",0.000,0.000,221.500,0.179,0.000,0.000
"04:30",0.000,0.000,221.500,0.179,0.000,0.000
"04:45",0.000,0.000,221.500,0.192,0.000,0.000
"05:00",0.000,0.000,221.500,0.179,0.000,0.000
"05:15",0.000,0.000,221.400,0.179,0.000,0.000
"05:30",0.000,0.000,221.400,0.192,0.000,0.000
"05:45",0.000,0.000,221.500,0.179,0.000,0.000
"06:00",0.000,0.000,221.500,0.192,0.000,0.000
"06:15",0.000,0.000,221.500,0.179,0.000,0.000
"06:30",0.000,0.000,221.600,0.179,0.000,0.000
"06:45",0.000,0.000,221.500,0.192,0.000,0.000
"07:00",0.000,0.000,221.400,0.179,0.000,0.000
"07:15",0.000,0.000,221.400,0.179,0.000,0.000
"07:30",0.038,0.000,221.300,0.064,0.000,0.000
"07:45",2.304,0.000,221.500,0.000,0.000,0.038
"08:00",2.624,0.000,221.600,0.000,0.000,0.026
"08:15",1.613,0.000,221.500,0.000,0.000,0.051
"08:30",6.272,0.000,221.900,0.000,0.000,0.000
"08:45",10.291,0.000,222.400,0.000,0.000,0.026
"09:00",18.291,0.000,222.100,0.000,0.000,0.013
"09:15",22.643,0.000,222.600,0.000,0.000,0.000
"09:30",44.122,0.000,223.300,0.000,0.000,0.026
"09:45",54.054,0.000,222.900,0.000,0.000,0.013
"10:00",47.770,0.000,222.900,0.000,0.000,0.013
"10:15",70.874,0.000,223.400,0.000,0.000,0.000
"10:30",79.590,0.000,223.400,0.000,0.000,0.000
"10:45",38.912,0.000,223.000,0.000,0.000,0.013
"11:00",39.770,0.000,222.600,0.000,0.000,0.000
"11:15",87.386,0.000,223.500,0.000,0.000,0.000
"11:30",62.131,0.000,222.600,0.000,0.000,0.000
"11:45",42.534,0.000,222.400,0.000,0.000,0.000
"12:00",88.346,0.000,223.200,0.000,0.000,0.000
"12:15",59.456,0.000,222.700,0.000,0.000,0.000
"12:30",103.821,0.000,224.000,0.000,0.000,0.013
"12:45",104.730,0.000,224.000,0.000,0.000,0.000
"13:00",104.461,0.000,224.200,0.000,0.000,0.013
"13:15",104.013,0.000,224.000,0.000,0.000,0.589
"13:30",103.539,0.000,223.900,0.000,0.000,0.781
"13:45",104.678,0.000,224.200,0.000,0.000,0.013
"14:00",104.806,0.000,224.100,0.000,0.000,0.013
"14:15",104.666,0.000,224.200,0.000,0.000,0.000
"14:30",104.397,0.000,224.100,0.000,0.000,0.486
"14:45",104.397,0.000,224.100,0.000,0.000,0.000
"15:00",104.051,0.000,224.200,0.000,0.000,0.000
"15:15",103.501,0.000,224.200,0.000,0.000,0.013
"15:30",101.786,0.000,224.100,0.000,0.000,0.026
"15:45",98.739,0.000,223.700,0.000,0.000,0.000
"16:00",95.424,0.000,223.600,0.000,0.000,0.013
"16:15",90.790,0.000,223.500,0.000,0.000,0.000
"16:30",85.850,0.000,223.100,0.000,0.000,0.000
"16:45",81.075,0.000,223.000,0.000,0.000,0.000
"17:00",75.302,0.000,222.900,0.000,0.000,0.000
"17:15",69.184,0.000,222.800,0.000,0.000,0.000
"17:30",62.656,0.000,222.700,0.000,0.000,0.000
"17:45",56.179,0.000,222.600,0.000,0.000,0.000
"18:00",47.834,0.000,222.600,0.000,0.000,0.000
"18:15",40.512,0.000,222.300,0.000,0.000,0.000
"18:30",23.808,0.000,222.000,0.000,0.000,0.013
"18:45",27.610,0.000,222.100,0.000,0.000,0.000
"19:00",20.480,0.000,221.800,0.000,0.000,0.000
"19:15",12.352,0.000,221.400,0.000,0.000,0.013
"19:30",6.349,0.000,221.000,0.000,0.000,0.038
"19:45",2.598,0.000,220.600,0.000,0.000,0.038
"20:00",0.845,0.000,220.500,0.000,0.000,0.051
"20:15",0.128,0.000,220.400,0.013,0.000,0.026
"20:30",0.000,0.026,220.300,0.166,0.000,0.000
"20:45",0.000,0.013,220.200,0.166,0.000,0.000
"21:00",0.000,0.000,220.200,0.179,0.000,0.000
"21:15",0.000,0.000,220.200,0.179,0.000,0.000
"21:30",0.000,0.000,220.300,0.179,0.000,0.000
"21:45",0.000,0.000,220.300,0.192,0.000,0.000
"22:00",0.000,0.000,220.300,0.179,0.000,0.000
"22:15",0.000,0.000,220.300,0.179,0.000,0.000
"22:30",0.000,0.000,220.400,0.179,0.000,0.000
"22:45",0.000,0.000,220.400,0.192,0.000,0.000
"23:00",0.000,0.000,220.400,0.179,0.000,0.000
"23:15",0.000,0.000,220.400,0.179,0.000,0.000
"23:30",0.000,0.000,220.200,0.192,0.000,0.000
"23:45",0.000,0.000,220.300,0.179,0.000,0.000
" 2/19/26 24:00",0.000,0.000,220.300,0.179,0.000,0.000
