"kwh"
"Time ","AGRIM02P","AGRIM02P","AGRIM02P","AGRIM02P","AGRIM02P","AGRIM02P"
" 7/14/26 00:15",0.000,0.000,221.400,0.166,0.000,0.000
" 7/14/26 00:30",0.000,0.000,221.400,0.179,0.000,0.000
"00:45",0.000,0.000,221.500,0.179,0.000,0.000
"01:00",0.000,0.000,221.500,0.166,0.000,0.000
"01:15",0.000,0.000,221.500,0.179,0.000,0.000
"01:30",0.000,0.000,221.500,0.166,0.000,0.000
"01:45",0.000,0.000,221.500,0.179,0.000,0.000
"02:00",0.000,0.000,221.500,0.166,0.000,0.000
"02:15",0.000,0.000,221.500,0.179,0.000,0.000
"02:30",0.000,0.000,221.500,0.166,0.000,0.000
"02:45",0.000,0.000,221.500,0.179,0.000,0.000
"03:00",0.000,0.000,221.500,0.166,0.000,0.000
"03:15",0.000,0.000,221.500,0.179,0.000,0.000
"03:30",0.000,0.000,221.500,0.166,0.000,0.000
"03:45",0.000,0.000,221.500,0.179,0.000,0.000
"04:00",0.000,0.000,221.500,0.166,0.000,0.000
"04:15",0.000,0.000,221.500,0.179,0.000,0.000
"04:30",0.000,0.000,221.500,0.166,0.000,0.000
"04:45",0.000,0.000,221.500,0.179,0.000,0.000
"05:00",0.000,0.000,221.500,0.166,0.000,0.000
"05:15",0.000,0.000,221.500,0.179,0.000,0.000
"05:30",0.000,0.000,221.500,0.166,0.000,0.000
"05:45",0.000,0.000,221.500,0.179,0.000,0.000
"06:00",0.000,0.000,221.500,0.166,0.000,0.000
"06:15",0.000,0.000,221.500,0.179,0.000,0.000
"06:30",0.000,0.000,221.500,0.166,0.000,0.000
"06:45",0.000,0.000,221.400,0.179,0.000,0.000
"07:00",0.000,0.000,221.400,0.166,0.000,0.000
"07:15",0.000,0.000,221.400,0.179,0.000,0.000
"07:30",0.000,0.000,221.500,0.166,0.000,0.000
"07:45",0.000,0.000,221.500,0.179,0.000,0.000
"08:00",0.000,0.000,221.500,0.166,0.000,0.000
"08:15",0.000,0.000,221.500,0.166,0.000,0.000
"08:30",0.038,0.026,221.400,0.038,0.013,0.000
"08:45",1.165,0.000,221.300,0.000,0.000,0.077
"09:00",4.506,0.000,221.500,0.000,0.000,0.077
"09:15",11.699,0.000,221.900,0.000,0.000,0.026
"09:30",24.435,0.000,222.400,0.000,0.000,0.000
"09:45",40.845,0.000,222.900,0.000,0.000,0.000
"10:00",40.858,0.000,222.400,0.000,0.000,0.000
"10:15",53.184,0.000,222.600,0.000,0.000,0.000
"10:30",59.674,0.000,222.800,0.000,0.000,0.026
"10:45",51.366,0.000,222.500,0.000,0.000,0.000
"11:00",46.861,0.000,222.500,0.000,0.000,0.000
"11:15",39.885,0.000,222.200,0.000,0.000,0.000
"11:30",34.867,0.000,222.100,0.000,0.000,0.000
"11:45",35.123,0.000,222.000,0.000,0.000,0.000
"12:00",36.544,0.000,222.400,0.000,0.000,0.000
"12:15",58.650,0.000,222.600,0.000,0.000,0.000
"12:30",94.861,0.000,223.500,0.000,0.000,0.000
"12:45",84.365,0.000,223.300,0.000,0.000,0.000
"13:00",75.162,0.000,223.100,0.000,0.000,0.000
"13:15",96.640,0.000,223.500,0.000,0.000,0.000
"13:30",106.560,0.000,223.800,0.000,0.000,0.000
"13:45",96.883,0.000,223.500,0.000,0.000,0.000
"14:00",81.382,0.000,223.100,0.000,0.000,0.000
"14:15",68.672,0.000,222.800,0.000,0.000,0.282
"14:30",54.080,0.000,222.600,0.000,0.000,0.000
"14:45",57.818,0.000,222.600,0.000,0.000,0.000
"15:00",41.331,0.000,222.200,0.000,0.000,0.000
"15:15",52.454,0.000,222.500,0.000,0.000,0.000
"15:30",64.320,0.000,223.200,0.000,0.000,0.000
"15:45",73.126,0.000,223.300,0.000,0.000,0.000
"16:00",59.392,0.000,223.100,0.000,0.000,0.000
"16:15",35.034,0.000,222.500,0.000,0.000,0.000
"16:30",29.261,0.000,222.300,0.000,0.000,0.000
"16:45",22.451,0.000,222.100,0.000,0.000,0.000
"17:00",16.179,0.000,221.900,0.000,0.000,0.000
"17:15",16.090,0.000,221.900,0.000,0.000,0.000
"17:30",15.770,0.000,221.900,0.000,0.000,0.000
"17:45",22.771,0.000,222.200,0.000,0.000,0.000
"18:00",12.314,0.000,221.800,0.000,0.000,0.051
"18:15",3.674,0.000,221.700,0.000,0.000,0.090
"18:30",0.781,0.000,221.600,0.000,0.000,0.000
"18:45",0.038,0.026,221.500,0.064,0.000,0.013
"19:00",0.000,0.038,221.400,0.128,0.000,0.000
"19:15",0.000,0.013,221.300,0.166,0.000,0.000
"19:30",0.000,0.000,221.300,0.166,0.000,0.000
"19:45",0.000,0.000,221.400,0.179,0.000,0.000
"20:00",0.000,0.000,221.300,0.179,0.000,0.000
"20:15",0.000,0.000,221.400,0.166,0.000,0.000
"20:30",0.000,0.000,221.400,0.179,0.000,0.000
"20:45",0.000,0.000,221.400,0.179,0.000,0.000
"21:00",0.000,0.000,221.500,0.166,0.000,0.000
"21:15",0.000,0.000,221.500,0.179,0.000,0.000
"21:30",0.000,0.000,221.500,0.166,0.000,0.000
"21:45",0.000,0.000,221.600,0.179,0.000,0.000
"22:00",0.000,0.000,221.600,0.179,0.000,0.000
"22:15",0.000,0.000,221.700,0.166,0.000,0.000
"22:30",0.000,0.000,221.700,0.179,0.000,0.000
"22:45",0.000,0.000,221.600,0.166,0.000,0.000
"23:00",0.000,0.000,221.700,0.179,0.000,0.000
"23:15",0.000,0.000,221.500,0.179,0.000,0.000
"23:30",0.000,0.000,221.500,0.166,0.000,0.000
"23:45",0.000,0.000,221.500,0.179,0.000,0.000
" 7/14/26 24:00",0.000,0.000,221.500,0.166,0.000,0.000
