"kwh"
"Time ","AGRIM02P","AGRIM02P","AGRIM02P","AGRIM02P","AGRIM02P","AGRIM02P"
" 5/29/26 00:15",0.000,0.000,220.900,0.166,0.000,0.000
"00:30",0.000,0.000,221.200,0.166,0.000,0.000
"00:45",0.000,0.000,221.600,0.179,0.000,0.000
"01:00",0.000,0.000,222.200,0.166,0.000,0.000
"01:15",0.000,0.000,220.200,0.179,0.000,0.000
"01:30",0.000,0.000,219.900,0.166,0.000,0.000
"01:45",0.000,0.000,220.400,0.166,0.000,0.000
"02:00",0.000,0.000,220.800,0.179,0.000,0.000
"02:15",0.000,0.000,220.900,0.166,0.000,0.000
"02:30",0.000,0.000,221.200,0.179,0.000,0.000
"02:45",0.000,0.000,221.000,0.166,0.000,0.000
"03:00",0.000,0.000,221.500,0.166,0.000,0.000
"03:15",0.000,0.000,221.600,0.179,0.000,0.000
"03:30",0.000,0.000,221.700,0.166,0.000,0.000
"03:45",0.000,0.000,221.900,0.179,0.000,0.000
"04:00",0.000,0.000,221.600,0.166,0.000,0.000
"04:15",0.000,0.000,221.200,0.179,0.000,0.000
"04:30",0.000,0.000,221.200,0.166,0.000,0.000
"04:45",0.000,0.000,221.400,0.179,0.000,0.000
"05:00",0.000,0.000,221.500,0.166,0.000,0.000
"05:15",0.000,0.000,221.500,0.166,0.000,0.000
"05:30",0.000,0.000,221.400,0.179,0.000,0.000
"05:45",0.000,0.000,221.400,0.179,0.000,0.000
"06:00",0.000,0.000,221.000,0.166,0.000,0.000
"06:15",0.000,0.000,220.400,0.166,0.000,0.000
"06:30",0.000,0.000,219.700,0.179,0.000,0.000
"06:45",0.000,0.000,219.800,0.166,0.000,0.000
"07:00",0.000,0.000,220.300,0.166,0.000,0.000
"07:15",0.000,0.000,220.800,0.166,0.000,0.000
"07:30",0.000,0.000,220.200,0.179,0.000,0.000
"07:45",0.000,0.000,219.900,0.166,0.000,0.000
"08:00",0.000,0.000,219.800,0.166,0.000,0.000
"08:15",0.000,0.000,219.700,0.141,0.000,0.000
"08:30",0.346,0.000,221.500,0.013,0.000,0.026
"08:45",1.242,0.000,221.500,0.000,0.000,0.077
"09:00",1.843,0.000,221.500,0.000,0.000,0.038
"09:15",4.954,0.000,221.400,0.000,0.000,0.051
"09:30",8.410,0.000,221.500,0.000,0.000,0.038
"09:45",8.026,0.000,221.500,0.000,0.000,0.051
"10:00",7.526,0.000,221.700,0.000,0.000,0.064
"10:15",8.960,0.000,221.700,0.000,0.000,0.051
"10:30",10.214,0.000,221.800,0.000,0.000,0.013
"10:45",11.021,0.000,221.900,0.000,0.000,0.000
"11:00",12.006,0.000,221.900,0.000,0.000,0.000
"11:15",14.528,0.000,222.000,0.000,0.000,0.000
"11:30",15.667,0.000,222.000,0.000,0.000,0.000
"11:45",18.598,0.000,222.000,0.000,0.000,0.000
"12:00",23.104,0.000,222.100,0.000,0.000,0.000
"12:15",27.878,0.000,222.300,0.000,0.000,0.000
"12:30",34.074,0.000,222.400,0.000,0.000,0.000
"12:45",38.131,0.000,222.500,0.000,0.000,0.000
"13:00",41.203,0.000,222.700,0.000,0.000,0.000
"13:15",50.982,0.000,222.900,0.000,0.000,0.000
"13:30",53.683,0.000,223.000,0.000,0.000,0.000
"13:45",48.589,0.000,222.900,0.000,0.000,0.000
"14:00",44.480,0.000,222.600,0.000,0.000,0.000
"14:15",41.690,0.000,222.700,0.000,0.000,0.000
"14:30",36.224,0.000,222.500,0.000,0.000,0.000
"14:45",40.192,0.000,222.700,0.000,0.000,0.000
"15:00",49.498,0.000,222.800,0.000,0.000,0.000
"15:15",54.400,0.000,222.700,0.000,0.000,0.000
"15:30",39.757,0.000,222.500,0.000,0.000,0.000
"15:45",33.984,0.000,222.300,0.000,0.000,0.000
"16:00",35.942,0.000,222.400,0.000,0.000,0.000
"16:15",43.034,0.000,222.400,0.000,0.000,0.000
"16:30",22.131,0.000,222.000,0.000,0.000,0.000
"16:45",13.491,0.000,221.800,0.000,0.000,0.000
"17:00",8.666,0.000,221.700,0.000,0.000,0.038
"17:15",5.798,0.000,221.600,0.000,0.000,0.064
"17:30",4.813,0.000,221.700,0.000,0.000,0.077
"17:45",3.802,0.000,221.700,0.000,0.000,0.077
"18:00",2.598,0.000,221.700,0.000,0.000,0.038
"18:15",0.858,0.000,221.700,0.000,0.000,0.077
"18:30",0.038,0.013,221.500,0.051,0.000,0.000
"18:45",0.000,0.038,221.300,0.128,0.000,0.000
"19:00",0.000,0.038,221.200,0.141,0.000,0.000
"19:15",0.000,0.000,221.200,0.166,0.000,0.000
"19:30",0.000,0.000,221.100,0.179,0.000,0.000
"19:45",0.000,0.000,221.100,0.166,0.000,0.000
"20:00",0.000,0.000,221.200,0.179,0.000,0.000
"20:15",0.000,0.000,221.300,0.166,0.000,0.000
"20:30",0.000,0.000,221.300,0.179,0.000,0.000
"20:45",0.000,0.000,221.300,0.179,0.000,0.000
"21:00",0.000,0.000,221.300,0.166,0.000,0.000
"21:15",0.000,0.000,221.300,0.179,0.000,0.000
"21:30",0.000,0.000,221.300,0.179,0.000,0.000
"21:45",0.000,0.000,221.400,0.166,0.000,0.000
"22:00",0.000,0.000,221.400,0.179,0.000,0.000
"22:15",0.000,0.000,221.400,0.166,0.000,0.000
"22:30",0.000,0.000,221.400,0.179,0.000,0.000
"22:45",0.000,0.000,221.500,0.179,0.000,0.000
"23:00",0.000,0.000,221.500,0.166,0.000,0.000
"23:15",0.000,0.000,221.400,0.179,0.000,0.000
"23:30",0.000,0.000,221.500,0.166,0.000,0.000
"23:45",0.000,0.000,221.400,0.179,0.000,0.000
" 5/29/26 24:00",0.000,0.000,221.500,0.166,0.000,0.000
