"kwh"
"Time ","AGRIM02P","AGRIM02P","AGRIM02P","AGRIM02P","AGRIM02P","AGRIM02P"
" 9/10/26 00:15",0.000,0.000,220.000,0.166,0.000,0.000
" 9/10/26 00:30",0.000,0.000,220.000,0.179,0.000,0.000
"00:45",0.000,0.000,220.000,0.166,0.000,0.000
"01:00",0.000,0.000,220.000,0.166,0.000,0.000
"01:15",0.000,0.000,220.100,0.179,0.000,0.000
"01:30",0.000,0.000,220.100,0.166,0.000,0.000
"01:45",0.000,0.000,220.000,0.166,0.000,0.000
"02:00",0.000,0.000,220.000,0.179,0.000,0.000
"02:15",0.000,0.000,220.000,0.166,0.000,0.000
"02:30",0.000,0.000,220.000,0.179,0.000,0.000
"02:45",0.000,0.000,220.100,0.166,0.000,0.000
"03:00",0.000,0.000,220.100,0.166,0.000,0.000
"03:15",0.000,0.000,220.100,0.179,0.000,0.000
"03:30",0.000,0.000,220.100,0.166,0.000,0.000
"03:45",0.000,0.000,220.000,0.166,0.000,0.000
"04:00",0.000,0.000,220.000,0.179,0.000,0.000
"04:15",0.000,0.000,220.000,0.166,0.000,0.000
"04:30",0.000,0.000,220.000,0.179,0.000,0.000
"04:45",0.000,0.000,220.000,0.166,0.000,0.000
"05:00",0.000,0.000,220.000,0.166,0.000,0.000
"05:15",0.000,0.000,220.000,0.179,0.000,0.000
"05:30",0.000,0.000,220.000,0.166,0.000,0.000
"05:45",0.000,0.000,220.000,0.166,0.000,0.000
"06:00",0.000,0.000,220.000,0.179,0.000,0.000
"06:15",0.000,0.000,220.000,0.166,0.000,0.000
"06:30",0.000,0.000,220.100,0.166,0.000,0.000
"06:45",0.000,0.000,220.100,0.179,0.000,0.000
"07:00",0.000,0.000,220.100,0.166,0.000,0.000
"07:15",0.000,0.000,220.100,0.179,0.000,0.000
"07:30",0.000,0.000,220.000,0.128,0.000,0.000
"07:45",0.205,0.013,220.100,0.013,0.000,0.013
"08:00",1.702,0.000,220.200,0.000,0.000,0.051
"08:15",4.659,0.000,220.400,0.000,0.000,0.000
"08:30",8.858,0.000,220.800,0.000,0.000,0.013
"08:45",14.989,0.000,221.400,0.000,0.000,0.000
"09:00",21.517,0.000,221.500,0.000,0.000,0.000
"09:15",25.114,0.000,221.800,0.000,0.000,0.000
"09:30",34.419,0.000,221.800,0.000,0.000,0.000
"09:45",35.968,0.000,222.000,0.000,0.000,0.000
"10:00",53.734,0.000,222.000,0.000,0.000,0.000
"10:15",64.525,0.000,222.400,0.000,0.000,0.000
"10:30",61.350,0.000,222.500,0.000,0.000,0.000
"10:45",41.485,0.000,221.800,0.000,0.000,0.000
"11:00",44.877,0.000,222.000,0.000,0.000,0.000
"11:15",63.770,0.000,222.400,0.000,0.000,0.000
"11:30",70.080,0.000,222.600,0.000,0.000,0.000
"11:45",73.549,0.000,222.700,0.000,0.000,0.000
"12:00",57.446,0.000,222.400,0.000,0.000,0.000
"12:15",106.816,0.000,223.100,0.000,0.000,0.000
"12:30",89.472,0.000,223.100,0.000,0.000,0.000
"12:45",92.698,0.000,222.600,0.000,0.000,0.000
"13:00",103.360,0.000,222.800,0.000,0.000,0.000
"13:15",87.718,0.000,222.500,0.000,0.000,0.000
"13:30",101.440,0.000,222.600,0.000,0.000,0.000
"13:45",79.974,0.000,222.200,0.000,0.000,0.000
"14:00",85.197,0.000,222.500,0.000,0.000,0.000
"14:15",85.094,0.000,222.500,0.000,0.000,0.000
"14:30",91.917,0.000,222.600,0.000,0.000,0.000
"14:45",83.302,0.000,222.500,0.000,0.000,0.000
"15:00",53.773,0.000,222.000,0.000,0.000,0.000
"15:15",106.995,0.000,222.800,0.000,0.000,0.000
"15:30",77.965,0.000,222.600,0.000,0.000,0.000
"15:45",61.338,0.000,222.100,0.000,0.000,0.000
"16:00",27.814,0.000,221.000,0.000,0.000,0.000
"16:15",28.813,0.000,220.900,0.000,0.000,0.000
"16:30",50.010,0.000,221.200,0.000,0.000,0.000
"16:45",23.501,0.000,220.900,0.000,0.000,0.000
"17:00",27.059,0.000,220.800,0.000,0.000,0.000
"17:15",39.642,0.000,221.000,0.000,0.000,0.000
"17:30",13.709,0.000,220.600,0.000,0.000,0.000
"17:45",9.690,0.000,220.500,0.000,0.000,0.013
"18:00",30.131,0.000,221.400,0.000,0.000,0.000
"18:15",10.381,0.000,221.400,0.000,0.000,0.115
"18:30",4.224,0.000,221.000,0.000,0.000,0.192
"18:45",1.958,0.000,221.000,0.000,0.000,0.192
"19:00",0.294,0.000,220.800,0.000,0.013,0.026
"19:15",0.000,0.026,220.800,0.115,0.000,0.000
"19:30",0.000,0.051,220.700,0.128,0.000,0.000
"19:45",0.000,0.000,220.700,0.166,0.000,0.000
"20:00",0.000,0.000,220.700,0.179,0.000,0.000
"20:15",0.000,0.000,220.600,0.166,0.000,0.000
"20:30",0.000,0.000,220.700,0.179,0.000,0.000
"20:45",0.000,0.000,220.700,0.166,0.000,0.000
"21:00",0.000,0.000,219.600,0.077,0.000,0.000
"21:15",0.000,0.000,0.000,0.000,0.000,0.000
"21:30",0.000,0.000,0.000,0.000,0.000,0.000
"21:45",0.000,0.000,0.000,0.000,0.000,0.000
"22:00",0.000,0.000,0.000,0.000,0.000,0.000
"22:15",0.000,0.000,220.700,0.141,0.000,0.000
"22:30",0.000,0.000,221.200,0.179,0.000,0.000
"22:45",0.000,0.000,221.300,0.166,0.000,0.000
"23:00",0.000,0.000,221.300,0.179,0.000,0.000
"23:15",0.000,0.000,221.200,0.166,0.000,0.000
"23:30",0.000,0.000,221.200,0.179,0.000,0.000
"23:45",0.000,0.000,221.200,0.166,0.000,0.000
" 9/10/26 24:00",0.000,0.000,220.900,0.179,0.000,0.000
