"kwh"
"Time ","AGRIM02P","AGRIM02P","AGRIM02P","AGRIM02P","AGRIM02P","AGRIM02P"
" 7/10/26 00:15",0.000,0.000,221.600,0.179,0.000,0.000
" 7/10/26 00:30",0.000,0.000,221.500,0.166,0.000,0.000
"00:45",0.000,0.000,221.500,0.179,0.000,0.000
"01:00",0.000,0.000,221.600,0.166,0.000,0.000
"01:15",0.000,0.000,221.500,0.179,0.000,0.000
"01:30",0.000,0.000,221.600,0.179,0.000,0.000
"01:45",0.000,0.000,221.600,0.166,0.000,0.000
"02:00",0.000,0.000,221.600,0.179,0.000,0.000
"02:15",0.000,0.000,221.600,0.166,0.000,0.000
"02:30",0.000,0.000,221.600,0.179,0.000,0.000
"02:45",0.000,0.000,221.600,0.179,0.000,0.000
"03:00",0.000,0.000,221.500,0.166,0.000,0.000
"03:15",0.000,0.000,221.600,0.179,0.000,0.000
"03:30",0.000,0.000,221.600,0.166,0.000,0.000
"03:45",0.000,0.000,221.600,0.179,0.000,0.000
"04:00",0.000,0.000,221.600,0.166,0.000,0.000
"04:15",0.000,0.000,221.600,0.179,0.000,0.000
"04:30",0.000,0.000,221.600,0.166,0.000,0.000
"04:45",0.000,0.000,221.600,0.179,0.000,0.000
"05:00",0.000,0.000,221.600,0.166,0.000,0.000
"05:15",0.000,0.000,221.600,0.179,0.000,0.000
"05:30",0.000,0.000,221.600,0.179,0.000,0.000
"05:45",0.000,0.000,221.600,0.166,0.000,0.000
"06:00",0.000,0.000,221.600,0.179,0.000,0.000
"06:15",0.000,0.000,221.600,0.166,0.000,0.000
"06:30",0.000,0.000,221.600,0.179,0.000,0.000
"06:45",0.000,0.000,221.600,0.166,0.000,0.000
"07:00",0.000,0.000,221.500,0.179,0.000,0.000
"07:15",0.000,0.000,221.500,0.166,0.000,0.000
"07:30",0.000,0.000,221.400,0.179,0.000,0.000
"07:45",0.000,0.000,221.500,0.166,0.000,0.000
"08:00",0.000,0.000,221.500,0.179,0.000,0.000
"08:15",0.000,0.000,221.400,0.166,0.000,0.000
"08:30",0.038,0.000,221.400,0.051,0.000,0.000
"08:45",0.666,0.000,221.300,0.000,0.000,0.026
"09:00",4.109,0.000,221.500,0.000,0.000,0.026
"09:15",9.958,0.000,221.800,0.000,0.000,0.026
"09:30",25.024,0.000,222.300,0.000,0.000,0.000
"09:45",33.920,0.000,222.600,0.000,0.000,0.000
"10:00",42.854,0.000,222.900,0.000,0.000,0.090
"10:15",50.534,0.000,223.200,0.000,0.000,0.282
"10:30",57.229,0.000,223.400,0.000,0.000,0.000
"10:45",63.898,0.000,223.500,0.000,0.000,0.000
"11:00",69.709,0.000,223.600,0.000,0.000,0.000
"11:15",74.944,0.000,223.700,0.000,0.000,0.000
"11:30",77.274,0.000,223.700,0.000,0.000,0.000
"11:45",71.923,0.000,223.500,0.000,0.000,0.000
"12:00",87.693,0.000,223.900,0.000,0.000,0.000
"12:15",82.278,0.000,223.900,0.000,0.000,0.000
"12:30",82.483,0.000,223.800,0.000,0.000,0.000
"12:45",85.184,0.000,223.800,0.000,0.000,0.000
"13:00",97.229,0.000,224.000,0.000,0.000,0.000
"13:15",97.856,0.000,224.000,0.000,0.000,0.000
"13:30",98.099,0.000,224.000,0.000,0.000,0.000
"13:45",91.341,0.000,223.900,0.000,0.000,0.000
"14:00",85.709,0.000,223.600,0.000,0.000,0.000
"14:15",72.922,0.000,223.400,0.000,0.000,0.000
"14:30",84.122,0.000,223.600,0.000,0.000,0.000
"14:45",79.373,0.000,223.500,0.000,0.000,0.000
"15:00",73.728,0.000,223.400,0.000,0.000,0.038
"15:15",77.133,0.000,223.300,0.000,0.000,0.026
"15:30",77.581,0.000,223.300,0.000,0.000,0.000
"15:45",65.523,0.000,223.100,0.000,0.000,0.000
"16:00",59.034,0.000,223.100,0.000,0.000,0.000
"16:15",53.210,0.000,222.900,0.000,0.000,0.000
"16:30",53.504,0.000,223.000,0.000,0.000,0.000
"16:45",42.573,0.000,222.700,0.000,0.000,0.000
"17:00",39.616,0.000,222.700,0.000,0.000,0.000
"17:15",27.213,0.000,222.200,0.000,0.000,0.320
"17:30",27.456,0.000,222.300,0.000,0.000,0.000
"17:45",26.906,0.000,222.300,0.000,0.000,0.000
"18:00",14.349,0.000,221.900,0.000,0.000,0.000
"18:15",6.630,0.000,221.700,0.000,0.000,0.051
"18:30",2.227,0.000,221.500,0.000,0.000,0.051
"18:45",0.230,0.000,221.400,0.000,0.013,0.013
"19:00",0.000,0.051,221.400,0.128,0.000,0.000
"19:15",0.000,0.026,221.400,0.141,0.000,0.000
"19:30",0.000,0.000,221.400,0.179,0.000,0.000
"19:45",0.000,0.000,221.400,0.166,0.000,0.000
"20:00",0.000,0.000,221.400,0.179,0.000,0.000
"20:15",0.000,0.000,221.400,0.166,0.000,0.000
"20:30",0.000,0.000,221.400,0.179,0.000,0.000
"20:45",0.000,0.000,221.400,0.179,0.000,0.000
"21:00",0.000,0.000,221.300,0.166,0.000,0.000
"21:15",0.000,0.000,221.300,0.179,0.000,0.000
"21:30",0.000,0.000,221.400,0.166,0.000,0.000
"21:45",0.000,0.000,221.400,0.179,0.000,0.000
"22:00",0.000,0.000,221.500,0.179,0.000,0.000
"22:15",0.000,0.000,221.500,0.166,0.000,0.000
"22:30",0.000,0.000,221.500,0.179,0.000,0.000
"22:45",0.000,0.000,221.500,0.179,0.000,0.000
"23:00",0.000,0.000,221.400,0.166,0.000,0.000
"23:15",0.000,0.000,221.500,0.179,0.000,0.000
"23:30",0.000,0.000,221.500,0.179,0.000,0.000
"23:45",0.000,0.000,221.400,0.166,0.000,0.000
" 7/10/26 24:00",0.000,0.000,221.400,0.179,0.000,0.000
