"kwh"
"Time ","AGRIM02P","AGRIM02P","AGRIM02P","AGRIM02P","AGRIM02P","AGRIM02P"
" 7/16/26 00:15",0.000,0.000,221.600,0.166,0.000,0.000
" 7/16/26 00:30",0.000,0.000,221.500,0.179,0.000,0.000
"00:45",0.000,0.000,221.600,0.166,0.000,0.000
"01:00",0.000,0.000,221.600,0.179,0.000,0.000
"01:15",0.000,0.000,221.600,0.166,0.000,0.000
"01:30",0.000,0.000,221.600,0.179,0.000,0.000
"01:45",0.000,0.000,221.600,0.166,0.000,0.000
"02:00",0.000,0.000,221.600,0.179,0.000,0.000
"02:15",0.000,0.000,221.600,0.166,0.000,0.000
"02:30",0.000,0.000,221.600,0.179,0.000,0.000
"02:45",0.000,0.000,221.500,0.166,0.000,0.000
"03:00",0.000,0.000,221.500,0.179,0.000,0.000
"03:15",0.000,0.000,221.600,0.166,0.000,0.000
"03:30",0.000,0.000,221.600,0.179,0.000,0.000
"03:45",0.000,0.000,221.600,0.166,0.000,0.000
"04:00",0.000,0.000,221.600,0.179,0.000,0.000
"04:15",0.000,0.000,221.500,0.166,0.000,0.000
"04:30",0.000,0.000,221.600,0.179,0.000,0.000
"04:45",0.000,0.000,221.500,0.166,0.000,0.000
"05:00",0.000,0.000,221.600,0.179,0.000,0.000
"05:15",0.000,0.000,221.500,0.166,0.000,0.000
"05:30",0.000,0.000,221.500,0.179,0.000,0.000
"05:45",0.000,0.000,221.500,0.166,0.000,0.000
"06:00",0.000,0.000,221.500,0.179,0.000,0.000
"06:15",0.000,0.000,221.500,0.166,0.000,0.000
"06:30",0.000,0.000,221.500,0.179,0.000,0.000
"06:45",0.000,0.000,221.500,0.166,0.000,0.000
"07:00",0.000,0.000,221.500,0.179,0.000,0.000
"07:15",0.000,0.000,221.500,0.166,0.000,0.000
"07:30",0.000,0.000,221.500,0.179,0.000,0.000
"07:45",0.000,0.000,221.500,0.166,0.000,0.000
"08:00",0.000,0.000,221.600,0.179,0.000,0.000
"08:15",0.000,0.000,221.600,0.166,0.000,0.000
"08:30",0.000,0.000,221.700,0.179,0.000,0.000
"08:45",0.026,0.000,221.400,0.077,0.000,0.000
"09:00",0.141,0.000,221.200,0.000,0.000,0.000
"09:15",0.550,0.000,221.300,0.000,0.000,0.000
"09:30",1.139,0.000,221.300,0.000,0.000,0.000
"09:45",4.403,0.000,221.400,0.000,0.000,0.013
"10:00",8.922,0.000,221.600,0.000,0.000,0.000
"10:15",36.531,0.000,222.500,0.000,0.000,0.000
"10:30",56.858,0.000,223.200,0.000,0.000,0.000
"10:45",35.046,0.000,222.700,0.000,0.000,0.000
"11:00",18.010,0.000,222.000,0.000,0.000,0.000
"11:15",19.494,0.000,221.900,0.000,0.000,0.000
"11:30",28.864,0.000,222.100,0.000,0.000,0.000
"11:45",21.619,0.000,222.000,0.000,0.000,0.000
"12:00",22.861,0.000,222.000,0.000,0.000,0.000
"12:15",49.434,0.000,222.800,0.000,0.000,0.000
"12:30",55.270,0.000,222.700,0.000,0.000,0.000
"12:45",65.587,0.000,223.100,0.000,0.000,0.000
"13:00",44.275,0.000,222.700,0.000,0.000,0.000
"13:15",46.400,0.000,222.800,0.000,0.000,0.000
"13:30",35.507,0.000,222.800,0.000,0.000,0.000
"13:45",68.723,0.000,223.400,0.000,0.000,0.000
"14:00",96.141,0.000,223.900,0.000,0.000,0.000
"14:15",98.406,0.000,223.900,0.000,0.000,0.000
"14:30",95.603,0.000,223.800,0.000,0.000,0.000
"14:45",93.747,0.000,223.800,0.000,0.000,0.000
"15:00",90.150,0.000,223.800,0.000,0.000,0.000
"15:15",86.272,0.000,223.800,0.000,0.000,0.000
"15:30",81.357,0.000,224.000,0.000,0.000,0.000
"15:45",75.341,0.000,223.900,0.000,0.000,0.000
"16:00",68.736,0.000,223.700,0.000,0.000,0.000
"16:15",63.974,0.000,223.500,0.000,0.000,0.000
"16:30",59.597,0.000,223.400,0.000,0.000,0.000
"16:45",53.837,0.000,223.300,0.000,0.000,0.000
"17:00",48.026,0.000,223.100,0.000,0.000,0.000
"17:15",41.613,0.000,222.900,0.000,0.000,0.000
"17:30",34.560,0.000,222.700,0.000,0.000,0.000
"17:45",21.286,0.000,222.300,0.000,0.000,0.077
"18:00",3.392,0.000,221.700,0.000,0.000,0.102
"18:15",1.050,0.000,221.900,0.000,0.000,0.000
"18:30",0.384,0.000,221.800,0.000,0.000,0.013
"18:45",0.038,0.013,221.700,0.064,0.000,0.000
"19:00",0.000,0.038,221.700,0.128,0.000,0.000
"19:15",0.000,0.013,221.600,0.141,0.000,0.000
"19:30",0.000,0.000,221.600,0.179,0.000,0.000
"19:45",0.000,0.000,221.600,0.166,0.000,0.000
"20:00",0.000,0.000,221.400,0.179,0.000,0.000
"20:15",0.000,0.000,221.400,0.179,0.000,0.000
"20:30",0.000,0.000,221.400,0.166,0.000,0.000
"20:45",0.000,0.000,221.400,0.179,0.000,0.000
"21:00",0.000,0.000,221.400,0.166,0.000,0.000
"21:15",0.000,0.000,221.400,0.179,0.000,0.000
"21:30",0.000,0.000,221.500,0.166,0.000,0.000
"21:45",0.000,0.000,221.600,0.179,0.000,0.000
"22:00",0.000,0.000,221.600,0.166,0.000,0.000
"22:15",0.000,0.000,221.700,0.179,0.000,0.000
"22:30",0.000,0.000,221.700,0.179,0.000,0.000
"22:45",0.000,0.000,221.600,0.166,0.000,0.000
"23:00",0.000,0.000,221.600,0.179,0.000,0.000
"23:15",0.000,0.000,221.500,0.166,0.000,0.000
"23:30",0.000,0.000,221.500,0.179,0.000,0.000
"23:45",0.000,0.000,221.500,0.166,0.000,0.000
" 7/16/26 24:00",0.000,0.000,221.600,0.179,0.000,0.000
