"kwh"
"Time ","AGRIM02P","AGRIM02P","AGRIM02P","AGRIM02P","AGRIM02P","AGRIM02P"
" 8/19/26 00:15",0.000,0.000,221.200,0.179,0.000,0.000
" 8/19/26 00:30",0.000,0.000,221.200,0.166,0.000,0.000
"00:45",0.000,0.000,221.200,0.179,0.000,0.000
"01:00",0.000,0.000,221.300,0.179,0.000,0.000
"01:15",0.000,0.000,221.300,0.166,0.000,0.000
"01:30",0.000,0.000,221.300,0.179,0.000,0.000
"01:45",0.000,0.000,221.400,0.166,0.000,0.000
"02:00",0.000,0.000,221.400,0.179,0.000,0.000
"02:15",0.000,0.000,221.400,0.166,0.000,0.000
"02:30",0.000,0.000,221.400,0.179,0.000,0.000
"02:45",0.000,0.000,221.400,0.166,0.000,0.000
"03:00",0.000,0.000,221.400,0.179,0.000,0.000
"03:15",0.000,0.000,221.300,0.179,0.000,0.000
"03:30",0.000,0.000,221.300,0.166,0.000,0.000
"03:45",0.000,0.000,221.300,0.179,0.000,0.000
"04:00",0.000,0.000,221.300,0.166,0.000,0.000
"04:15",0.000,0.000,221.200,0.179,0.000,0.000
"04:30",0.000,0.000,221.200,0.166,0.000,0.000
"04:45",0.000,0.000,221.200,0.179,0.000,0.000
"05:00",0.000,0.000,221.200,0.166,0.000,0.000
"05:15",0.000,0.000,221.200,0.179,0.000,0.000
"05:30",0.000,0.000,221.300,0.166,0.000,0.000
"05:45",0.000,0.000,221.200,0.179,0.000,0.000
"06:00",0.000,0.000,221.200,0.166,0.000,0.000
"06:15",0.000,0.000,221.300,0.179,0.000,0.000
"06:30",0.000,0.000,221.200,0.166,0.000,0.000
"06:45",0.000,0.000,221.200,0.179,0.000,0.000
"07:00",0.000,0.000,221.200,0.166,0.000,0.000
"07:15",0.000,0.000,221.100,0.179,0.000,0.000
"07:30",0.000,0.000,221.200,0.166,0.000,0.000
"07:45",0.000,0.000,221.200,0.179,0.000,0.000
"08:00",0.038,0.000,221.100,0.064,0.013,0.000
"08:15",0.742,0.000,221.200,0.000,0.000,0.064
"08:30",5.402,0.000,221.500,0.000,0.000,0.026
"08:45",15.002,0.000,221.800,0.000,0.000,0.000
"09:00",24.858,0.000,222.200,0.000,0.000,0.000
"09:15",34.227,0.000,222.300,0.000,0.000,0.000
"09:30",43.008,0.000,222.600,0.000,0.000,0.000
"09:45",51.494,0.000,222.800,0.000,0.000,0.000
"10:00",59.648,0.000,223.000,0.000,0.000,0.000
"10:15",67.110,0.000,223.200,0.000,0.000,0.000
"10:30",73.997,0.000,223.400,0.000,0.000,0.000
"10:45",80.333,0.000,223.500,0.000,0.000,0.000
"11:00",86.221,0.000,223.600,0.000,0.000,0.000
"11:15",91.251,0.000,223.700,0.000,0.000,0.000
"11:30",95.258,0.000,223.700,0.000,0.000,0.000
"11:45",99.251,0.000,223.800,0.000,0.000,0.000
"12:00",102.208,0.000,223.800,0.000,0.000,0.000
"12:15",105.190,0.000,223.900,0.000,0.000,0.000
"12:30",107.405,0.000,224.000,0.000,0.000,0.000
"12:45",109.478,0.000,224.000,0.000,0.000,0.013
"13:00",110.720,0.000,223.900,0.000,0.000,0.000
"13:15",112.256,0.000,223.700,0.000,0.000,0.013
"13:30",112.243,0.000,223.700,0.000,0.000,0.077
"13:45",112.026,0.000,223.800,0.000,0.000,0.038
"14:00",111.693,0.000,224.000,0.000,0.000,1.050
"14:15",110.106,0.000,224.000,0.000,0.000,0.704
"14:30",109.094,0.000,224.000,0.000,0.000,0.307
"14:45",107.110,0.000,223.900,0.000,0.000,1.216
"15:00",104.550,0.000,224.000,0.000,0.000,0.256
"15:15",101.248,0.000,223.900,0.000,0.000,0.883
"15:30",97.754,0.000,223.800,0.000,0.000,0.448
"15:45",93.146,0.000,223.700,0.000,0.000,0.896
"16:00",88.102,0.000,223.700,0.000,0.000,1.088
"16:15",82.355,0.000,223.600,0.000,0.000,0.038
"16:30",76.019,0.000,223.500,0.000,0.000,0.026
"16:45",69.594,0.000,223.300,0.000,0.000,0.000
"17:00",62.438,0.000,223.300,0.000,0.000,0.013
"17:15",55.014,0.000,223.200,0.000,0.000,0.013
"17:30",47.309,0.000,223.000,0.000,0.000,0.077
"17:45",38.925,0.000,222.800,0.000,0.000,0.371
"18:00",30.349,0.000,222.600,0.000,0.000,0.000
"18:15",21.568,0.000,222.400,0.000,0.000,0.013
"18:30",12.506,0.000,222.000,0.000,0.000,0.026
"18:45",3.277,0.000,221.600,0.000,0.000,0.090
"19:00",0.384,0.000,221.400,0.000,0.000,0.000
"19:15",0.026,0.026,221.300,0.090,0.000,0.013
"19:30",0.000,0.038,221.300,0.128,0.000,0.000
"19:45",0.000,0.000,221.200,0.179,0.000,0.000
"20:00",0.000,0.000,221.200,0.166,0.000,0.000
"20:15",0.000,0.000,221.200,0.179,0.000,0.000
"20:30",0.000,0.000,221.100,0.179,0.000,0.000
"20:45",0.000,0.000,221.100,0.166,0.000,0.000
"21:00",0.000,0.000,221.100,0.179,0.000,0.000
"21:15",0.000,0.000,221.100,0.166,0.000,0.000
"21:30",0.000,0.000,221.100,0.179,0.000,0.000
"21:45",0.000,0.000,221.200,0.166,0.000,0.000
"22:00",0.000,0.000,221.100,0.179,0.000,0.000
"22:15",0.000,0.000,221.100,0.179,0.000,0.000
"22:30",0.000,0.000,221.200,0.166,0.000,0.000
"22:45",0.000,0.000,221.200,0.179,0.000,0.000
"23:00",0.000,0.000,221.200,0.166,0.000,0.000
"23:15",0.000,0.000,221.000,0.179,0.000,0.000
"23:30",0.000,0.000,221.100,0.166,0.000,0.000
"23:45",0.000,0.000,221.100,0.179,0.000,0.000
" 8/19/26 24:00",0.000,0.000,221.100,0.166,0.000,0.000
