"kwh"
"Time ","AGRIM02P","AGRIM02P","AGRIM02P","AGRIM02P","AGRIM02P","AGRIM02P"
" 4/23/26 00:15",0.000,0.000,221.300,0.192,0.000,0.000
" 4/23/26 00:30",0.000,0.000,221.200,0.179,0.000,0.000
"00:45",0.000,0.000,221.300,0.179,0.000,0.000
"01:00",0.000,0.000,221.300,0.192,0.000,0.000
"01:15",0.000,0.000,221.300,0.179,0.000,0.000
"01:30",0.000,0.000,221.300,0.179,0.000,0.000
"01:45",0.000,0.000,221.400,0.192,0.000,0.000
"02:00",0.000,0.000,221.400,0.179,0.000,0.000
"02:15",0.000,0.000,221.400,0.179,0.000,0.000
"02:30",0.000,0.000,221.400,0.192,0.000,0.000
"02:45",0.000,0.000,221.400,0.179,0.000,0.000
"03:00",0.000,0.000,221.400,0.192,0.000,0.000
"03:15",0.000,0.000,221.500,0.179,0.000,0.000
"03:30",0.000,0.000,221.500,0.179,0.000,0.000
"03:45",0.000,0.000,221.500,0.192,0.000,0.000
"04:00",0.000,0.000,221.500,0.179,0.000,0.000
"04:15",0.000,0.000,221.500,0.179,0.000,0.000
"04:30",0.000,0.000,221.400,0.192,0.000,0.000
"04:45",0.000,0.000,221.400,0.179,0.000,0.000
"05:00",0.000,0.000,221.400,0.179,0.000,0.000
"05:15",0.000,0.000,221.400,0.192,0.000,0.000
"05:30",0.000,0.000,221.500,0.179,0.000,0.000
"05:45",0.000,0.000,221.500,0.179,0.000,0.000
"06:00",0.000,0.000,221.500,0.192,0.000,0.000
"06:15",0.000,0.000,221.400,0.179,0.000,0.000
"06:30",0.000,0.000,221.400,0.192,0.000,0.000
"06:45",0.000,0.000,221.400,0.179,0.000,0.000
"07:00",0.000,0.000,221.400,0.179,0.000,0.000
"07:15",0.000,0.000,221.400,0.179,0.000,0.000
"07:30",0.000,0.000,221.300,0.192,0.000,0.000
"07:45",0.000,0.000,221.300,0.179,0.000,0.000
"08:00",0.000,0.000,221.300,0.179,0.000,0.000
"08:15",0.051,0.000,221.400,0.038,0.000,0.000
"08:30",0.128,0.000,221.400,0.000,0.000,0.013
"08:45",0.576,0.000,221.400,0.000,0.000,0.013
"09:00",0.947,0.000,221.500,0.000,0.000,0.038
"09:15",1.498,0.000,221.500,0.000,0.000,0.013
"09:30",1.485,0.000,221.600,0.000,0.000,0.026
"09:45",1.869,0.000,221.600,0.000,0.000,0.026
"10:00",3.366,0.000,221.600,0.000,0.000,0.026
"10:15",6.899,0.000,221.700,0.000,0.000,0.013
"10:30",15.539,0.000,221.900,0.000,0.000,0.000
"10:45",19.994,0.000,222.100,0.000,0.000,0.000
"11:00",19.456,0.000,222.000,0.000,0.000,0.000
"11:15",19.738,0.000,222.200,0.000,0.000,0.013
"11:30",19.904,0.000,222.200,0.000,0.000,0.000
"11:45",25.242,0.000,222.300,0.000,0.000,0.000
"12:00",34.918,0.000,222.600,0.000,0.000,0.000
"12:15",43.955,0.000,222.900,0.000,0.000,0.000
"12:30",31.488,0.000,222.800,0.000,0.000,0.000
"12:45",44.941,0.000,222.700,0.000,0.000,0.000
"13:00",37.005,0.000,222.700,0.000,0.000,0.000
"13:15",30.938,0.000,222.500,0.000,0.000,0.000
"13:30",32.218,0.000,222.500,0.000,0.000,0.000
"13:45",28.890,0.000,222.400,0.000,0.000,0.000
"14:00",27.405,0.000,222.500,0.000,0.000,0.000
"14:15",27.878,0.000,222.500,0.000,0.000,0.000
"14:30",28.006,0.000,222.600,0.000,0.000,0.000
"14:45",25.984,0.000,223.100,0.000,0.000,0.013
"15:00",27.366,0.000,223.100,0.000,0.000,0.013
"15:15",48.077,0.000,223.800,0.000,0.000,0.013
"15:30",34.086,0.000,223.700,0.000,0.000,0.013
"15:45",20.109,0.000,223.400,0.000,0.000,0.026
"16:00",59.405,0.000,224.000,0.000,0.000,0.013
"16:15",65.536,0.000,224.200,0.000,0.000,0.013
"16:30",58.867,0.000,223.900,0.000,0.000,0.013
"16:45",52.966,0.000,223.800,0.000,0.000,0.013
"17:00",44.915,0.000,223.700,0.000,0.000,0.013
"17:15",41.267,0.000,222.900,0.000,0.000,0.013
"17:30",22.643,0.000,222.700,0.000,0.000,0.000
"17:45",17.139,0.000,222.900,0.000,0.000,0.026
"18:00",24.358,0.000,222.600,0.000,0.000,0.013
"18:15",19.366,0.000,222.600,0.000,0.000,0.013
"18:30",10.406,0.000,222.200,0.000,0.000,0.013
"18:45",1.677,0.000,221.800,0.000,0.000,0.038
"19:00",0.090,0.013,221.700,0.038,0.013,0.013
"19:15",0.000,0.013,221.600,0.154,0.000,0.000
"19:30",0.000,0.013,221.500,0.166,0.000,0.000
"19:45",0.000,0.000,221.400,0.192,0.000,0.000
"20:00",0.000,0.000,221.500,0.179,0.000,0.000
"20:15",0.000,0.000,221.600,0.192,0.000,0.000
"20:30",0.000,0.000,221.500,0.179,0.000,0.000
"20:45",0.000,0.000,221.500,0.179,0.000,0.000
"21:00",0.000,0.000,221.500,0.192,0.000,0.000
"21:15",0.000,0.000,221.500,0.179,0.000,0.000
"21:30",0.000,0.000,221.500,0.192,0.000,0.000
"21:45",0.000,0.000,221.500,0.179,0.000,0.000
"22:00",0.000,0.000,221.500,0.192,0.000,0.000
"22:15",0.000,0.000,221.600,0.179,0.000,0.000
"22:30",0.000,0.000,221.600,0.192,0.000,0.000
"22:45",0.000,0.000,221.500,0.179,0.000,0.000
"23:00",0.000,0.000,221.600,0.192,0.000,0.000
"23:15",0.000,0.000,221.600,0.179,0.000,0.000
"23:30",0.000,0.000,221.700,0.192,0.000,0.000
"23:45",0.000,0.000,221.600,0.179,0.000,0.000
" 4/23/26 24:00",0.000,0.000,221.700,0.192,0.000,0.000
