"kwh"
"Time ","AGRIM02P","AGRIM02P","AGRIM02P","AGRIM02P","AGRIM02P","AGRIM02P"
" 6/10/26 00:15",0.000,0.000,221.800,0.179,0.000,0.000
" 6/10/26 00:30",0.000,0.000,221.800,0.179,0.000,0.000
"00:45",0.000,0.000,221.800,0.166,0.000,0.000
"01:00",0.000,0.000,221.800,0.179,0.000,0.000
"01:15",0.000,0.000,221.900,0.166,0.000,0.000
"01:30",0.000,0.000,221.800,0.179,0.000,0.000
"01:45",0.000,0.000,221.900,0.166,0.000,0.000
"02:00",0.000,0.000,221.900,0.179,0.000,0.000
"02:15",0.000,0.000,221.900,0.166,0.000,0.000
"02:30",0.000,0.000,221.900,0.179,0.000,0.000
"02:45",0.000,0.000,221.900,0.179,0.000,0.000
"03:00",0.000,0.000,221.900,0.166,0.000,0.000
"03:15",0.000,0.000,221.900,0.179,0.000,0.000
"03:30",0.000,0.000,221.900,0.166,0.000,0.000
"03:45",0.000,0.000,221.900,0.179,0.000,0.000
"04:00",0.000,0.000,221.900,0.166,0.000,0.000
"04:15",0.000,0.000,221.900,0.179,0.000,0.000
"04:30",0.000,0.000,222.000,0.179,0.000,0.000
"04:45",0.000,0.000,221.900,0.166,0.000,0.000
"05:00",0.000,0.000,221.900,0.179,0.000,0.000
"05:15",0.000,0.000,221.900,0.166,0.000,0.000
"05:30",0.000,0.000,221.900,0.179,0.000,0.000
"05:45",0.000,0.000,221.900,0.166,0.000,0.000
"06:00",0.000,0.000,222.000,0.179,0.000,0.000
"06:15",0.000,0.000,221.900,0.179,0.000,0.000
"06:30",0.000,0.000,221.900,0.166,0.000,0.000
"06:45",0.000,0.000,221.800,0.179,0.000,0.000
"07:00",0.000,0.000,221.800,0.166,0.000,0.000
"07:15",0.000,0.000,221.700,0.179,0.000,0.000
"07:30",0.000,0.000,221.800,0.166,0.000,0.000
"07:45",0.000,0.000,221.800,0.179,0.000,0.000
"08:00",0.000,0.000,221.700,0.179,0.000,0.000
"08:15",0.000,0.000,221.700,0.166,0.000,0.000
"08:30",0.000,0.000,221.700,0.179,0.000,0.000
"08:45",0.000,0.013,221.700,0.154,0.000,0.000
"09:00",0.064,0.000,221.700,0.038,0.000,0.000
"09:15",0.461,0.000,221.700,0.000,0.000,0.038
"09:30",1.101,0.000,221.600,0.000,0.000,0.077
"09:45",1.126,0.000,221.700,0.000,0.000,0.013
"10:00",1.805,0.000,221.700,0.000,0.000,0.064
"10:15",2.957,0.000,221.800,0.000,0.000,0.090
"10:30",10.061,0.000,222.000,0.000,0.000,0.000
"10:45",10.765,0.000,222.000,0.000,0.000,0.000
"11:00",6.810,0.000,221.900,0.000,0.000,0.051
"11:15",4.787,0.000,221.800,0.000,0.000,0.064
"11:30",6.477,0.000,221.800,0.000,0.000,0.038
"11:45",6.976,0.000,221.900,0.000,0.000,0.051
"12:00",9.818,0.000,222.000,0.000,0.000,0.026
"12:15",9.920,0.000,222.100,0.000,0.000,0.038
"12:30",3.776,0.000,221.800,0.000,0.000,0.077
"12:45",9.856,0.000,222.000,0.000,0.000,0.013
"13:00",6.310,0.000,221.900,0.000,0.000,0.026
"13:15",10.970,0.000,222.000,0.000,0.000,0.000
"13:30",13.530,0.000,222.100,0.000,0.000,0.000
"13:45",19.674,0.000,222.300,0.000,0.000,0.000
"14:00",37.862,0.000,222.900,0.000,0.000,0.000
"14:15",15.706,0.000,222.200,0.000,0.000,0.013
"14:30",19.955,0.000,222.200,0.000,0.000,0.000
"14:45",23.565,0.000,222.300,0.000,0.000,0.000
"15:00",45.568,0.000,222.800,0.000,0.000,0.000
"15:15",82.765,0.000,223.900,0.000,0.000,0.000
"15:30",21.082,0.000,222.500,0.000,0.000,0.000
"15:45",22.861,0.000,222.300,0.000,0.000,0.000
"16:00",15.181,0.000,222.300,0.000,0.000,0.013
"16:15",32.512,0.000,222.600,0.000,0.000,0.000
"16:30",14.323,0.000,222.100,0.000,0.000,0.013
"16:45",5.184,0.000,221.900,0.000,0.000,0.026
"17:00",6.797,0.000,222.100,0.000,0.000,0.026
"17:15",9.549,0.000,222.100,0.000,0.000,0.038
"17:30",3.405,0.000,221.900,0.000,0.000,0.077
"17:45",4.570,0.000,221.900,0.000,0.000,0.051
"18:00",2.509,0.000,221.800,0.000,0.000,0.077
"18:15",0.730,0.000,221.700,0.000,0.000,0.026
"18:30",0.115,0.013,221.700,0.051,0.000,0.013
"18:45",0.000,0.038,221.500,0.128,0.000,0.000
"19:00",0.000,0.026,221.500,0.154,0.000,0.000
"19:15",0.000,0.000,221.500,0.166,0.000,0.000
"19:30",0.000,0.000,221.500,0.179,0.000,0.000
"19:45",0.000,0.000,221.500,0.166,0.000,0.000
"20:00",0.000,0.000,221.500,0.179,0.000,0.000
"20:15",0.000,0.000,221.600,0.166,0.000,0.000
"20:30",0.000,0.000,221.500,0.179,0.000,0.000
"20:45",0.000,0.000,221.400,0.179,0.000,0.000
"21:00",0.000,0.000,221.400,0.166,0.000,0.000
"21:15",0.000,0.000,221.400,0.179,0.000,0.000
"21:30",0.000,0.000,221.400,0.179,0.000,0.000
"21:45",0.000,0.000,221.500,0.166,0.000,0.000
"22:00",0.000,0.000,221.500,0.179,0.000,0.000
"22:15",0.000,0.000,221.600,0.179,0.000,0.000
"22:30",0.000,0.000,221.600,0.166,0.000,0.000
"22:45",0.000,0.000,221.600,0.179,0.000,0.000
"23:00",0.000,0.000,221.600,0.166,0.000,0.000
"23:15",0.000,0.000,221.600,0.179,0.000,0.000
"23:30",0.000,0.000,221.600,0.179,0.000,0.000
"23:45",0.000,0.000,221.600,0.166,0.000,0.000
" 6/10/26 24:00",0.000,0.000,221.700,0.179,0.000,0.000
