"kwh"
"Time ","AGRIM02P","AGRIM02P","AGRIM02P","AGRIM02P","AGRIM02P","AGRIM02P"
"10/03/26 00:15",0.000,0.000,220.200,0.166,0.000,0.000
"10/03/26 00:30",0.000,0.000,220.200,0.179,0.000,0.000
"00:45",0.000,0.000,220.200,0.166,0.000,0.000
"01:00",0.000,0.000,220.200,0.179,0.000,0.000
"01:15",0.000,0.000,220.300,0.166,0.000,0.000
"01:30",0.000,0.000,220.300,0.166,0.000,0.000
"01:45",0.000,0.000,220.300,0.179,0.000,0.000
"02:00",0.000,0.000,220.300,0.166,0.000,0.000
"02:15",0.000,0.000,220.400,0.166,0.000,0.000
"02:30",0.000,0.000,220.400,0.179,0.000,0.000
"02:45",0.000,0.000,220.300,0.166,0.000,0.000
"03:00",0.000,0.000,220.400,0.166,0.000,0.000
"03:15",0.000,0.000,220.400,0.179,0.000,0.000
"03:30",0.000,0.000,220.400,0.166,0.000,0.000
"03:45",0.000,0.000,220.300,0.179,0.000,0.000
"04:00",0.000,0.000,220.400,0.166,0.000,0.000
"04:15",0.000,0.000,220.400,0.166,0.000,0.000
"04:30",0.000,0.000,220.400,0.179,0.000,0.000
"04:45",0.000,0.000,220.400,0.166,0.000,0.000
"05:00",0.000,0.000,220.400,0.166,0.000,0.000
"05:15",0.000,0.000,220.400,0.179,0.000,0.000
"05:30",0.000,0.000,220.400,0.166,0.000,0.000
"05:45",0.000,0.000,220.400,0.179,0.000,0.000
"06:00",0.000,0.000,220.400,0.166,0.000,0.000
"06:15",0.000,0.000,220.400,0.166,0.000,0.000
"06:30",0.000,0.000,220.400,0.179,0.000,0.000
"06:45",0.000,0.000,220.400,0.166,0.000,0.000
"07:00",0.000,0.000,220.400,0.154,0.000,0.000
"07:15",0.384,0.000,220.400,0.000,0.000,0.013
"07:30",1.459,0.000,220.500,0.000,0.000,0.013
"07:45",4.032,0.000,220.600,0.000,0.000,0.000
"08:00",10.061,0.000,221.200,0.000,0.000,0.000
"08:15",8.525,0.000,220.800,0.000,0.000,0.000
"08:30",18.202,0.000,221.000,0.000,0.000,0.000
"08:45",15.398,0.000,221.300,0.000,0.000,0.000
"09:00",46.336,0.000,222.400,0.000,0.000,0.013
"09:15",58.752,0.000,223.000,0.000,0.000,0.000
"09:30",66.355,0.000,223.200,0.000,0.000,0.000
"09:45",73.370,0.000,223.400,0.000,0.000,0.000
"10:00",81.024,0.000,223.500,0.000,0.000,0.000
"10:15",88.307,0.000,223.500,0.000,0.000,0.000
"10:30",94.362,0.000,223.500,0.000,0.000,0.000
"10:45",99.994,0.000,223.700,0.000,0.000,0.000
"11:00",105.062,0.000,223.800,0.000,0.000,0.000
"11:15",108.915,0.000,223.900,0.000,0.000,0.000
"11:30",112.064,0.000,223.900,0.000,0.000,0.000
"11:45",113.997,0.000,224.000,0.000,0.000,0.000
"12:00",114.854,0.000,224.000,0.000,0.000,0.000
"12:15",115.187,0.000,224.000,0.000,0.000,0.000
"12:30",113.024,0.000,224.000,0.000,0.000,0.000
"12:45",112.102,0.000,224.000,0.000,0.000,0.013
"13:00",114.483,0.000,224.100,0.000,0.000,0.026
"13:15",110.976,0.000,224.000,0.000,0.000,0.000
"13:30",97.178,0.000,223.800,0.000,0.000,0.013
"13:45",100.250,0.000,223.800,0.000,0.000,0.026
"14:00",113.946,0.000,223.600,0.000,0.000,0.000
"14:15",69.696,0.000,222.900,0.000,0.000,0.320
"14:30",106.765,0.000,223.600,0.000,0.000,0.307
"14:45",104.781,0.000,223.700,0.000,0.000,0.000
"15:00",111.232,0.000,223.800,0.000,0.000,0.000
"15:15",112.115,0.000,223.600,0.000,0.000,0.000
"15:30",82.266,0.000,222.800,0.000,0.000,0.000
"15:45",105.856,0.000,223.500,0.000,0.000,0.000
"16:00",96.384,0.000,223.600,0.000,0.000,0.013
"16:15",88.819,0.000,223.500,0.000,0.000,0.000
"16:30",82.547,0.000,223.500,0.000,0.000,0.000
"16:45",75.814,0.000,223.400,0.000,0.000,0.000
"17:00",67.968,0.000,223.300,0.000,0.000,0.013
"17:15",58.854,0.000,223.000,0.000,0.000,0.000
"17:30",50.765,0.000,222.900,0.000,0.000,0.000
"17:45",41.946,0.000,222.800,0.000,0.000,0.000
"18:00",33.485,0.000,222.800,0.000,0.000,0.013
"18:15",25.331,0.000,222.700,0.000,0.000,0.038
"18:30",17.549,0.000,222.300,0.000,0.000,0.038
"18:45",10.522,0.000,221.900,0.000,0.000,0.064
"19:00",4.915,0.000,221.500,0.000,0.000,0.102
"19:15",1.434,0.000,221.300,0.000,0.000,0.102
"19:30",0.179,0.000,221.100,0.013,0.000,0.000
"19:45",0.000,0.038,221.000,0.128,0.000,0.000
"20:00",0.000,0.026,220.900,0.154,0.000,0.000
"20:15",0.000,0.000,220.900,0.166,0.000,0.000
"20:30",0.000,0.000,220.900,0.179,0.000,0.000
"20:45",0.000,0.000,220.900,0.166,0.000,0.000
"21:00",0.000,0.000,220.800,0.166,0.000,0.000
"21:15",0.000,0.000,220.800,0.179,0.000,0.000
"21:30",0.000,0.000,220.900,0.166,0.000,0.000
"21:45",0.000,0.000,221.000,0.179,0.000,0.000
"22:00",0.000,0.000,221.000,0.166,0.000,0.000
"22:15",0.000,0.000,221.000,0.166,0.000,0.000
"22:30",0.000,0.000,221.000,0.179,0.000,0.000
"22:45",0.000,0.000,221.100,0.166,0.000,0.000
"23:00",0.000,0.000,221.100,0.179,0.000,0.000
"23:15",0.000,0.000,220.900,0.166,0.000,0.000
"23:30",0.000,0.000,220.900,0.166,0.000,0.000
"23:45",0.000,0.000,220.700,0.179,0.000,0.000
"10/03/26 24:00",0.000,0.000,220.700,0.166,0.000,0.000
