"kwh"
"Time ","AGRIM02P","AGRIM02P","AGRIM02P","AGRIM02P","AGRIM02P","AGRIM02P"
" 9/27/26 00:15",0.000,0.000,221.100,0.166,0.000,0.000
" 9/27/26 00:30",0.000,0.000,221.100,0.179,0.000,0.000
"00:45",0.000,0.000,221.100,0.166,0.000,0.000
"01:00",0.000,0.000,221.100,0.179,0.000,0.000
"01:15",0.000,0.000,221.000,0.166,0.000,0.000
"01:30",0.000,0.000,221.000,0.166,0.000,0.000
"01:45",0.000,0.000,221.000,0.179,0.000,0.000
"02:00",0.000,0.000,221.000,0.166,0.000,0.000
"02:15",0.000,0.000,221.100,0.179,0.000,0.000
"02:30",0.000,0.000,221.100,0.166,0.000,0.000
"02:45",0.000,0.000,221.000,0.166,0.000,0.000
"03:00",0.000,0.000,221.000,0.179,0.000,0.000
"03:15",0.000,0.000,221.000,0.166,0.000,0.000
"03:30",0.000,0.000,221.000,0.179,0.000,0.000
"03:45",0.000,0.000,221.000,0.166,0.000,0.000
"04:00",0.000,0.000,221.000,0.179,0.000,0.000
"04:15",0.000,0.000,221.000,0.166,0.000,0.000
"04:30",0.000,0.000,221.100,0.179,0.000,0.000
"04:45",0.000,0.000,221.100,0.166,0.000,0.000
"05:00",0.000,0.000,221.100,0.166,0.000,0.000
"05:15",0.000,0.000,221.100,0.179,0.000,0.000
"05:30",0.000,0.000,221.100,0.166,0.000,0.000
"05:45",0.000,0.000,221.100,0.179,0.000,0.000
"06:00",0.000,0.000,221.100,0.166,0.000,0.000
"06:15",0.000,0.000,221.100,0.179,0.000,0.000
"06:30",0.000,0.000,221.100,0.166,0.000,0.000
"06:45",0.000,0.000,221.100,0.166,0.000,0.000
"07:00",0.000,0.000,221.100,0.179,0.000,0.000
"07:15",0.051,0.000,221.100,0.077,0.000,0.000
"07:30",0.435,0.000,221.200,0.000,0.000,0.026
"07:45",1.984,0.000,221.300,0.000,0.000,0.026
"08:00",3.174,0.000,221.400,0.000,0.000,0.038
"08:15",11.994,0.000,221.800,0.000,0.000,0.013
"08:30",22.822,0.000,222.200,0.000,0.000,0.000
"08:45",19.930,0.000,222.100,0.000,0.000,0.064
"09:00",28.160,0.000,222.400,0.000,0.000,0.192
"09:15",22.720,0.000,222.400,0.000,0.000,0.013
"09:30",44.557,0.000,222.600,0.000,0.000,0.000
"09:45",58.074,0.000,223.200,0.000,0.000,0.000
"10:00",65.549,0.000,223.400,0.000,0.000,0.000
"10:15",72.256,0.000,223.500,0.000,0.000,0.000
"10:30",75.635,0.000,223.600,0.000,0.000,0.000
"10:45",85.235,0.000,223.500,0.000,0.000,0.000
"11:00",75.034,0.000,223.500,0.000,0.000,0.000
"11:15",86.874,0.000,223.700,0.000,0.000,0.000
"11:30",83.469,0.000,223.700,0.000,0.000,0.000
"11:45",77.606,0.000,223.600,0.000,0.000,0.000
"12:00",99.098,0.000,224.100,0.000,0.000,0.000
"12:15",105.626,0.000,224.200,0.000,0.000,0.000
"12:30",106.765,0.000,224.300,0.000,0.000,0.013
"12:45",108.480,0.000,224.300,0.000,0.000,0.000
"13:00",102.246,0.000,224.200,0.000,0.000,0.000
"13:15",111.206,0.000,224.400,0.000,0.000,0.000
"13:30",110.733,0.000,224.400,0.000,0.000,0.000
"13:45",110.554,0.000,224.300,0.000,0.000,0.000
"14:00",109.094,0.000,224.300,0.000,0.000,0.000
"14:15",107.354,0.000,224.300,0.000,0.000,0.013
"14:30",105.766,0.000,224.200,0.000,0.000,1.024
"14:45",103.962,0.000,224.100,0.000,0.000,0.218
"15:00",101.030,0.000,224.100,0.000,0.000,0.154
"15:15",97.587,0.000,224.100,0.000,0.000,0.000
"15:30",95.578,0.000,224.000,0.000,0.000,0.013
"15:45",91.110,0.000,224.000,0.000,0.000,0.000
"16:00",86.899,0.000,223.900,0.000,0.000,0.000
"16:15",81.485,0.000,223.800,0.000,0.000,0.000
"16:30",75.942,0.000,223.700,0.000,0.000,0.000
"16:45",70.477,0.000,223.700,0.000,0.000,0.000
"17:00",63.258,0.000,223.600,0.000,0.000,0.013
"17:15",55.872,0.000,223.500,0.000,0.000,0.013
"17:30",48.256,0.000,223.400,0.000,0.000,0.026
"17:45",40.256,0.000,223.200,0.000,0.000,0.038
"18:00",32.934,0.000,222.900,0.000,0.000,0.013
"18:15",25.702,0.000,222.700,0.000,0.000,0.013
"18:30",16.986,0.000,222.300,0.000,0.000,0.038
"18:45",10.138,0.000,222.000,0.000,0.000,0.064
"19:00",4.019,0.000,221.700,0.000,0.000,0.115
"19:15",0.973,0.000,221.500,0.000,0.000,0.090
"19:30",0.115,0.000,221.400,0.038,0.000,0.013
"19:45",0.000,0.038,221.400,0.115,0.000,0.000
"20:00",0.000,0.013,221.300,0.166,0.000,0.000
"20:15",0.000,0.000,221.200,0.166,0.000,0.000
"20:30",0.000,0.000,221.300,0.179,0.000,0.000
"20:45",0.000,0.000,221.300,0.166,0.000,0.000
"21:00",0.000,0.000,221.200,0.166,0.000,0.000
"21:15",0.000,0.000,221.200,0.179,0.000,0.000
"21:30",0.000,0.000,221.300,0.166,0.000,0.000
"21:45",0.000,0.000,221.400,0.179,0.000,0.000
"22:00",0.000,0.000,221.400,0.166,0.000,0.000
"22:15",0.000,0.000,221.400,0.166,0.000,0.000
"22:30",0.000,0.000,221.500,0.179,0.000,0.000
"22:45",0.000,0.000,221.400,0.166,0.000,0.000
"23:00",0.000,0.000,221.400,0.179,0.000,0.000
"23:15",0.000,0.000,221.200,0.166,0.000,0.000
"23:30",0.000,0.000,221.300,0.179,0.000,0.000
"23:45",0.000,0.000,221.200,0.166,0.000,0.000
" 9/27/26 24:00",0.000,0.000,221.200,0.179,0.000,0.000
