"kwh"
"Time ","AGRIM02P","AGRIM02P","AGRIM02P","AGRIM02P","AGRIM02P","AGRIM02P"
" 1/22/26 00:15",0.000,0.000,218.600,0.179,0.000,0.000
" 1/22/26 00:30",0.000,0.000,218.600,0.179,0.000,0.000
"00:45",0.000,0.000,218.700,0.179,0.000,0.000
"01:00",0.000,0.000,218.600,0.179,0.000,0.000
"01:15",0.000,0.000,218.500,0.179,0.000,0.000
"01:30",0.000,0.000,218.500,0.179,0.000,0.000
"01:45",0.000,0.000,218.600,0.192,0.000,0.000
"02:00",0.000,0.000,218.500,0.179,0.000,0.000
"02:15",0.000,0.000,218.600,0.179,0.000,0.000
"02:30",0.000,0.000,218.600,0.179,0.000,0.000
"02:45",0.000,0.000,218.800,0.179,0.000,0.000
"03:00",0.000,0.000,218.900,0.179,0.000,0.000
"03:15",0.000,0.000,218.900,0.179,0.000,0.000
"03:30",0.000,0.000,218.900,0.179,0.000,0.000
"03:45",0.000,0.000,218.900,0.179,0.000,0.000
"04:00",0.000,0.000,218.900,0.179,0.000,0.000
"04:15",0.000,0.000,219.000,0.179,0.000,0.000
"04:30",0.000,0.000,219.000,0.179,0.000,0.000
"04:45",0.000,0.000,219.000,0.179,0.000,0.000
"05:00",0.000,0.000,219.000,0.179,0.000,0.000
"05:15",0.000,0.000,219.000,0.192,0.000,0.000
"05:30",0.000,0.000,219.000,0.179,0.000,0.000
"05:45",0.000,0.000,218.900,0.179,0.000,0.000
"06:00",0.000,0.000,218.900,0.179,0.000,0.000
"06:15",0.000,0.000,218.900,0.179,0.000,0.000
"06:30",0.000,0.000,218.900,0.179,0.000,0.000
"06:45",0.000,0.000,219.000,0.179,0.000,0.000
"07:00",0.218,0.000,219.200,0.013,0.000,0.013
"07:15",1.382,0.000,219.200,0.000,0.000,0.000
"07:30",4.262,0.000,219.500,0.000,0.000,0.000
"07:45",7.629,0.000,220.000,0.000,0.000,0.013
"08:00",9.613,0.000,220.300,0.000,0.000,0.141
"08:15",14.963,0.000,220.300,0.000,0.000,0.000
"08:30",18.816,0.000,220.100,0.000,0.000,0.000
"08:45",23.706,0.000,220.700,0.000,0.000,0.026
"09:00",35.482,0.000,221.200,0.000,0.000,0.013
"09:15",44.480,0.000,221.400,0.000,0.000,0.000
"09:30",51.226,0.000,221.500,0.000,0.000,0.013
"09:45",57.549,0.000,221.600,0.000,0.000,0.000
"10:00",63.718,0.000,221.600,0.000,0.000,0.000
"10:15",69.581,0.000,221.700,0.000,0.000,0.000
"10:30",74.688,0.000,221.800,0.000,0.000,0.000
"10:45",79.731,0.000,221.900,0.000,0.000,0.000
"11:00",84.544,0.000,221.900,0.000,0.000,0.000
"11:15",89.024,0.000,221.900,0.000,0.000,0.000
"11:30",47.014,0.000,220.600,0.026,0.000,0.000
"11:45",43.763,0.000,222.300,0.000,0.000,0.000
"12:00",98.355,0.000,223.200,0.000,0.000,0.000
"12:15",100.966,0.000,223.400,0.000,0.000,0.000
"12:30",102.259,0.000,223.400,0.000,0.000,0.000
"12:45",103.437,0.000,223.400,0.000,0.000,0.000
"13:00",103.654,0.000,223.300,0.000,0.000,0.000
"13:15",103.693,0.000,223.300,0.000,0.000,0.013
"13:30",103.526,0.000,223.300,0.000,0.000,0.013
"13:45",103.475,0.000,223.300,0.000,0.000,0.013
"14:00",103.949,0.000,223.400,0.000,0.000,0.000
"14:15",103.795,0.000,223.400,0.000,0.000,0.013
"14:30",103.130,0.000,223.300,0.000,0.000,0.000
"14:45",102.822,0.000,223.300,0.000,0.000,0.013
"15:00",100.570,0.000,223.100,0.000,0.000,0.000
"15:15",99.251,0.000,223.200,0.000,0.000,0.013
"15:30",96.576,0.000,223.100,0.000,0.000,0.000
"15:45",92.557,0.000,222.900,0.000,0.000,0.000
"16:00",89.792,0.000,222.700,0.000,0.000,0.000
"16:15",85.504,0.000,222.700,0.000,0.000,0.000
"16:30",81.088,0.000,222.600,0.000,0.000,0.000
"16:45",76.544,0.000,222.600,0.000,0.000,0.000
"17:00",71.360,0.000,222.400,0.000,0.000,0.000
"17:15",66.163,0.000,222.300,0.000,0.000,0.000
"17:30",60.557,0.000,222.000,0.000,0.000,0.000
"17:45",53.286,0.000,222.000,0.000,0.000,0.000
"18:00",45.914,0.000,221.900,0.000,0.000,0.000
"18:15",44.211,0.000,222.200,0.000,0.000,0.013
"18:30",33.741,0.000,221.700,0.000,0.000,0.000
"18:45",8.166,0.000,220.100,0.026,0.000,0.000
"19:00",16.934,0.000,221.200,0.000,0.000,0.051
"19:15",7.552,0.000,220.600,0.000,0.000,0.051
"19:30",8.192,0.000,220.500,0.000,0.000,0.051
"19:45",5.658,0.000,220.300,0.000,0.000,0.166
"20:00",3.328,0.000,220.200,0.000,0.000,0.115
"20:15",1.050,0.000,220.100,0.000,0.000,0.102
"20:30",0.218,0.000,220.100,0.000,0.013,0.077
"20:45",0.000,0.026,220.000,0.128,0.000,0.000
"21:00",0.000,0.026,220.000,0.154,0.000,0.000
"21:15",0.000,0.000,220.000,0.179,0.000,0.000
"21:30",0.000,0.000,220.000,0.192,0.000,0.000
"21:45",0.000,0.000,220.000,0.179,0.000,0.000
"22:00",0.000,0.000,220.000,0.179,0.000,0.000
"22:15",0.000,0.000,220.000,0.179,0.000,0.000
"22:30",0.000,0.000,220.000,0.179,0.000,0.000
"22:45",0.000,0.000,220.000,0.179,0.000,0.000
"23:00",0.000,0.000,220.100,0.192,0.000,0.000
"23:15",0.000,0.000,219.800,0.179,0.000,0.000
"23:30",0.000,0.000,219.700,0.179,0.000,0.000
"23:45",0.000,0.000,219.600,0.179,0.000,0.000
" 1/22/26 24:00",0.000,0.000,219.600,0.179,0.000,0.000
