"kwh"
"Time ","AGRIM02P","AGRIM02P","AGRIM02P","AGRIM02P","AGRIM02P","AGRIM02P"
" 8/20/26 00:15",0.000,0.000,221.200,0.179,0.000,0.000
" 8/20/26 00:30",0.000,0.000,221.200,0.166,0.000,0.000
"00:45",0.000,0.000,221.300,0.179,0.000,0.000
"01:00",0.000,0.000,221.300,0.166,0.000,0.000
"01:15",0.000,0.000,221.400,0.179,0.000,0.000
"01:30",0.000,0.000,221.300,0.166,0.000,0.000
"01:45",0.000,0.000,221.400,0.179,0.000,0.000
"02:00",0.000,0.000,221.400,0.166,0.000,0.000
"02:15",0.000,0.000,221.400,0.179,0.000,0.000
"02:30",0.000,0.000,221.400,0.179,0.000,0.000
"02:45",0.000,0.000,221.400,0.166,0.000,0.000
"03:00",0.000,0.000,221.400,0.179,0.000,0.000
"03:15",0.000,0.000,221.400,0.166,0.000,0.000
"03:30",0.000,0.000,221.400,0.179,0.000,0.000
"03:45",0.000,0.000,221.400,0.166,0.000,0.000
"04:00",0.000,0.000,221.400,0.179,0.000,0.000
"04:15",0.000,0.000,221.500,0.166,0.000,0.000
"04:30",0.000,0.000,221.400,0.179,0.000,0.000
"04:45",0.000,0.000,221.500,0.166,0.000,0.000
"05:00",0.000,0.000,221.500,0.179,0.000,0.000
"05:15",0.000,0.000,221.500,0.166,0.000,0.000
"05:30",0.000,0.000,221.500,0.179,0.000,0.000
"05:45",0.000,0.000,221.500,0.166,0.000,0.000
"06:00",0.000,0.000,221.500,0.179,0.000,0.000
"06:15",0.000,0.000,221.400,0.166,0.000,0.000
"06:30",0.000,0.000,221.400,0.179,0.000,0.000
"06:45",0.000,0.000,221.400,0.179,0.000,0.000
"07:00",0.000,0.000,221.300,0.166,0.000,0.000
"07:15",0.000,0.000,221.300,0.179,0.000,0.000
"07:30",0.000,0.000,221.300,0.166,0.000,0.000
"07:45",0.000,0.000,221.300,0.179,0.000,0.000
"08:00",0.051,0.000,221.200,0.051,0.000,0.000
"08:15",1.370,0.000,221.300,0.000,0.000,0.090
"08:30",7.834,0.000,221.500,0.000,0.000,0.038
"08:45",18.022,0.000,221.900,0.000,0.000,0.026
"09:00",27.469,0.000,222.400,0.000,0.000,0.205
"09:15",36.608,0.000,222.800,0.000,0.000,0.077
"09:30",45.466,0.000,223.200,0.000,0.000,0.000
"09:45",53.427,0.000,223.500,0.000,0.000,0.000
"10:00",60.582,0.000,223.600,0.000,0.000,0.000
"10:15",67.763,0.000,223.700,0.000,0.000,0.000
"10:30",74.278,0.000,223.800,0.000,0.000,0.000
"10:45",80.576,0.000,224.000,0.000,0.000,0.000
"11:00",86.246,0.000,224.100,0.000,0.000,0.000
"11:15",91.174,0.000,223.900,0.000,0.000,0.000
"11:30",95.526,0.000,224.000,0.000,0.000,0.000
"11:45",99.494,0.000,224.000,0.000,0.000,0.038
"12:00",102.784,0.000,224.000,0.000,0.000,0.000
"12:15",105.830,0.000,224.000,0.000,0.000,0.000
"12:30",108.198,0.000,224.000,0.000,0.000,0.000
"12:45",109.875,0.000,224.000,0.000,0.000,0.077
"13:00",111.053,0.000,223.800,0.000,0.000,0.013
"13:15",111.680,0.000,224.100,0.000,0.000,0.486
"13:30",111.424,0.000,224.100,0.000,0.000,0.653
"13:45",111.539,0.000,223.900,0.000,0.000,0.000
"14:00",110.272,0.000,224.100,0.000,0.000,0.013
"14:15",109.402,0.000,224.100,0.000,0.000,0.000
"14:30",108.262,0.000,224.100,0.000,0.000,0.013
"14:45",106.035,0.000,224.100,0.000,0.000,0.115
"15:00",102.758,0.000,223.900,0.000,0.000,0.282
"15:15",99.302,0.000,223.900,0.000,0.000,0.013
"15:30",96.051,0.000,223.900,0.000,0.000,0.013
"15:45",91.162,0.000,223.800,0.000,0.000,0.013
"16:00",85.939,0.000,223.700,0.000,0.000,0.000
"16:15",81.050,0.000,223.700,0.000,0.000,0.000
"16:30",75.469,0.000,223.600,0.000,0.000,0.000
"16:45",69.530,0.000,223.500,0.000,0.000,0.000
"17:00",62.285,0.000,223.300,0.000,0.000,0.000
"17:15",54.656,0.000,223.100,0.000,0.000,0.000
"17:30",46.746,0.000,222.900,0.000,0.000,0.000
"17:45",38.694,0.000,222.600,0.000,0.000,0.000
"18:00",30.285,0.000,222.400,0.000,0.000,0.000
"18:15",22.208,0.000,222.300,0.000,0.000,0.026
"18:30",13.606,0.000,221.900,0.000,0.000,0.013
"18:45",3.853,0.000,221.500,0.000,0.000,0.090
"19:00",0.474,0.000,221.300,0.000,0.000,0.026
"19:15",0.026,0.013,221.200,0.077,0.000,0.000
"19:30",0.000,0.038,221.200,0.128,0.000,0.000
"19:45",0.000,0.000,221.200,0.166,0.000,0.000
"20:00",0.000,0.000,221.200,0.179,0.000,0.000
"20:15",0.000,0.000,221.200,0.179,0.000,0.000
"20:30",0.000,0.000,221.200,0.166,0.000,0.000
"20:45",0.000,0.000,221.300,0.166,0.000,0.000
"21:00",0.000,0.000,221.300,0.179,0.000,0.000
"21:15",0.000,0.000,221.200,0.166,0.000,0.000
"21:30",0.000,0.000,221.200,0.179,0.000,0.000
"21:45",0.000,0.000,221.300,0.166,0.000,0.000
"22:00",0.000,0.000,221.200,0.179,0.000,0.000
"22:15",0.000,0.000,221.300,0.166,0.000,0.000
"22:30",0.000,0.000,221.300,0.179,0.000,0.000
"22:45",0.000,0.000,221.300,0.166,0.000,0.000
"23:00",0.000,0.000,221.300,0.179,0.000,0.000
"23:15",0.000,0.000,221.100,0.166,0.000,0.000
"23:30",0.000,0.000,221.100,0.179,0.000,0.000
"23:45",0.000,0.000,221.300,0.166,0.000,0.000
" 8/20/26 24:00",0.000,0.000,221.300,0.179,0.000,0.000
