"kwh"
"Time ","AGRIM02P","AGRIM02P","AGRIM02P","AGRIM02P","AGRIM02P","AGRIM02P"
" 4/22/26 00:15",0.000,0.000,220.800,0.192,0.000,0.000
" 4/22/26 00:30",0.000,0.000,220.900,0.179,0.000,0.000
"00:45",0.000,0.000,221.000,0.179,0.000,0.000
"01:00",0.000,0.000,221.000,0.179,0.000,0.000
"01:15",0.000,0.000,221.000,0.192,0.000,0.000
"01:30",0.000,0.000,221.100,0.179,0.000,0.000
"01:45",0.000,0.000,221.100,0.192,0.000,0.000
"02:00",0.000,0.000,221.100,0.179,0.000,0.000
"02:15",0.000,0.000,221.200,0.179,0.000,0.000
"02:30",0.000,0.000,221.100,0.179,0.000,0.000
"02:45",0.000,0.000,221.100,0.192,0.000,0.000
"03:00",0.000,0.000,221.100,0.179,0.000,0.000
"03:15",0.000,0.000,221.100,0.179,0.000,0.000
"03:30",0.000,0.000,221.100,0.192,0.000,0.000
"03:45",0.000,0.000,221.100,0.179,0.000,0.000
"04:00",0.000,0.000,221.100,0.179,0.000,0.000
"04:15",0.000,0.000,221.100,0.179,0.000,0.000
"04:30",0.000,0.000,221.100,0.192,0.000,0.000
"04:45",0.000,0.000,221.100,0.179,0.000,0.000
"05:00",0.000,0.000,221.100,0.179,0.000,0.000
"05:15",0.000,0.000,221.100,0.192,0.000,0.000
"05:30",0.000,0.000,221.100,0.179,0.000,0.000
"05:45",0.000,0.000,221.100,0.179,0.000,0.000
"06:00",0.000,0.000,221.100,0.179,0.000,0.000
"06:15",0.000,0.000,221.100,0.192,0.000,0.000
"06:30",0.000,0.000,221.100,0.179,0.000,0.000
"06:45",0.000,0.000,221.000,0.179,0.000,0.000
"07:00",0.000,0.000,221.000,0.179,0.000,0.000
"07:15",0.000,0.000,221.000,0.192,0.000,0.000
"07:30",0.000,0.000,221.000,0.179,0.000,0.000
"07:45",0.000,0.000,221.100,0.179,0.000,0.000
"08:00",0.000,0.000,221.100,0.192,0.000,0.000
"08:15",0.090,0.000,221.100,0.026,0.000,0.013
"08:30",0.576,0.000,221.100,0.000,0.000,0.013
"08:45",1.280,0.000,221.200,0.000,0.000,0.026
"09:00",2.022,0.000,221.200,0.000,0.000,0.013
"09:15",3.520,0.000,221.200,0.000,0.000,0.026
"09:30",4.608,0.000,221.300,0.000,0.000,0.026
"09:45",6.387,0.000,221.400,0.000,0.000,0.013
"10:00",11.597,0.000,221.300,0.000,0.000,0.000
"10:15",19.891,0.000,221.500,0.000,0.000,0.000
"10:30",11.878,0.000,221.400,0.000,0.000,0.000
"10:45",11.494,0.000,221.500,0.000,0.000,0.000
"11:00",12.224,0.000,221.400,0.000,0.000,0.000
"11:15",14.566,0.000,221.400,0.000,0.000,0.000
"11:30",16.141,0.000,221.500,0.000,0.000,0.000
"11:45",17.677,0.000,221.500,0.000,0.000,0.000
"12:00",19.853,0.000,221.600,0.000,0.000,0.000
"12:15",23.450,0.000,221.800,0.000,0.000,0.000
"12:30",29.018,0.000,222.100,0.000,0.000,0.000
"12:45",31.718,0.000,222.100,0.000,0.000,0.000
"13:00",35.174,0.000,222.200,0.000,0.000,0.000
"13:15",38.298,0.000,222.200,0.000,0.000,0.000
"13:30",36.288,0.000,222.300,0.000,0.000,0.000
"13:45",40.678,0.000,222.400,0.000,0.000,0.000
"14:00",42.406,0.000,222.400,0.000,0.000,0.000
"14:15",42.701,0.000,222.400,0.000,0.000,0.000
"14:30",42.816,0.000,222.300,0.000,0.000,0.000
"14:45",53.414,0.000,222.600,0.000,0.000,0.000
"15:00",60.672,0.000,222.800,0.000,0.000,0.000
"15:15",54.131,0.000,222.600,0.000,0.000,0.000
"15:30",70.234,0.000,223.100,0.000,0.000,0.000
"15:45",53.056,0.000,222.800,0.000,0.000,0.000
"16:00",56.230,0.000,223.000,0.000,0.000,0.013
"16:15",57.600,0.000,222.800,0.000,0.000,0.000
"16:30",54.669,0.000,223.000,0.000,0.000,0.000
"16:45",55.782,0.000,223.400,0.000,0.000,0.000
"17:00",49.766,0.000,223.300,0.000,0.000,0.013
"17:15",24.986,0.000,222.800,0.000,0.000,0.013
"17:30",33.114,0.000,222.900,0.000,0.000,0.000
"17:45",29.120,0.000,222.700,0.000,0.000,0.013
"18:00",20.544,0.000,222.100,0.000,0.000,0.000
"18:15",16.282,0.000,221.600,0.000,0.000,0.000
"18:30",6.144,0.000,221.300,0.000,0.000,0.038
"18:45",0.934,0.000,221.200,0.000,0.000,0.090
"19:00",0.090,0.000,221.100,0.038,0.000,0.000
"19:15",0.000,0.026,221.100,0.154,0.000,0.000
"19:30",0.000,0.013,221.000,0.166,0.000,0.000
"19:45",0.000,0.000,221.000,0.192,0.000,0.000
"20:00",0.000,0.000,221.100,0.179,0.000,0.000
"20:15",0.000,0.000,221.000,0.179,0.000,0.000
"20:30",0.000,0.000,221.000,0.192,0.000,0.000
"20:45",0.000,0.000,221.000,0.179,0.000,0.000
"21:00",0.000,0.000,221.000,0.179,0.000,0.000
"21:15",0.000,0.000,221.000,0.192,0.000,0.000
"21:30",0.000,0.000,221.000,0.179,0.000,0.000
"21:45",0.000,0.000,221.000,0.192,0.000,0.000
"22:00",0.000,0.000,221.100,0.179,0.000,0.000
"22:15",0.000,0.000,221.100,0.179,0.000,0.000
"22:30",0.000,0.000,221.100,0.192,0.000,0.000
"22:45",0.000,0.000,221.100,0.179,0.000,0.000
"23:00",0.000,0.000,221.100,0.179,0.000,0.000
"23:15",0.000,0.000,221.100,0.192,0.000,0.000
"23:30",0.000,0.000,221.200,0.179,0.000,0.000
"23:45",0.000,0.000,221.200,0.192,0.000,0.000
" 4/22/26 24:00",0.000,0.000,221.300,0.179,0.000,0.000
