"kwh"
"Time ","AGRIM02P","AGRIM02P","AGRIM02P","AGRIM02P","AGRIM02P","AGRIM02P"
" 5/18/26 00:15",0.000,0.000,221.600,0.179,0.000,0.000
" 5/18/26 00:30",0.000,0.000,221.600,0.179,0.000,0.000
"00:45",0.000,0.000,221.700,0.166,0.000,0.000
"01:00",0.000,0.000,221.700,0.179,0.000,0.000
"01:15",0.000,0.000,221.700,0.179,0.000,0.000
"01:30",0.000,0.000,221.800,0.166,0.000,0.000
"01:45",0.000,0.000,221.800,0.179,0.000,0.000
"02:00",0.000,0.000,221.800,0.166,0.000,0.000
"02:15",0.000,0.000,221.800,0.179,0.000,0.000
"02:30",0.000,0.000,221.800,0.179,0.000,0.000
"02:45",0.000,0.000,221.800,0.166,0.000,0.000
"03:00",0.000,0.000,221.800,0.179,0.000,0.000
"03:15",0.000,0.000,221.800,0.179,0.000,0.000
"03:30",0.000,0.000,221.700,0.166,0.000,0.000
"03:45",0.000,0.000,221.800,0.179,0.000,0.000
"04:00",0.000,0.000,221.800,0.166,0.000,0.000
"04:15",0.000,0.000,221.900,0.179,0.000,0.000
"04:30",0.000,0.000,221.900,0.179,0.000,0.000
"04:45",0.000,0.000,221.800,0.166,0.000,0.000
"05:00",0.000,0.000,221.800,0.179,0.000,0.000
"05:15",0.000,0.000,221.900,0.166,0.000,0.000
"05:30",0.000,0.000,221.800,0.179,0.000,0.000
"05:45",0.000,0.000,221.800,0.179,0.000,0.000
"06:00",0.000,0.000,221.800,0.166,0.000,0.000
"06:15",0.000,0.000,221.700,0.179,0.000,0.000
"06:30",0.000,0.000,221.800,0.166,0.000,0.000
"06:45",0.000,0.000,221.700,0.179,0.000,0.000
"07:00",0.000,0.000,221.700,0.179,0.000,0.000
"07:15",0.000,0.000,221.700,0.166,0.000,0.000
"07:30",0.000,0.000,221.600,0.179,0.000,0.000
"07:45",0.000,0.000,221.600,0.166,0.000,0.000
"08:00",0.000,0.000,221.600,0.166,0.000,0.000
"08:15",0.077,0.000,221.600,0.026,0.013,0.000
"08:30",1.075,0.000,221.600,0.000,0.000,0.026
"08:45",7.014,0.000,221.800,0.000,0.000,0.051
"09:00",19.750,0.000,221.700,0.000,0.000,0.000
"09:15",32.486,0.000,222.000,0.000,0.000,0.000
"09:30",41.638,0.000,222.400,0.000,0.000,0.000
"09:45",49.971,0.000,222.700,0.000,0.000,0.000
"10:00",57.715,0.000,222.900,0.000,0.000,0.000
"10:15",65.331,0.000,223.100,0.000,0.000,0.000
"10:30",72.243,0.000,223.200,0.000,0.000,0.000
"10:45",56.781,0.000,222.400,0.026,0.000,0.000
"11:00",42.355,0.000,223.200,0.000,0.000,0.000
"11:15",89.408,0.000,223.800,0.000,0.000,0.000
"11:30",94.106,0.000,223.900,0.000,0.000,0.000
"11:45",97.830,0.000,224.000,0.000,0.000,0.000
"12:00",101.696,0.000,224.100,0.000,0.000,0.000
"12:15",104.678,0.000,224.200,0.000,0.000,0.000
"12:30",107.226,0.000,224.000,0.000,0.000,0.000
"12:45",108.634,0.000,224.100,0.000,0.000,0.000
"13:00",109.568,0.000,224.500,0.000,0.000,0.000
"13:15",109.862,0.000,224.500,0.000,0.000,0.000
"13:30",109.952,0.000,224.500,0.000,0.000,0.013
"13:45",109.952,0.000,224.500,0.000,0.000,0.000
"14:00",109.325,0.000,224.400,0.000,0.000,0.000
"14:15",108.237,0.000,224.400,0.000,0.000,0.000
"14:30",106.112,0.000,224.400,0.000,0.000,0.000
"14:45",103.565,0.000,224.400,0.000,0.000,0.000
"15:00",59.072,0.000,223.600,0.026,0.000,0.000
"15:15",62.541,0.000,223.800,0.000,0.000,0.013
"15:30",92.966,0.000,224.400,0.000,0.000,0.013
"15:45",88.410,0.000,224.300,0.000,0.000,0.000
"16:00",82.982,0.000,224.300,0.000,0.000,0.000
"16:15",77.261,0.000,224.200,0.000,0.000,0.000
"16:30",70.566,0.000,224.100,0.000,0.000,0.000
"16:45",63.808,0.000,223.800,0.000,0.000,0.000
"17:00",56.333,0.000,223.400,0.000,0.000,0.000
"17:15",48.461,0.000,223.100,0.000,0.000,0.000
"17:30",40.128,0.000,222.700,0.000,0.000,0.000
"17:45",31.027,0.000,222.400,0.000,0.000,0.000
"18:00",15.360,0.000,221.900,0.000,0.000,0.038
"18:15",2.944,0.000,221.500,0.000,0.000,0.064
"18:30",0.602,0.000,221.300,0.000,0.000,0.000
"18:45",0.102,0.013,221.200,0.038,0.000,0.026
"19:00",0.000,0.038,221.100,0.115,0.000,0.000
"19:15",0.000,0.026,221.000,0.154,0.000,0.000
"19:30",0.000,0.000,221.000,0.179,0.000,0.000
"19:45",0.000,0.000,220.900,0.166,0.000,0.000
"20:00",0.000,0.000,220.900,0.179,0.000,0.000
"20:15",0.000,0.000,220.900,0.166,0.000,0.000
"20:30",0.000,0.000,221.000,0.179,0.000,0.000
"20:45",0.000,0.000,221.000,0.179,0.000,0.000
"21:00",0.000,0.000,221.000,0.166,0.000,0.000
"21:15",0.000,0.000,221.000,0.179,0.000,0.000
"21:30",0.000,0.000,221.100,0.166,0.000,0.000
"21:45",0.000,0.000,221.100,0.179,0.000,0.000
"22:00",0.000,0.000,221.100,0.179,0.000,0.000
"22:15",0.000,0.000,221.200,0.166,0.000,0.000
"22:30",0.000,0.000,221.100,0.179,0.000,0.000
"22:45",0.000,0.000,221.200,0.166,0.000,0.000
"23:00",0.000,0.000,221.200,0.179,0.000,0.000
"23:15",0.000,0.000,221.300,0.179,0.000,0.000
"23:30",0.000,0.000,221.400,0.166,0.000,0.000
"23:45",0.000,0.000,221.300,0.179,0.000,0.000
" 5/18/26 24:00",0.000,0.000,221.400,0.179,0.000,0.000
