"kwh"
"Time ","AGRIM02P","AGRIM02P","AGRIM02P","AGRIM02P","AGRIM02P","AGRIM02P"
" 8/06/26 00:15",0.000,0.000,221.500,0.166,0.000,0.000
" 8/06/26 00:30",0.000,0.000,221.500,0.179,0.000,0.000
"00:45",0.000,0.000,221.500,0.166,0.000,0.000
"01:00",0.000,0.000,221.500,0.179,0.000,0.000
"01:15",0.000,0.000,221.500,0.166,0.000,0.000
"01:30",0.000,0.000,221.500,0.179,0.000,0.000
"01:45",0.000,0.000,221.500,0.166,0.000,0.000
"02:00",0.000,0.000,221.500,0.179,0.000,0.000
"02:15",0.000,0.000,221.600,0.166,0.000,0.000
"02:30",0.000,0.000,221.600,0.179,0.000,0.000
"02:45",0.000,0.000,221.600,0.166,0.000,0.000
"03:00",0.000,0.000,221.600,0.166,0.000,0.000
"03:15",0.000,0.000,221.600,0.179,0.000,0.000
"03:30",0.000,0.000,221.600,0.166,0.000,0.000
"03:45",0.000,0.000,221.600,0.179,0.000,0.000
"04:00",0.000,0.000,221.600,0.166,0.000,0.000
"04:15",0.000,0.000,221.600,0.179,0.000,0.000
"04:30",0.000,0.000,221.500,0.166,0.000,0.000
"04:45",0.000,0.000,221.600,0.179,0.000,0.000
"05:00",0.000,0.000,221.600,0.166,0.000,0.000
"05:15",0.000,0.000,221.500,0.179,0.000,0.000
"05:30",0.000,0.000,221.500,0.166,0.000,0.000
"05:45",0.000,0.000,221.500,0.179,0.000,0.000
"06:00",0.000,0.000,221.500,0.166,0.000,0.000
"06:15",0.000,0.000,221.500,0.166,0.000,0.000
"06:30",0.000,0.000,221.500,0.179,0.000,0.000
"06:45",0.000,0.000,221.500,0.166,0.000,0.000
"07:00",0.000,0.000,221.500,0.179,0.000,0.000
"07:15",0.000,0.000,221.500,0.166,0.000,0.000
"07:30",0.000,0.000,221.600,0.179,0.000,0.000
"07:45",0.000,0.000,221.600,0.166,0.000,0.000
"08:00",0.000,0.000,221.500,0.179,0.000,0.000
"08:15",0.026,0.000,221.500,0.077,0.000,0.000
"08:30",0.525,0.000,221.600,0.000,0.000,0.026
"08:45",1.178,0.000,221.600,0.000,0.000,0.026
"09:00",1.434,0.000,221.500,0.000,0.000,0.077
"09:15",8.499,0.000,221.500,0.000,0.000,0.179
"09:30",12.544,0.000,222.100,0.000,0.000,0.090
"09:45",42.227,0.000,222.900,0.000,0.000,0.000
"10:00",50.381,0.000,223.200,0.000,0.000,0.038
"10:15",58.381,0.000,223.400,0.000,0.000,0.000
"10:30",66.445,0.000,223.500,0.000,0.000,0.269
"10:45",73.562,0.000,223.800,0.000,0.000,0.256
"11:00",59.328,0.000,223.600,0.000,0.000,0.013
"11:15",30.246,0.000,222.700,0.000,0.000,0.013
"11:30",22.720,0.000,222.100,0.000,0.000,0.000
"11:45",19.443,0.000,221.900,0.000,0.000,0.000
"12:00",17.933,0.000,221.900,0.000,0.000,0.000
"12:15",24.218,0.000,222.000,0.000,0.000,0.000
"12:30",34.790,0.000,222.300,0.000,0.000,0.000
"12:45",44.966,0.000,222.900,0.000,0.000,0.000
"13:00",71.296,0.000,223.700,0.000,0.000,0.013
"13:15",86.106,0.000,224.100,0.000,0.000,0.038
"13:30",99.021,0.000,224.200,0.000,0.000,0.013
"13:45",104.602,0.000,224.400,0.000,0.000,0.026
"14:00",109.133,0.000,224.400,0.000,0.000,0.026
"14:15",110.720,0.000,224.300,0.000,0.000,0.000
"14:30",111.258,0.000,224.300,0.000,0.000,0.000
"14:45",109.478,0.000,224.400,0.000,0.000,0.000
"15:00",107.866,0.000,224.400,0.000,0.000,0.013
"15:15",105.395,0.000,224.400,0.000,0.000,0.013
"15:30",101.274,0.000,224.400,0.000,0.000,0.026
"15:45",96.691,0.000,224.300,0.000,0.000,0.026
"16:00",91.571,0.000,224.200,0.000,0.000,0.026
"16:15",86.477,0.000,224.200,0.000,0.000,0.026
"16:30",80.486,0.000,224.200,0.000,0.000,0.038
"16:45",73.728,0.000,224.000,0.000,0.000,0.013
"17:00",66.790,0.000,224.200,0.000,0.000,0.013
"17:15",58.854,0.000,224.200,0.000,0.000,0.038
"17:30",50.253,0.000,224.000,0.000,0.000,0.026
"17:45",41.421,0.000,223.600,0.000,0.000,0.013
"18:00",32.269,0.000,222.600,0.000,0.000,0.000
"18:15",22.259,0.000,222.400,0.000,0.000,0.000
"18:30",7.219,0.000,221.900,0.000,0.000,0.038
"18:45",1.139,0.000,221.700,0.000,0.000,0.038
"19:00",0.154,0.000,221.600,0.013,0.000,0.013
"19:15",0.000,0.038,221.600,0.128,0.000,0.000
"19:30",0.000,0.026,221.500,0.154,0.000,0.000
"19:45",0.000,0.000,221.500,0.166,0.000,0.000
"20:00",0.000,0.000,221.500,0.179,0.000,0.000
"20:15",0.000,0.000,221.500,0.166,0.000,0.000
"20:30",0.000,0.000,221.400,0.179,0.000,0.000
"20:45",0.000,0.000,221.500,0.166,0.000,0.000
"21:00",0.000,0.000,221.500,0.179,0.000,0.000
"21:15",0.000,0.000,221.500,0.166,0.000,0.000
"21:30",0.000,0.000,221.400,0.179,0.000,0.000
"21:45",0.000,0.000,221.300,0.179,0.000,0.000
"22:00",0.000,0.000,221.400,0.166,0.000,0.000
"22:15",0.000,0.000,221.400,0.179,0.000,0.000
"22:30",0.000,0.000,221.400,0.166,0.000,0.000
"22:45",0.000,0.000,221.400,0.179,0.000,0.000
"23:00",0.000,0.000,221.400,0.179,0.000,0.000
"23:15",0.000,0.000,221.500,0.166,0.000,0.000
"23:30",0.000,0.000,221.500,0.179,0.000,0.000
"23:45",0.000,0.000,221.500,0.166,0.000,0.000
" 8/06/26 24:00",0.000,0.000,221.500,0.179,0.000,0.000
