"kwh"
"Time ","AGRIM02P","AGRIM02P","AGRIM02P","AGRIM02P","AGRIM02P","AGRIM02P"
" 8/29/26 00:15",0.000,0.000,221.700,0.166,0.000,0.000
" 8/29/26 00:30",0.000,0.000,221.700,0.179,0.000,0.000
"00:45",0.000,0.000,221.700,0.166,0.000,0.000
"01:00",0.000,0.000,221.800,0.179,0.000,0.000
"01:15",0.000,0.000,221.800,0.166,0.000,0.000
"01:30",0.000,0.000,221.900,0.179,0.000,0.000
"01:45",0.000,0.000,221.900,0.166,0.000,0.000
"02:00",0.000,0.000,221.900,0.179,0.000,0.000
"02:15",0.000,0.000,221.900,0.166,0.000,0.000
"02:30",0.000,0.000,221.900,0.179,0.000,0.000
"02:45",0.000,0.000,221.900,0.166,0.000,0.000
"03:00",0.000,0.000,221.900,0.179,0.000,0.000
"03:15",0.000,0.000,221.900,0.166,0.000,0.000
"03:30",0.000,0.000,221.900,0.179,0.000,0.000
"03:45",0.000,0.000,221.900,0.166,0.000,0.000
"04:00",0.000,0.000,221.900,0.179,0.000,0.000
"04:15",0.000,0.000,221.800,0.166,0.000,0.000
"04:30",0.000,0.000,221.800,0.179,0.000,0.000
"04:45",0.000,0.000,221.800,0.166,0.000,0.000
"05:00",0.000,0.000,221.800,0.179,0.000,0.000
"05:15",0.000,0.000,221.900,0.166,0.000,0.000
"05:30",0.000,0.000,221.900,0.179,0.000,0.000
"05:45",0.000,0.000,221.900,0.166,0.000,0.000
"06:00",0.000,0.000,221.900,0.179,0.000,0.000
"06:15",0.000,0.000,221.900,0.166,0.000,0.000
"06:30",0.000,0.000,221.900,0.179,0.000,0.000
"06:45",0.000,0.000,221.900,0.166,0.000,0.000
"07:00",0.000,0.000,221.900,0.179,0.000,0.000
"07:15",0.000,0.000,221.800,0.179,0.000,0.000
"07:30",0.000,0.000,221.800,0.166,0.000,0.000
"07:45",0.000,0.000,221.800,0.128,0.000,0.000
"08:00",0.358,0.000,221.900,0.013,0.000,0.026
"08:15",2.739,0.000,222.000,0.000,0.000,0.051
"08:30",7.360,0.000,222.200,0.000,0.000,0.038
"08:45",12.211,0.000,222.500,0.000,0.000,0.051
"09:00",20.979,0.000,222.900,0.000,0.000,0.026
"09:15",33.011,0.000,223.400,0.000,0.000,0.000
"09:30",39.898,0.000,223.600,0.000,0.000,0.000
"09:45",49.395,0.000,223.700,0.000,0.000,0.000
"10:00",57.126,0.000,223.900,0.000,0.000,0.013
"10:15",66.906,0.000,224.200,0.000,0.000,0.000
"10:30",71.885,0.000,224.100,0.000,0.000,0.000
"10:45",79.782,0.000,224.300,0.000,0.000,0.026
"11:00",85.683,0.000,224.400,0.000,0.000,0.154
"11:15",90.099,0.000,224.500,0.000,0.000,0.090
"11:30",95.066,0.000,224.600,0.000,0.000,0.051
"11:45",99.827,0.000,224.600,0.000,0.000,0.691
"12:00",103.552,0.000,224.800,0.000,0.000,0.115
"12:15",106.202,0.000,224.700,0.000,0.000,1.050
"12:30",108.480,0.000,224.800,0.000,0.000,0.013
"12:45",109.811,0.000,224.800,0.000,0.000,0.013
"13:00",111.014,0.000,224.900,0.000,0.000,0.013
"13:15",111.398,0.000,224.900,0.000,0.000,0.038
"13:30",110.950,0.000,225.000,0.000,0.000,0.051
"13:45",111.475,0.000,224.900,0.000,0.000,0.064
"14:00",110.963,0.000,224.900,0.000,0.000,0.090
"14:15",109.658,0.000,224.800,0.000,0.000,0.691
"14:30",109.056,0.000,224.800,0.000,0.000,0.896
"14:45",106.752,0.000,224.900,0.000,0.000,0.307
"15:00",104.525,0.000,224.900,0.000,0.000,0.090
"15:15",101.376,0.000,224.800,0.000,0.000,0.077
"15:30",97.741,0.000,224.800,0.000,0.000,0.064
"15:45",93.299,0.000,224.800,0.000,0.000,0.154
"16:00",88.563,0.000,224.700,0.000,0.000,0.064
"16:15",83.277,0.000,224.600,0.000,0.000,0.013
"16:30",77.478,0.000,224.500,0.000,0.000,0.090
"16:45",71.040,0.000,224.400,0.000,0.000,0.038
"17:00",64.026,0.000,224.300,0.000,0.000,0.064
"17:15",49.510,0.000,224.200,0.000,0.000,0.077
"17:30",49.318,0.000,224.000,0.000,0.000,0.051
"17:45",40.282,0.000,223.800,0.000,0.000,0.051
"18:00",31.603,0.000,223.500,0.000,0.000,0.038
"18:15",22.848,0.000,223.200,0.000,0.000,0.051
"18:30",13.914,0.000,222.700,0.000,0.000,0.051
"18:45",6.042,0.000,222.300,0.000,0.000,0.077
"19:00",0.819,0.000,222.000,0.000,0.000,0.013
"19:15",0.051,0.013,221.900,0.051,0.000,0.013
"19:30",0.000,0.051,221.700,0.128,0.000,0.000
"19:45",0.000,0.000,221.700,0.166,0.000,0.000
"20:00",0.000,0.000,221.700,0.166,0.000,0.000
"20:15",0.000,0.000,221.700,0.179,0.000,0.000
"20:30",0.000,0.000,221.700,0.166,0.000,0.000
"20:45",0.000,0.000,221.700,0.179,0.000,0.000
"21:00",0.000,0.000,221.700,0.166,0.000,0.000
"21:15",0.000,0.000,221.700,0.179,0.000,0.000
"21:30",0.000,0.000,221.800,0.166,0.000,0.000
"21:45",0.000,0.000,221.800,0.179,0.000,0.000
"22:00",0.000,0.000,221.800,0.166,0.000,0.000
"22:15",0.000,0.000,221.800,0.179,0.000,0.000
"22:30",0.000,0.000,221.800,0.179,0.000,0.000
"22:45",0.000,0.000,221.800,0.166,0.000,0.000
"23:00",0.000,0.000,221.800,0.179,0.000,0.000
"23:15",0.000,0.000,221.900,0.179,0.000,0.000
"23:30",0.000,0.000,221.800,0.166,0.000,0.000
"23:45",0.000,0.000,221.800,0.179,0.000,0.000
" 8/29/26 24:00",0.000,0.000,221.800,0.166,0.000,0.000
