"kwh"
"Time ","AGRIM02P","AGRIM02P","AGRIM02P","AGRIM02P","AGRIM02P","AGRIM02P"
" 4/25/26 00:15",0.000,0.000,221.500,0.179,0.000,0.000
" 4/25/26 00:30",0.000,0.000,221.500,0.192,0.000,0.000
"00:45",0.000,0.000,221.700,0.179,0.000,0.000
"01:00",0.000,0.000,221.700,0.192,0.000,0.000
"01:15",0.000,0.000,221.600,0.179,0.000,0.000
"01:30",0.000,0.000,221.700,0.179,0.000,0.000
"01:45",0.000,0.000,221.700,0.192,0.000,0.000
"02:00",0.000,0.000,221.700,0.179,0.000,0.000
"02:15",0.000,0.000,221.700,0.192,0.000,0.000
"02:30",0.000,0.000,221.800,0.179,0.000,0.000
"02:45",0.000,0.000,221.700,0.192,0.000,0.000
"03:00",0.000,0.000,221.700,0.179,0.000,0.000
"03:15",0.000,0.000,221.800,0.192,0.000,0.000
"03:30",0.000,0.000,221.800,0.179,0.000,0.000
"03:45",0.000,0.000,221.800,0.192,0.000,0.000
"04:00",0.000,0.000,221.800,0.179,0.000,0.000
"04:15",0.000,0.000,221.800,0.179,0.000,0.000
"04:30",0.000,0.000,221.800,0.192,0.000,0.000
"04:45",0.000,0.000,221.900,0.179,0.000,0.000
"05:00",0.000,0.000,221.900,0.192,0.000,0.000
"05:15",0.000,0.000,221.900,0.179,0.000,0.000
"05:30",0.000,0.000,221.900,0.192,0.000,0.000
"05:45",0.000,0.000,221.900,0.179,0.000,0.000
"06:00",0.000,0.000,221.900,0.192,0.000,0.000
"06:15",0.000,0.000,221.900,0.179,0.000,0.000
"06:30",0.000,0.000,221.900,0.192,0.000,0.000
"06:45",0.000,0.000,221.800,0.179,0.000,0.000
"07:00",0.000,0.000,221.800,0.192,0.000,0.000
"07:15",0.000,0.000,221.800,0.179,0.000,0.000
"07:30",0.000,0.000,221.800,0.179,0.000,0.000
"07:45",0.000,0.000,221.800,0.192,0.000,0.000
"08:00",0.000,0.000,221.800,0.179,0.000,0.000
"08:15",0.230,0.000,221.900,0.000,0.000,0.013
"08:30",0.755,0.000,221.900,0.000,0.000,0.064
"08:45",1.741,0.000,222.000,0.000,0.000,0.026
"09:00",5.606,0.000,222.200,0.000,0.000,0.013
"09:15",6.400,0.000,222.100,0.000,0.000,0.013
"09:30",8.832,0.000,222.100,0.000,0.000,0.000
"09:45",10.573,0.000,222.100,0.000,0.000,0.000
"10:00",10.163,0.000,222.300,0.000,0.000,0.013
"10:15",16.986,0.000,222.700,0.000,0.000,0.013
"10:30",16.218,0.000,222.400,0.000,0.000,0.013
"10:45",27.789,0.000,222.600,0.000,0.000,0.000
"11:00",20.582,0.000,222.500,0.000,0.000,0.000
"11:15",19.187,0.000,222.800,0.000,0.000,0.013
"11:30",68.288,0.000,223.900,0.000,0.000,0.013
"11:45",68.646,0.000,223.600,0.000,0.000,0.000
"12:00",46.758,0.000,223.500,0.000,0.000,0.000
"12:15",76.634,0.000,223.800,0.000,0.000,0.000
"12:30",78.720,0.000,223.500,0.000,0.000,0.013
"12:45",75.891,0.000,223.700,0.000,0.000,0.000
"13:00",96.013,0.000,224.500,0.000,0.000,0.013
"13:15",63.232,0.000,223.700,0.000,0.000,0.013
"13:30",29.184,0.000,223.700,0.000,0.000,0.026
"13:45",45.210,0.000,223.900,0.000,0.000,0.038
"14:00",14.298,0.000,222.900,0.000,0.000,0.026
"14:15",45.389,0.000,223.400,0.000,0.000,0.000
"14:30",86.234,0.000,224.100,0.000,0.000,0.013
"14:45",19.942,0.000,222.500,0.000,0.000,0.000
"15:00",49.408,0.000,223.800,0.000,0.000,0.038
"15:15",51.430,0.000,223.800,0.000,0.000,0.026
"15:30",80.205,0.000,224.300,0.000,0.000,0.013
"15:45",81.216,0.000,224.200,0.000,0.000,0.013
"16:00",71.590,0.000,224.100,0.000,0.000,0.013
"16:15",64.781,0.000,224.000,0.000,0.000,0.000
"16:30",58.803,0.000,224.000,0.000,0.000,0.026
"16:45",52.902,0.000,223.900,0.000,0.000,0.026
"17:00",46.950,0.000,223.700,0.000,0.000,0.013
"17:15",40.576,0.000,223.700,0.000,0.000,0.013
"17:30",34.099,0.000,223.500,0.000,0.000,0.013
"17:45",27.226,0.000,223.300,0.000,0.000,0.013
"18:00",20.416,0.000,222.900,0.000,0.000,0.000
"18:15",13.312,0.000,222.400,0.000,0.000,0.013
"18:30",5.965,0.000,222.000,0.000,0.000,0.038
"18:45",0.781,0.000,221.800,0.000,0.000,0.038
"19:00",0.090,0.000,221.800,0.038,0.000,0.000
"19:15",0.000,0.026,221.600,0.154,0.000,0.000
"19:30",0.000,0.013,221.400,0.166,0.000,0.000
"19:45",0.000,0.000,221.500,0.192,0.000,0.000
"20:00",0.000,0.000,221.500,0.179,0.000,0.000
"20:15",0.000,0.000,221.500,0.192,0.000,0.000
"20:30",0.000,0.000,221.400,0.179,0.000,0.000
"20:45",0.000,0.000,221.400,0.192,0.000,0.000
"21:00",0.000,0.000,221.500,0.179,0.000,0.000
"21:15",0.000,0.000,221.500,0.179,0.000,0.000
"21:30",0.000,0.000,221.600,0.192,0.000,0.000
"21:45",0.000,0.000,221.600,0.179,0.000,0.000
"22:00",0.000,0.000,221.600,0.192,0.000,0.000
"22:15",0.000,0.000,221.600,0.179,0.000,0.000
"22:30",0.000,0.000,221.600,0.192,0.000,0.000
"22:45",0.000,0.000,221.700,0.179,0.000,0.000
"23:00",0.000,0.000,221.700,0.192,0.000,0.000
"23:15",0.000,0.000,221.700,0.192,0.000,0.000
"23:30",0.000,0.000,221.800,0.179,0.000,0.000
"23:45",0.000,0.000,221.900,0.179,0.000,0.000
" 4/25/26 24:00",0.000,0.000,221.800,0.192,0.000,0.000
