"kwh"
"Time ","AGRIM02P","AGRIM02P","AGRIM02P","AGRIM02P","AGRIM02P","AGRIM02P"
" 4/07/26 00:15",0.000,0.000,221.700,0.192,0.000,0.000
" 4/07/26 00:30",0.000,0.000,221.700,0.179,0.000,0.000
"00:45",0.000,0.000,221.700,0.192,0.000,0.000
"01:00",0.000,0.000,221.800,0.179,0.000,0.000
"01:15",0.000,0.000,221.700,0.192,0.000,0.000
"01:30",0.000,0.000,221.800,0.179,0.000,0.000
"01:45",0.000,0.000,221.800,0.192,0.000,0.000
"02:00",0.000,0.000,221.800,0.179,0.000,0.000
"02:15",0.000,0.000,221.800,0.192,0.000,0.000
"02:30",0.000,0.000,221.800,0.179,0.000,0.000
"02:45",0.000,0.000,221.900,0.192,0.000,0.000
"03:00",0.000,0.000,221.800,0.179,0.000,0.000
"03:15",0.000,0.000,221.800,0.192,0.000,0.000
"03:30",0.000,0.000,221.700,0.179,0.000,0.000
"03:45",0.000,0.000,221.800,0.192,0.000,0.000
"04:00",0.000,0.000,221.800,0.179,0.000,0.000
"04:15",0.000,0.000,221.800,0.192,0.000,0.000
"04:30",0.000,0.000,221.700,0.179,0.000,0.000
"04:45",0.000,0.000,221.800,0.192,0.000,0.000
"05:00",0.000,0.000,221.800,0.179,0.000,0.000
"05:15",0.000,0.000,221.800,0.179,0.000,0.000
"05:30",0.000,0.000,221.800,0.192,0.000,0.000
"05:45",0.000,0.000,221.700,0.179,0.000,0.000
"06:00",0.000,0.000,221.700,0.192,0.000,0.000
"06:15",0.000,0.000,221.700,0.179,0.000,0.000
"06:30",0.000,0.000,221.700,0.192,0.000,0.000
"06:45",0.000,0.000,221.600,0.179,0.000,0.000
"07:00",0.000,0.000,221.600,0.179,0.000,0.000
"07:15",0.000,0.000,221.700,0.192,0.000,0.000
"07:30",0.000,0.000,221.700,0.179,0.000,0.000
"07:45",0.026,0.000,221.700,0.102,0.000,0.000
"08:00",0.832,0.000,221.800,0.000,0.000,0.038
"08:15",3.866,0.000,222.000,0.000,0.000,0.064
"08:30",9.984,0.000,222.400,0.000,0.000,0.179
"08:45",17.728,0.000,222.800,0.000,0.000,0.051
"09:00",25.651,0.000,223.000,0.000,0.000,0.000
"09:15",33.216,0.000,223.400,0.000,0.000,0.307
"09:30",40.090,0.000,223.600,0.000,0.000,0.115
"09:45",47.821,0.000,223.800,0.000,0.000,0.026
"10:00",54.746,0.000,224.000,0.000,0.000,0.013
"10:15",60.838,0.000,224.000,0.000,0.000,0.000
"10:30",67.034,0.000,224.100,0.000,0.000,0.013
"10:45",57.459,0.000,224.100,0.000,0.000,0.026
"11:00",32.346,0.000,223.700,0.000,0.000,0.038
"11:15",46.426,0.000,223.900,0.000,0.000,0.013
"11:30",55.616,0.000,223.800,0.000,0.000,0.013
"11:45",67.354,0.000,224.100,0.000,0.000,0.026
"12:00",72.422,0.000,224.300,0.000,0.000,0.051
"12:15",83.264,0.000,224.400,0.000,0.000,0.166
"12:30",71.578,0.000,224.300,0.000,0.000,0.026
"12:45",91.430,0.000,224.400,0.000,0.000,0.013
"13:00",95.616,0.000,224.600,0.000,0.000,0.077
"13:15",100.301,0.000,224.600,0.000,0.000,0.000
"13:30",100.045,0.000,224.600,0.000,0.000,0.013
"13:45",99.814,0.000,224.500,0.000,0.000,0.000
"14:00",99.021,0.000,224.500,0.000,0.000,0.013
"14:15",92.032,0.000,224.400,0.000,0.000,0.026
"14:30",96.371,0.000,224.500,0.000,0.000,0.000
"14:45",96.051,0.000,224.600,0.000,0.000,0.013
"15:00",83.725,0.000,224.400,0.000,0.000,0.013
"15:15",89.958,0.000,224.500,0.000,0.000,0.013
"15:30",86.490,0.000,224.500,0.000,0.000,0.000
"15:45",82.048,0.000,224.400,0.000,0.000,0.013
"16:00",77.734,0.000,224.300,0.000,0.000,0.013
"16:15",72.755,0.000,224.200,0.000,0.000,0.013
"16:30",67.866,0.000,224.200,0.000,0.000,0.013
"16:45",62.285,0.000,224.100,0.000,0.000,0.013
"17:00",56.333,0.000,224.000,0.000,0.000,0.013
"17:15",49.997,0.000,223.900,0.000,0.000,0.000
"17:30",43.507,0.000,223.800,0.000,0.000,0.013
"17:45",36.518,0.000,223.600,0.000,0.000,0.000
"18:00",29.210,0.000,223.100,0.000,0.000,0.000
"18:15",21.837,0.000,222.900,0.000,0.000,0.013
"18:30",14.566,0.000,222.500,0.000,0.000,0.013
"18:45",7.846,0.000,222.200,0.000,0.000,0.051
"19:00",2.355,0.000,221.900,0.000,0.000,0.064
"19:15",0.166,0.000,221.700,0.000,0.000,0.000
"19:30",0.000,0.013,221.500,0.141,0.000,0.000
"19:45",0.000,0.013,221.500,0.166,0.000,0.000
"20:00",0.000,0.000,221.400,0.179,0.000,0.000
"20:15",0.000,0.000,221.500,0.192,0.000,0.000
"20:30",0.000,0.000,221.600,0.179,0.000,0.000
"20:45",0.000,0.000,221.600,0.192,0.000,0.000
"21:00",0.000,0.000,221.500,0.179,0.000,0.000
"21:15",0.000,0.000,221.600,0.179,0.000,0.000
"21:30",0.000,0.000,221.500,0.192,0.000,0.000
"21:45",0.000,0.000,221.500,0.179,0.000,0.000
"22:00",0.000,0.000,221.500,0.192,0.000,0.000
"22:15",0.000,0.000,221.500,0.179,0.000,0.000
"22:30",0.000,0.000,221.600,0.192,0.000,0.000
"22:45",0.000,0.000,221.500,0.179,0.000,0.000
"23:00",0.000,0.000,221.600,0.192,0.000,0.000
"23:15",0.000,0.000,221.600,0.179,0.000,0.000
"23:30",0.000,0.000,221.600,0.192,0.000,0.000
"23:45",0.000,0.000,221.600,0.179,0.000,0.000
" 4/07/26 24:00",0.000,0.000,221.600,0.192,0.000,0.000
