"kwh"
"Time ","AGRIM02P","AGRIM02P","AGRIM02P","AGRIM02P","AGRIM02P","AGRIM02P"
" 6/11/26 00:15",0.000,0.000,221.700,0.166,0.000,0.000
" 6/11/26 00:30",0.000,0.000,221.800,0.179,0.000,0.000
"00:45",0.000,0.000,221.800,0.166,0.000,0.000
"01:00",0.000,0.000,221.800,0.179,0.000,0.000
"01:15",0.000,0.000,221.800,0.179,0.000,0.000
"01:30",0.000,0.000,221.800,0.166,0.000,0.000
"01:45",0.000,0.000,221.800,0.179,0.000,0.000
"02:00",0.000,0.000,221.800,0.166,0.000,0.000
"02:15",0.000,0.000,221.800,0.179,0.000,0.000
"02:30",0.000,0.000,221.800,0.166,0.000,0.000
"02:45",0.000,0.000,221.800,0.179,0.000,0.000
"03:00",0.000,0.000,221.800,0.179,0.000,0.000
"03:15",0.000,0.000,221.800,0.166,0.000,0.000
"03:30",0.000,0.000,221.800,0.179,0.000,0.000
"03:45",0.000,0.000,221.800,0.166,0.000,0.000
"04:00",0.000,0.000,221.800,0.179,0.000,0.000
"04:15",0.000,0.000,221.700,0.166,0.000,0.000
"04:30",0.000,0.000,221.800,0.179,0.000,0.000
"04:45",0.000,0.000,221.800,0.179,0.000,0.000
"05:00",0.000,0.000,221.800,0.166,0.000,0.000
"05:15",0.000,0.000,221.800,0.179,0.000,0.000
"05:30",0.000,0.000,221.800,0.166,0.000,0.000
"05:45",0.000,0.000,221.800,0.179,0.000,0.000
"06:00",0.000,0.000,221.900,0.179,0.000,0.000
"06:15",0.000,0.000,221.900,0.166,0.000,0.000
"06:30",0.000,0.000,221.900,0.179,0.000,0.000
"06:45",0.000,0.000,221.800,0.166,0.000,0.000
"07:00",0.000,0.000,221.700,0.179,0.000,0.000
"07:15",0.000,0.000,221.800,0.179,0.000,0.000
"07:30",0.000,0.000,221.700,0.166,0.000,0.000
"07:45",0.000,0.000,221.700,0.179,0.000,0.000
"08:00",0.000,0.000,221.600,0.166,0.000,0.000
"08:15",0.000,0.000,221.700,0.179,0.000,0.000
"08:30",0.077,0.000,221.800,0.038,0.013,0.013
"08:45",1.472,0.000,221.800,0.000,0.000,0.077
"09:00",6.067,0.000,221.900,0.000,0.000,0.077
"09:15",12.480,0.000,222.100,0.000,0.000,0.026
"09:30",29.696,0.000,222.600,0.000,0.000,0.000
"09:45",38.976,0.000,222.900,0.000,0.000,0.000
"10:00",46.464,0.000,223.100,0.000,0.000,0.000
"10:15",54.054,0.000,223.400,0.000,0.000,0.000
"10:30",60.826,0.000,223.700,0.000,0.000,0.000
"10:45",66.842,0.000,223.800,0.000,0.000,0.000
"11:00",72.448,0.000,223.900,0.000,0.000,0.000
"11:15",77.440,0.000,224.000,0.000,0.000,0.000
"11:30",81.997,0.000,224.000,0.000,0.000,0.000
"11:45",86.042,0.000,224.100,0.000,0.000,0.000
"12:00",89.536,0.000,224.200,0.000,0.000,0.000
"12:15",92.570,0.000,224.200,0.000,0.000,0.000
"12:30",94.797,0.000,224.300,0.000,0.000,0.000
"12:45",97.024,0.000,224.300,0.000,0.000,0.000
"13:00",98.726,0.000,224.300,0.000,0.000,0.000
"13:15",101.440,0.000,224.400,0.000,0.000,0.000
"13:30",100.774,0.000,224.400,0.000,0.000,0.358
"13:45",100.672,0.000,224.400,0.000,0.000,0.614
"14:00",99.802,0.000,224.300,0.000,0.000,0.000
"14:15",98.240,0.000,224.300,0.000,0.000,0.000
"14:30",97.280,0.000,224.300,0.000,0.000,0.000
"14:45",90.445,0.000,224.200,0.000,0.000,0.000
"15:00",89.856,0.000,224.200,0.000,0.000,0.128
"15:15",81.741,0.000,224.100,0.000,0.000,0.000
"15:30",80.883,0.000,224.100,0.000,0.000,0.000
"15:45",78.874,0.000,224.100,0.000,0.000,0.013
"16:00",74.611,0.000,224.100,0.000,0.000,0.000
"16:15",69.606,0.000,224.100,0.000,0.000,0.026
"16:30",63.693,0.000,224.000,0.000,0.000,0.026
"16:45",57.382,0.000,224.000,0.000,0.000,0.038
"17:00",50.368,0.000,223.800,0.000,0.000,0.026
"17:15",43.034,0.000,223.300,0.000,0.000,0.013
"17:30",29.414,0.000,222.800,0.000,0.000,0.013
"17:45",9.306,0.000,222.200,0.000,0.000,0.051
"18:00",3.277,0.000,221.900,0.000,0.000,0.090
"18:15",2.253,0.000,221.900,0.000,0.000,0.077
"18:30",0.243,0.000,221.700,0.000,0.000,0.013
"18:45",0.038,0.026,221.600,0.064,0.000,0.000
"19:00",0.000,0.038,221.700,0.115,0.000,0.000
"19:15",0.000,0.000,221.700,0.179,0.000,0.000
"19:30",0.000,0.000,221.700,0.166,0.000,0.000
"19:45",0.000,0.000,221.600,0.179,0.000,0.000
"20:00",0.000,0.000,221.500,0.179,0.000,0.000
"20:15",0.000,0.000,221.600,0.166,0.000,0.000
"20:30",0.000,0.000,221.600,0.179,0.000,0.000
"20:45",0.000,0.000,221.600,0.166,0.000,0.000
"21:00",0.000,0.000,221.600,0.179,0.000,0.000
"21:15",0.000,0.000,221.500,0.179,0.000,0.000
"21:30",0.000,0.000,221.500,0.166,0.000,0.000
"21:45",0.000,0.000,221.700,0.179,0.000,0.000
"22:00",0.000,0.000,221.600,0.166,0.000,0.000
"22:15",0.000,0.000,221.600,0.179,0.000,0.000
"22:30",0.000,0.000,221.600,0.166,0.000,0.000
"22:45",0.000,0.000,221.700,0.179,0.000,0.000
"23:00",0.000,0.000,221.700,0.179,0.000,0.000
"23:15",0.000,0.000,221.800,0.166,0.000,0.000
"23:30",0.000,0.000,221.700,0.179,0.000,0.000
"23:45",0.000,0.000,221.800,0.166,0.000,0.000
" 6/11/26 24:00",0.000,0.000,221.800,0.179,0.000,0.000
