"kwh"
"Time ","AGRIM02P","AGRIM02P","AGRIM02P","AGRIM02P","AGRIM02P","AGRIM02P"
" 6/14/26 00:15",0.000,0.000,221.400,0.179,0.000,0.000
" 6/14/26 00:30",0.000,0.000,221.400,0.179,0.000,0.000
"00:45",0.000,0.000,221.400,0.166,0.000,0.000
"01:00",0.000,0.000,221.400,0.179,0.000,0.000
"01:15",0.000,0.000,221.400,0.166,0.000,0.000
"01:30",0.000,0.000,221.400,0.179,0.000,0.000
"01:45",0.000,0.000,221.400,0.179,0.000,0.000
"02:00",0.000,0.000,221.500,0.166,0.000,0.000
"02:15",0.000,0.000,221.500,0.179,0.000,0.000
"02:30",0.000,0.000,221.500,0.166,0.000,0.000
"02:45",0.000,0.000,221.500,0.179,0.000,0.000
"03:00",0.000,0.000,221.500,0.179,0.000,0.000
"03:15",0.000,0.000,221.600,0.166,0.000,0.000
"03:30",0.000,0.000,221.500,0.179,0.000,0.000
"03:45",0.000,0.000,221.500,0.166,0.000,0.000
"04:00",0.000,0.000,221.500,0.179,0.000,0.000
"04:15",0.000,0.000,221.500,0.179,0.000,0.000
"04:30",0.000,0.000,221.500,0.166,0.000,0.000
"04:45",0.000,0.000,221.600,0.179,0.000,0.000
"05:00",0.000,0.000,221.500,0.179,0.000,0.000
"05:15",0.000,0.000,221.600,0.166,0.000,0.000
"05:30",0.000,0.000,221.600,0.179,0.000,0.000
"05:45",0.000,0.000,221.600,0.166,0.000,0.000
"06:00",0.000,0.000,221.600,0.179,0.000,0.000
"06:15",0.000,0.000,221.600,0.179,0.000,0.000
"06:30",0.000,0.000,221.600,0.166,0.000,0.000
"06:45",0.000,0.000,221.600,0.179,0.000,0.000
"07:00",0.000,0.000,221.600,0.166,0.000,0.000
"07:15",0.000,0.000,221.600,0.179,0.000,0.000
"07:30",0.000,0.000,221.600,0.179,0.000,0.000
"07:45",0.000,0.000,221.600,0.166,0.000,0.000
"08:00",0.000,0.000,221.600,0.179,0.000,0.000
"08:15",0.000,0.000,221.700,0.179,0.000,0.000
"08:30",0.166,0.000,221.800,0.013,0.000,0.026
"08:45",1.830,0.000,221.900,0.000,0.000,0.051
"09:00",7.181,0.000,222.100,0.000,0.000,0.026
"09:15",10.970,0.000,222.400,0.000,0.000,0.026
"09:30",26.304,0.000,222.900,0.000,0.000,0.000
"09:45",36.096,0.000,223.200,0.000,0.000,0.000
"10:00",34.112,0.000,223.000,0.000,0.000,0.000
"10:15",46.003,0.000,223.600,0.000,0.000,0.000
"10:30",59.123,0.000,223.900,0.000,0.000,0.000
"10:45",65.152,0.000,224.100,0.000,0.000,0.000
"11:00",55.770,0.000,223.700,0.000,0.000,0.000
"11:15",69.990,0.000,224.000,0.000,0.000,0.013
"11:30",58.432,0.000,223.700,0.000,0.000,0.000
"11:45",56.205,0.000,223.800,0.000,0.000,0.000
"12:00",51.149,0.000,223.600,0.000,0.000,0.000
"12:15",57.984,0.000,223.500,0.000,0.000,0.000
"12:30",46.374,0.000,223.400,0.000,0.000,0.000
"12:45",62.618,0.000,223.600,0.000,0.000,0.000
"13:00",96.166,0.000,224.400,0.000,0.000,0.026
"13:15",106.637,0.000,224.600,0.000,0.000,0.013
"13:30",73.293,0.000,224.000,0.000,0.000,0.000
"13:45",87.002,0.000,224.200,0.000,0.000,0.013
"14:00",98.304,0.000,224.500,0.000,0.000,0.038
"14:15",92.390,0.000,224.500,0.000,0.000,0.026
"14:30",90.752,0.000,224.400,0.000,0.000,0.000
"14:45",83.661,0.000,224.100,0.000,0.000,0.013
"15:00",90.227,0.000,224.500,0.000,0.000,0.038
"15:15",92.595,0.000,224.500,0.000,0.000,0.000
"15:30",87.398,0.000,224.300,0.000,0.000,0.013
"15:45",86.822,0.000,224.300,0.000,0.000,0.013
"16:00",51.738,0.000,223.800,0.000,0.000,0.013
"16:15",38.669,0.000,223.400,0.000,0.000,0.026
"16:30",30.707,0.000,223.100,0.000,0.000,0.000
"16:45",31.718,0.000,223.200,0.000,0.000,0.013
"17:00",29.837,0.000,223.300,0.000,0.000,0.038
"17:15",25.677,0.000,222.800,0.000,0.000,0.000
"17:30",24.538,0.000,222.700,0.000,0.000,0.013
"17:45",10.739,0.000,222.200,0.000,0.000,0.064
"18:00",3.725,0.000,221.900,0.000,0.000,0.064
"18:15",1.638,0.000,221.800,0.000,0.000,0.026
"18:30",0.230,0.000,221.500,0.013,0.000,0.013
"18:45",0.000,0.038,221.600,0.115,0.000,0.000
"19:00",0.000,0.026,221.500,0.141,0.000,0.000
"19:15",0.000,0.000,221.500,0.166,0.000,0.000
"19:30",0.000,0.000,221.400,0.179,0.000,0.000
"19:45",0.000,0.000,221.400,0.166,0.000,0.000
"20:00",0.000,0.000,221.400,0.179,0.000,0.000
"20:15",0.000,0.000,221.400,0.166,0.000,0.000
"20:30",0.000,0.000,221.500,0.179,0.000,0.000
"20:45",0.000,0.000,221.600,0.166,0.000,0.000
"21:00",0.000,0.000,221.500,0.179,0.000,0.000
"21:15",0.000,0.000,221.400,0.179,0.000,0.000
"21:30",0.000,0.000,221.500,0.166,0.000,0.000
"21:45",0.000,0.000,221.400,0.179,0.000,0.000
"22:00",0.000,0.000,221.500,0.166,0.000,0.000
"22:15",0.000,0.000,221.600,0.179,0.000,0.000
"22:30",0.000,0.000,221.500,0.179,0.000,0.000
"22:45",0.000,0.000,221.500,0.166,0.000,0.000
"23:00",0.000,0.000,221.600,0.179,0.000,0.000
"23:15",0.000,0.000,221.600,0.179,0.000,0.000
"23:30",0.000,0.000,221.600,0.166,0.000,0.000
"23:45",0.000,0.000,221.700,0.179,0.000,0.000
" 6/14/26 24:00",0.000,0.000,221.700,0.179,0.000,0.000
