"kwh"
"Time ","AGRIM02P","AGRIM02P","AGRIM02P","AGRIM02P","AGRIM02P","AGRIM02P"
" 2/13/26 00:15",0.000,0.000,218.800,0.179,0.000,0.000
" 2/13/26 00:30",0.000,0.000,218.700,0.179,0.000,0.000
"00:45",0.000,0.000,218.700,0.179,0.000,0.000
"01:00",0.000,0.000,218.700,0.179,0.000,0.000
"01:15",0.000,0.000,218.800,0.179,0.000,0.000
"01:30",0.000,0.000,218.800,0.192,0.000,0.000
"01:45",0.000,0.000,218.800,0.179,0.000,0.000
"02:00",0.000,0.000,218.800,0.179,0.000,0.000
"02:15",0.000,0.000,218.800,0.179,0.000,0.000
"02:30",0.000,0.000,218.800,0.179,0.000,0.000
"02:45",0.000,0.000,218.800,0.179,0.000,0.000
"03:00",0.000,0.000,218.800,0.179,0.000,0.000
"03:15",0.000,0.000,218.900,0.179,0.000,0.000
"03:30",0.000,0.000,218.900,0.179,0.000,0.000
"03:45",0.000,0.000,218.900,0.192,0.000,0.000
"04:00",0.000,0.000,218.900,0.179,0.000,0.000
"04:15",0.000,0.000,218.900,0.179,0.000,0.000
"04:30",0.000,0.000,218.900,0.179,0.000,0.000
"04:45",0.000,0.000,218.900,0.179,0.000,0.000
"05:00",0.000,0.000,218.900,0.179,0.000,0.000
"05:15",0.000,0.000,218.900,0.179,0.000,0.000
"05:30",0.000,0.000,219.000,0.179,0.000,0.000
"05:45",0.000,0.000,219.000,0.179,0.000,0.000
"06:00",0.000,0.000,219.000,0.192,0.000,0.000
"06:15",0.000,0.000,218.900,0.179,0.000,0.000
"06:30",0.000,0.000,218.900,0.179,0.000,0.000
"06:45",0.000,0.000,218.900,0.179,0.000,0.000
"07:00",0.000,0.000,218.900,0.179,0.000,0.000
"07:15",0.077,0.000,219.000,0.077,0.000,0.000
"07:30",0.435,0.000,219.200,0.000,0.000,0.026
"07:45",1.600,0.000,219.100,0.000,0.000,0.000
"08:00",3.213,0.000,218.800,0.000,0.000,0.013
"08:15",4.787,0.000,218.900,0.000,0.000,0.013
"08:30",7.155,0.000,219.000,0.000,0.000,0.000
"08:45",8.717,0.000,219.100,0.000,0.000,0.000
"09:00",4.429,0.000,218.900,0.000,0.000,0.013
"09:15",6.477,0.000,218.900,0.000,0.000,0.000
"09:30",8.755,0.000,218.900,0.000,0.000,0.013
"09:45",21.197,0.000,219.200,0.000,0.000,0.000
"10:00",32.730,0.000,219.500,0.000,0.000,0.000
"10:15",28.518,0.000,219.900,0.000,0.000,0.000
"10:30",15.616,0.000,220.100,0.000,0.000,0.000
"10:45",29.875,0.000,220.300,0.000,0.000,0.000
"11:00",36.122,0.000,220.400,0.000,0.000,0.000
"11:15",28.890,0.000,220.200,0.000,0.000,0.000
"11:30",60.326,0.000,220.900,0.000,0.000,0.000
"11:45",58.970,0.000,221.400,0.000,0.000,0.000
"12:00",64.384,0.000,221.400,0.000,0.000,0.000
"12:15",46.259,0.000,221.200,0.000,0.000,0.000
"12:30",52.723,0.000,221.100,0.000,0.000,0.000
"12:45",64.192,0.000,221.300,0.000,0.000,0.000
"13:00",66.432,0.000,221.400,0.000,0.000,0.000
"13:15",68.493,0.000,221.400,0.000,0.000,0.000
"13:30",70.310,0.000,221.400,0.000,0.000,0.000
"13:45",78.694,0.000,221.500,0.000,0.000,0.000
"14:00",77.478,0.000,221.800,0.000,0.000,0.000
"14:15",62.643,0.000,221.500,0.000,0.000,0.000
"14:30",47.782,0.000,221.000,0.000,0.000,0.000
"14:45",69.069,0.000,221.200,0.000,0.000,0.000
"15:00",53.453,0.000,220.700,0.000,0.000,0.000
"15:15",92.570,0.000,221.500,0.000,0.000,0.000
"15:30",82.726,0.000,221.100,0.000,0.000,0.000
"15:45",94.515,0.000,221.300,0.000,0.000,0.000
"16:00",47.680,0.000,220.800,0.000,0.000,0.000
"16:15",62.848,0.000,221.000,0.000,0.000,0.000
"16:30",67.750,0.000,221.300,0.000,0.000,0.013
"16:45",50.227,0.000,221.000,0.000,0.000,0.000
"17:00",72.602,0.000,221.100,0.000,0.000,0.000
"17:15",68.147,0.000,221.100,0.000,0.000,0.000
"17:30",36.877,0.000,221.400,0.000,0.000,0.000
"17:45",41.664,0.000,221.400,0.000,0.000,0.000
"18:00",27.123,0.000,220.900,0.000,0.000,0.000
"18:15",21.376,0.000,220.900,0.000,0.000,0.000
"18:30",20.518,0.000,221.000,0.000,0.000,0.000
"18:45",13.568,0.000,220.800,0.000,0.000,0.013
"19:00",14.874,0.000,220.700,0.000,0.000,0.000
"19:15",12.134,0.000,220.500,0.000,0.000,0.000
"19:30",5.978,0.000,220.600,0.000,0.000,0.038
"19:45",2.509,0.000,220.200,0.000,0.000,0.051
"20:00",1.293,0.000,220.200,0.000,0.000,0.051
"20:15",0.320,0.000,220.200,0.000,0.000,0.051
"20:30",0.000,0.026,220.200,0.115,0.000,0.000
"20:45",0.000,0.013,220.200,0.154,0.000,0.000
"21:00",0.000,0.000,220.200,0.179,0.000,0.000
"21:15",0.000,0.000,220.200,0.192,0.000,0.000
"21:30",0.000,0.000,220.200,0.179,0.000,0.000
"21:45",0.000,0.000,220.200,0.179,0.000,0.000
"22:00",0.000,0.000,220.200,0.179,0.000,0.000
"22:15",0.000,0.000,220.200,0.192,0.000,0.000
"22:30",0.000,0.000,220.200,0.179,0.000,0.000
"22:45",0.000,0.000,220.200,0.179,0.000,0.000
"23:00",0.000,0.000,220.200,0.179,0.000,0.000
"23:15",0.000,0.000,220.100,0.192,0.000,0.000
"23:30",0.000,0.000,220.200,0.179,0.000,0.000
"23:45",0.000,0.000,220.200,0.179,0.000,0.000
" 2/13/26 24:00",0.000,0.000,220.100,0.179,0.000,0.000
