"kwh"
"Time ","AGRIM02P","AGRIM02P","AGRIM02P","AGRIM02P","AGRIM02P","AGRIM02P"
" 6/04/26 00:15",0.000,0.000,221.500,0.179,0.000,0.000
" 6/04/26 00:30",0.000,0.000,221.600,0.179,0.000,0.000
"00:45",0.000,0.000,221.500,0.166,0.000,0.000
"01:00",0.000,0.000,221.500,0.179,0.000,0.000
"01:15",0.000,0.000,221.500,0.166,0.000,0.000
"01:30",0.000,0.000,221.600,0.179,0.000,0.000
"01:45",0.000,0.000,221.600,0.166,0.000,0.000
"02:00",0.000,0.000,221.600,0.179,0.000,0.000
"02:15",0.000,0.000,221.700,0.179,0.000,0.000
"02:30",0.000,0.000,221.700,0.166,0.000,0.000
"02:45",0.000,0.000,221.700,0.179,0.000,0.000
"03:00",0.000,0.000,221.600,0.166,0.000,0.000
"03:15",0.000,0.000,221.700,0.179,0.000,0.000
"03:30",0.000,0.000,221.700,0.166,0.000,0.000
"03:45",0.000,0.000,221.600,0.179,0.000,0.000
"04:00",0.000,0.000,221.600,0.166,0.000,0.000
"04:15",0.000,0.000,221.600,0.179,0.000,0.000
"04:30",0.000,0.000,221.600,0.166,0.000,0.000
"04:45",0.000,0.000,221.600,0.179,0.000,0.000
"05:00",0.000,0.000,221.600,0.166,0.000,0.000
"05:15",0.000,0.000,221.700,0.179,0.000,0.000
"05:30",0.000,0.000,221.700,0.166,0.000,0.000
"05:45",0.000,0.000,221.700,0.179,0.000,0.000
"06:00",0.000,0.000,221.700,0.166,0.000,0.000
"06:15",0.000,0.000,221.700,0.179,0.000,0.000
"06:30",0.000,0.000,221.700,0.166,0.000,0.000
"06:45",0.000,0.000,221.700,0.179,0.000,0.000
"07:00",0.000,0.000,221.700,0.166,0.000,0.000
"07:15",0.000,0.000,221.600,0.179,0.000,0.000
"07:30",0.000,0.000,221.600,0.166,0.000,0.000
"07:45",0.000,0.000,221.500,0.179,0.000,0.000
"08:00",0.000,0.000,221.500,0.166,0.000,0.000
"08:15",0.000,0.000,221.500,0.166,0.000,0.000
"08:30",0.000,0.000,221.600,0.179,0.000,0.000
"08:45",0.013,0.000,221.600,0.115,0.000,0.013
"09:00",0.205,0.000,221.600,0.013,0.000,0.026
"09:15",0.448,0.000,221.600,0.000,0.000,0.000
"09:30",0.883,0.000,221.600,0.000,0.000,0.051
"09:45",1.664,0.000,221.500,0.000,0.000,0.026
"10:00",3.379,0.000,221.600,0.000,0.000,0.038
"10:15",8.064,0.000,221.800,0.000,0.000,0.038
"10:30",12.902,0.000,222.000,0.000,0.000,0.000
"10:45",7.731,0.000,221.900,0.000,0.000,0.051
"11:00",8.512,0.000,221.900,0.000,0.000,0.013
"11:15",8.794,0.000,221.900,0.000,0.000,0.013
"11:30",5.235,0.000,221.800,0.000,0.000,0.077
"11:45",5.082,0.000,221.800,0.000,0.000,0.064
"12:00",3.290,0.000,221.800,0.000,0.000,0.077
"12:15",3.123,0.000,221.900,0.000,0.000,0.090
"12:30",3.661,0.000,221.900,0.000,0.000,0.090
"12:45",5.798,0.000,222.000,0.000,0.000,0.051
"13:00",6.976,0.000,222.000,0.000,0.000,0.026
"13:15",11.635,0.000,222.200,0.000,0.000,0.013
"13:30",12.659,0.000,222.200,0.000,0.000,0.013
"13:45",13.402,0.000,222.100,0.000,0.000,0.000
"14:00",12.966,0.000,222.100,0.000,0.000,0.000
"14:15",8.691,0.000,221.900,0.000,0.000,0.013
"14:30",8.474,0.000,222.000,0.000,0.000,0.026
"14:45",6.093,0.000,221.900,0.000,0.000,0.038
"15:00",5.043,0.000,221.800,0.000,0.000,0.064
"15:15",4.160,0.000,221.800,0.000,0.000,0.051
"15:30",3.571,0.000,222.000,0.000,0.000,0.077
"15:45",2.829,0.000,221.900,0.000,0.000,0.077
"16:00",1.792,0.000,221.900,0.000,0.000,0.090
"16:15",1.843,0.000,221.900,0.000,0.000,0.026
"16:30",1.600,0.000,222.000,0.000,0.000,0.077
"16:45",1.242,0.000,221.900,0.000,0.000,0.064
"17:00",1.395,0.000,221.800,0.000,0.000,0.026
"17:15",1.805,0.000,221.900,0.000,0.000,0.077
"17:30",0.666,0.000,221.800,0.000,0.000,0.013
"17:45",0.550,0.000,221.700,0.000,0.000,0.026
"18:00",0.243,0.000,221.700,0.000,0.000,0.000
"18:15",0.154,0.000,221.700,0.000,0.000,0.000
"18:30",0.038,0.026,221.700,0.064,0.000,0.000
"18:45",0.000,0.026,221.600,0.128,0.000,0.000
"19:00",0.000,0.038,221.600,0.141,0.000,0.000
"19:15",0.000,0.000,221.600,0.179,0.000,0.000
"19:30",0.000,0.000,221.600,0.179,0.000,0.000
"19:45",0.000,0.000,221.500,0.166,0.000,0.000
"20:00",0.000,0.000,221.600,0.179,0.000,0.000
"20:15",0.000,0.000,221.500,0.166,0.000,0.000
"20:30",0.000,0.000,221.500,0.179,0.000,0.000
"20:45",0.000,0.000,221.400,0.179,0.000,0.000
"21:00",0.000,0.000,221.500,0.166,0.000,0.000
"21:15",0.000,0.000,221.600,0.179,0.000,0.000
"21:30",0.000,0.000,221.700,0.179,0.000,0.000
"21:45",0.000,0.000,221.700,0.166,0.000,0.000
"22:00",0.000,0.000,221.700,0.179,0.000,0.000
"22:15",0.000,0.000,221.700,0.166,0.000,0.000
"22:30",0.000,0.000,221.700,0.179,0.000,0.000
"22:45",0.000,0.000,221.800,0.166,0.000,0.000
"23:00",0.000,0.000,221.800,0.179,0.000,0.000
"23:15",0.000,0.000,221.800,0.179,0.000,0.000
"23:30",0.000,0.000,221.800,0.166,0.000,0.000
"23:45",0.000,0.000,221.800,0.179,0.000,0.000
" 6/04/26 24:00",0.000,0.000,221.800,0.166,0.000,0.000
