"kwh"
"Time ","AGRIM02P","AGRIM02P","AGRIM02P","AGRIM02P","AGRIM02P","AGRIM02P"
" 7/06/26 00:15",0.000,0.000,221.700,0.166,0.000,0.000
" 7/06/26 00:30",0.000,0.000,221.800,0.179,0.000,0.000
"00:45",0.000,0.000,221.800,0.179,0.000,0.000
"01:00",0.000,0.000,221.800,0.166,0.000,0.000
"01:15",0.000,0.000,221.800,0.179,0.000,0.000
"01:30",0.000,0.000,221.800,0.166,0.000,0.000
"01:45",0.000,0.000,221.900,0.179,0.000,0.000
"02:00",0.000,0.000,221.800,0.179,0.000,0.000
"02:15",0.000,0.000,221.800,0.166,0.000,0.000
"02:30",0.000,0.000,221.800,0.179,0.000,0.000
"02:45",0.000,0.000,221.900,0.179,0.000,0.000
"03:00",0.000,0.000,221.900,0.166,0.000,0.000
"03:15",0.000,0.000,221.900,0.179,0.000,0.000
"03:30",0.000,0.000,221.900,0.179,0.000,0.000
"03:45",0.000,0.000,221.900,0.166,0.000,0.000
"04:00",0.000,0.000,222.000,0.179,0.000,0.000
"04:15",0.000,0.000,222.000,0.166,0.000,0.000
"04:30",0.000,0.000,222.000,0.179,0.000,0.000
"04:45",0.000,0.000,221.900,0.179,0.000,0.000
"05:00",0.000,0.000,221.900,0.166,0.000,0.000
"05:15",0.000,0.000,222.000,0.179,0.000,0.000
"05:30",0.000,0.000,221.900,0.166,0.000,0.000
"05:45",0.000,0.000,222.000,0.179,0.000,0.000
"06:00",0.000,0.000,222.000,0.179,0.000,0.000
"06:15",0.000,0.000,221.900,0.166,0.000,0.000
"06:30",0.000,0.000,221.900,0.179,0.000,0.000
"06:45",0.000,0.000,221.900,0.166,0.000,0.000
"07:00",0.000,0.000,221.900,0.179,0.000,0.000
"07:15",0.000,0.000,221.900,0.166,0.000,0.000
"07:30",0.000,0.000,221.800,0.179,0.000,0.000
"07:45",0.000,0.000,221.900,0.166,0.000,0.000
"08:00",0.000,0.000,221.900,0.179,0.000,0.000
"08:15",0.000,0.000,221.900,0.179,0.000,0.000
"08:30",0.038,0.000,221.800,0.038,0.000,0.000
"08:45",0.640,0.000,221.800,0.000,0.000,0.026
"09:00",5.517,0.000,222.000,0.000,0.000,0.013
"09:15",11.699,0.000,222.200,0.000,0.000,0.000
"09:30",29.376,0.000,222.800,0.000,0.000,0.000
"09:45",40.038,0.000,223.200,0.000,0.000,0.000
"10:00",48.026,0.000,223.500,0.000,0.000,0.000
"10:15",55.424,0.000,223.700,0.000,0.000,0.000
"10:30",62.643,0.000,223.900,0.000,0.000,0.000
"10:45",68.954,0.000,223.900,0.000,0.000,0.000
"11:00",75.110,0.000,223.700,0.000,0.000,0.000
"11:15",80.602,0.000,223.700,0.000,0.000,0.000
"11:30",85.376,0.000,223.800,0.000,0.000,0.000
"11:45",89.318,0.000,224.200,0.000,0.000,0.000
"12:00",92.518,0.000,224.200,0.000,0.000,0.000
"12:15",95.565,0.000,224.200,0.000,0.000,0.000
"12:30",98.086,0.000,224.200,0.000,0.000,0.000
"12:45",100.506,0.000,224.300,0.000,0.000,0.000
"13:00",102.336,0.000,224.400,0.000,0.000,0.000
"13:15",103.731,0.000,224.500,0.000,0.000,0.000
"13:30",104.230,0.000,224.500,0.000,0.000,0.000
"13:45",104.422,0.000,224.500,0.000,0.000,0.000
"14:00",103.770,0.000,224.500,0.000,0.000,0.000
"14:15",102.912,0.000,224.400,0.000,0.000,0.000
"14:30",101.709,0.000,224.400,0.000,0.000,0.000
"14:45",99.584,0.000,224.300,0.000,0.000,0.000
"15:00",96.909,0.000,224.300,0.000,0.000,0.000
"15:15",93.427,0.000,224.200,0.000,0.000,0.102
"15:30",89.933,0.000,224.300,0.000,0.000,0.000
"15:45",85.734,0.000,224.200,0.000,0.000,0.000
"16:00",80.960,0.000,224.100,0.000,0.000,0.000
"16:15",74.918,0.000,224.100,0.000,0.000,0.000
"16:30",69.363,0.000,223.900,0.000,0.000,0.000
"16:45",63.565,0.000,223.700,0.000,0.000,0.000
"17:00",52.288,0.000,223.500,0.000,0.000,0.000
"17:15",33.446,0.000,223.000,0.000,0.000,0.000
"17:30",42.278,0.000,222.900,0.000,0.000,0.269
"17:45",23.808,0.000,222.300,0.000,0.000,0.320
"18:00",10.445,0.000,221.900,0.000,0.000,0.256
"18:15",5.120,0.000,221.800,0.000,0.000,0.102
"18:30",1.229,0.000,221.700,0.000,0.000,0.038
"18:45",0.000,0.026,221.600,0.077,0.013,0.000
"19:00",0.000,0.051,221.500,0.115,0.000,0.000
"19:15",0.000,0.013,221.500,0.166,0.000,0.000
"19:30",0.000,0.000,221.600,0.166,0.000,0.000
"19:45",0.000,0.000,221.600,0.179,0.000,0.000
"20:00",0.000,0.000,221.600,0.179,0.000,0.000
"20:15",0.000,0.000,221.500,0.166,0.000,0.000
"20:30",0.000,0.000,221.500,0.179,0.000,0.000
"20:45",0.000,0.000,221.500,0.166,0.000,0.000
"21:00",0.000,0.000,221.500,0.179,0.000,0.000
"21:15",0.000,0.000,221.600,0.166,0.000,0.000
"21:30",0.000,0.000,221.600,0.179,0.000,0.000
"21:45",0.000,0.000,221.600,0.179,0.000,0.000
"22:00",0.000,0.000,221.700,0.166,0.000,0.000
"22:15",0.000,0.000,221.700,0.179,0.000,0.000
"22:30",0.000,0.000,221.800,0.179,0.000,0.000
"22:45",0.000,0.000,221.700,0.179,0.000,0.000
"23:00",0.000,0.000,221.800,0.166,0.000,0.000
"23:15",0.000,0.000,221.700,0.179,0.000,0.000
"23:30",0.000,0.000,221.600,0.166,0.000,0.000
"23:45",0.000,0.000,221.600,0.179,0.000,0.000
" 7/06/26 24:00",0.000,0.000,221.700,0.179,0.000,0.000
