"kwh"
"Time ","AGRIM02P","AGRIM02P","AGRIM02P","AGRIM02P","AGRIM02P","AGRIM02P"
"10/01/26 00:15",0.000,0.000,220.100,0.179,0.000,0.000
"10/01/26 00:30",0.000,0.000,220.100,0.166,0.000,0.000
"00:45",0.000,0.000,220.100,0.179,0.000,0.000
"01:00",0.000,0.000,220.100,0.166,0.000,0.000
"01:15",0.000,0.000,220.100,0.166,0.000,0.000
"01:30",0.000,0.000,220.100,0.179,0.000,0.000
"01:45",0.000,0.000,220.100,0.166,0.000,0.000
"02:00",0.000,0.000,220.100,0.179,0.000,0.000
"02:15",0.000,0.000,220.100,0.166,0.000,0.000
"02:30",0.000,0.000,220.100,0.166,0.000,0.000
"02:45",0.000,0.000,220.100,0.179,0.000,0.000
"03:00",0.000,0.000,220.100,0.166,0.000,0.000
"03:15",0.000,0.000,220.100,0.166,0.000,0.000
"03:30",0.000,0.000,220.100,0.179,0.000,0.000
"03:45",0.000,0.000,220.100,0.166,0.000,0.000
"04:00",0.000,0.000,220.200,0.166,0.000,0.000
"04:15",0.000,0.000,220.200,0.179,0.000,0.000
"04:30",0.000,0.000,220.200,0.166,0.000,0.000
"04:45",0.000,0.000,220.200,0.166,0.000,0.000
"05:00",0.000,0.000,220.200,0.179,0.000,0.000
"05:15",0.000,0.000,220.200,0.166,0.000,0.000
"05:30",0.000,0.000,220.200,0.179,0.000,0.000
"05:45",0.000,0.000,220.200,0.166,0.000,0.000
"06:00",0.000,0.000,220.200,0.166,0.000,0.000
"06:15",0.000,0.000,220.400,0.179,0.000,0.000
"06:30",0.000,0.000,220.500,0.166,0.000,0.000
"06:45",0.000,0.000,220.500,0.166,0.000,0.000
"07:00",0.000,0.000,220.500,0.179,0.000,0.000
"07:15",0.077,0.000,220.500,0.090,0.000,0.000
"07:30",0.806,0.000,220.600,0.000,0.000,0.013
"07:45",2.586,0.000,220.900,0.000,0.000,0.013
"08:00",10.522,0.000,221.300,0.000,0.000,0.000
"08:15",23.053,0.000,221.500,0.000,0.000,0.000
"08:30",31.309,0.000,221.700,0.000,0.000,0.000
"08:45",40.717,0.000,222.000,0.000,0.000,0.000
"09:00",49.715,0.000,222.400,0.000,0.000,0.000
"09:15",58.432,0.000,222.500,0.000,0.000,0.000
"09:30",67.162,0.000,222.600,0.000,0.000,0.000
"09:45",74.970,0.000,222.700,0.000,0.000,0.000
"10:00",82.470,0.000,222.800,0.000,0.000,0.013
"10:15",89.434,0.000,222.900,0.000,0.000,0.000
"10:30",95.680,0.000,223.000,0.000,0.000,0.000
"10:45",101.235,0.000,223.200,0.000,0.000,0.000
"11:00",106.483,0.000,223.200,0.000,0.000,0.013
"11:15",109.658,0.000,223.300,0.000,0.000,0.000
"11:30",112.474,0.000,223.300,0.000,0.000,0.000
"11:45",112.115,0.000,223.200,0.000,0.000,0.000
"12:00",111.552,0.000,223.200,0.000,0.000,0.000
"12:15",111.334,0.000,223.400,0.000,0.000,0.026
"12:30",113.357,0.000,223.600,0.000,0.000,0.000
"12:45",113.280,0.000,223.700,0.000,0.000,0.013
"13:00",114.509,0.000,223.700,0.000,0.000,0.000
"13:15",112.525,0.000,223.700,0.000,0.000,0.000
"13:30",113.370,0.000,223.700,0.000,0.000,0.000
"13:45",111.347,0.000,223.600,0.000,0.000,0.013
"14:00",112.256,0.000,223.700,0.000,0.000,0.000
"14:15",111.821,0.000,223.700,0.000,0.000,0.013
"14:30",114.368,0.000,223.700,0.000,0.000,0.013
"14:45",110.720,0.000,223.700,0.000,0.000,0.000
"15:00",99.776,0.000,223.400,0.000,0.000,0.000
"15:15",69.952,0.000,222.800,0.000,0.000,0.000
"15:30",56.026,0.000,222.000,0.000,0.000,0.000
"15:45",63.680,0.000,222.100,0.000,0.000,0.000
"16:00",60.864,0.000,221.900,0.000,0.000,0.000
"16:15",103.373,0.000,222.900,0.000,0.000,0.000
"16:30",62.618,0.000,221.700,0.000,0.000,0.000
"16:45",50.163,0.000,221.500,0.000,0.000,0.000
"17:00",35.136,0.000,221.400,0.000,0.000,0.000
"17:15",58.189,0.000,221.900,0.000,0.000,0.269
"17:30",62.579,0.000,222.400,0.000,0.000,0.998
"17:45",46.630,0.000,222.300,0.000,0.000,0.000
"18:00",36.506,0.000,222.100,0.000,0.000,0.000
"18:15",27.264,0.000,222.100,0.000,0.000,0.000
"18:30",17.754,0.000,221.600,0.000,0.000,0.026
"18:45",11.750,0.000,221.300,0.000,0.000,0.038
"19:00",4.992,0.000,220.900,0.000,0.000,0.090
"19:15",1.267,0.000,220.700,0.000,0.000,0.038
"19:30",0.102,0.013,220.600,0.038,0.000,0.000
"19:45",0.000,0.038,220.600,0.128,0.000,0.000
"20:00",0.000,0.013,220.400,0.166,0.000,0.000
"20:15",0.000,0.000,220.500,0.166,0.000,0.000
"20:30",0.000,0.000,220.400,0.166,0.000,0.000
"20:45",0.000,0.000,220.400,0.179,0.000,0.000
"21:00",0.000,0.000,220.400,0.166,0.000,0.000
"21:15",0.000,0.000,220.500,0.166,0.000,0.000
"21:30",0.000,0.000,220.400,0.179,0.000,0.000
"21:45",0.000,0.000,220.500,0.166,0.000,0.000
"22:00",0.000,0.000,220.500,0.166,0.000,0.000
"22:15",0.000,0.000,220.500,0.179,0.000,0.000
"22:30",0.000,0.000,220.500,0.166,0.000,0.000
"22:45",0.000,0.000,220.500,0.179,0.000,0.000
"23:00",0.000,0.000,220.600,0.166,0.000,0.000
"23:15",0.000,0.000,220.300,0.166,0.000,0.000
"23:30",0.000,0.000,220.200,0.179,0.000,0.000
"23:45",0.000,0.000,220.200,0.166,0.000,0.000
"10/01/26 24:00",0.000,0.000,220.300,0.179,0.000,0.000
