"kwh"
"Time ","AGRIM02P","AGRIM02P","AGRIM02P","AGRIM02P","AGRIM02P","AGRIM02P"
" 2/11/26 00:15",0.000,0.000,220.200,0.179,0.000,0.000
" 2/11/26 00:30",0.000,0.000,220.300,0.192,0.000,0.000
"00:45",0.000,0.000,220.300,0.179,0.000,0.000
"01:00",0.000,0.000,220.300,0.179,0.000,0.000
"01:15",0.000,0.000,220.300,0.179,0.000,0.000
"01:30",0.000,0.000,220.300,0.179,0.000,0.000
"01:45",0.000,0.000,220.300,0.192,0.000,0.000
"02:00",0.000,0.000,220.300,0.179,0.000,0.000
"02:15",0.000,0.000,220.300,0.179,0.000,0.000
"02:30",0.000,0.000,220.300,0.179,0.000,0.000
"02:45",0.000,0.000,220.300,0.192,0.000,0.000
"03:00",0.000,0.000,220.300,0.179,0.000,0.000
"03:15",0.000,0.000,220.300,0.179,0.000,0.000
"03:30",0.000,0.000,220.300,0.179,0.000,0.000
"03:45",0.000,0.000,220.300,0.192,0.000,0.000
"04:00",0.000,0.000,220.400,0.179,0.000,0.000
"04:15",0.000,0.000,220.400,0.179,0.000,0.000
"04:30",0.000,0.000,220.400,0.179,0.000,0.000
"04:45",0.000,0.000,220.400,0.192,0.000,0.000
"05:00",0.000,0.000,220.400,0.179,0.000,0.000
"05:15",0.000,0.000,220.400,0.179,0.000,0.000
"05:30",0.000,0.000,220.400,0.192,0.000,0.000
"05:45",0.000,0.000,220.400,0.179,0.000,0.000
"06:00",0.000,0.000,220.400,0.179,0.000,0.000
"06:15",0.000,0.000,220.400,0.179,0.000,0.000
"06:30",0.000,0.000,220.400,0.192,0.000,0.000
"06:45",0.000,0.000,220.400,0.179,0.000,0.000
"07:00",0.000,0.000,220.500,0.154,0.000,0.000
"07:15",0.358,0.000,220.900,0.013,0.000,0.077
"07:30",1.152,0.000,221.100,0.000,0.000,0.102
"07:45",2.483,0.000,221.300,0.000,0.000,0.038
"08:00",5.747,0.000,221.400,0.000,0.000,0.000
"08:15",11.597,0.000,221.100,0.000,0.000,0.000
"08:30",18.573,0.000,221.100,0.000,0.000,0.000
"08:45",25.907,0.000,221.300,0.000,0.000,0.077
"09:00",33.907,0.000,221.300,0.000,0.000,0.115
"09:15",41.843,0.000,221.400,0.000,0.000,0.000
"09:30",49.395,0.000,221.500,0.000,0.000,0.000
"09:45",56.691,0.000,222.100,0.000,0.000,0.013
"10:00",63.872,0.000,222.500,0.000,0.000,0.026
"10:15",70.579,0.000,222.600,0.000,0.000,0.000
"10:30",76.915,0.000,222.700,0.000,0.000,0.000
"10:45",83.123,0.000,222.700,0.000,0.000,0.000
"11:00",85.606,0.000,222.700,0.000,0.000,0.013
"11:15",71.898,0.000,222.400,0.000,0.000,0.013
"11:30",50.035,0.000,221.500,0.000,0.000,0.000
"11:45",84.096,0.000,222.300,0.000,0.000,0.000
"12:00",79.936,0.000,222.400,0.000,0.000,0.000
"12:15",77.837,0.000,222.200,0.000,0.000,0.000
"12:30",84.518,0.000,222.300,0.000,0.000,0.000
"12:45",69.248,0.000,222.200,0.000,0.000,0.000
"13:00",56.845,0.000,221.800,0.000,0.000,0.000
"13:15",65.421,0.000,221.900,0.000,0.000,0.000
"13:30",46.874,0.000,221.600,0.000,0.000,0.000
"13:45",36.621,0.000,221.300,0.000,0.000,0.000
"14:00",42.611,0.000,221.400,0.000,0.000,0.000
"14:15",50.829,0.000,221.700,0.000,0.000,0.000
"14:30",74.816,0.000,222.000,0.000,0.000,0.000
"14:45",88.410,0.000,222.500,0.000,0.000,0.000
"15:00",71.629,0.000,222.300,0.000,0.000,0.000
"15:15",61.440,0.000,222.000,0.000,0.000,0.000
"15:30",82.138,0.000,222.400,0.000,0.000,0.000
"15:45",97.664,0.000,222.400,0.000,0.000,0.013
"16:00",90.240,0.000,222.000,0.000,0.000,0.000
"16:15",86.387,0.000,222.000,0.000,0.000,0.000
"16:30",81.011,0.000,221.600,0.000,0.000,0.000
"16:45",76.698,0.000,221.400,0.000,0.000,0.000
"17:00",71.424,0.000,221.300,0.000,0.000,0.000
"17:15",66.163,0.000,221.200,0.000,0.000,0.000
"17:30",60.198,0.000,221.300,0.000,0.000,0.000
"17:45",52.749,0.000,221.400,0.000,0.000,0.000
"18:00",44.045,0.000,221.300,0.000,0.000,0.000
"18:15",20.890,0.000,220.400,0.000,0.000,0.013
"18:30",28.698,0.000,220.600,0.000,0.000,0.013
"18:45",19.110,0.000,220.700,0.000,0.000,0.013
"19:00",13.222,0.000,220.000,0.000,0.000,0.000
"19:15",11.008,0.000,219.800,0.000,0.000,0.000
"19:30",5.888,0.000,219.700,0.000,0.000,0.038
"19:45",3.853,0.000,219.600,0.000,0.000,0.077
"20:00",1.203,0.000,219.500,0.000,0.000,0.115
"20:15",0.256,0.000,219.400,0.000,0.000,0.090
"20:30",0.000,0.013,219.300,0.102,0.000,0.000
"20:45",0.000,0.038,219.200,0.154,0.000,0.000
"21:00",0.000,0.000,219.200,0.179,0.000,0.000
"21:15",0.000,0.000,219.200,0.179,0.000,0.000
"21:30",0.000,0.000,219.200,0.179,0.000,0.000
"21:45",0.000,0.000,219.200,0.179,0.000,0.000
"22:00",0.000,0.000,219.200,0.179,0.000,0.000
"22:15",0.000,0.000,219.300,0.179,0.000,0.000
"22:30",0.000,0.000,219.300,0.179,0.000,0.000
"22:45",0.000,0.000,219.300,0.179,0.000,0.000
"23:00",0.000,0.000,219.200,0.179,0.000,0.000
"23:15",0.000,0.000,219.100,0.179,0.000,0.000
"23:30",0.000,0.000,219.100,0.192,0.000,0.000
"23:45",0.000,0.000,219.100,0.179,0.000,0.000
" 2/11/26 24:00",0.000,0.000,219.200,0.179,0.000,0.000
