"kwh"
"Time ","AGRIM02P","AGRIM02P","AGRIM02P","AGRIM02P","AGRIM02P","AGRIM02P"
" 8/14/26 00:15",0.000,0.000,221.500,0.166,0.000,0.000
" 8/14/26 00:30",0.000,0.000,221.500,0.179,0.000,0.000
"00:45",0.000,0.000,221.500,0.179,0.000,0.000
"01:00",0.000,0.000,221.500,0.166,0.000,0.000
"01:15",0.000,0.000,221.600,0.179,0.000,0.000
"01:30",0.000,0.000,221.500,0.166,0.000,0.000
"01:45",0.000,0.000,221.500,0.179,0.000,0.000
"02:00",0.000,0.000,221.500,0.166,0.000,0.000
"02:15",0.000,0.000,221.500,0.179,0.000,0.000
"02:30",0.000,0.000,221.500,0.166,0.000,0.000
"02:45",0.000,0.000,221.600,0.179,0.000,0.000
"03:00",0.000,0.000,221.600,0.166,0.000,0.000
"03:15",0.000,0.000,221.600,0.179,0.000,0.000
"03:30",0.000,0.000,221.500,0.166,0.000,0.000
"03:45",0.000,0.000,221.500,0.179,0.000,0.000
"04:00",0.000,0.000,221.500,0.166,0.000,0.000
"04:15",0.000,0.000,221.600,0.179,0.000,0.000
"04:30",0.000,0.000,221.600,0.166,0.000,0.000
"04:45",0.000,0.000,221.500,0.179,0.000,0.000
"05:00",0.000,0.000,221.600,0.166,0.000,0.000
"05:15",0.000,0.000,221.500,0.179,0.000,0.000
"05:30",0.000,0.000,221.500,0.166,0.000,0.000
"05:45",0.000,0.000,221.500,0.179,0.000,0.000
"06:00",0.000,0.000,221.500,0.166,0.000,0.000
"06:15",0.000,0.000,221.500,0.179,0.000,0.000
"06:30",0.000,0.000,221.500,0.166,0.000,0.000
"06:45",0.000,0.000,221.500,0.179,0.000,0.000
"07:00",0.000,0.000,221.500,0.179,0.000,0.000
"07:15",0.000,0.000,221.400,0.166,0.000,0.000
"07:30",0.000,0.000,221.300,0.179,0.000,0.000
"07:45",0.000,0.000,221.400,0.166,0.000,0.000
"08:00",0.000,0.013,221.400,0.115,0.026,0.013
"08:15",0.550,0.000,221.600,0.000,0.000,0.000
"08:30",1.754,0.000,221.700,0.000,0.000,0.013
"08:45",6.259,0.000,221.700,0.000,0.000,0.000
"09:00",5.978,0.000,221.800,0.000,0.000,0.000
"09:15",16.282,0.000,221.700,0.000,0.000,0.000
"09:30",32.179,0.000,222.200,0.000,0.000,0.000
"09:45",44.403,0.000,222.500,0.000,0.000,0.000
"10:00",36.826,0.000,222.200,0.000,0.000,0.000
"10:15",26.790,0.000,222.000,0.000,0.000,0.000
"10:30",35.277,0.000,222.100,0.000,0.000,0.000
"10:45",44.992,0.000,222.300,0.000,0.000,0.000
"11:00",74.278,0.000,223.000,0.000,0.000,0.000
"11:15",97.933,0.000,223.600,0.000,0.000,0.000
"11:30",85.965,0.000,223.900,0.000,0.000,0.000
"11:45",93.120,0.000,224.000,0.000,0.000,0.000
"12:00",98.035,0.000,224.000,0.000,0.000,0.000
"12:15",103.898,0.000,224.100,0.000,0.000,0.000
"12:30",105.178,0.000,224.100,0.000,0.000,0.000
"12:45",107.648,0.000,224.200,0.000,0.000,0.000
"13:00",105.843,0.000,224.100,0.000,0.000,0.000
"13:15",106.547,0.000,224.200,0.000,0.000,0.000
"13:30",111.309,0.000,224.300,0.000,0.000,0.026
"13:45",96.858,0.000,224.100,0.000,0.000,0.000
"14:00",72.986,0.000,223.700,0.000,0.000,0.000
"14:15",55.027,0.000,223.200,0.000,0.000,0.000
"14:30",73.818,0.000,223.300,0.000,0.000,0.000
"14:45",73.984,0.000,223.300,0.000,0.000,0.000
"15:00",97.536,0.000,223.700,0.000,0.000,0.000
"15:15",91.712,0.000,224.000,0.000,0.000,0.000
"15:30",88.358,0.000,223.700,0.000,0.000,0.000
"15:45",83.469,0.000,223.700,0.000,0.000,0.000
"16:00",70.669,0.000,223.300,0.000,0.000,0.000
"16:15",76.531,0.000,223.500,0.000,0.000,0.051
"16:30",76.224,0.000,223.600,0.000,0.000,0.000
"16:45",69.158,0.000,223.500,0.000,0.000,0.000
"17:00",59.648,0.000,223.600,0.000,0.000,0.000
"17:15",48.115,0.000,223.500,0.000,0.000,0.000
"17:30",43.622,0.000,223.200,0.000,0.000,0.000
"17:45",29.030,0.000,222.800,0.000,0.000,0.013
"18:00",19.149,0.000,222.500,0.000,0.000,0.026
"18:15",7.168,0.000,222.100,0.000,0.000,0.077
"18:30",6.784,0.000,222.000,0.000,0.000,0.051
"18:45",1.472,0.000,221.800,0.000,0.000,0.026
"19:00",0.051,0.013,221.700,0.038,0.000,0.000
"19:15",0.000,0.038,221.500,0.128,0.000,0.000
"19:30",0.000,0.013,221.500,0.154,0.000,0.000
"19:45",0.000,0.000,221.600,0.179,0.000,0.000
"20:00",0.000,0.000,221.500,0.166,0.000,0.000
"20:15",0.000,0.000,221.500,0.179,0.000,0.000
"20:30",0.000,0.000,221.500,0.166,0.000,0.000
"20:45",0.000,0.000,221.600,0.179,0.000,0.000
"21:00",0.000,0.000,221.500,0.179,0.000,0.000
"21:15",0.000,0.000,221.600,0.166,0.000,0.000
"21:30",0.000,0.000,221.600,0.179,0.000,0.000
"21:45",0.000,0.000,221.500,0.179,0.000,0.000
"22:00",0.000,0.000,221.600,0.166,0.000,0.000
"22:15",0.000,0.000,221.700,0.179,0.000,0.000
"22:30",0.000,0.000,221.700,0.166,0.000,0.000
"22:45",0.000,0.000,221.700,0.179,0.000,0.000
"23:00",0.000,0.000,221.700,0.179,0.000,0.000
"23:15",0.000,0.000,221.400,0.166,0.000,0.000
"23:30",0.000,0.000,221.400,0.179,0.000,0.000
"23:45",0.000,0.000,221.400,0.166,0.000,0.000
" 8/14/26 24:00",0.000,0.000,221.300,0.179,0.000,0.000
