"kwh"
"Time ","AGRIM02P","AGRIM02P","AGRIM02P","AGRIM02P","AGRIM02P","AGRIM02P"
" 6/29/26 00:15",0.000,0.000,221.600,0.179,0.000,0.000
" 6/29/26 00:30",0.000,0.000,221.600,0.179,0.000,0.000
"00:45",0.000,0.000,221.700,0.166,0.000,0.000
"01:00",0.000,0.000,221.700,0.179,0.000,0.000
"01:15",0.000,0.000,221.700,0.179,0.000,0.000
"01:30",0.000,0.000,221.700,0.166,0.000,0.000
"01:45",0.000,0.000,221.600,0.179,0.000,0.000
"02:00",0.000,0.000,221.600,0.166,0.000,0.000
"02:15",0.000,0.000,221.600,0.179,0.000,0.000
"02:30",0.000,0.000,221.600,0.179,0.000,0.000
"02:45",0.000,0.000,221.700,0.166,0.000,0.000
"03:00",0.000,0.000,221.700,0.179,0.000,0.000
"03:15",0.000,0.000,221.700,0.179,0.000,0.000
"03:30",0.000,0.000,221.600,0.166,0.000,0.000
"03:45",0.000,0.000,221.600,0.179,0.000,0.000
"04:00",0.000,0.000,221.600,0.166,0.000,0.000
"04:15",0.000,0.000,221.600,0.179,0.000,0.000
"04:30",0.000,0.000,221.600,0.179,0.000,0.000
"04:45",0.000,0.000,221.600,0.166,0.000,0.000
"05:00",0.000,0.000,221.600,0.179,0.000,0.000
"05:15",0.000,0.000,221.600,0.166,0.000,0.000
"05:30",0.000,0.000,221.600,0.179,0.000,0.000
"05:45",0.000,0.000,221.600,0.179,0.000,0.000
"06:00",0.000,0.000,221.600,0.166,0.000,0.000
"06:15",0.000,0.000,221.600,0.179,0.000,0.000
"06:30",0.000,0.000,221.600,0.166,0.000,0.000
"06:45",0.000,0.000,221.600,0.179,0.000,0.000
"07:00",0.000,0.000,221.500,0.166,0.000,0.000
"07:15",0.000,0.000,221.600,0.179,0.000,0.000
"07:30",0.000,0.000,221.500,0.166,0.000,0.000
"07:45",0.000,0.000,221.500,0.179,0.000,0.000
"08:00",0.000,0.000,221.500,0.166,0.000,0.000
"08:15",0.000,0.000,221.600,0.179,0.000,0.000
"08:30",0.051,0.013,221.600,0.051,0.000,0.000
"08:45",0.678,0.000,221.600,0.000,0.000,0.013
"09:00",5.709,0.000,221.700,0.000,0.000,0.026
"09:15",10.893,0.000,222.000,0.000,0.000,0.000
"09:30",24.742,0.000,222.500,0.000,0.000,0.000
"09:45",41.011,0.000,222.900,0.000,0.000,0.000
"10:00",49.318,0.000,223.300,0.000,0.000,0.000
"10:15",54.118,0.000,223.400,0.000,0.000,0.000
"10:30",60.544,0.000,223.600,0.000,0.000,0.000
"10:45",66.803,0.000,223.700,0.000,0.000,0.000
"11:00",72.013,0.000,223.800,0.000,0.000,0.000
"11:15",77.478,0.000,223.800,0.000,0.000,0.000
"11:30",82.022,0.000,223.900,0.000,0.000,0.000
"11:45",85.978,0.000,224.000,0.000,0.000,0.000
"12:00",89.421,0.000,224.000,0.000,0.000,0.000
"12:15",92.800,0.000,223.900,0.000,0.000,0.000
"12:30",95.885,0.000,223.900,0.000,0.000,0.077
"12:45",84.518,0.000,223.800,0.000,0.000,0.000
"13:00",101.875,0.000,224.100,0.000,0.000,0.166
"13:15",99.686,0.000,224.200,0.000,0.000,0.000
"13:30",102.554,0.000,224.200,0.000,0.000,0.000
"13:45",102.272,0.000,224.200,0.000,0.000,0.000
"14:00",101.376,0.000,224.300,0.000,0.000,0.000
"14:15",93.926,0.000,224.100,0.000,0.000,0.000
"14:30",103.514,0.000,224.200,0.000,0.000,0.000
"14:45",99.277,0.000,224.200,0.000,0.000,0.000
"15:00",26.816,0.000,223.100,0.000,0.000,0.051
"15:15",8.320,0.000,222.800,0.000,0.000,0.064
"15:30",11.072,0.000,222.800,0.000,0.000,0.051
"15:45",12.928,0.000,222.000,0.000,0.000,0.013
"16:00",12.301,0.000,222.100,0.000,0.000,0.000
"16:15",12.851,0.000,222.100,0.000,0.000,0.000
"16:30",13.248,0.000,222.000,0.000,0.000,0.000
"16:45",12.582,0.000,222.000,0.000,0.000,0.000
"17:00",11.187,0.000,222.000,0.000,0.000,0.013
"17:15",8.960,0.000,221.900,0.000,0.000,0.038
"17:30",6.566,0.000,221.800,0.000,0.000,0.064
"17:45",4.429,0.000,221.600,0.000,0.000,0.102
"18:00",2.086,0.000,221.500,0.000,0.000,0.090
"18:15",0.461,0.000,221.600,0.000,0.000,0.013
"18:30",0.102,0.013,221.500,0.026,0.000,0.013
"18:45",0.000,0.038,221.500,0.128,0.000,0.000
"19:00",0.000,0.026,221.500,0.128,0.000,0.000
"19:15",0.000,0.000,221.600,0.179,0.000,0.000
"19:30",0.000,0.000,221.500,0.166,0.000,0.000
"19:45",0.000,0.000,221.600,0.179,0.000,0.000
"20:00",0.000,0.000,221.500,0.179,0.000,0.000
"20:15",0.000,0.000,221.500,0.166,0.000,0.000
"20:30",0.000,0.000,221.500,0.179,0.000,0.000
"20:45",0.000,0.000,221.500,0.179,0.000,0.000
"21:00",0.000,0.000,221.500,0.166,0.000,0.000
"21:15",0.000,0.000,221.500,0.179,0.000,0.000
"21:30",0.000,0.000,221.500,0.179,0.000,0.000
"21:45",0.000,0.000,221.400,0.166,0.000,0.000
"22:00",0.000,0.000,221.400,0.179,0.000,0.000
"22:15",0.000,0.000,221.500,0.166,0.000,0.000
"22:30",0.000,0.000,221.500,0.179,0.000,0.000
"22:45",0.000,0.000,221.500,0.166,0.000,0.000
"23:00",0.000,0.000,221.500,0.179,0.000,0.000
"23:15",0.000,0.000,221.600,0.179,0.000,0.000
"23:30",0.000,0.000,221.600,0.166,0.000,0.000
"23:45",0.000,0.000,221.700,0.179,0.000,0.000
" 6/29/26 24:00",0.000,0.000,221.700,0.179,0.000,0.000
