"kwh"
"Time ","AGRIM02P","AGRIM02P","AGRIM02P","AGRIM02P","AGRIM02P","AGRIM02P"
" 3/28/26 00:15",0.000,0.000,220.500,0.179,0.000,0.000
" 3/28/26 00:30",0.000,0.000,220.500,0.192,0.000,0.000
"00:45",0.000,0.000,220.600,0.179,0.000,0.000
"01:00",0.000,0.000,220.600,0.179,0.000,0.000
"01:15",0.000,0.000,220.600,0.179,0.000,0.000
"01:30",0.000,0.000,220.600,0.192,0.000,0.000
"01:45",0.000,0.000,220.700,0.179,0.000,0.000
"02:00",0.000,0.000,220.700,0.179,0.000,0.000
"02:15",0.000,0.000,220.600,0.179,0.000,0.000
"02:30",0.000,0.000,220.700,0.192,0.000,0.000
"02:45",0.000,0.000,220.700,0.179,0.000,0.000
"03:00",0.000,0.000,220.600,0.179,0.000,0.000
"03:15",0.000,0.000,220.700,0.179,0.000,0.000
"03:30",0.000,0.000,220.600,0.192,0.000,0.000
"03:45",0.000,0.000,220.700,0.179,0.000,0.000
"04:00",0.000,0.000,220.700,0.179,0.000,0.000
"04:15",0.000,0.000,220.700,0.192,0.000,0.000
"04:30",0.000,0.000,220.700,0.179,0.000,0.000
"04:45",0.000,0.000,220.700,0.179,0.000,0.000
"05:00",0.000,0.000,220.700,0.179,0.000,0.000
"05:15",0.000,0.000,220.700,0.192,0.000,0.000
"05:30",0.000,0.000,220.700,0.179,0.000,0.000
"05:45",0.000,0.000,220.700,0.179,0.000,0.000
"06:00",0.000,0.000,220.700,0.179,0.000,0.000
"06:15",0.000,0.000,220.700,0.192,0.000,0.000
"06:30",0.000,0.000,220.700,0.179,0.000,0.000
"06:45",0.000,0.000,220.700,0.179,0.000,0.000
"07:00",0.000,0.000,220.700,0.179,0.000,0.000
"07:15",0.000,0.000,220.700,0.192,0.000,0.000
"07:30",0.000,0.000,220.700,0.179,0.000,0.000
"07:45",0.000,0.000,220.700,0.179,0.000,0.000
"08:00",0.576,0.000,220.700,0.064,0.000,0.000
"08:15",2.586,0.000,221.000,0.000,0.000,0.000
"08:30",2.189,0.000,221.200,0.000,0.000,0.013
"08:45",3.149,0.000,221.300,0.000,0.000,0.038
"09:00",3.610,0.000,221.300,0.000,0.000,0.026
"09:15",3.878,0.000,221.300,0.000,0.000,0.026
"09:30",10.778,0.000,221.100,0.000,0.000,0.000
"09:45",13.325,0.000,221.500,0.000,0.000,0.000
"10:00",11.610,0.000,221.800,0.000,0.000,0.000
"10:15",10.368,0.000,221.800,0.000,0.000,0.000
"10:30",20.275,0.000,222.200,0.000,0.000,0.000
"10:45",50.022,0.000,223.200,0.000,0.000,0.000
"11:00",75.571,0.000,223.600,0.000,0.000,0.000
"11:15",74.547,0.000,224.000,0.000,0.000,0.000
"11:30",70.131,0.000,223.800,0.000,0.000,0.013
"11:45",29.734,0.000,222.600,0.000,0.000,0.000
"12:00",39.437,0.000,222.900,0.000,0.000,0.000
"12:15",45.517,0.000,223.000,0.000,0.000,0.000
"12:30",63.053,0.000,223.400,0.000,0.000,0.013
"12:45",39.270,0.000,222.800,0.000,0.000,0.000
"13:00",59.776,0.000,223.700,0.000,0.000,0.026
"13:15",36.979,0.000,222.800,0.000,0.000,0.000
"13:30",73.702,0.000,223.700,0.000,0.000,0.038
"13:45",44.557,0.000,223.000,0.000,0.000,0.026
"14:00",61.914,0.000,223.100,0.000,0.000,0.000
"14:15",32.282,0.000,222.800,0.000,0.000,0.013
"14:30",53.018,0.000,223.300,0.000,0.000,0.026
"14:45",36.851,0.000,222.800,0.000,0.000,0.000
"15:00",36.454,0.000,222.900,0.000,0.000,0.000
"15:15",50.931,0.000,223.100,0.000,0.000,0.000
"15:30",60.621,0.000,223.100,0.000,0.000,0.000
"15:45",27.136,0.000,222.300,0.000,0.000,0.000
"16:00",30.963,0.000,222.700,0.000,0.000,0.000
"16:15",23.603,0.000,222.500,0.000,0.000,0.000
"16:30",43.494,0.000,223.000,0.000,0.000,0.000
"16:45",27.098,0.000,222.500,0.000,0.000,0.000
"17:00",21.683,0.000,222.200,0.000,0.000,0.013
"17:15",5.453,0.000,221.700,0.000,0.000,0.102
"17:30",8.384,0.000,221.800,0.000,0.000,0.064
"17:45",14.938,0.000,222.000,0.000,0.000,0.000
"18:00",11.712,0.000,222.000,0.000,0.000,0.013
"18:15",15.270,0.000,222.300,0.000,0.000,0.000
"18:30",6.925,0.000,222.000,0.000,0.000,0.064
"18:45",5.210,0.000,222.100,0.000,0.000,0.038
"19:00",4.045,0.000,222.000,0.000,0.000,0.064
"19:15",0.550,0.000,221.800,0.000,0.000,0.051
"19:30",0.026,0.013,221.700,0.090,0.000,0.000
"19:45",0.000,0.013,221.600,0.166,0.000,0.000
"20:00",0.000,0.013,221.600,0.166,0.000,0.000
"20:15",0.000,0.000,221.600,0.192,0.000,0.000
"20:30",0.000,0.000,221.600,0.179,0.000,0.000
"20:45",0.000,0.000,221.700,0.192,0.000,0.000
"21:00",0.000,0.000,221.600,0.179,0.000,0.000
"21:15",0.000,0.000,221.600,0.179,0.000,0.000
"21:30",0.000,0.000,221.600,0.192,0.000,0.000
"21:45",0.000,0.000,221.700,0.179,0.000,0.000
"22:00",0.000,0.000,221.700,0.179,0.000,0.000
"22:15",0.000,0.000,221.700,0.192,0.000,0.000
"22:30",0.000,0.000,221.700,0.179,0.000,0.000
"22:45",0.000,0.000,221.700,0.179,0.000,0.000
"23:00",0.000,0.000,221.600,0.192,0.000,0.000
"23:15",0.000,0.000,221.600,0.179,0.000,0.000
"23:30",0.000,0.000,221.500,0.179,0.000,0.000
"23:45",0.000,0.000,221.500,0.192,0.000,0.000
" 3/28/26 24:00",0.000,0.000,221.500,0.179,0.000,0.000
