"kwh"
"Time ","AGRIM02P","AGRIM02P","AGRIM02P","AGRIM02P","AGRIM02P","AGRIM02P"
" 8/15/26 00:15",0.000,0.000,221.400,0.166,0.000,0.000
" 8/15/26 00:30",0.000,0.000,221.400,0.179,0.000,0.000
"00:45",0.000,0.000,221.400,0.166,0.000,0.000
"01:00",0.000,0.000,221.500,0.179,0.000,0.000
"01:15",0.000,0.000,221.500,0.166,0.000,0.000
"01:30",0.000,0.000,221.500,0.179,0.000,0.000
"01:45",0.000,0.000,221.400,0.166,0.000,0.000
"02:00",0.000,0.000,221.500,0.179,0.000,0.000
"02:15",0.000,0.000,221.600,0.166,0.000,0.000
"02:30",0.000,0.000,221.600,0.179,0.000,0.000
"02:45",0.000,0.000,221.600,0.166,0.000,0.000
"03:00",0.000,0.000,221.600,0.179,0.000,0.000
"03:15",0.000,0.000,221.500,0.166,0.000,0.000
"03:30",0.000,0.000,221.600,0.179,0.000,0.000
"03:45",0.000,0.000,221.600,0.166,0.000,0.000
"04:00",0.000,0.000,221.500,0.179,0.000,0.000
"04:15",0.000,0.000,221.500,0.166,0.000,0.000
"04:30",0.000,0.000,221.500,0.179,0.000,0.000
"04:45",0.000,0.000,221.500,0.166,0.000,0.000
"05:00",0.000,0.000,221.600,0.179,0.000,0.000
"05:15",0.000,0.000,221.500,0.166,0.000,0.000
"05:30",0.000,0.000,221.600,0.166,0.000,0.000
"05:45",0.000,0.000,221.500,0.179,0.000,0.000
"06:00",0.000,0.000,221.600,0.166,0.000,0.000
"06:15",0.000,0.000,221.600,0.179,0.000,0.000
"06:30",0.000,0.000,221.500,0.179,0.000,0.000
"06:45",0.000,0.000,221.500,0.166,0.000,0.000
"07:00",0.000,0.000,221.600,0.166,0.000,0.000
"07:15",0.000,0.000,221.500,0.179,0.000,0.000
"07:30",0.000,0.000,221.500,0.166,0.000,0.000
"07:45",0.000,0.000,221.500,0.179,0.000,0.000
"08:00",0.000,0.000,221.400,0.166,0.000,0.000
"08:15",0.064,0.013,221.400,0.051,0.000,0.026
"08:30",0.563,0.000,221.400,0.000,0.000,0.077
"08:45",1.126,0.000,221.400,0.000,0.000,0.115
"09:00",1.523,0.000,221.500,0.000,0.000,0.026
"09:15",3.789,0.000,221.100,0.000,0.000,0.141
"09:30",4.646,0.000,221.100,0.000,0.000,0.102
"09:45",5.235,0.000,221.000,0.000,0.000,0.064
"10:00",5.850,0.000,221.100,0.000,0.000,0.064
"10:15",7.629,0.000,221.200,0.000,0.000,0.064
"10:30",9.408,0.000,221.200,0.000,0.000,0.038
"10:45",10.829,0.000,221.300,0.000,0.000,0.013
"11:00",10.291,0.000,221.200,0.000,0.000,0.000
"11:15",11.264,0.000,221.200,0.000,0.000,0.000
"11:30",11.789,0.000,221.400,0.000,0.000,0.000
"11:45",13.747,0.000,221.700,0.000,0.000,0.000
"12:00",14.272,0.000,221.700,0.000,0.000,0.000
"12:15",13.146,0.000,221.700,0.000,0.000,0.000
"12:30",12.634,0.000,221.700,0.000,0.000,0.000
"12:45",14.886,0.000,221.800,0.000,0.000,0.000
"13:00",16.947,0.000,221.900,0.000,0.000,0.000
"13:15",14.976,0.000,221.800,0.000,0.000,0.000
"13:30",15.104,0.000,221.800,0.000,0.000,0.000
"13:45",17.395,0.000,221.900,0.000,0.000,0.000
"14:00",15.091,0.000,221.900,0.000,0.000,0.000
"14:15",17.101,0.000,221.900,0.000,0.000,0.000
"14:30",17.702,0.000,221.900,0.000,0.000,0.000
"14:45",16.986,0.000,221.800,0.000,0.000,0.000
"15:00",15.552,0.000,221.800,0.000,0.000,0.000
"15:15",14.221,0.000,221.600,0.000,0.000,0.000
"15:30",15.347,0.000,221.700,0.000,0.000,0.000
"15:45",15.539,0.000,221.800,0.000,0.000,0.000
"16:00",15.565,0.000,221.800,0.000,0.000,0.000
"16:15",16.666,0.000,221.900,0.000,0.000,0.000
"16:30",17.024,0.000,221.900,0.000,0.000,0.000
"16:45",13.517,0.000,221.700,0.000,0.000,0.000
"17:00",10.573,0.000,221.600,0.000,0.000,0.026
"17:15",8.678,0.000,221.600,0.000,0.000,0.051
"17:30",7.130,0.000,221.600,0.000,0.000,0.064
"17:45",5.517,0.000,221.600,0.000,0.000,0.102
"18:00",4.211,0.000,221.600,0.000,0.000,0.128
"18:15",2.240,0.000,221.700,0.000,0.000,0.090
"18:30",1.293,0.000,221.600,0.000,0.000,0.064
"18:45",0.730,0.000,221.600,0.000,0.000,0.026
"19:00",0.128,0.000,221.400,0.013,0.013,0.000
"19:15",0.000,0.038,221.500,0.115,0.000,0.000
"19:30",0.000,0.038,221.400,0.154,0.000,0.000
"19:45",0.000,0.000,221.300,0.166,0.000,0.000
"20:00",0.000,0.000,221.300,0.179,0.000,0.000
"20:15",0.000,0.000,221.300,0.166,0.000,0.000
"20:30",0.000,0.000,221.400,0.179,0.000,0.000
"20:45",0.000,0.000,221.400,0.166,0.000,0.000
"21:00",0.000,0.000,221.400,0.179,0.000,0.000
"21:15",0.000,0.000,221.400,0.179,0.000,0.000
"21:30",0.000,0.000,221.400,0.166,0.000,0.000
"21:45",0.000,0.000,221.500,0.179,0.000,0.000
"22:00",0.000,0.000,221.500,0.179,0.000,0.000
"22:15",0.000,0.000,221.600,0.166,0.000,0.000
"22:30",0.000,0.000,221.600,0.179,0.000,0.000
"22:45",0.000,0.000,221.600,0.166,0.000,0.000
"23:00",0.000,0.000,221.500,0.179,0.000,0.000
"23:15",0.000,0.000,221.200,0.179,0.000,0.000
"23:30",0.000,0.000,221.100,0.166,0.000,0.000
"23:45",0.000,0.000,221.200,0.166,0.000,0.000
" 8/15/26 24:00",0.000,0.000,221.100,0.179,0.000,0.000
