"kwh"
"Time ","AGRIM02P","AGRIM02P","AGRIM02P","AGRIM02P","AGRIM02P","AGRIM02P"
" 5/20/26 00:15",0.000,0.000,221.600,0.179,0.000,0.000
" 5/20/26 00:30",0.000,0.000,221.500,0.166,0.000,0.000
"00:45",0.000,0.000,221.700,0.179,0.000,0.000
"01:00",0.000,0.000,221.600,0.179,0.000,0.000
"01:15",0.000,0.000,221.600,0.166,0.000,0.000
"01:30",0.000,0.000,221.600,0.179,0.000,0.000
"01:45",0.000,0.000,221.600,0.166,0.000,0.000
"02:00",0.000,0.000,221.600,0.179,0.000,0.000
"02:15",0.000,0.000,221.600,0.179,0.000,0.000
"02:30",0.000,0.000,221.700,0.166,0.000,0.000
"02:45",0.000,0.000,221.700,0.179,0.000,0.000
"03:00",0.000,0.000,221.700,0.179,0.000,0.000
"03:15",0.000,0.000,221.600,0.166,0.000,0.000
"03:30",0.000,0.000,221.700,0.179,0.000,0.000
"03:45",0.000,0.000,221.700,0.166,0.000,0.000
"04:00",0.000,0.000,221.700,0.179,0.000,0.000
"04:15",0.000,0.000,221.700,0.166,0.000,0.000
"04:30",0.000,0.000,221.600,0.179,0.000,0.000
"04:45",0.000,0.000,221.600,0.166,0.000,0.000
"05:00",0.000,0.000,221.600,0.179,0.000,0.000
"05:15",0.000,0.000,221.600,0.166,0.000,0.000
"05:30",0.000,0.000,221.700,0.179,0.000,0.000
"05:45",0.000,0.000,221.600,0.166,0.000,0.000
"06:00",0.000,0.000,221.700,0.179,0.000,0.000
"06:15",0.000,0.000,221.600,0.179,0.000,0.000
"06:30",0.000,0.000,221.600,0.166,0.000,0.000
"06:45",0.000,0.000,221.600,0.179,0.000,0.000
"07:00",0.000,0.000,221.500,0.166,0.000,0.000
"07:15",0.000,0.000,221.600,0.179,0.000,0.000
"07:30",0.000,0.000,221.600,0.166,0.000,0.000
"07:45",0.000,0.000,221.600,0.179,0.000,0.000
"08:00",0.000,0.000,221.500,0.166,0.000,0.000
"08:15",0.051,0.013,221.600,0.038,0.013,0.000
"08:30",0.845,0.000,221.500,0.000,0.000,0.026
"08:45",6.579,0.000,221.800,0.000,0.000,0.038
"09:00",16.730,0.000,222.100,0.000,0.000,0.000
"09:15",31.386,0.000,222.500,0.000,0.000,0.000
"09:30",40.576,0.000,222.900,0.000,0.000,0.000
"09:45",48.973,0.000,223.300,0.000,0.000,0.000
"10:00",56.538,0.000,223.200,0.000,0.000,0.000
"10:15",63.642,0.000,223.300,0.000,0.000,0.000
"10:30",69.581,0.000,223.400,0.000,0.000,0.000
"10:45",75.533,0.000,223.500,0.000,0.000,0.000
"11:00",80.960,0.000,223.700,0.000,0.000,0.000
"11:15",85.914,0.000,223.700,0.000,0.000,0.000
"11:30",90.483,0.000,223.800,0.000,0.000,0.000
"11:45",93.965,0.000,223.900,0.000,0.000,0.000
"12:00",98.714,0.000,224.000,0.000,0.000,0.000
"12:15",101.299,0.000,224.000,0.000,0.000,0.000
"12:30",101.581,0.000,224.000,0.000,0.000,0.000
"12:45",102.464,0.000,224.000,0.000,0.000,0.000
"13:00",107.789,0.000,224.000,0.000,0.000,0.000
"13:15",108.595,0.000,224.100,0.000,0.000,0.000
"13:30",109.606,0.000,224.100,0.000,0.000,0.000
"13:45",109.581,0.000,224.100,0.000,0.000,0.000
"14:00",100.672,0.000,223.900,0.000,0.000,0.000
"14:15",100.762,0.000,223.900,0.000,0.000,0.000
"14:30",86.413,0.000,223.600,0.000,0.000,0.000
"14:45",101.530,0.000,223.900,0.000,0.000,0.000
"15:00",97.062,0.000,224.000,0.000,0.000,0.000
"15:15",86.976,0.000,223.800,0.000,0.000,0.000
"15:30",83.187,0.000,224.000,0.000,0.000,0.000
"15:45",69.632,0.000,223.800,0.000,0.000,0.051
"16:00",54.515,0.000,223.500,0.000,0.000,0.000
"16:15",38.374,0.000,223.100,0.000,0.000,0.000
"16:30",65.395,0.000,223.300,0.000,0.000,0.000
"16:45",66.381,0.000,223.900,0.000,0.000,0.013
"17:00",56.269,0.000,223.700,0.000,0.000,0.000
"17:15",43.469,0.000,223.400,0.000,0.000,0.000
"17:30",33.190,0.000,223.000,0.000,0.000,0.000
"17:45",16.154,0.000,222.100,0.000,0.000,0.013
"18:00",4.762,0.000,221.700,0.000,0.000,0.090
"18:15",1.894,0.000,221.700,0.000,0.000,0.064
"18:30",0.397,0.000,221.500,0.000,0.000,0.000
"18:45",0.013,0.026,221.500,0.090,0.000,0.000
"19:00",0.000,0.038,221.600,0.128,0.000,0.000
"19:15",0.000,0.000,221.600,0.179,0.000,0.000
"19:30",0.000,0.000,221.500,0.166,0.000,0.000
"19:45",0.000,0.000,221.500,0.179,0.000,0.000
"20:00",0.000,0.000,221.300,0.179,0.000,0.000
"20:15",0.000,0.000,221.300,0.166,0.000,0.000
"20:30",0.000,0.000,221.300,0.179,0.000,0.000
"20:45",0.000,0.000,221.300,0.166,0.000,0.000
"21:00",0.000,0.000,221.300,0.179,0.000,0.000
"21:15",0.000,0.000,221.300,0.166,0.000,0.000
"21:30",0.000,0.000,221.300,0.179,0.000,0.000
"21:45",0.000,0.000,221.400,0.179,0.000,0.000
"22:00",0.000,0.000,221.400,0.166,0.000,0.000
"22:15",0.000,0.000,221.400,0.179,0.000,0.000
"22:30",0.000,0.000,221.500,0.179,0.000,0.000
"22:45",0.000,0.000,221.400,0.166,0.000,0.000
"23:00",0.000,0.000,221.400,0.179,0.000,0.000
"23:15",0.000,0.000,221.500,0.166,0.000,0.000
"23:30",0.000,0.000,221.500,0.179,0.000,0.000
"23:45",0.000,0.000,221.500,0.179,0.000,0.000
" 5/20/26 24:00",0.000,0.000,221.500,0.166,0.000,0.000
