"kwh"
"Time ","AGRIM02P","AGRIM02P","AGRIM02P","AGRIM02P","AGRIM02P","AGRIM02P"
" 6/30/26 00:15",0.000,0.000,221.600,0.166,0.000,0.000
" 6/30/26 00:30",0.000,0.000,221.700,0.179,0.000,0.000
"00:45",0.000,0.000,221.700,0.179,0.000,0.000
"01:00",0.000,0.000,221.700,0.166,0.000,0.000
"01:15",0.000,0.000,221.700,0.179,0.000,0.000
"01:30",0.000,0.000,221.700,0.166,0.000,0.000
"01:45",0.000,0.000,221.700,0.179,0.000,0.000
"02:00",0.000,0.000,221.800,0.179,0.000,0.000
"02:15",0.000,0.000,221.800,0.166,0.000,0.000
"02:30",0.000,0.000,221.800,0.179,0.000,0.000
"02:45",0.000,0.000,221.800,0.166,0.000,0.000
"03:00",0.000,0.000,221.800,0.179,0.000,0.000
"03:15",0.000,0.000,221.800,0.179,0.000,0.000
"03:30",0.000,0.000,221.800,0.166,0.000,0.000
"03:45",0.000,0.000,221.700,0.179,0.000,0.000
"04:00",0.000,0.000,221.700,0.166,0.000,0.000
"04:15",0.000,0.000,221.800,0.179,0.000,0.000
"04:30",0.000,0.000,221.800,0.179,0.000,0.000
"04:45",0.000,0.000,221.700,0.166,0.000,0.000
"05:00",0.000,0.000,221.800,0.179,0.000,0.000
"05:15",0.000,0.000,221.800,0.179,0.000,0.000
"05:30",0.000,0.000,221.800,0.166,0.000,0.000
"05:45",0.000,0.000,221.700,0.179,0.000,0.000
"06:00",0.000,0.000,221.800,0.166,0.000,0.000
"06:15",0.000,0.000,221.700,0.179,0.000,0.000
"06:30",0.000,0.000,221.700,0.166,0.000,0.000
"06:45",0.000,0.000,221.800,0.179,0.000,0.000
"07:00",0.000,0.000,221.800,0.166,0.000,0.000
"07:15",0.000,0.000,221.700,0.179,0.000,0.000
"07:30",0.000,0.000,221.600,0.166,0.000,0.000
"07:45",0.000,0.000,221.700,0.179,0.000,0.000
"08:00",0.000,0.000,221.700,0.179,0.000,0.000
"08:15",0.000,0.000,221.600,0.166,0.000,0.000
"08:30",0.000,0.013,221.500,0.115,0.000,0.000
"08:45",0.474,0.000,221.700,0.000,0.000,0.013
"09:00",1.357,0.000,221.700,0.000,0.000,0.038
"09:15",7.872,0.000,221.900,0.000,0.000,0.000
"09:30",25.920,0.000,222.500,0.000,0.000,0.013
"09:45",36.749,0.000,223.000,0.000,0.000,0.000
"10:00",45.120,0.000,223.300,0.000,0.000,0.000
"10:15",52.659,0.000,223.400,0.000,0.000,0.000
"10:30",59.712,0.000,223.500,0.000,0.000,0.000
"10:45",66.662,0.000,223.800,0.000,0.000,0.000
"11:00",72.781,0.000,224.000,0.000,0.000,0.000
"11:15",78.195,0.000,224.100,0.000,0.000,0.000
"11:30",82.931,0.000,224.200,0.000,0.000,0.000
"11:45",87.130,0.000,224.300,0.000,0.000,0.013
"12:00",90.522,0.000,224.300,0.000,0.000,0.166
"12:15",93.619,0.000,224.400,0.000,0.000,0.026
"12:30",96.320,0.000,224.400,0.000,0.000,0.000
"12:45",98.214,0.000,224.400,0.000,0.000,0.013
"13:00",100.339,0.000,224.600,0.000,0.000,0.000
"13:15",101.952,0.000,224.600,0.000,0.000,0.013
"13:30",102.835,0.000,224.500,0.000,0.000,0.051
"13:45",103.206,0.000,224.300,0.000,0.000,0.000
"14:00",102.413,0.000,224.500,0.000,0.000,0.013
"14:15",96.691,0.000,224.400,0.000,0.000,0.013
"14:30",100.070,0.000,224.600,0.000,0.000,0.051
"14:45",98.278,0.000,224.400,0.000,0.000,0.026
"15:00",95.859,0.000,224.400,0.000,0.000,0.051
"15:15",92.442,0.000,224.400,0.000,0.000,0.013
"15:30",88.282,0.000,224.300,0.000,0.000,0.000
"15:45",83.942,0.000,224.300,0.000,0.000,0.000
"16:00",79.066,0.000,224.200,0.000,0.000,0.102
"16:15",73.446,0.000,224.100,0.000,0.000,0.205
"16:30",67.546,0.000,224.000,0.000,0.000,0.000
"16:45",15.130,0.000,216.700,0.000,0.000,0.000
"17:00",1.472,0.000,221.500,0.026,0.000,0.000
"17:15",26.880,0.000,223.100,0.000,0.000,0.000
"17:30",37.734,0.000,223.100,0.000,0.000,0.000
"17:45",26.291,0.000,222.700,0.000,0.000,0.013
"18:00",7.181,0.000,222.100,0.000,0.000,0.051
"18:15",3.405,0.000,222.000,0.000,0.000,0.038
"18:30",0.333,0.000,221.800,0.000,0.000,0.013
"18:45",0.038,0.026,221.600,0.051,0.000,0.000
"19:00",0.000,0.038,221.600,0.128,0.000,0.000
"19:15",0.000,0.000,221.700,0.166,0.000,0.000
"19:30",0.000,0.000,221.700,0.166,0.000,0.000
"19:45",0.000,0.000,221.700,0.179,0.000,0.000
"20:00",0.000,0.000,221.600,0.166,0.000,0.000
"20:15",0.000,0.000,221.700,0.179,0.000,0.000
"20:30",0.000,0.000,221.600,0.179,0.000,0.000
"20:45",0.000,0.000,221.500,0.166,0.000,0.000
"21:00",0.000,0.000,221.500,0.179,0.000,0.000
"21:15",0.000,0.000,221.700,0.179,0.000,0.000
"21:30",0.000,0.000,221.700,0.166,0.000,0.000
"21:45",0.000,0.000,221.600,0.179,0.000,0.000
"22:00",0.000,0.000,221.600,0.179,0.000,0.000
"22:15",0.000,0.000,221.700,0.166,0.000,0.000
"22:30",0.000,0.000,221.600,0.179,0.000,0.000
"22:45",0.000,0.000,221.600,0.179,0.000,0.000
"23:00",0.000,0.000,221.600,0.166,0.000,0.000
"23:15",0.000,0.000,221.700,0.179,0.000,0.000
"23:30",0.000,0.000,221.600,0.179,0.000,0.000
"23:45",0.000,0.000,221.600,0.166,0.000,0.000
" 6/30/26 24:00",0.000,0.000,221.600,0.179,0.000,0.000
