"kwh"
"Time ","AGRIM02P","AGRIM02P","AGRIM02P","AGRIM02P","AGRIM02P","AGRIM02P"
" 9/23/26 00:15",0.000,0.000,220.300,0.179,0.000,0.000
" 9/23/26 00:30",0.000,0.000,220.300,0.166,0.000,0.000
"00:45",0.000,0.000,220.300,0.179,0.000,0.000
"01:00",0.000,0.000,220.400,0.166,0.000,0.000
"01:15",0.000,0.000,220.400,0.166,0.000,0.000
"01:30",0.000,0.000,220.400,0.179,0.000,0.000
"01:45",0.000,0.000,220.400,0.166,0.000,0.000
"02:00",0.000,0.000,220.300,0.179,0.000,0.000
"02:15",0.000,0.000,220.300,0.166,0.000,0.000
"02:30",0.000,0.000,220.300,0.166,0.000,0.000
"02:45",0.000,0.000,220.300,0.179,0.000,0.000
"03:00",0.000,0.000,220.300,0.166,0.000,0.000
"03:15",0.000,0.000,220.300,0.166,0.000,0.000
"03:30",0.000,0.000,220.400,0.179,0.000,0.000
"03:45",0.000,0.000,220.400,0.166,0.000,0.000
"04:00",0.000,0.000,220.400,0.179,0.000,0.000
"04:15",0.000,0.000,220.400,0.166,0.000,0.000
"04:30",0.000,0.000,220.300,0.179,0.000,0.000
"04:45",0.000,0.000,220.300,0.166,0.000,0.000
"05:00",0.000,0.000,220.300,0.166,0.000,0.000
"05:15",0.000,0.000,220.400,0.179,0.000,0.000
"05:30",0.000,0.000,220.400,0.166,0.000,0.000
"05:45",0.000,0.000,220.600,0.179,0.000,0.000
"06:00",0.000,0.000,220.700,0.166,0.000,0.000
"06:15",0.000,0.000,220.800,0.166,0.000,0.000
"06:30",0.000,0.000,220.800,0.179,0.000,0.000
"06:45",0.000,0.000,220.800,0.166,0.000,0.000
"07:00",0.000,0.000,220.800,0.179,0.000,0.000
"07:15",0.064,0.000,220.800,0.077,0.000,0.000
"07:30",0.794,0.000,220.900,0.000,0.000,0.000
"07:45",2.970,0.000,221.200,0.000,0.000,0.000
"08:00",7.987,0.000,221.400,0.000,0.000,0.000
"08:15",16.410,0.000,221.900,0.000,0.000,0.000
"08:30",25.370,0.000,222.000,0.000,0.000,0.000
"08:45",34.470,0.000,222.200,0.000,0.000,0.000
"09:00",43.187,0.000,222.500,0.000,0.000,0.000
"09:15",51.763,0.000,222.800,0.000,0.000,0.000
"09:30",60.006,0.000,222.800,0.000,0.000,0.166
"09:45",67.840,0.000,222.800,0.000,0.000,0.333
"10:00",75.430,0.000,222.800,0.000,0.000,0.000
"10:15",81.869,0.000,223.000,0.000,0.000,0.000
"10:30",88.090,0.000,223.000,0.000,0.000,0.000
"10:45",93.773,0.000,223.100,0.000,0.000,0.000
"11:00",98.982,0.000,223.200,0.000,0.000,0.000
"11:15",103.949,0.000,223.300,0.000,0.000,0.000
"11:30",107.968,0.000,223.300,0.000,0.000,0.000
"11:45",110.835,0.000,223.400,0.000,0.000,0.000
"12:00",113.216,0.000,223.400,0.000,0.000,0.000
"12:15",115.021,0.000,223.400,0.000,0.000,0.000
"12:30",115.686,0.000,223.400,0.000,0.000,0.000
"12:45",116.237,0.000,223.400,0.000,0.000,0.000
"13:00",113.331,0.000,223.300,0.000,0.000,0.000
"13:15",113.370,0.000,223.400,0.000,0.000,0.000
"13:30",115.149,0.000,223.400,0.000,0.000,0.000
"13:45",115.738,0.000,223.400,0.000,0.000,0.026
"14:00",114.624,0.000,223.400,0.000,0.000,0.166
"14:15",82.829,0.000,222.700,0.000,0.000,0.000
"14:30",84.262,0.000,222.700,0.000,0.000,0.000
"14:45",103.027,0.000,223.600,0.000,0.000,0.000
"15:00",100.941,0.000,223.600,0.000,0.000,0.000
"15:15",92.595,0.000,223.200,0.000,0.000,0.000
"15:30",87.846,0.000,222.900,0.000,0.000,0.000
"15:45",98.022,0.000,223.100,0.000,0.000,0.000
"16:00",93.120,0.000,223.100,0.000,0.000,0.000
"16:15",84.480,0.000,223.400,0.000,0.000,0.000
"16:30",77.466,0.000,223.400,0.000,0.000,0.000
"16:45",69.696,0.000,223.000,0.000,0.000,0.000
"17:00",64.090,0.000,222.900,0.000,0.000,0.000
"17:15",63.731,0.000,223.000,0.000,0.000,0.000
"17:30",53.478,0.000,222.800,0.000,0.000,0.013
"17:45",43.187,0.000,222.600,0.000,0.000,0.013
"18:00",32.294,0.000,222.300,0.000,0.000,0.422
"18:15",17.037,0.000,220.100,0.000,0.000,0.026
"18:30",24.960,0.000,218.400,0.000,0.000,0.000
"18:45",6.554,0.000,221.400,0.000,0.000,0.064
"19:00",5.542,0.000,221.600,0.000,0.000,0.038
"19:15",2.061,0.000,221.200,0.000,0.000,0.077
"19:30",0.090,0.013,220.900,0.077,0.000,0.000
"19:45",0.000,0.038,220.900,0.128,0.000,0.000
"20:00",0.000,0.000,220.800,0.179,0.000,0.000
"20:15",0.000,0.000,220.800,0.166,0.000,0.000
"20:30",0.000,0.000,220.700,0.166,0.000,0.000
"20:45",0.000,0.000,220.700,0.179,0.000,0.000
"21:00",0.000,0.000,220.700,0.166,0.000,0.000
"21:15",0.000,0.000,220.800,0.179,0.000,0.000
"21:30",0.000,0.000,220.800,0.166,0.000,0.000
"21:45",0.000,0.000,220.800,0.166,0.000,0.000
"22:00",0.000,0.000,220.800,0.179,0.000,0.000
"22:15",0.000,0.000,220.900,0.166,0.000,0.000
"22:30",0.000,0.000,220.900,0.179,0.000,0.000
"22:45",0.000,0.000,220.900,0.166,0.000,0.000
"23:00",0.000,0.000,221.000,0.166,0.000,0.000
"23:15",0.000,0.000,220.700,0.179,0.000,0.000
"23:30",0.000,0.000,220.500,0.166,0.000,0.000
"23:45",0.000,0.000,220.500,0.179,0.000,0.000
" 9/23/26 24:00",0.000,0.000,220.600,0.166,0.000,0.000
