"kwh"
"Time ","AGRIM02P","AGRIM02P","AGRIM02P","AGRIM02P","AGRIM02P","AGRIM02P"
"10/08/26 00:15",0.000,0.000,220.000,0.166,0.000,0.000
"10/08/26 00:30",0.000,0.000,219.900,0.166,0.000,0.000
"00:45",0.000,0.000,219.900,0.179,0.000,0.000
"01:00",0.000,0.000,220.000,0.166,0.000,0.000
"01:15",0.000,0.000,220.000,0.166,0.000,0.000
"01:30",0.000,0.000,220.000,0.179,0.000,0.000
"01:45",0.000,0.000,220.000,0.166,0.000,0.000
"02:00",0.000,0.000,220.000,0.166,0.000,0.000
"02:15",0.000,0.000,220.000,0.179,0.000,0.000
"02:30",0.000,0.000,220.100,0.166,0.000,0.000
"02:45",0.000,0.000,220.100,0.166,0.000,0.000
"03:00",0.000,0.000,220.000,0.179,0.000,0.000
"03:15",0.000,0.000,220.000,0.166,0.000,0.000
"03:30",0.000,0.000,220.000,0.166,0.000,0.000
"03:45",0.000,0.000,220.000,0.179,0.000,0.000
"04:00",0.000,0.000,220.000,0.166,0.000,0.000
"04:15",0.000,0.000,220.000,0.166,0.000,0.000
"04:30",0.000,0.000,220.000,0.179,0.000,0.000
"04:45",0.000,0.000,220.000,0.166,0.000,0.000
"05:00",0.000,0.000,220.000,0.166,0.000,0.000
"05:15",0.000,0.000,220.000,0.179,0.000,0.000
"05:30",0.000,0.000,220.000,0.166,0.000,0.000
"05:45",0.000,0.000,220.000,0.166,0.000,0.000
"06:00",0.000,0.000,220.000,0.179,0.000,0.000
"06:15",0.000,0.000,220.000,0.166,0.000,0.000
"06:30",0.000,0.000,220.000,0.166,0.000,0.000
"06:45",0.000,0.000,220.200,0.179,0.000,0.000
"07:00",0.077,0.013,220.400,0.038,0.000,0.000
"07:15",1.011,0.000,220.400,0.000,0.000,0.026
"07:30",3.379,0.000,220.600,0.000,0.000,0.013
"07:45",8.768,0.000,220.900,0.000,0.000,0.000
"08:00",16.038,0.000,221.300,0.000,0.000,0.000
"08:15",20.672,0.000,221.600,0.000,0.000,0.013
"08:30",13.747,0.000,221.100,0.000,0.000,0.013
"08:45",24.614,0.000,221.200,0.000,0.000,0.000
"09:00",32.307,0.000,221.400,0.000,0.000,0.013
"09:15",49.958,0.000,222.000,0.000,0.000,0.000
"09:30",65.254,0.000,222.500,0.000,0.000,0.000
"09:45",58.278,0.000,222.000,0.000,0.000,0.000
"10:00",82.982,0.000,222.400,0.000,0.000,0.000
"10:15",72.730,0.000,222.100,0.000,0.000,0.000
"10:30",67.469,0.000,221.900,0.000,0.000,0.000
"10:45",73.254,0.000,222.300,0.000,0.000,0.000
"11:00",60.826,0.000,222.200,0.000,0.000,0.000
"11:15",55.194,0.000,222.300,0.000,0.000,0.000
"11:30",76.454,0.000,222.600,0.000,0.000,0.000
"11:45",103.181,0.000,223.000,0.000,0.000,0.000
"12:00",113.293,0.000,223.300,0.000,0.000,0.000
"12:15",99.149,0.000,223.200,0.000,0.000,0.000
"12:30",76.160,0.000,222.800,0.000,0.000,0.000
"12:45",102.080,0.000,223.100,0.000,0.000,0.000
"13:00",96.870,0.000,222.800,0.000,0.000,0.000
"13:15",89.011,0.000,222.600,0.000,0.000,0.000
"13:30",89.997,0.000,222.600,0.000,0.000,0.000
"13:45",82.099,0.000,222.600,0.000,0.000,0.000
"14:00",63.910,0.000,222.100,0.000,0.000,0.000
"14:15",112.602,0.000,223.200,0.000,0.000,0.000
"14:30",104.614,0.000,223.200,0.000,0.000,0.000
"14:45",84.429,0.000,222.800,0.000,0.000,0.000
"15:00",115.942,0.000,223.400,0.000,0.000,0.000
"15:15",112.371,0.000,223.300,0.000,0.000,0.000
"15:30",111.923,0.000,223.200,0.000,0.000,0.000
"15:45",67.430,0.000,222.400,0.000,0.000,0.000
"16:00",60.429,0.000,222.400,0.000,0.000,0.013
"16:15",98.509,0.000,223.000,0.000,0.000,0.000
"16:30",88.742,0.000,222.800,0.000,0.000,0.000
"16:45",79.552,0.000,222.700,0.000,0.000,0.000
"17:00",72.256,0.000,222.700,0.000,0.000,0.000
"17:15",65.408,0.000,222.600,0.000,0.000,0.000
"17:30",58.061,0.000,222.600,0.000,0.000,0.000
"17:45",47.334,0.000,222.600,0.000,0.000,0.000
"18:00",32.550,0.000,222.500,0.000,0.000,0.013
"18:15",27.149,0.000,222.600,0.000,0.000,0.013
"18:30",18.765,0.000,222.300,0.000,0.000,0.013
"18:45",11.290,0.000,221.900,0.000,0.000,0.051
"19:00",5.619,0.000,221.500,0.000,0.000,0.077
"19:15",1.754,0.000,221.100,0.000,0.000,0.090
"19:30",0.218,0.000,221.000,0.013,128.000,0.000
"19:45",0.000,0.026,221.000,0.115,0.000,0.000
"20:00",0.000,0.038,220.900,0.141,0.000,0.000
"20:15",0.000,0.000,220.900,0.179,0.000,0.000
"20:30",0.000,0.000,220.900,0.166,0.000,0.000
"20:45",0.000,0.000,220.900,0.166,0.000,0.000
"21:00",0.000,0.000,220.900,0.179,0.000,0.000
"21:15",0.000,0.000,220.900,0.166,0.000,0.000
"21:30",0.000,0.000,220.900,0.179,0.000,0.000
"21:45",0.000,0.000,221.000,0.166,0.000,0.000
"22:00",0.000,0.000,221.000,0.179,0.000,0.000
"22:15",0.000,0.000,220.900,0.166,0.000,0.000
"22:30",0.000,0.000,220.900,0.166,0.000,0.000
"22:45",0.000,0.000,221.000,0.179,0.000,0.000
"23:00",0.000,0.000,221.000,0.166,0.000,0.000
"23:15",0.000,0.000,220.700,0.179,0.000,0.000
"23:30",0.000,0.000,220.600,0.166,0.000,0.000
"23:45",0.000,0.000,220.400,0.179,0.000,0.000
"10/08/26 24:00",0.000,0.000,220.500,0.166,0.000,0.000
