"kwh"
"Time ","AGRIM02P","AGRIM02P","AGRIM02P","AGRIM02P","AGRIM02P","AGRIM02P"
" 6/08/26 00:15",0.000,0.000,221.900,0.179,0.000,0.000
" 6/08/26 00:30",0.000,0.000,221.800,0.166,0.000,0.000
"00:45",0.000,0.000,221.800,0.179,0.000,0.000
"01:00",0.000,0.000,221.800,0.179,0.000,0.000
"01:15",0.000,0.000,221.800,0.166,0.000,0.000
"01:30",0.000,0.000,221.900,0.179,0.000,0.000
"01:45",0.000,0.000,221.900,0.166,0.000,0.000
"02:00",0.000,0.000,221.900,0.179,0.000,0.000
"02:15",0.000,0.000,221.900,0.179,0.000,0.000
"02:30",0.000,0.000,221.900,0.166,0.000,0.000
"02:45",0.000,0.000,221.900,0.179,0.000,0.000
"03:00",0.000,0.000,221.900,0.179,0.000,0.000
"03:15",0.000,0.000,221.900,0.166,0.000,0.000
"03:30",0.000,0.000,221.900,0.179,0.000,0.000
"03:45",0.000,0.000,221.900,0.179,0.000,0.000
"04:00",0.000,0.000,221.900,0.166,0.000,0.000
"04:15",0.000,0.000,221.900,0.179,0.000,0.000
"04:30",0.000,0.000,221.900,0.166,0.000,0.000
"04:45",0.000,0.000,221.900,0.179,0.000,0.000
"05:00",0.000,0.000,221.900,0.179,0.000,0.000
"05:15",0.000,0.000,221.900,0.166,0.000,0.000
"05:30",0.000,0.000,221.900,0.179,0.000,0.000
"05:45",0.000,0.000,221.900,0.179,0.000,0.000
"06:00",0.000,0.000,221.900,0.166,0.000,0.000
"06:15",0.000,0.000,221.900,0.179,0.000,0.000
"06:30",0.000,0.000,221.900,0.166,0.000,0.000
"06:45",0.000,0.000,221.800,0.179,0.000,0.000
"07:00",0.000,0.000,221.800,0.179,0.000,0.000
"07:15",0.000,0.000,221.700,0.166,0.000,0.000
"07:30",0.000,0.000,221.700,0.179,0.000,0.000
"07:45",0.000,0.000,221.700,0.166,0.000,0.000
"08:00",0.000,0.000,221.700,0.179,0.000,0.000
"08:15",0.000,0.000,221.800,0.154,0.000,0.000
"08:30",0.141,0.000,221.700,0.013,0.013,0.026
"08:45",1.318,0.000,221.700,0.000,0.000,0.026
"09:00",7.078,0.000,222.000,0.000,0.000,0.051
"09:15",16.704,0.000,222.300,0.000,0.000,0.000
"09:30",35.866,0.000,222.800,0.000,0.000,0.000
"09:45",40.294,0.000,223.100,0.000,0.000,0.000
"10:00",48.768,0.000,223.300,0.000,0.000,0.000
"10:15",56.435,0.000,223.600,0.000,0.000,0.000
"10:30",63.219,0.000,223.800,0.000,0.000,0.000
"10:45",69.594,0.000,223.900,0.000,0.000,0.000
"11:00",74.970,0.000,224.000,0.000,0.000,0.000
"11:15",79.987,0.000,224.100,0.000,0.000,0.000
"11:30",84.582,0.000,224.100,0.000,0.000,0.000
"11:45",88.461,0.000,224.200,0.000,0.000,0.000
"12:00",91.776,0.000,224.200,0.000,0.000,0.000
"12:15",94.413,0.000,224.300,0.000,0.000,0.000
"12:30",96.934,0.000,224.200,0.000,0.000,0.000
"12:45",99.482,0.000,224.100,0.000,0.000,0.000
"13:00",101.709,0.000,224.100,0.000,0.000,0.000
"13:15",100.813,0.000,224.200,0.000,0.000,0.000
"13:30",100.109,0.000,224.400,0.000,0.000,0.000
"13:45",58.650,0.000,223.900,0.000,0.000,0.026
"14:00",45.990,0.000,223.600,0.000,0.000,0.026
"14:15",80.973,0.000,223.600,0.000,0.000,0.000
"14:30",76.134,0.000,223.500,0.000,0.000,0.000
"14:45",70.451,0.000,223.600,0.000,0.000,0.000
"15:00",61.082,0.000,223.100,0.000,0.000,0.000
"15:15",30.861,0.000,222.800,0.000,0.000,0.013
"15:30",40.512,0.000,222.800,0.000,0.000,0.000
"15:45",24.384,0.000,222.400,0.000,0.000,0.000
"16:00",21.824,0.000,222.500,0.000,0.000,0.000
"16:15",57.446,0.000,223.000,0.000,0.000,0.000
"16:30",34.086,0.000,222.600,0.000,0.000,0.000
"16:45",14.387,0.000,222.200,0.000,0.000,0.000
"17:00",13.798,0.000,222.100,0.000,0.000,0.000
"17:15",17.882,0.000,222.300,0.000,0.000,0.000
"17:30",35.226,0.000,222.600,0.000,0.000,0.013
"17:45",16.154,0.000,222.200,0.000,0.000,0.000
"18:00",4.134,0.000,221.900,0.000,0.000,0.077
"18:15",0.640,0.000,221.700,0.000,0.000,0.038
"18:30",0.051,0.013,221.600,0.038,0.000,0.026
"18:45",0.000,0.026,221.600,0.128,0.000,0.000
"19:00",0.000,0.026,221.500,0.141,0.000,0.000
"19:15",0.000,0.000,221.500,0.166,0.000,0.000
"19:30",0.000,0.000,221.600,0.179,0.000,0.000
"19:45",0.000,0.000,221.600,0.179,0.000,0.000
"20:00",0.000,0.000,221.500,0.166,0.000,0.000
"20:15",0.000,0.000,221.500,0.179,0.000,0.000
"20:30",0.000,0.000,221.500,0.179,0.000,0.000
"20:45",0.000,0.000,221.600,0.166,0.000,0.000
"21:00",0.000,0.000,221.700,0.179,0.000,0.000
"21:15",0.000,0.000,221.600,0.166,0.000,0.000
"21:30",0.000,0.000,221.500,0.179,0.000,0.000
"21:45",0.000,0.000,221.600,0.179,0.000,0.000
"22:00",0.000,0.000,221.600,0.166,0.000,0.000
"22:15",0.000,0.000,221.600,0.179,0.000,0.000
"22:30",0.000,0.000,221.600,0.166,0.000,0.000
"22:45",0.000,0.000,221.700,0.179,0.000,0.000
"23:00",0.000,0.000,221.700,0.179,0.000,0.000
"23:15",0.000,0.000,221.700,0.166,0.000,0.000
"23:30",0.000,0.000,221.700,0.179,0.000,0.000
"23:45",0.000,0.000,221.700,0.179,0.000,0.000
" 6/08/26 24:00",0.000,0.000,221.700,0.166,0.000,0.000
