"kwh"
"Time ","AGRIM02P","AGRIM02P","AGRIM02P","AGRIM02P","AGRIM02P","AGRIM02P"
" 2/26/26 00:15",0.000,0.000,221.000,0.179,0.000,0.000
" 2/26/26 00:30",0.000,0.000,220.900,0.179,0.000,0.000
"00:45",0.000,0.000,220.900,0.192,0.000,0.000
"01:00",0.000,0.000,220.900,0.179,0.000,0.000
"01:15",0.000,0.000,220.900,0.179,0.000,0.000
"01:30",0.000,0.000,220.900,0.192,0.000,0.000
"01:45",0.000,0.000,220.900,0.179,0.000,0.000
"02:00",0.000,0.000,220.900,0.179,0.000,0.000
"02:15",0.000,0.000,220.900,0.192,0.000,0.000
"02:30",0.000,0.000,220.900,0.179,0.000,0.000
"02:45",0.000,0.000,221.000,0.179,0.000,0.000
"03:00",0.000,0.000,221.000,0.192,0.000,0.000
"03:15",0.000,0.000,221.000,0.179,0.000,0.000
"03:30",0.000,0.000,221.000,0.192,0.000,0.000
"03:45",0.000,0.000,220.900,0.179,0.000,0.000
"04:00",0.000,0.000,220.900,0.179,0.000,0.000
"04:15",0.000,0.000,221.000,0.179,0.000,0.000
"04:30",0.000,0.000,221.000,0.192,0.000,0.000
"04:45",0.000,0.000,221.000,0.179,0.000,0.000
"05:00",0.000,0.000,221.000,0.192,0.000,0.000
"05:15",0.000,0.000,221.000,0.179,0.000,0.000
"05:30",0.000,0.000,221.000,0.179,0.000,0.000
"05:45",0.000,0.000,221.000,0.192,0.000,0.000
"06:00",0.000,0.000,221.000,0.179,0.000,0.000
"06:15",0.000,0.000,221.000,0.179,0.000,0.000
"06:30",0.000,0.000,221.000,0.192,0.000,0.000
"06:45",0.000,0.000,221.000,0.179,0.000,0.000
"07:00",0.000,0.000,221.000,0.179,0.000,0.000
"07:15",0.000,0.000,221.000,0.179,0.000,0.000
"07:30",0.102,0.000,221.100,0.013,0.013,0.026
"07:45",0.781,0.000,221.100,0.000,0.000,0.077
"08:00",2.227,0.000,221.200,0.000,0.000,0.064
"08:15",2.317,0.000,221.000,0.000,0.000,0.064
"08:30",3.853,0.000,220.700,0.000,0.000,0.051
"08:45",2.278,0.000,220.500,0.000,0.000,0.064
"09:00",5.018,0.000,220.000,0.000,0.000,0.038
"09:15",6.387,0.000,219.900,0.000,0.000,0.013
"09:30",10.854,0.000,219.700,0.000,0.000,0.000
"09:45",16.435,0.000,219.800,0.000,0.000,0.000
"10:00",22.131,0.000,220.300,0.000,0.000,0.000
"10:15",26.317,0.000,220.700,0.000,0.000,0.000
"10:30",37.517,0.000,221.000,0.000,0.000,0.000
"10:45",48.781,0.000,220.700,0.000,0.000,0.000
"11:00",43.482,0.000,220.500,0.000,0.000,0.000
"11:15",29.005,0.000,220.200,0.000,0.000,0.013
"11:30",18.970,0.000,219.800,0.000,0.000,0.000
"11:45",24.192,0.000,219.900,0.000,0.000,0.000
"12:00",37.184,0.000,220.200,0.000,0.000,0.000
"12:15",38.963,0.000,220.200,0.000,0.000,0.000
"12:30",41.523,0.000,220.400,0.000,0.000,0.000
"12:45",39.514,0.000,220.200,0.000,0.000,0.000
"13:00",38.630,0.000,220.200,0.000,0.000,0.000
"13:15",56.640,0.000,220.500,0.000,0.000,0.000
"13:30",51.136,0.000,220.500,0.000,0.000,0.000
"13:45",72.781,0.000,221.300,0.000,0.000,0.000
"14:00",82.816,0.000,221.600,0.000,0.000,0.000
"14:15",80.806,0.000,221.500,0.000,0.000,0.000
"14:30",90.099,0.000,221.400,0.000,0.000,0.000
"14:45",56.026,0.000,220.900,0.000,0.000,0.000
"15:00",67.712,0.000,221.100,0.000,0.000,0.000
"15:15",87.155,0.000,221.500,0.000,0.000,0.000
"15:30",93.747,0.000,221.800,0.000,0.000,0.000
"15:45",57.779,0.000,220.800,0.000,0.000,0.000
"16:00",46.323,0.000,220.500,0.000,0.000,0.000
"16:15",47.680,0.000,220.600,0.000,0.000,0.000
"16:30",66.714,0.000,220.900,0.000,0.000,0.000
"16:45",78.272,0.000,221.200,0.000,0.000,0.000
"17:00",43.379,0.000,220.500,0.000,0.000,0.000
"17:15",51.328,0.000,221.000,0.000,0.000,0.000
"17:30",37.082,0.000,220.900,0.000,0.000,0.000
"17:45",49.293,0.000,220.900,0.000,0.000,0.000
"18:00",20.954,0.000,220.900,0.000,0.000,0.013
"18:15",26.048,0.000,221.000,0.000,0.000,0.013
"18:30",11.955,0.000,220.700,0.000,0.000,0.013
"18:45",5.030,0.000,219.900,0.000,0.000,0.077
"19:00",8.282,0.000,220.000,0.000,0.000,0.026
"19:15",12.122,0.000,220.200,0.000,0.000,0.000
"19:30",6.067,0.000,219.900,0.000,0.000,0.026
"19:45",1.933,0.000,219.600,0.000,0.000,0.115
"20:00",0.128,0.000,219.600,0.000,0.013,0.077
"20:15",0.000,0.051,219.500,0.090,0.013,0.000
"20:30",0.000,0.026,219.500,0.154,0.000,0.000
"20:45",0.000,0.000,219.400,0.179,0.000,0.000
"21:00",0.000,0.000,219.400,0.179,0.000,0.000
"21:15",0.000,0.000,219.400,0.192,0.000,0.000
"21:30",0.000,0.000,219.400,0.179,0.000,0.000
"21:45",0.000,0.000,219.500,0.179,0.000,0.000
"22:00",0.000,0.000,219.500,0.179,0.000,0.000
"22:15",0.000,0.000,219.400,0.192,0.000,0.000
"22:30",0.000,0.000,219.500,0.179,0.000,0.000
"22:45",0.000,0.000,219.400,0.179,0.000,0.000
"23:00",0.000,0.000,219.400,0.179,0.000,0.000
"23:15",0.000,0.000,219.400,0.179,0.000,0.000
"23:30",0.000,0.000,219.300,0.179,0.000,0.000
"23:45",0.000,0.000,219.400,0.192,0.000,0.000
" 2/26/26 24:00",0.000,0.000,219.400,0.179,0.000,0.000
