"kwh"
"Time ","AGRIM02P","AGRIM02P","AGRIM02P","AGRIM02P","AGRIM02P","AGRIM02P"
" 4/10/26 00:15",0.000,0.000,221.700,0.179,0.000,0.000
" 4/10/26 00:30",0.000,0.000,221.800,0.192,0.000,0.000
"00:45",0.000,0.000,221.800,0.179,0.000,0.000
"01:00",0.000,0.000,221.800,0.192,0.000,0.000
"01:15",0.000,0.000,221.800,0.179,0.000,0.000
"01:30",0.000,0.000,221.800,0.192,0.000,0.000
"01:45",0.000,0.000,221.800,0.179,0.000,0.000
"02:00",0.000,0.000,221.900,0.192,0.000,0.000
"02:15",0.000,0.000,221.800,0.179,0.000,0.000
"02:30",0.000,0.000,221.800,0.192,0.000,0.000
"02:45",0.000,0.000,221.800,0.179,0.000,0.000
"03:00",0.000,0.000,221.800,0.179,0.000,0.000
"03:15",0.000,0.000,221.800,0.192,0.000,0.000
"03:30",0.000,0.000,221.800,0.179,0.000,0.000
"03:45",0.000,0.000,221.800,0.192,0.000,0.000
"04:00",0.000,0.000,221.800,0.179,0.000,0.000
"04:15",0.000,0.000,221.800,0.192,0.000,0.000
"04:30",0.000,0.000,221.800,0.179,0.000,0.000
"04:45",0.000,0.000,221.700,0.192,0.000,0.000
"05:00",0.000,0.000,221.800,0.179,0.000,0.000
"05:15",0.000,0.000,221.800,0.192,0.000,0.000
"05:30",0.000,0.000,221.800,0.179,0.000,0.000
"05:45",0.000,0.000,221.800,0.179,0.000,0.000
"06:00",0.000,0.000,221.800,0.192,0.000,0.000
"06:15",0.000,0.000,221.800,0.192,0.000,0.000
"06:30",0.000,0.000,221.800,0.179,0.000,0.000
"06:45",0.000,0.000,221.800,0.179,0.000,0.000
"07:00",0.000,0.000,221.800,0.192,0.000,0.000
"07:15",0.000,0.000,221.800,0.179,0.000,0.000
"07:30",0.000,0.000,221.700,0.192,0.000,0.000
"07:45",0.013,0.013,221.700,0.115,0.000,0.000
"08:00",0.525,0.000,221.800,0.000,0.000,0.013
"08:15",3.648,0.000,222.000,0.000,0.000,0.051
"08:30",9.984,0.000,222.200,0.000,0.000,0.064
"08:45",9.613,0.000,222.400,0.000,0.000,0.077
"09:00",15.706,0.000,222.400,0.000,0.000,0.013
"09:15",21.107,0.000,222.800,0.000,0.000,0.000
"09:30",12.019,0.000,222.700,0.000,0.000,0.013
"09:45",17.421,0.000,222.400,0.000,0.000,0.000
"10:00",19.354,0.000,222.400,0.000,0.000,0.000
"10:15",23.590,0.000,222.300,0.000,0.000,0.000
"10:30",26.010,0.000,222.100,0.000,0.000,0.000
"10:45",19.699,0.000,222.200,0.000,0.000,0.000
"11:00",20.314,0.000,222.000,0.000,0.000,0.000
"11:15",20.416,0.000,222.100,0.000,0.000,0.000
"11:30",27.520,0.000,222.300,0.000,0.000,0.000
"11:45",44.173,0.000,222.900,0.000,0.000,0.000
"12:00",76.160,0.000,223.600,0.000,0.000,0.000
"12:15",76.608,0.000,223.700,0.000,0.000,0.000
"12:30",31.450,0.000,222.800,0.000,0.000,0.013
"12:45",39.910,0.000,222.900,0.000,0.000,0.000
"13:00",54.554,0.000,223.100,0.000,0.000,0.000
"13:15",54.182,0.000,223.200,0.000,0.000,0.000
"13:30",83.213,0.000,223.900,0.000,0.000,0.000
"13:45",62.054,0.000,223.300,0.000,0.000,0.000
"14:00",64.115,0.000,223.600,0.000,0.000,0.013
"14:15",57.894,0.000,223.000,0.000,0.000,0.000
"14:30",55.386,0.000,223.600,0.000,0.000,0.013
"14:45",46.131,0.000,222.900,0.000,0.000,0.000
"15:00",40.781,0.000,222.400,0.000,0.000,0.000
"15:15",55.424,0.000,223.200,0.000,0.000,0.013
"15:30",62.208,0.000,223.600,0.000,0.000,0.000
"15:45",69.850,0.000,223.500,0.000,0.000,0.000
"16:00",60.416,0.000,223.100,0.000,0.000,0.000
"16:15",72.499,0.000,223.300,0.000,0.000,0.000
"16:30",66.496,0.000,223.500,0.000,0.000,0.000
"16:45",60.787,0.000,223.500,0.000,0.000,0.013
"17:00",54.554,0.000,223.400,0.000,0.000,0.000
"17:15",47.744,0.000,223.200,0.000,0.000,0.000
"17:30",40.934,0.000,223.100,0.000,0.000,0.000
"17:45",33.830,0.000,223.000,0.000,0.000,0.000
"18:00",26.637,0.000,222.900,0.000,0.000,0.000
"18:15",19.507,0.000,222.600,0.000,0.000,0.013
"18:30",12.480,0.000,222.200,0.000,0.000,0.013
"18:45",6.208,0.000,221.900,0.000,0.000,0.051
"19:00",1.280,0.000,221.700,0.000,0.000,0.051
"19:15",0.064,0.000,221.600,0.051,0.000,0.013
"19:30",0.000,0.013,221.500,0.154,0.000,0.000
"19:45",0.000,0.013,221.500,0.166,0.000,0.000
"20:00",0.000,0.000,221.500,0.192,0.000,0.000
"20:15",0.000,0.000,221.400,0.179,0.000,0.000
"20:30",0.000,0.000,221.500,0.192,0.000,0.000
"20:45",0.000,0.000,221.500,0.179,0.000,0.000
"21:00",0.000,0.000,221.500,0.192,0.000,0.000
"21:15",0.000,0.000,221.600,0.179,0.000,0.000
"21:30",0.000,0.000,221.600,0.192,0.000,0.000
"21:45",0.000,0.000,221.600,0.179,0.000,0.000
"22:00",0.000,0.000,221.600,0.192,0.000,0.000
"22:15",0.000,0.000,221.600,0.179,0.000,0.000
"22:30",0.000,0.000,221.600,0.192,0.000,0.000
"22:45",0.000,0.000,221.600,0.179,0.000,0.000
"23:00",0.000,0.000,221.600,0.192,0.000,0.000
"23:15",0.000,0.000,221.600,0.179,0.000,0.000
"23:30",0.000,0.000,221.700,0.179,0.000,0.000
"23:45",0.000,0.000,221.600,0.192,0.000,0.000
" 4/10/26 24:00",0.000,0.000,221.600,0.179,0.000,0.000
