"kwh"
"Time ","AGRIM02P","AGRIM02P","AGRIM02P","AGRIM02P","AGRIM02P","AGRIM02P"
" 8/27/26 00:15",0.000,0.000,221.700,0.179,0.000,0.000
" 8/27/26 00:30",0.000,0.000,221.700,0.166,0.000,0.000
"00:45",0.000,0.000,221.700,0.179,0.000,0.000
"01:00",0.000,0.000,221.800,0.166,0.000,0.000
"01:15",0.000,0.000,221.700,0.179,0.000,0.000
"01:30",0.000,0.000,221.700,0.166,0.000,0.000
"01:45",0.000,0.000,221.600,0.179,0.000,0.000
"02:00",0.000,0.000,221.600,0.166,0.000,0.000
"02:15",0.000,0.000,221.600,0.179,0.000,0.000
"02:30",0.000,0.000,221.600,0.179,0.000,0.000
"02:45",0.000,0.000,221.600,0.166,0.000,0.000
"03:00",0.000,0.000,221.700,0.166,0.000,0.000
"03:15",0.000,0.000,221.700,0.179,0.000,0.000
"03:30",0.000,0.000,221.600,0.166,0.000,0.000
"03:45",0.000,0.000,221.600,0.179,0.000,0.000
"04:00",0.000,0.000,221.600,0.166,0.000,0.000
"04:15",0.000,0.000,221.600,0.179,0.000,0.000
"04:30",0.000,0.000,221.600,0.166,0.000,0.000
"04:45",0.000,0.000,221.600,0.179,0.000,0.000
"05:00",0.000,0.000,221.700,0.166,0.000,0.000
"05:15",0.000,0.000,221.700,0.179,0.000,0.000
"05:30",0.000,0.000,221.700,0.166,0.000,0.000
"05:45",0.000,0.000,221.700,0.179,0.000,0.000
"06:00",0.000,0.000,221.700,0.166,0.000,0.000
"06:15",0.000,0.000,221.700,0.179,0.000,0.000
"06:30",0.000,0.000,221.700,0.166,0.000,0.000
"06:45",0.000,0.000,221.600,0.179,0.000,0.000
"07:00",0.000,0.000,221.700,0.166,0.000,0.000
"07:15",0.000,0.000,221.600,0.179,0.000,0.000
"07:30",0.000,0.000,221.600,0.166,0.000,0.000
"07:45",0.000,0.000,221.500,0.179,0.000,0.000
"08:00",0.077,0.000,221.500,0.026,0.000,0.000
"08:15",0.461,0.000,221.600,0.000,0.000,0.000
"08:30",1.958,0.000,221.600,0.000,0.000,0.013
"08:45",5.658,0.000,221.700,0.000,0.000,0.013
"09:00",9.139,0.000,221.800,0.000,0.000,0.000
"09:15",14.861,0.000,221.900,0.000,0.000,0.000
"09:30",15.117,0.000,221.900,0.000,0.000,0.000
"09:45",22.477,0.000,222.100,0.000,0.000,0.000
"10:00",23.424,0.000,222.100,0.000,0.000,0.000
"10:15",39.846,0.000,222.600,0.000,0.000,0.000
"10:30",24.845,0.000,222.400,0.000,0.000,0.000
"10:45",39.027,0.000,222.700,0.000,0.000,0.000
"11:00",31.578,0.000,222.700,0.000,0.000,0.000
"11:15",22.989,0.000,222.200,0.000,0.000,0.000
"11:30",34.330,0.000,222.300,0.000,0.000,0.000
"11:45",33.165,0.000,222.400,0.000,0.000,0.000
"12:00",36.352,0.000,222.500,0.000,0.000,0.000
"12:15",35.290,0.000,222.500,0.000,0.000,0.000
"12:30",36.365,0.000,222.600,0.000,0.000,0.000
"12:45",45.824,0.000,223.000,0.000,0.000,0.000
"13:00",34.483,0.000,222.700,0.000,0.000,0.000
"13:15",59.187,0.000,223.100,0.000,0.000,0.000
"13:30",43.699,0.000,222.700,0.000,0.000,0.000
"13:45",61.645,0.000,223.400,0.000,0.000,0.000
"14:00",73.715,0.000,223.400,0.000,0.000,0.000
"14:15",91.840,0.000,223.900,0.000,0.000,0.000
"14:30",72.986,0.000,223.500,0.000,0.000,0.000
"14:45",84.928,0.000,223.900,0.000,0.000,0.000
"15:00",95.258,0.000,224.300,0.000,0.000,0.013
"15:15",102.938,0.000,224.100,0.000,0.000,0.000
"15:30",60.710,0.000,223.500,0.000,0.000,0.000
"15:45",83.635,0.000,224.000,0.000,0.000,0.000
"16:00",58.560,0.000,223.500,0.000,0.000,0.013
"16:15",84.506,0.000,224.100,0.000,0.000,0.000
"16:30",74.816,0.000,223.900,0.000,0.000,0.013
"16:45",70.131,0.000,223.700,0.000,0.000,0.000
"17:00",61.606,0.000,223.700,0.000,0.000,0.013
"17:15",47.514,0.000,223.400,0.000,0.000,0.013
"17:30",48.141,0.000,223.200,0.000,0.000,0.038
"17:45",39.091,0.000,223.100,0.000,0.000,0.026
"18:00",30.477,0.000,223.000,0.000,0.000,0.013
"18:15",21.555,0.000,222.900,0.000,0.000,0.038
"18:30",13.030,0.000,222.500,0.000,0.000,0.038
"18:45",5.363,0.000,222.100,0.000,0.000,0.051
"19:00",0.653,0.000,222.000,0.000,0.000,0.000
"19:15",0.038,0.026,221.800,0.077,0.000,0.013
"19:30",0.000,0.038,221.700,0.115,0.000,0.000
"19:45",0.000,0.013,221.600,0.179,0.000,0.000
"20:00",0.000,0.000,221.700,0.166,0.000,0.000
"20:15",0.000,0.000,221.600,0.179,0.000,0.000
"20:30",0.000,0.000,221.500,0.166,0.000,0.000
"20:45",0.000,0.000,221.500,0.179,0.000,0.000
"21:00",0.000,0.000,221.500,0.166,0.000,0.000
"21:15",0.000,0.000,221.500,0.179,0.000,0.000
"21:30",0.000,0.000,221.600,0.179,0.000,0.000
"21:45",0.000,0.000,221.500,0.166,0.000,0.000
"22:00",0.000,0.000,221.500,0.179,0.000,0.000
"22:15",0.000,0.000,221.500,0.179,0.000,0.000
"22:30",0.000,0.000,221.500,0.166,0.000,0.000
"22:45",0.000,0.000,221.600,0.179,0.000,0.000
"23:00",0.000,0.000,221.600,0.166,0.000,0.000
"23:15",0.000,0.000,221.300,0.179,0.000,0.000
"23:30",0.000,0.000,221.300,0.166,0.000,0.000
"23:45",0.000,0.000,221.300,0.179,0.000,0.000
" 8/27/26 24:00",0.000,0.000,221.200,0.166,0.000,0.000
