"kwh"
"Time ","AGRIM02P","AGRIM02P","AGRIM02P","AGRIM02P","AGRIM02P","AGRIM02P"
" 3/07/26 00:15",0.000,0.000,221.700,0.179,0.000,0.000
" 3/07/26 00:30",0.000,0.000,221.700,0.192,0.000,0.000
"00:45",0.000,0.000,221.700,0.179,0.000,0.000
"01:00",0.000,0.000,221.800,0.192,0.000,0.000
"01:15",0.000,0.000,221.800,0.179,0.000,0.000
"01:30",0.000,0.000,221.800,0.192,0.000,0.000
"01:45",0.000,0.000,221.800,0.179,0.000,0.000
"02:00",0.000,0.000,221.800,0.179,0.000,0.000
"02:15",0.000,0.000,221.900,0.192,0.000,0.000
"02:30",0.000,0.000,221.800,0.192,0.000,0.000
"02:45",0.000,0.000,221.800,0.179,0.000,0.000
"03:00",0.000,0.000,221.800,0.179,0.000,0.000
"03:15",0.000,0.000,221.800,0.192,0.000,0.000
"03:30",0.000,0.000,221.800,0.179,0.000,0.000
"03:45",0.000,0.000,221.800,0.192,0.000,0.000
"04:00",0.000,0.000,221.800,0.179,0.000,0.000
"04:15",0.000,0.000,221.900,0.192,0.000,0.000
"04:30",0.000,0.000,221.800,0.179,0.000,0.000
"04:45",0.000,0.000,221.900,0.192,0.000,0.000
"05:00",0.000,0.000,221.900,0.179,0.000,0.000
"05:15",0.000,0.000,221.900,0.192,0.000,0.000
"05:30",0.000,0.000,221.900,0.179,0.000,0.000
"05:45",0.000,0.000,221.900,0.192,0.000,0.000
"06:00",0.000,0.000,221.900,0.179,0.000,0.000
"06:15",0.000,0.000,221.900,0.192,0.000,0.000
"06:30",0.000,0.000,221.900,0.179,0.000,0.000
"06:45",0.000,0.000,221.800,0.179,0.000,0.000
"07:00",0.000,0.000,221.800,0.192,0.000,0.000
"07:15",0.000,0.000,221.900,0.179,0.000,0.000
"07:30",0.077,0.000,221.900,0.115,0.000,0.013
"07:45",1.050,0.000,221.900,0.000,0.000,0.026
"08:00",1.946,0.000,222.000,0.000,0.000,0.051
"08:15",3.008,0.000,222.100,0.000,0.000,0.038
"08:30",4.710,0.000,222.100,0.000,0.000,0.026
"08:45",9.203,0.000,222.200,0.000,0.000,0.000
"09:00",22.886,0.000,222.500,0.000,0.000,0.000
"09:15",21.875,0.000,222.900,0.000,0.000,0.013
"09:30",22.938,0.000,223.400,0.000,0.000,0.026
"09:45",25.651,0.000,223.100,0.000,0.000,0.000
"10:00",31.194,0.000,222.900,0.000,0.000,0.000
"10:15",45.990,0.000,223.300,0.000,0.000,0.013
"10:30",42.765,0.000,223.400,0.000,0.000,0.013
"10:45",47.181,0.000,223.300,0.000,0.000,0.000
"11:00",47.629,0.000,223.200,0.000,0.000,0.000
"11:15",30.054,0.000,223.100,0.000,0.000,0.000
"11:30",44.390,0.000,223.300,0.000,0.000,0.000
"11:45",69.581,0.000,224.100,0.000,0.000,0.013
"12:00",75.162,0.000,224.500,0.000,0.000,0.026
"12:15",92.800,0.000,224.700,0.000,0.000,0.051
"12:30",82.739,0.000,224.600,0.000,0.000,0.051
"12:45",100.198,0.000,224.800,0.000,0.000,0.051
"13:00",99.430,0.000,224.900,0.000,0.000,0.064
"13:15",78.592,0.000,224.800,0.000,0.000,0.077
"13:30",86.874,0.000,224.800,0.000,0.000,0.077
"13:45",98.022,0.000,224.700,0.000,0.000,0.064
"14:00",70.400,0.000,223.900,0.000,0.000,0.013
"14:15",99.341,0.000,224.700,0.000,0.000,0.115
"14:30",84.416,0.000,224.700,0.000,0.000,0.499
"14:45",36.019,0.000,224.000,0.000,0.000,0.051
"15:00",60.378,0.000,224.200,0.000,0.000,0.064
"15:15",39.846,0.000,223.700,0.000,0.000,0.064
"15:30",20.301,0.000,223.600,0.000,0.000,0.038
"15:45",27.469,0.000,223.700,0.000,0.000,0.026
"16:00",54.528,0.000,223.400,0.000,0.000,0.013
"16:15",90.701,0.000,224.800,0.000,0.000,0.051
"16:30",82.867,0.000,224.700,0.000,0.000,0.026
"16:45",72.474,0.000,223.800,0.000,0.000,0.000
"17:00",71.245,0.000,223.600,0.000,0.000,0.000
"17:15",59.610,0.000,223.400,0.000,0.000,0.013
"17:30",36.288,0.000,223.500,0.000,0.000,0.026
"17:45",46.579,0.000,223.700,0.000,0.000,0.013
"18:00",47.232,0.000,223.300,0.000,0.000,0.000
"18:15",23.027,0.000,223.400,0.000,0.000,0.051
"18:30",29.478,0.000,222.900,0.000,0.000,0.013
"18:45",20.634,0.000,223.000,0.000,0.000,0.026
"19:00",13.043,0.000,222.700,0.000,0.000,0.051
"19:15",7.117,0.000,222.400,0.000,0.000,0.090
"19:30",2.662,0.000,222.200,0.000,0.000,0.090
"19:45",0.499,0.000,221.900,0.000,0.000,0.026
"20:00",0.013,0.013,221.900,0.102,0.000,0.000
"20:15",0.000,0.013,221.900,0.154,0.000,0.000
"20:30",0.000,0.000,221.700,0.179,0.000,0.000
"20:45",0.000,0.000,221.800,0.192,0.000,0.000
"21:00",0.000,0.000,221.800,0.179,0.000,0.000
"21:15",0.000,0.000,221.800,0.192,0.000,0.000
"21:30",0.000,0.000,221.900,0.179,0.000,0.000
"21:45",0.000,0.000,221.800,0.192,0.000,0.000
"22:00",0.000,0.000,221.800,0.179,0.000,0.000
"22:15",0.000,0.000,221.800,0.192,0.000,0.000
"22:30",0.000,0.000,221.800,0.179,0.000,0.000
"22:45",0.000,0.000,221.800,0.192,0.000,0.000
"23:00",0.000,0.000,221.900,0.179,0.000,0.000
"23:15",0.000,0.000,221.900,0.192,0.000,0.000
"23:30",0.000,0.000,221.900,0.179,0.000,0.000
"23:45",0.000,0.000,221.900,0.192,0.000,0.000
" 3/07/26 24:00",0.000,0.000,221.900,0.179,0.000,0.000
