"kwh"
"Time ","AGRIM02P","AGRIM02P","AGRIM02P","AGRIM02P","AGRIM02P","AGRIM02P"
" 3/08/26 00:15",0.000,0.000,221.900,0.192,0.000,0.000
" 3/08/26 00:30",0.000,0.000,221.900,0.179,0.000,0.000
"00:45",0.000,0.000,221.900,0.192,0.000,0.000
"01:00",0.000,0.000,221.900,0.179,0.000,0.000
"01:15",0.000,0.000,221.900,0.192,0.000,0.000
"01:30",0.000,0.000,221.900,0.179,0.000,0.000
"01:45",0.000,0.000,221.900,0.179,0.000,0.000
"02:00",0.000,0.000,222.000,0.192,0.000,0.000
"02:15",0.000,0.000,221.900,0.179,0.000,0.000
"02:30",0.000,0.000,221.900,0.192,0.000,0.000
"02:45",0.000,0.000,221.900,0.179,0.000,0.000
"03:00",0.000,0.000,221.900,0.192,0.000,0.000
"03:15",0.000,0.000,172.500,0.141,0.000,0.000
"03:30",0.000,0.000,130.300,0.090,0.000,0.000
"03:45",0.000,0.000,130.300,0.102,0.000,0.000
"04:00",0.000,0.000,130.200,0.102,0.000,0.000
"04:15",0.000,0.000,129.700,0.090,0.000,0.000
"04:30",0.000,0.000,130.000,0.102,0.000,0.000
"04:45",0.000,0.000,129.400,0.102,0.000,0.000
"05:00",0.000,0.000,128.900,0.090,0.000,0.000
"05:15",0.000,0.000,128.700,0.102,0.000,0.000
"05:30",0.000,0.000,128.800,0.090,0.000,0.000
"05:45",0.000,0.000,128.900,0.102,0.000,0.000
"06:00",0.000,0.000,129.200,0.090,0.000,0.000
"06:15",0.000,0.000,128.800,0.102,0.000,0.000
"06:30",0.000,0.000,132.900,0.102,0.000,0.000
"06:45",0.000,0.000,129.800,0.102,0.000,0.000
"07:00",0.000,0.000,129.500,0.090,0.000,0.000
"07:15",0.000,0.000,129.700,0.102,0.000,0.000
"07:30",0.000,0.000,128.300,0.090,0.000,0.000
"07:45",0.000,0.000,129.800,0.102,0.000,0.000
"08:00",0.000,0.000,129.200,0.102,0.000,0.000
"08:15",0.000,0.000,129.600,0.090,0.000,0.000
"08:30",0.000,0.000,129.500,0.102,0.000,0.000
"08:45",0.000,0.000,130.100,0.090,0.000,0.000
"09:00",0.000,0.000,129.000,0.102,0.000,0.000
"09:15",0.000,0.000,129.200,0.102,0.000,0.000
"09:30",0.000,0.000,129.000,0.090,0.000,0.000
"09:45",0.000,0.000,129.600,0.102,0.000,0.000
"10:00",0.000,0.000,129.500,0.090,0.000,0.000
"10:15",0.000,0.000,130.000,0.102,0.000,0.000
"10:30",0.000,0.000,129.200,0.090,0.000,0.000
"10:45",0.000,0.000,129.500,0.102,0.000,0.000
"11:00",0.000,0.000,129.200,0.090,0.000,0.000
"11:15",0.000,0.000,129.300,0.102,0.000,0.000
"11:30",0.000,0.000,139.800,0.102,0.000,0.000
"11:45",5.427,0.000,222.300,0.013,0.000,0.026
"12:00",17.101,0.000,222.300,0.000,0.000,0.026
"12:15",7.565,0.000,222.100,0.000,0.000,0.051
"12:30",7.091,0.000,222.000,0.000,0.000,0.038
"12:45",7.078,0.000,222.000,0.000,0.000,0.013
"13:00",2.496,0.000,222.000,0.000,0.000,0.077
"13:15",2.982,0.000,222.000,0.000,0.000,0.051
"13:30",7.360,0.000,222.100,0.000,0.000,0.026
"13:45",7.283,0.000,221.700,0.000,0.000,0.013
"14:00",0.000,0.000,0.000,0.000,0.000,0.000
"14:15",0.000,0.000,0.000,0.000,0.000,0.000
"14:30",0.000,0.000,0.000,0.000,0.000,0.000
"14:45",0.000,0.000,0.000,0.000,0.000,0.000
"15:00",0.000,0.000,0.000,0.000,0.000,0.000
"15:15",0.000,0.000,0.000,0.000,0.000,0.000
"15:30",0.000,0.000,0.000,0.000,0.000,0.000
"15:45",0.000,0.000,0.000,0.000,0.000,0.000
"16:00",0.000,0.000,0.000,0.000,0.000,0.000
"16:15",0.000,0.000,0.000,0.000,0.000,0.000
"16:30",0.000,0.000,0.000,0.000,0.000,0.000
"16:45",0.000,0.000,0.000,0.000,0.000,0.000
"17:00",0.000,0.000,0.000,0.000,0.000,0.000
"17:15",0.000,0.000,0.000,0.000,0.000,0.000
"17:30",0.000,0.000,0.000,0.000,0.000,0.000
"17:45",0.000,0.000,0.000,0.000,0.000,0.000
"18:00",0.000,0.000,116.400,0.077,0.000,0.000
"18:15",0.000,0.000,116.500,0.102,0.000,0.000
"18:30",0.000,0.000,116.300,0.102,0.000,0.000
"18:45",0.000,0.000,116.300,0.090,0.000,0.000
"19:00",0.000,0.000,116.600,0.102,0.000,0.000
"19:15",0.000,0.000,117.300,0.102,0.000,0.000
"19:30",0.000,0.000,117.700,0.090,0.000,0.000
"19:45",0.000,0.000,117.500,0.102,0.000,0.000
"20:00",0.000,0.000,116.400,0.102,0.000,0.000
"20:15",0.000,0.000,116.500,0.090,0.000,0.000
"20:30",0.000,0.000,116.800,0.102,0.000,0.000
"20:45",0.000,0.000,116.600,0.102,0.000,0.000
"21:00",0.000,0.000,116.600,0.090,0.000,0.000
"21:15",0.000,0.000,117.100,0.102,0.000,0.000
"21:30",0.000,0.000,197.700,0.166,0.000,0.000
"21:45",0.000,0.000,221.700,0.179,0.000,0.000
"22:00",0.000,0.000,221.700,0.192,0.000,0.000
"22:15",0.000,0.000,221.700,0.179,0.000,0.000
"22:30",0.000,0.000,221.800,0.192,0.000,0.000
"22:45",0.000,0.000,221.800,0.179,0.000,0.000
"23:00",0.000,0.000,221.800,0.192,0.000,0.000
"23:15",0.000,0.000,221.800,0.179,0.000,0.000
"23:30",0.000,0.000,221.800,0.192,0.000,0.000
"23:45",0.000,0.000,221.800,0.179,0.000,0.000
" 3/08/26 24:00",0.000,0.000,221.900,0.192,0.000,0.000
