"kwh"
"Time ","AGRIM02P","AGRIM02P","AGRIM02P","AGRIM02P","AGRIM02P","AGRIM02P"
" 7/29/26 00:15",0.000,0.000,221.300,0.179,0.000,0.000
" 7/29/26 00:30",0.000,0.000,221.400,0.166,0.000,0.000
"00:45",0.000,0.000,221.400,0.179,0.000,0.000
"01:00",0.000,0.000,221.400,0.166,0.000,0.000
"01:15",0.000,0.000,221.400,0.179,0.000,0.000
"01:30",0.000,0.000,221.400,0.166,0.000,0.000
"01:45",0.000,0.000,221.400,0.179,0.000,0.000
"02:00",0.000,0.000,221.400,0.166,0.000,0.000
"02:15",0.000,0.000,221.500,0.179,0.000,0.000
"02:30",0.000,0.000,221.500,0.166,0.000,0.000
"02:45",0.000,0.000,221.500,0.179,0.000,0.000
"03:00",0.000,0.000,221.400,0.166,0.000,0.000
"03:15",0.000,0.000,221.400,0.179,0.000,0.000
"03:30",0.000,0.000,221.400,0.166,0.000,0.000
"03:45",0.000,0.000,221.400,0.179,0.000,0.000
"04:00",0.000,0.000,221.300,0.166,0.000,0.000
"04:15",0.000,0.000,221.300,0.179,0.000,0.000
"04:30",0.000,0.000,221.400,0.166,0.000,0.000
"04:45",0.000,0.000,221.400,0.179,0.000,0.000
"05:00",0.000,0.000,221.400,0.166,0.000,0.000
"05:15",0.000,0.000,221.400,0.166,0.000,0.000
"05:30",0.000,0.000,221.400,0.179,0.000,0.000
"05:45",0.000,0.000,221.400,0.166,0.000,0.000
"06:00",0.000,0.000,221.500,0.179,0.000,0.000
"06:15",0.000,0.000,221.500,0.179,0.000,0.000
"06:30",0.000,0.000,221.400,0.166,0.000,0.000
"06:45",0.000,0.000,221.400,0.179,0.000,0.000
"07:00",0.000,0.000,221.500,0.166,0.000,0.000
"07:15",0.000,0.000,221.400,0.179,0.000,0.000
"07:30",0.000,0.000,221.300,0.166,0.000,0.000
"07:45",0.000,0.000,221.400,0.166,0.000,0.000
"08:00",0.000,0.000,221.400,0.179,0.000,0.000
"08:15",0.000,0.000,221.400,0.141,0.000,0.000
"08:30",0.307,0.000,221.400,0.013,0.000,0.013
"08:45",0.704,0.000,221.400,0.000,0.000,0.077
"09:00",1.101,0.000,221.400,0.000,0.000,0.026
"09:15",4.902,0.000,221.500,0.000,0.000,0.038
"09:30",4.941,0.000,221.500,0.000,0.000,0.038
"09:45",8.934,0.000,221.600,0.000,0.000,0.013
"10:00",10.458,0.000,221.800,0.000,0.000,0.026
"10:15",15.872,0.000,221.900,0.000,0.000,0.128
"10:30",16.192,0.000,221.900,0.000,0.000,0.000
"10:45",19.264,0.000,221.700,0.000,0.000,0.000
"11:00",16.230,0.000,222.000,0.000,0.000,0.000
"11:15",25.011,0.000,222.100,0.000,0.000,0.000
"11:30",14.515,0.000,222.000,0.000,0.000,0.000
"11:45",13.094,0.000,221.900,0.000,0.000,0.000
"12:00",11.802,0.000,221.900,0.000,0.000,0.013
"12:15",22.566,0.000,222.200,0.000,0.000,0.000
"12:30",22.182,0.000,222.300,0.000,0.000,0.000
"12:45",20.262,0.000,222.300,0.000,0.000,0.077
"13:00",16.205,0.000,222.200,0.000,0.000,0.000
"13:15",11.725,0.000,222.100,0.000,0.000,0.013
"13:30",10.675,0.000,222.000,0.000,0.000,0.026
"13:45",23.155,0.000,222.400,0.000,0.000,0.141
"14:00",58.483,0.000,223.100,0.000,0.000,0.525
"14:15",51.494,0.000,223.200,0.000,0.000,0.000
"14:30",53.722,0.000,223.300,0.000,0.000,0.000
"14:45",91.200,0.000,223.900,0.000,0.000,0.038
"15:00",100.096,0.000,224.200,0.000,0.000,0.000
"15:15",72.742,0.000,223.800,0.000,0.000,0.000
"15:30",91.226,0.000,224.100,0.000,0.000,0.000
"15:45",86.643,0.000,224.000,0.000,0.000,0.013
"16:00",75.264,0.000,223.700,0.000,0.000,0.000
"16:15",46.349,0.000,222.800,0.000,0.000,0.000
"16:30",34.394,0.000,222.300,0.000,0.000,0.000
"16:45",24.333,0.000,222.100,0.000,0.000,0.000
"17:00",35.456,0.000,222.200,0.000,0.000,0.000
"17:15",56.614,0.000,222.600,0.000,0.000,0.000
"17:30",27.328,0.000,222.300,0.000,0.000,0.013
"17:45",6.016,0.000,221.700,0.000,0.000,0.064
"18:00",3.776,0.000,221.600,0.000,0.000,0.051
"18:15",2.445,0.000,221.800,0.000,0.000,0.026
"18:30",0.422,0.000,221.800,0.000,0.000,0.013
"18:45",0.115,0.000,221.700,0.000,0.000,0.000
"19:00",0.000,0.038,221.500,0.115,0.000,0.000
"19:15",0.000,0.038,221.500,0.141,0.000,0.000
"19:30",0.000,0.000,221.500,0.179,0.000,0.000
"19:45",0.000,0.000,221.500,0.166,0.000,0.000
"20:00",0.000,0.000,221.500,0.179,0.000,0.000
"20:15",0.000,0.000,221.500,0.166,0.000,0.000
"20:30",0.000,0.000,221.400,0.179,0.000,0.000
"20:45",0.000,0.000,221.400,0.166,0.000,0.000
"21:00",0.000,0.000,221.400,0.179,0.000,0.000
"21:15",0.000,0.000,221.400,0.179,0.000,0.000
"21:30",0.000,0.000,221.500,0.166,0.000,0.000
"21:45",0.000,0.000,221.600,0.179,0.000,0.000
"22:00",0.000,0.000,221.600,0.166,0.000,0.000
"22:15",0.000,0.000,221.600,0.179,0.000,0.000
"22:30",0.000,0.000,221.700,0.166,0.000,0.000
"22:45",0.000,0.000,221.700,0.179,0.000,0.000
"23:00",0.000,0.000,221.700,0.179,0.000,0.000
"23:15",0.000,0.000,221.500,0.166,0.000,0.000
"23:30",0.000,0.000,221.400,0.179,0.000,0.000
"23:45",0.000,0.000,221.500,0.166,0.000,0.000
" 7/29/26 24:00",0.000,0.000,221.500,0.179,0.000,0.000
