"kwh"
"Time ","AGRIM02P","AGRIM02P","AGRIM02P","AGRIM02P","AGRIM02P","AGRIM02P"
"10/09/26 00:15",0.000,0.000,220.400,0.166,0.000,0.000
"10/09/26 00:30",0.000,0.000,220.500,0.179,0.000,0.000
"00:45",0.000,0.000,220.600,0.166,0.000,0.000
"01:00",0.000,0.000,220.600,0.179,0.000,0.000
"01:15",0.000,0.000,220.700,0.166,0.000,0.000
"01:30",0.000,0.000,220.700,0.166,0.000,0.000
"01:45",0.000,0.000,220.700,0.179,0.000,0.000
"02:00",0.000,0.000,220.600,0.166,0.000,0.000
"02:15",0.000,0.000,220.700,0.166,0.000,0.000
"02:30",0.000,0.000,220.700,0.179,0.000,0.000
"02:45",0.000,0.000,220.700,0.166,0.000,0.000
"03:00",0.000,0.000,220.700,0.179,0.000,0.000
"03:15",0.000,0.000,220.700,0.166,0.000,0.000
"03:30",0.000,0.000,220.700,0.166,0.000,0.000
"03:45",0.000,0.000,220.700,0.179,0.000,0.000
"04:00",0.000,0.000,220.700,0.166,0.000,0.000
"04:15",0.000,0.000,220.700,0.179,0.000,0.000
"04:30",0.000,0.000,220.700,0.166,0.000,0.000
"04:45",0.000,0.000,220.700,0.166,0.000,0.000
"05:00",0.000,0.000,220.700,0.179,0.000,0.000
"05:15",0.000,0.000,220.700,0.166,0.000,0.000
"05:30",0.000,0.000,220.700,0.166,0.000,0.000
"05:45",0.000,0.000,220.700,0.179,0.000,0.000
"06:00",0.000,0.000,220.700,0.166,0.000,0.000
"06:15",0.000,0.000,220.700,0.179,0.000,0.000
"06:30",0.000,0.000,220.700,0.166,0.000,0.000
"06:45",0.000,0.000,220.700,0.166,0.000,0.000
"07:00",0.026,0.000,220.600,0.102,0.000,0.000
"07:15",0.538,0.000,220.600,0.000,0.000,0.000
"07:30",2.445,0.000,220.600,0.000,0.000,0.013
"07:45",3.981,0.000,220.600,0.000,0.000,0.000
"08:00",13.363,0.000,220.500,0.000,0.000,0.000
"08:15",8.602,0.000,220.400,0.000,0.000,0.000
"08:30",13.274,0.000,220.500,0.000,0.000,0.000
"08:45",24.474,0.000,220.900,0.000,0.000,0.000
"09:00",33.613,0.000,221.400,0.000,0.000,0.000
"09:15",21.798,0.000,221.000,0.000,0.000,0.000
"09:30",41.818,0.000,221.400,0.000,0.000,0.000
"09:45",64.768,0.000,222.000,0.000,0.000,0.000
"10:00",46.067,0.000,221.700,0.000,0.000,0.000
"10:15",36.429,0.000,221.300,0.000,0.000,0.000
"10:30",28.467,0.000,221.900,0.000,0.000,0.000
"10:45",80.960,0.000,224.000,0.000,0.000,0.000
"11:00",48.192,0.000,223.200,0.000,0.000,0.013
"11:15",90.829,0.000,224.000,0.000,0.000,0.000
"11:30",66.752,0.000,223.300,0.000,0.000,0.000
"11:45",76.198,0.000,223.400,0.000,0.000,0.000
"12:00",59.149,0.000,222.800,0.000,0.000,0.000
"12:15",59.008,0.000,222.500,0.000,0.000,0.000
"12:30",92.570,0.000,223.100,0.000,0.000,0.000
"12:45",70.272,0.000,222.400,0.000,0.000,0.000
"13:00",83.174,0.000,222.500,0.000,0.000,0.000
"13:15",48.768,0.000,221.900,0.000,0.000,0.000
"13:30",54.349,0.000,221.800,0.000,0.000,0.000
"13:45",37.901,0.000,221.300,0.000,0.000,0.000
"14:00",87.232,0.000,222.300,0.000,0.000,0.000
"14:15",60.198,0.000,222.300,0.000,0.000,0.000
"14:30",51.098,0.000,222.200,0.000,0.000,0.000
"14:45",40.102,0.000,221.600,0.000,0.000,0.000
"15:00",60.979,0.000,222.100,0.000,0.000,0.000
"15:15",88.717,0.000,222.500,0.000,0.000,0.000
"15:30",36.928,0.000,221.400,0.000,0.000,0.000
"15:45",38.285,0.000,221.300,0.000,0.000,0.000
"16:00",30.950,0.000,220.800,0.000,0.000,0.000
"16:15",32.768,0.000,220.800,0.000,0.000,0.000
"16:30",36.352,0.000,220.800,0.000,0.000,0.000
"16:45",28.659,0.000,220.600,0.000,0.000,0.000
"17:00",27.085,0.000,220.700,0.000,0.000,0.000
"17:15",28.403,0.000,220.400,0.000,0.000,0.000
"17:30",31.206,0.000,220.600,0.000,0.000,0.000
"17:45",25.088,0.000,220.500,0.000,0.000,0.000
"18:00",20.582,0.000,220.700,0.000,0.000,0.000
"18:15",13.222,0.000,220.700,0.000,0.000,0.000
"18:30",7.194,0.000,220.500,0.000,0.000,0.064
"18:45",5.056,0.000,220.400,0.000,0.000,0.090
"19:00",4.557,0.000,220.300,0.000,0.000,0.077
"19:15",1.242,0.000,220.300,0.000,0.000,0.102
"19:30",0.333,0.000,220.200,0.000,0.000,0.013
"19:45",0.000,0.026,220.100,0.128,0.000,0.000
"20:00",0.000,0.026,220.100,0.128,0.000,0.000
"20:15",0.000,0.000,220.100,0.179,0.000,0.000
"20:30",0.000,0.000,220.100,0.166,0.000,0.000
"20:45",0.000,0.000,220.100,0.166,0.000,0.000
"21:00",0.000,0.000,220.100,0.179,0.000,0.000
"21:15",0.000,0.000,220.000,0.166,0.000,0.000
"21:30",0.000,0.000,220.100,0.166,0.000,0.000
"21:45",0.000,0.000,220.100,0.179,0.000,0.000
"22:00",0.000,0.000,220.100,0.166,0.000,0.000
"22:15",0.000,0.000,220.200,0.166,0.000,0.000
"22:30",0.000,0.000,220.100,0.179,0.000,0.000
"22:45",0.000,0.000,220.200,0.166,0.000,0.000
"23:00",0.000,0.000,220.200,0.166,0.000,0.000
"23:15",0.000,0.000,220.000,0.179,0.000,0.000
"23:30",0.000,0.000,220.000,0.166,0.000,0.000
"23:45",0.000,0.000,220.100,0.166,0.000,0.000
"10/09/26 24:00",0.000,0.000,220.100,0.179,0.000,0.000
