"kwh"
"Time ","AGRIM02P","AGRIM02P","AGRIM02P","AGRIM02P","AGRIM02P","AGRIM02P"
" 3/29/26 00:15",0.000,0.000,221.500,0.192,0.000,0.000
" 3/29/26 00:30",0.000,0.000,221.500,0.179,0.000,0.000
"00:45",0.000,0.000,221.400,0.179,0.000,0.000
"01:00",0.000,0.000,221.300,0.192,0.000,0.000
"01:15",0.000,0.000,221.300,0.179,0.000,0.000
"01:30",0.000,0.000,221.300,0.179,0.000,0.000
"01:45",0.000,0.000,221.400,0.179,0.000,0.000
"02:00",0.000,0.000,221.400,0.192,0.000,0.000
"02:15",0.000,0.000,221.400,0.179,0.000,0.000
"02:30",0.000,0.000,221.400,0.192,0.000,0.000
"02:45",0.000,0.000,221.400,0.179,0.000,0.000
"03:00",0.000,0.000,221.400,0.179,0.000,0.000
"03:15",0.000,0.000,221.500,0.192,0.000,0.000
"03:30",0.000,0.000,221.400,0.179,0.000,0.000
"03:45",0.000,0.000,221.500,0.179,0.000,0.000
"04:00",0.000,0.000,221.500,0.192,0.000,0.000
"04:15",0.000,0.000,221.500,0.179,0.000,0.000
"04:30",0.000,0.000,221.500,0.179,0.000,0.000
"04:45",0.000,0.000,221.500,0.192,0.000,0.000
"05:00",0.000,0.000,221.600,0.179,0.000,0.000
"05:15",0.000,0.000,221.600,0.179,0.000,0.000
"05:30",0.000,0.000,221.600,0.192,0.000,0.000
"05:45",0.000,0.000,221.600,0.179,0.000,0.000
"06:00",0.000,0.000,221.500,0.179,0.000,0.000
"06:15",0.000,0.000,221.500,0.192,0.000,0.000
"06:30",0.000,0.000,221.500,0.179,0.000,0.000
"06:45",0.000,0.000,221.500,0.179,0.000,0.000
"07:00",0.000,0.000,221.500,0.192,0.000,0.000
"07:15",0.000,0.000,221.500,0.179,0.000,0.000
"07:30",0.000,0.000,221.600,0.179,0.000,0.000
"07:45",0.141,0.000,221.600,0.064,0.000,0.013
"08:00",0.960,0.000,221.600,0.000,0.000,0.026
"08:15",4.685,0.000,221.700,0.000,0.000,0.026
"08:30",11.712,0.000,222.000,0.000,0.000,0.000
"08:45",18.509,0.000,222.100,0.000,0.000,0.282
"09:00",26.317,0.000,222.600,0.000,0.000,0.013
"09:15",25.203,0.000,222.700,0.000,0.000,0.013
"09:30",41.062,0.000,223.000,0.000,0.000,0.000
"09:45",34.944,0.000,223.400,0.000,0.000,0.013
"10:00",48.038,0.000,223.200,0.000,0.000,0.000
"10:15",60.966,0.000,223.700,0.000,0.000,0.013
"10:30",57.139,0.000,223.600,0.000,0.000,0.013
"10:45",65.382,0.000,223.800,0.000,0.000,0.013
"11:00",52.506,0.000,223.500,0.000,0.000,0.013
"11:15",75.699,0.000,223.800,0.000,0.000,0.000
"11:30",45.824,0.000,223.100,0.000,0.000,0.000
"11:45",33.766,0.000,222.600,0.000,0.000,0.000
"12:00",34.112,0.000,222.700,0.000,0.000,0.000
"12:15",41.549,0.000,222.800,0.000,0.000,0.000
"12:30",39.744,0.000,222.800,0.000,0.000,0.000
"12:45",48.371,0.000,223.100,0.000,0.000,0.000
"13:00",50.765,0.000,223.300,0.000,0.000,0.013
"13:15",52.045,0.000,223.300,0.000,0.000,0.013
"13:30",55.322,0.000,223.200,0.000,0.000,0.000
"13:45",46.182,0.000,222.900,0.000,0.000,0.000
"14:00",60.134,0.000,223.200,0.000,0.000,0.000
"14:15",48.461,0.000,223.300,0.000,0.000,0.026
"14:30",58.470,0.000,223.400,0.000,0.000,0.013
"14:45",32.538,0.000,222.800,0.000,0.000,0.000
"15:00",42.586,0.000,222.900,0.000,0.000,0.000
"15:15",36.685,0.000,222.600,0.000,0.000,0.000
"15:30",36.365,0.000,222.800,0.000,0.000,0.013
"15:45",37.939,0.000,222.700,0.000,0.000,0.000
"16:00",33.702,0.000,222.500,0.000,0.000,0.000
"16:15",38.349,0.000,222.600,0.000,0.000,0.000
"16:30",43.546,0.000,222.800,0.000,0.000,0.000
"16:45",32.115,0.000,222.700,0.000,0.000,0.000
"17:00",47.078,0.000,222.900,0.000,0.000,0.000
"17:15",29.850,0.000,223.300,0.000,0.000,0.026
"17:30",44.902,0.000,223.000,0.000,0.000,0.013
"17:45",36.941,0.000,223.000,0.000,0.000,0.013
"18:00",18.714,0.000,222.900,0.000,0.000,0.038
"18:15",22.490,0.000,222.900,0.000,0.000,0.013
"18:30",7.283,0.000,222.300,0.000,0.000,0.077
"18:45",4.147,0.000,221.800,0.000,0.000,0.077
"19:00",2.330,0.000,221.600,0.000,0.000,0.077
"19:15",0.474,0.000,221.500,0.000,0.000,0.051
"19:30",0.090,0.000,221.500,0.051,0.000,0.013
"19:45",0.000,0.013,221.500,0.154,0.000,0.000
"20:00",0.000,0.013,221.500,0.166,0.000,0.000
"20:15",0.000,0.000,221.400,0.192,0.000,0.000
"20:30",0.000,0.000,221.400,0.179,0.000,0.000
"20:45",0.000,0.000,221.400,0.179,0.000,0.000
"21:00",0.000,0.000,221.400,0.192,0.000,0.000
"21:15",0.000,0.000,221.400,0.179,0.000,0.000
"21:30",0.000,0.000,221.400,0.179,0.000,0.000
"21:45",0.000,0.000,221.500,0.192,0.000,0.000
"22:00",0.000,0.000,221.500,0.179,0.000,0.000
"22:15",0.000,0.000,221.500,0.179,0.000,0.000
"22:30",0.000,0.000,221.500,0.192,0.000,0.000
"22:45",0.000,0.000,221.500,0.179,0.000,0.000
"23:00",0.000,0.000,221.500,0.179,0.000,0.000
"23:15",0.000,0.000,221.500,0.192,0.000,0.000
"23:30",0.000,0.000,221.400,0.179,0.000,0.000
"23:45",0.000,0.000,221.300,0.192,0.000,0.000
" 3/29/26 24:00",0.000,0.000,221.300,0.179,0.000,0.000
