"kwh"
"Time ","AGRIM02P","AGRIM02P","AGRIM02P","AGRIM02P","AGRIM02P","AGRIM02P"
" 8/31/26 00:15",0.000,0.000,221.800,0.179,0.000,0.000
" 8/31/26 00:30",0.000,0.000,221.800,0.166,0.000,0.000
"00:45",0.000,0.000,221.800,0.179,0.000,0.000
"01:00",0.000,0.000,221.900,0.166,0.000,0.000
"01:15",0.000,0.000,221.900,0.179,0.000,0.000
"01:30",0.000,0.000,221.900,0.166,0.000,0.000
"01:45",0.000,0.000,221.900,0.179,0.000,0.000
"02:00",0.000,0.000,221.900,0.179,0.000,0.000
"02:15",0.000,0.000,221.900,0.166,0.000,0.000
"02:30",0.000,0.000,221.900,0.179,0.000,0.000
"02:45",0.000,0.000,221.900,0.166,0.000,0.000
"03:00",0.000,0.000,221.900,0.179,0.000,0.000
"03:15",0.000,0.000,221.900,0.166,0.000,0.000
"03:30",0.000,0.000,221.900,0.179,0.000,0.000
"03:45",0.000,0.000,221.800,0.179,0.000,0.000
"04:00",0.000,0.000,221.900,0.166,0.000,0.000
"04:15",0.000,0.000,221.800,0.179,0.000,0.000
"04:30",0.000,0.000,221.900,0.166,0.000,0.000
"04:45",0.000,0.000,221.900,0.179,0.000,0.000
"05:00",0.000,0.000,221.900,0.166,0.000,0.000
"05:15",0.000,0.000,221.900,0.179,0.000,0.000
"05:30",0.000,0.000,221.900,0.166,0.000,0.000
"05:45",0.000,0.000,221.900,0.179,0.000,0.000
"06:00",0.000,0.000,221.900,0.166,0.000,0.000
"06:15",0.000,0.000,221.900,0.179,0.000,0.000
"06:30",0.000,0.000,221.800,0.166,0.000,0.000
"06:45",0.000,0.000,221.800,0.179,0.000,0.000
"07:00",0.000,0.000,221.800,0.166,0.000,0.000
"07:15",0.000,0.000,221.800,0.179,0.000,0.000
"07:30",0.000,0.000,221.700,0.166,0.000,0.000
"07:45",0.090,0.000,221.500,0.077,0.000,0.013
"08:00",0.704,0.000,221.400,0.000,0.000,0.090
"08:15",2.867,0.000,221.500,0.000,0.000,0.115
"08:30",6.592,0.000,221.600,0.000,0.000,0.051
"08:45",9.280,0.000,221.700,0.000,0.000,0.179
"09:00",11.482,0.000,221.900,0.000,0.000,0.141
"09:15",22.336,0.000,222.100,0.000,0.000,0.000
"09:30",44.634,0.000,222.900,0.000,0.000,0.013
"09:45",31.987,0.000,222.200,0.000,0.000,0.051
"10:00",25.818,0.000,221.900,0.000,0.000,0.038
"10:15",24.064,0.000,221.800,0.000,0.000,0.000
"10:30",33.178,0.000,222.300,0.000,0.000,0.000
"10:45",24.704,0.000,222.500,0.000,0.000,0.013
"11:00",38.426,0.000,223.100,0.000,0.000,0.013
"11:15",58.637,0.000,223.500,0.000,0.000,0.000
"11:30",82.240,0.000,223.900,0.000,0.000,0.000
"11:45",84.275,0.000,223.500,0.000,0.000,0.000
"12:00",59.226,0.000,223.000,0.000,0.000,0.000
"12:15",61.491,0.000,223.000,0.000,0.000,0.000
"12:30",51.430,0.000,222.600,0.000,0.000,0.000
"12:45",29.914,0.000,222.000,0.000,0.000,0.000
"13:00",7.885,0.000,221.700,0.000,0.000,0.154
"13:15",6.234,0.000,221.600,0.000,0.000,0.218
"13:30",4.531,0.000,221.600,0.000,0.000,0.192
"13:45",1.434,0.000,221.500,0.000,0.000,0.166
"14:00",2.650,0.000,221.700,0.000,0.000,0.102
"14:15",16.960,0.000,221.900,0.000,0.000,0.000
"14:30",71.053,0.000,222.700,0.000,0.000,0.000
"14:45",111.386,0.000,223.600,0.000,0.000,0.064
"15:00",108.749,0.000,224.100,0.000,0.000,0.090
"15:15",103.232,0.000,224.300,0.000,0.000,0.000
"15:30",99.494,0.000,224.400,0.000,0.000,0.051
"15:45",96.013,0.000,224.300,0.000,0.000,0.013
"16:00",90.150,0.000,224.400,0.000,0.000,0.013
"16:15",84.774,0.000,224.100,0.000,0.000,0.026
"16:30",72.269,0.000,223.800,0.000,0.000,0.026
"16:45",54.822,0.000,223.200,0.000,0.000,0.026
"17:00",48.896,0.000,222.700,0.000,0.000,0.000
"17:15",13.478,0.000,221.800,0.000,0.000,0.064
"17:30",3.994,0.000,221.500,0.000,0.000,0.115
"17:45",1.754,0.000,221.500,0.000,0.000,0.077
"18:00",0.973,0.000,221.500,0.000,0.000,0.026
"18:15",3.328,0.000,221.900,0.000,0.000,0.026
"18:30",18.022,0.000,222.000,0.000,0.000,0.026
"18:45",7.270,0.000,221.600,0.000,0.000,0.064
"19:00",1.126,0.000,221.400,0.000,0.000,0.051
"19:15",0.090,0.013,221.200,0.038,0.000,0.026
"19:30",0.000,0.051,221.100,0.128,0.000,0.000
"19:45",0.000,0.013,221.100,0.166,0.000,0.000
"20:00",0.000,0.000,221.100,0.166,0.000,0.000
"20:15",0.000,0.000,221.100,0.166,0.000,0.000
"20:30",0.000,0.000,221.000,0.179,0.000,0.000
"20:45",0.000,0.000,221.000,0.166,0.000,0.000
"21:00",0.000,0.000,221.000,0.179,0.000,0.000
"21:15",0.000,0.000,221.100,0.166,0.000,0.000
"21:30",0.000,0.000,221.000,0.179,0.000,0.000
"21:45",0.000,0.000,221.000,0.166,0.000,0.000
"22:00",0.000,0.000,221.000,0.179,0.000,0.000
"22:15",0.000,0.000,221.100,0.166,0.000,0.000
"22:30",0.000,0.000,221.000,0.179,0.000,0.000
"22:45",0.000,0.000,221.000,0.166,0.000,0.000
"23:00",0.000,0.000,221.000,0.166,0.000,0.000
"23:15",0.000,0.000,221.000,0.179,0.000,0.000
"23:30",0.000,0.000,221.000,0.166,0.000,0.000
"23:45",0.000,0.000,220.900,0.179,0.000,0.000
" 8/31/26 24:00",0.000,0.000,220.900,0.166,0.000,0.000
