"kwh"
"Time ","AGRIM02P","AGRIM02P","AGRIM02P","AGRIM02P","AGRIM02P","AGRIM02P"
" 9/22/26 00:15",0.000,0.000,210.000,0.154,0.000,0.000
" 9/22/26 00:30",0.000,0.000,209.700,0.154,0.000,0.000
"00:45",0.000,0.000,210.800,0.154,0.000,0.000
"01:00",0.000,0.000,211.700,0.154,0.000,0.000
"01:15",0.000,0.000,212.300,0.166,0.000,0.000
"01:30",0.000,0.000,211.900,0.154,0.000,0.000
"01:45",0.000,0.000,210.400,0.154,0.000,0.000
"02:00",0.000,0.000,210.300,0.154,0.000,0.000
"02:15",0.000,0.000,210.900,0.154,0.000,0.000
"02:30",0.000,0.000,211.900,0.166,0.000,0.000
"02:45",0.000,0.000,211.800,0.154,0.000,0.000
"03:00",0.000,0.000,212.100,0.154,0.000,0.000
"03:15",0.000,0.000,212.500,0.166,0.000,0.000
"03:30",0.000,0.000,212.500,0.154,0.000,0.000
"03:45",0.000,0.000,212.900,0.166,0.000,0.000
"04:00",0.000,0.000,213.400,0.154,0.000,0.000
"04:15",0.000,0.000,213.400,0.166,0.000,0.000
"04:30",0.000,0.000,213.500,0.154,0.000,0.000
"04:45",0.000,0.000,213.500,0.166,0.000,0.000
"05:00",0.000,0.000,213.500,0.154,0.000,0.000
"05:15",0.000,0.000,213.300,0.166,0.000,0.000
"05:30",0.000,0.000,213.100,0.154,0.000,0.000
"05:45",0.000,0.000,212.500,0.154,0.000,0.000
"06:00",0.000,0.000,212.300,0.166,0.000,0.000
"06:15",0.000,0.000,211.600,0.154,0.000,0.000
"06:30",0.000,0.000,213.000,0.166,0.000,0.000
"06:45",0.000,0.000,213.800,0.154,0.000,0.000
"07:00",0.000,0.000,213.100,0.166,0.000,0.000
"07:15",0.013,0.013,213.100,0.090,0.000,0.000
"07:30",0.461,0.000,212.000,0.000,0.000,0.000
"07:45",2.086,0.000,211.600,0.000,0.000,0.000
"08:00",7.334,0.000,212.000,0.000,0.000,0.000
"08:15",16.806,0.000,212.700,0.000,0.000,0.000
"08:30",25.920,0.000,212.800,0.000,0.000,0.000
"08:45",34.483,0.000,213.200,0.000,0.000,0.000
"09:00",42.739,0.000,212.200,0.000,0.000,0.000
"09:15",52.237,0.000,211.100,0.000,0.000,0.013
"09:30",62.208,0.000,213.300,0.000,0.000,0.000
"09:45",76.211,0.000,214.800,0.000,0.000,0.000
"10:00",66.931,0.000,213.500,0.000,0.000,0.000
"10:15",77.939,0.000,212.800,0.000,0.000,0.000
"10:30",79.488,0.000,212.100,0.000,0.000,0.000
"10:45",93.005,0.000,211.400,0.000,0.000,0.000
"11:00",99.827,0.000,211.000,0.000,0.000,0.000
"11:15",104.934,0.000,211.600,0.000,0.000,0.000
"11:30",107.456,0.000,211.200,0.000,0.000,0.000
"11:45",109.171,0.000,211.400,0.000,0.000,0.000
"12:00",110.477,0.000,211.800,0.000,0.000,0.000
"12:15",111.526,0.000,213.000,0.000,0.000,0.000
"12:30",111.744,0.000,213.400,0.000,0.000,0.000
"12:45",111.872,0.000,213.800,0.000,0.000,0.000
"13:00",109.389,0.000,213.800,0.000,0.000,0.000
"13:15",111.872,0.000,213.900,0.000,0.000,0.000
"13:30",111.808,0.000,213.800,0.000,0.000,0.000
"13:45",111.949,0.000,213.900,0.000,0.000,0.000
"14:00",111.398,0.000,212.800,0.000,0.000,0.000
"14:15",111.949,0.000,213.800,0.000,0.000,0.000
"14:30",111.718,0.000,213.100,0.000,0.000,0.000
"14:45",110.630,0.000,212.300,0.000,0.000,0.000
"15:00",108.992,0.000,211.800,0.000,0.000,0.000
"15:15",106.598,0.000,211.700,0.000,0.000,0.000
"15:30",103.565,0.000,211.200,0.000,0.000,0.000
"15:45",99.034,0.000,210.600,0.000,0.000,0.410
"16:00",90.534,0.000,211.800,0.000,0.000,0.077
"16:15",88.102,0.000,213.300,0.000,0.000,0.000
"16:30",81.958,0.000,212.400,0.000,0.000,0.000
"16:45",75.149,0.000,211.700,0.000,0.000,0.000
"17:00",66.688,0.000,212.000,0.000,0.000,0.000
"17:15",60.019,0.000,218.500,0.000,0.000,0.000
"17:30",51.686,0.000,217.800,0.000,0.000,0.000
"17:45",42.918,0.000,212.900,0.000,0.000,0.000
"18:00",34.253,0.000,215.000,0.000,0.000,0.000
"18:15",25.485,0.000,216.600,0.000,0.000,0.000
"18:30",16.781,0.000,218.700,0.000,0.000,0.000
"18:45",9.702,0.000,221.100,0.000,0.000,0.013
"19:00",4.058,0.000,220.900,0.000,0.000,0.077
"19:15",0.934,0.000,220.700,0.000,0.000,0.051
"19:30",0.038,0.013,220.600,0.064,0.000,0.013
"19:45",0.000,0.051,220.500,0.115,0.000,0.000
"20:00",0.000,0.000,220.400,0.179,0.000,0.000
"20:15",0.000,0.000,220.400,0.166,0.000,0.000
"20:30",0.000,0.000,220.500,0.166,0.000,0.000
"20:45",0.000,0.000,220.500,0.179,0.000,0.000
"21:00",0.000,0.000,220.500,0.166,0.000,0.000
"21:15",0.000,0.000,220.500,0.166,0.000,0.000
"21:30",0.000,0.000,220.400,0.179,0.000,0.000
"21:45",0.000,0.000,220.500,0.166,0.000,0.000
"22:00",0.000,0.000,220.600,0.166,0.000,0.000
"22:15",0.000,0.000,220.600,0.179,0.000,0.000
"22:30",0.000,0.000,220.500,0.166,0.000,0.000
"22:45",0.000,0.000,220.500,0.179,0.000,0.000
"23:00",0.000,0.000,220.600,0.166,0.000,0.000
"23:15",0.000,0.000,220.300,0.166,0.000,0.000
"23:30",0.000,0.000,220.300,0.179,0.000,0.000
"23:45",0.000,0.000,220.300,0.166,0.000,0.000
" 9/22/26 24:00",0.000,0.000,220.300,0.166,0.000,0.000
