"kwh"
"Time ","AGRIM02P","AGRIM02P","AGRIM02P","AGRIM02P","AGRIM02P","AGRIM02P"
" 3/24/26 00:15",0.000,0.000,221.300,0.192,0.000,0.000
" 3/24/26 00:30",0.000,0.000,221.200,0.179,0.000,0.000
"00:45",0.000,0.000,221.100,0.192,0.000,0.000
"01:00",0.000,0.000,221.100,0.179,0.000,0.000
"01:15",0.000,0.000,221.100,0.179,0.000,0.000
"01:30",0.000,0.000,221.100,0.192,0.000,0.000
"01:45",0.000,0.000,221.200,0.179,0.000,0.000
"02:00",0.000,0.000,221.200,0.192,0.000,0.000
"02:15",0.000,0.000,221.300,0.179,0.000,0.000
"02:30",0.000,0.000,221.200,0.179,0.000,0.000
"02:45",0.000,0.000,221.200,0.192,0.000,0.000
"03:00",0.000,0.000,221.200,0.179,0.000,0.000
"03:15",0.000,0.000,221.200,0.179,0.000,0.000
"03:30",0.000,0.000,221.200,0.192,0.000,0.000
"03:45",0.000,0.000,221.200,0.179,0.000,0.000
"04:00",0.000,0.000,221.300,0.192,0.000,0.000
"04:15",0.000,0.000,221.300,0.179,0.000,0.000
"04:30",0.000,0.000,221.300,0.179,0.000,0.000
"04:45",0.000,0.000,221.300,0.192,0.000,0.000
"05:00",0.000,0.000,221.300,0.179,0.000,0.000
"05:15",0.000,0.000,221.300,0.179,0.000,0.000
"05:30",0.000,0.000,221.300,0.192,0.000,0.000
"05:45",0.000,0.000,221.300,0.179,0.000,0.000
"06:00",0.000,0.000,221.300,0.192,0.000,0.000
"06:15",0.000,0.000,221.300,0.179,0.000,0.000
"06:30",0.000,0.000,221.300,0.179,0.000,0.000
"06:45",0.000,0.000,221.300,0.192,0.000,0.000
"07:00",0.000,0.000,221.300,0.179,0.000,0.000
"07:15",0.000,0.000,221.300,0.179,0.000,0.000
"07:30",0.000,0.000,221.300,0.154,0.000,0.000
"07:45",0.307,0.000,221.400,0.000,0.000,0.000
"08:00",1.754,0.000,221.500,0.000,0.000,0.038
"08:15",5.658,0.000,221.900,0.000,0.000,0.051
"08:30",12.557,0.000,222.100,0.000,0.000,0.000
"08:45",20.134,0.000,222.500,0.000,0.000,0.166
"09:00",27.750,0.000,222.800,0.000,0.000,0.038
"09:15",35.533,0.000,223.100,0.000,0.000,0.038
"09:30",43.162,0.000,223.100,0.000,0.000,0.000
"09:45",50.214,0.000,223.100,0.000,0.000,0.000
"10:00",56.666,0.000,223.200,0.000,0.000,0.000
"10:15",62.272,0.000,223.400,0.000,0.000,0.000
"10:30",68.237,0.000,223.400,0.000,0.000,0.000
"10:45",73.485,0.000,223.500,0.000,0.000,0.000
"11:00",78.323,0.000,223.500,0.000,0.000,0.000
"11:15",83.021,0.000,223.600,0.000,0.000,0.013
"11:30",87.386,0.000,223.700,0.000,0.000,0.000
"11:45",91.059,0.000,223.700,0.000,0.000,0.000
"12:00",94.067,0.000,223.800,0.000,0.000,0.000
"12:15",97.114,0.000,223.800,0.000,0.000,0.013
"12:30",98.982,0.000,223.800,0.000,0.000,0.000
"12:45",100.173,0.000,223.800,0.000,0.000,0.000
"13:00",101.261,0.000,223.800,0.000,0.000,0.000
"13:15",101.990,0.000,223.900,0.000,0.000,0.013
"13:30",102.170,0.000,223.900,0.000,0.000,0.000
"13:45",102.336,0.000,223.800,0.000,0.000,0.000
"14:00",102.118,0.000,223.800,0.000,0.000,0.000
"14:15",101.261,0.000,223.800,0.000,0.000,0.013
"14:30",100.019,0.000,223.900,0.000,0.000,0.000
"14:45",98.726,0.000,224.000,0.000,0.000,0.026
"15:00",96.819,0.000,224.200,0.000,0.000,0.026
"15:15",93.926,0.000,224.200,0.000,0.000,0.051
"15:30",91.008,0.000,224.200,0.000,0.000,0.051
"15:45",87.309,0.000,224.100,0.000,0.000,0.051
"16:00",83.238,0.000,224.100,0.000,0.000,0.013
"16:15",78.221,0.000,224.000,0.000,0.000,0.026
"16:30",73.792,0.000,223.900,0.000,0.000,0.013
"16:45",68.186,0.000,223.800,0.000,0.000,0.013
"17:00",62.502,0.000,223.700,0.000,0.000,0.013
"17:15",56.346,0.000,223.600,0.000,0.000,0.013
"17:30",49.754,0.000,223.500,0.000,0.000,0.013
"17:45",42.778,0.000,223.300,0.000,0.000,0.013
"18:00",35.546,0.000,223.100,0.000,0.000,0.013
"18:15",28.083,0.000,222.900,0.000,0.000,0.013
"18:30",20.582,0.000,222.600,0.000,0.000,0.013
"18:45",13.440,0.000,221.900,0.000,0.000,0.013
"19:00",7.104,0.000,221.400,0.000,0.000,0.013
"19:15",2.330,0.000,221.100,0.000,0.000,0.038
"19:30",0.256,0.000,220.900,0.000,0.000,0.000
"19:45",0.013,0.013,220.900,0.128,0.000,0.000
"20:00",0.000,0.026,220.900,0.154,0.000,0.000
"20:15",0.000,0.000,220.900,0.179,0.000,0.000
"20:30",0.000,0.000,220.800,0.192,0.000,0.000
"20:45",0.000,0.000,220.900,0.179,0.000,0.000
"21:00",0.000,0.000,220.900,0.179,0.000,0.000
"21:15",0.000,0.000,220.800,0.179,0.000,0.000
"21:30",0.000,0.000,220.800,0.192,0.000,0.000
"21:45",0.000,0.000,220.900,0.179,0.000,0.000
"22:00",0.000,0.000,220.900,0.179,0.000,0.000
"22:15",0.000,0.000,220.900,0.192,0.000,0.000
"22:30",0.000,0.000,220.900,0.179,0.000,0.000
"22:45",0.000,0.000,220.900,0.179,0.000,0.000
"23:00",0.000,0.000,220.900,0.192,0.000,0.000
"23:15",0.000,0.000,220.900,0.179,0.000,0.000
"23:30",0.000,0.000,220.900,0.179,0.000,0.000
"23:45",0.000,0.000,220.900,0.192,0.000,0.000
" 3/24/26 24:00",0.000,0.000,221.000,0.179,0.000,0.000
