"kwh"
"Time ","AGRIM02P","AGRIM02P","AGRIM02P","AGRIM02P","AGRIM02P","AGRIM02P"
" 7/21/26 00:15",0.000,0.000,221.300,0.166,0.000,0.000
" 7/21/26 00:30",0.000,0.000,221.300,0.179,0.000,0.000
"00:45",0.000,0.000,221.400,0.166,0.000,0.000
"01:00",0.000,0.000,221.400,0.179,0.000,0.000
"01:15",0.000,0.000,221.400,0.166,0.000,0.000
"01:30",0.000,0.000,221.300,0.179,0.000,0.000
"01:45",0.000,0.000,221.300,0.166,0.000,0.000
"02:00",0.000,0.000,221.400,0.179,0.000,0.000
"02:15",0.000,0.000,221.400,0.166,0.000,0.000
"02:30",0.000,0.000,221.400,0.179,0.000,0.000
"02:45",0.000,0.000,221.300,0.166,0.000,0.000
"03:00",0.000,0.000,221.300,0.179,0.000,0.000
"03:15",0.000,0.000,221.300,0.166,0.000,0.000
"03:30",0.000,0.000,221.300,0.179,0.000,0.000
"03:45",0.000,0.000,221.300,0.166,0.000,0.000
"04:00",0.000,0.000,221.300,0.179,0.000,0.000
"04:15",0.000,0.000,221.300,0.166,0.000,0.000
"04:30",0.000,0.000,221.300,0.179,0.000,0.000
"04:45",0.000,0.000,221.300,0.166,0.000,0.000
"05:00",0.000,0.000,221.300,0.179,0.000,0.000
"05:15",0.000,0.000,221.300,0.166,0.000,0.000
"05:30",0.000,0.000,221.300,0.166,0.000,0.000
"05:45",0.000,0.000,221.300,0.179,0.000,0.000
"06:00",0.000,0.000,221.300,0.179,0.000,0.000
"06:15",0.000,0.000,221.300,0.166,0.000,0.000
"06:30",0.000,0.000,221.300,0.166,0.000,0.000
"06:45",0.000,0.000,221.300,0.179,0.000,0.000
"07:00",0.000,0.000,221.400,0.166,0.000,0.000
"07:15",0.000,0.000,221.300,0.179,0.000,0.000
"07:30",0.000,0.000,221.200,0.166,0.000,0.000
"07:45",0.000,0.000,221.200,0.179,0.000,0.000
"08:00",0.000,0.000,221.200,0.166,0.000,0.000
"08:15",0.000,0.000,221.200,0.179,0.000,0.000
"08:30",0.013,0.000,221.300,0.128,0.000,0.000
"08:45",0.486,0.000,221.300,0.000,0.000,0.013
"09:00",1.498,0.000,221.400,0.000,0.000,0.026
"09:15",4.250,0.000,221.500,0.000,0.000,0.038
"09:30",9.024,0.000,221.500,0.000,0.000,0.013
"09:45",23.514,0.000,221.900,0.000,0.000,0.000
"10:00",28.326,0.000,222.200,0.000,0.000,0.000
"10:15",37.658,0.000,222.500,0.000,0.000,0.000
"10:30",32.486,0.000,222.300,0.000,0.000,0.000
"10:45",30.554,0.000,222.000,0.000,0.000,0.000
"11:00",45.286,0.000,222.600,0.000,0.000,0.000
"11:15",23.526,0.000,222.200,0.000,0.000,0.000
"11:30",15.155,0.000,221.900,0.000,0.000,0.000
"11:45",16.486,0.000,221.600,0.000,0.000,0.000
"12:00",13.107,0.000,221.500,0.000,0.000,0.000
"12:15",15.578,0.000,221.500,0.000,0.000,0.000
"12:30",11.917,0.000,221.500,0.000,0.000,0.000
"12:45",14.874,0.000,221.500,0.000,0.000,0.000
"13:00",10.240,0.000,221.300,0.000,0.000,0.013
"13:15",10.880,0.000,221.300,0.000,0.000,0.000
"13:30",7.411,0.000,221.200,0.000,0.000,0.064
"13:45",6.182,0.000,221.200,0.000,0.000,0.077
"14:00",5.760,0.000,221.200,0.000,0.000,0.102
"14:15",5.466,0.000,221.300,0.000,0.000,0.102
"14:30",5.107,0.000,221.200,0.000,0.000,0.090
"14:45",7.411,0.000,221.300,0.000,0.000,0.077
"15:00",11.725,0.000,221.400,0.000,0.000,0.013
"15:15",8.858,0.000,221.300,0.000,0.000,0.026
"15:30",10.086,0.000,221.200,0.000,0.000,0.038
"15:45",19.392,0.000,221.500,0.000,0.000,0.000
"16:00",18.406,0.000,221.500,0.000,0.000,0.000
"16:15",18.739,0.000,221.500,0.000,0.000,0.000
"16:30",13.722,0.000,221.300,0.000,0.000,0.000
"16:45",11.520,0.000,221.300,0.000,0.000,0.000
"17:00",9.318,0.000,221.300,0.000,0.000,0.026
"17:15",10.470,0.000,221.300,0.000,0.000,0.026
"17:30",10.445,0.000,221.300,0.000,0.000,0.026
"17:45",2.227,0.000,221.400,0.000,0.000,0.115
"18:00",0.550,0.000,221.300,0.000,0.000,0.038
"18:15",0.563,0.000,221.500,0.000,0.000,0.000
"18:30",0.090,0.013,221.400,0.013,0.000,0.013
"18:45",0.000,0.038,221.400,0.115,0.000,0.000
"19:00",0.000,0.051,221.400,0.115,0.000,0.000
"19:15",0.000,0.000,221.300,0.166,0.000,0.000
"19:30",0.000,0.000,221.300,0.179,0.000,0.000
"19:45",0.000,0.000,221.500,0.179,0.000,0.000
"20:00",0.000,0.000,221.500,0.166,0.000,0.000
"20:15",0.000,0.000,221.400,0.179,0.000,0.000
"20:30",0.000,0.000,221.400,0.179,0.000,0.000
"20:45",0.000,0.000,221.300,0.166,0.000,0.000
"21:00",0.000,0.000,221.300,0.179,0.000,0.000
"21:15",0.000,0.000,221.200,0.166,0.000,0.000
"21:30",0.000,0.000,221.200,0.179,0.000,0.000
"21:45",0.000,0.000,221.300,0.166,0.000,0.000
"22:00",0.000,0.000,221.300,0.179,0.000,0.000
"22:15",0.000,0.000,221.400,0.179,0.000,0.000
"22:30",0.000,0.000,221.400,0.166,0.000,0.000
"22:45",0.000,0.000,221.400,0.179,0.000,0.000
"23:00",0.000,0.000,221.400,0.166,0.000,0.000
"23:15",0.000,0.000,221.400,0.179,0.000,0.000
"23:30",0.000,0.000,221.400,0.179,0.000,0.000
"23:45",0.000,0.000,221.400,0.166,0.000,0.000
" 7/21/26 24:00",0.000,0.000,221.400,0.179,0.000,0.000
