"kwh"
"Time ","AGRIM02P","AGRIM02P","AGRIM02P","AGRIM02P","AGRIM02P","AGRIM02P"
" 8/23/26 00:15",0.000,0.000,221.300,0.166,0.000,0.000
" 8/23/26 00:30",0.000,0.000,221.400,0.179,0.000,0.000
"00:45",0.000,0.000,221.400,0.166,0.000,0.000
"01:00",0.000,0.000,221.400,0.179,0.000,0.000
"01:15",0.000,0.000,221.500,0.166,0.000,0.000
"01:30",0.000,0.000,221.400,0.179,0.000,0.000
"01:45",0.000,0.000,221.500,0.179,0.000,0.000
"02:00",0.000,0.000,221.500,0.166,0.000,0.000
"02:15",0.000,0.000,221.500,0.179,0.000,0.000
"02:30",0.000,0.000,221.500,0.166,0.000,0.000
"02:45",0.000,0.000,221.600,0.179,0.000,0.000
"03:00",0.000,0.000,221.600,0.166,0.000,0.000
"03:15",0.000,0.000,221.600,0.179,0.000,0.000
"03:30",0.000,0.000,221.600,0.166,0.000,0.000
"03:45",0.000,0.000,221.600,0.179,0.000,0.000
"04:00",0.000,0.000,221.500,0.166,0.000,0.000
"04:15",0.000,0.000,221.500,0.179,0.000,0.000
"04:30",0.000,0.000,221.500,0.166,0.000,0.000
"04:45",0.000,0.000,221.600,0.179,0.000,0.000
"05:00",0.000,0.000,221.600,0.166,0.000,0.000
"05:15",0.000,0.000,221.500,0.179,0.000,0.000
"05:30",0.000,0.000,221.500,0.166,0.000,0.000
"05:45",0.000,0.000,221.600,0.179,0.000,0.000
"06:00",0.000,0.000,221.500,0.166,0.000,0.000
"06:15",0.000,0.000,221.600,0.179,0.000,0.000
"06:30",0.000,0.000,221.500,0.166,0.000,0.000
"06:45",0.000,0.000,221.600,0.179,0.000,0.000
"07:00",0.000,0.000,221.500,0.166,0.000,0.000
"07:15",0.000,0.000,221.500,0.179,0.000,0.000
"07:30",0.000,0.000,221.500,0.166,0.000,0.000
"07:45",0.000,0.000,221.500,0.179,0.000,0.000
"08:00",0.077,0.000,221.600,0.077,0.000,0.013
"08:15",0.627,0.000,221.600,0.000,0.000,0.013
"08:30",2.214,0.000,221.700,0.000,0.000,0.064
"08:45",3.661,0.000,221.800,0.000,0.000,0.051
"09:00",6.080,0.000,221.800,0.000,0.000,0.026
"09:15",9.562,0.000,221.900,0.000,0.000,0.000
"09:30",13.530,0.000,222.000,0.000,0.000,0.000
"09:45",13.658,0.000,222.000,0.000,0.000,0.000
"10:00",13.888,0.000,222.100,0.000,0.000,0.000
"10:15",12.237,0.000,222.100,0.000,0.000,0.000
"10:30",10.253,0.000,221.900,0.000,0.000,0.000
"10:45",10.573,0.000,221.800,0.000,0.000,0.013
"11:00",13.274,0.000,221.900,0.000,0.000,0.000
"11:15",13.530,0.000,221.800,0.000,0.000,0.000
"11:30",15.411,0.000,221.900,0.000,0.000,0.000
"11:45",15.898,0.000,222.000,0.000,0.000,0.000
"12:00",17.946,0.000,222.000,0.000,0.000,0.000
"12:15",19.610,0.000,222.200,0.000,0.000,0.000
"12:30",22.502,0.000,222.200,0.000,0.000,0.000
"12:45",22.029,0.000,222.200,0.000,0.000,0.000
"13:00",25.702,0.000,222.200,0.000,0.000,0.000
"13:15",20.851,0.000,222.200,0.000,0.000,0.000
"13:30",20.570,0.000,222.100,0.000,0.000,0.000
"13:45",23.334,0.000,222.200,0.000,0.000,0.000
"14:00",28.749,0.000,222.300,0.000,0.000,0.000
"14:15",34.842,0.000,222.600,0.000,0.000,0.000
"14:30",33.408,0.000,222.600,0.000,0.000,0.000
"14:45",31.834,0.000,222.500,0.000,0.000,0.000
"15:00",31.462,0.000,222.500,0.000,0.000,0.013
"15:15",29.760,0.000,222.500,0.000,0.000,0.000
"15:30",32.320,0.000,222.600,0.000,0.000,0.000
"15:45",26.035,0.000,222.500,0.000,0.000,0.307
"16:00",18.406,0.000,222.200,0.000,0.000,0.102
"16:15",14.029,0.000,222.000,0.000,0.000,0.051
"16:30",9.600,0.000,221.800,0.000,0.000,0.038
"16:45",9.382,0.000,221.800,0.000,0.000,0.064
"17:00",9.088,0.000,221.800,0.000,0.000,0.064
"17:15",6.733,0.000,221.700,0.000,0.000,0.102
"17:30",5.299,0.000,221.700,0.000,0.000,0.141
"17:45",5.171,0.000,221.800,0.000,0.000,0.141
"18:00",4.992,0.000,221.800,0.000,0.000,0.115
"18:15",4.582,0.000,221.800,0.000,0.000,0.115
"18:30",2.611,0.000,221.700,0.000,0.000,0.102
"18:45",0.512,0.000,221.600,0.000,0.000,0.000
"19:00",0.090,0.000,221.500,0.013,0.000,0.013
"19:15",0.000,0.038,221.400,0.128,0.000,0.000
"19:30",0.000,0.026,221.400,0.141,0.000,0.000
"19:45",0.000,0.000,221.300,0.179,0.000,0.000
"20:00",0.000,0.000,221.200,0.166,0.000,0.000
"20:15",0.000,0.000,221.200,0.179,0.000,0.000
"20:30",0.000,0.000,221.300,0.166,0.000,0.000
"20:45",0.000,0.000,221.300,0.179,0.000,0.000
"21:00",0.000,0.000,221.400,0.166,0.000,0.000
"21:15",0.000,0.000,221.300,0.179,0.000,0.000
"21:30",0.000,0.000,221.300,0.166,0.000,0.000
"21:45",0.000,0.000,221.300,0.179,0.000,0.000
"22:00",0.000,0.000,221.300,0.166,0.000,0.000
"22:15",0.000,0.000,221.300,0.179,0.000,0.000
"22:30",0.000,0.000,221.300,0.166,0.000,0.000
"22:45",0.000,0.000,221.200,0.179,0.000,0.000
"23:00",0.000,0.000,221.300,0.166,0.000,0.000
"23:15",0.000,0.000,221.300,0.179,0.000,0.000
"23:30",0.000,0.000,221.200,0.166,0.000,0.000
"23:45",0.000,0.000,221.200,0.179,0.000,0.000
" 8/23/26 24:00",0.000,0.000,221.300,0.166,0.000,0.000
