"kwh"
"Time ","AGRIM02P","AGRIM02P","AGRIM02P","AGRIM02P","AGRIM02P","AGRIM02P"
" 5/01/26 00:15",0.000,0.000,221.400,0.166,0.000,0.000
" 5/01/26 00:30",0.000,0.000,221.400,0.179,0.000,0.000
"00:45",0.000,0.000,221.400,0.166,0.000,0.000
"01:00",0.000,0.000,221.400,0.179,0.000,0.000
"01:15",0.000,0.000,221.500,0.166,0.000,0.000
"01:30",0.000,0.000,221.500,0.179,0.000,0.000
"01:45",0.000,0.000,221.500,0.166,0.000,0.000
"02:00",0.000,0.000,221.500,0.179,0.000,0.000
"02:15",0.000,0.000,221.500,0.166,0.000,0.000
"02:30",0.000,0.000,221.500,0.179,0.000,0.000
"02:45",0.000,0.000,221.500,0.166,0.000,0.000
"03:00",0.000,0.000,221.500,0.179,0.000,0.000
"03:15",0.000,0.000,221.500,0.166,0.000,0.000
"03:30",0.000,0.000,221.500,0.179,0.000,0.000
"03:45",0.000,0.000,221.500,0.166,0.000,0.000
"04:00",0.000,0.000,221.500,0.179,0.000,0.000
"04:15",0.000,0.000,221.600,0.166,0.000,0.000
"04:30",0.000,0.000,221.500,0.179,0.000,0.000
"04:45",0.000,0.000,221.500,0.166,0.000,0.000
"05:00",0.000,0.000,221.500,0.166,0.000,0.000
"05:15",0.000,0.000,221.500,0.179,0.000,0.000
"05:30",0.000,0.000,221.600,0.166,0.000,0.000
"05:45",0.000,0.000,221.500,0.179,0.000,0.000
"06:00",0.000,0.000,221.500,0.179,0.000,0.000
"06:15",0.000,0.000,221.500,0.166,0.000,0.000
"06:30",0.000,0.000,221.500,0.179,0.000,0.000
"06:45",0.000,0.000,221.500,0.166,0.000,0.000
"07:00",0.000,0.000,221.500,0.179,0.000,0.000
"07:15",0.000,0.000,221.500,0.166,0.000,0.000
"07:30",0.000,0.000,221.500,0.179,0.000,0.000
"07:45",0.000,0.000,221.500,0.166,0.000,0.000
"08:00",0.026,0.013,221.600,0.090,0.000,0.000
"08:15",0.858,0.000,221.700,0.000,0.000,0.051
"08:30",4.710,0.000,221.900,0.000,0.000,0.026
"08:45",14.310,0.000,222.500,0.000,0.000,0.038
"09:00",23.142,0.000,223.000,0.000,0.000,0.013
"09:15",31.437,0.000,223.300,0.000,0.000,0.013
"09:30",39.616,0.000,223.600,0.000,0.000,0.013
"09:45",47.347,0.000,224.000,0.000,0.000,0.026
"10:00",54.426,0.000,224.100,0.000,0.000,0.013
"10:15",60.954,0.000,224.100,0.000,0.000,0.013
"10:30",67.123,0.000,224.300,0.000,0.000,0.013
"10:45",72.794,0.000,224.300,0.000,0.000,0.000
"11:00",77.875,0.000,224.500,0.000,0.000,0.013
"11:15",82.291,0.000,224.400,0.000,0.000,0.013
"11:30",86.118,0.000,224.400,0.000,0.000,0.013
"11:45",89.869,0.000,224.500,0.000,0.000,0.000
"12:00",93.197,0.000,224.500,0.000,0.000,0.000
"12:15",96.230,0.000,224.500,0.000,0.000,0.013
"12:30",98.342,0.000,224.600,0.000,0.000,0.000
"12:45",100.122,0.000,224.600,0.000,0.000,0.013
"13:00",101.299,0.000,224.600,0.000,0.000,0.026
"13:15",101.965,0.000,224.700,0.000,0.000,0.038
"13:30",102.195,0.000,224.700,0.000,0.000,0.013
"13:45",102.106,0.000,224.700,0.000,0.000,0.013
"14:00",101.018,0.000,224.700,0.000,0.000,0.026
"14:15",99.571,0.000,224.800,0.000,0.000,0.026
"14:30",98.342,0.000,224.600,0.000,0.000,0.026
"14:45",96.026,0.000,224.600,0.000,0.000,0.000
"15:00",92.378,0.000,224.500,0.000,0.000,0.026
"15:15",89.318,0.000,224.500,0.000,0.000,0.000
"15:30",85.875,0.000,224.400,0.000,0.000,0.013
"15:45",81.126,0.000,224.300,0.000,0.000,0.013
"16:00",76.429,0.000,224.200,0.000,0.000,0.013
"16:15",71.130,0.000,224.200,0.000,0.000,0.013
"16:30",65.626,0.000,224.100,0.000,0.000,0.000
"16:45",58.918,0.000,224.000,0.000,0.000,0.013
"17:00",51.955,0.000,223.900,0.000,0.000,0.013
"17:15",45.427,0.000,223.700,0.000,0.000,0.013
"17:30",38.170,0.000,223.100,0.000,0.000,0.000
"17:45",30.208,0.000,222.800,0.000,0.000,0.000
"18:00",22.054,0.000,222.500,0.000,0.000,0.000
"18:15",13.158,0.000,222.300,0.000,0.000,0.026
"18:30",3.174,0.000,222.000,0.000,0.000,0.038
"18:45",0.422,0.000,221.800,0.000,0.000,0.000
"19:00",0.038,0.000,221.700,0.064,0.000,0.013
"19:15",0.000,0.051,221.600,0.128,0.000,0.000
"19:30",0.000,0.000,221.600,0.166,0.000,0.000
"19:45",0.000,0.000,221.600,0.166,0.000,0.000
"20:00",0.000,0.000,221.500,0.179,0.000,0.000
"20:15",0.000,0.000,221.500,0.179,0.000,0.000
"20:30",0.000,0.000,221.500,0.166,0.000,0.000
"20:45",0.000,0.000,221.500,0.179,0.000,0.000
"21:00",0.000,0.000,221.500,0.166,0.000,0.000
"21:15",0.000,0.000,221.500,0.179,0.000,0.000
"21:30",0.000,0.000,221.500,0.166,0.000,0.000
"21:45",0.000,0.000,221.500,0.179,0.000,0.000
"22:00",0.000,0.000,221.500,0.179,0.000,0.000
"22:15",0.000,0.000,221.500,0.166,0.000,0.000
"22:30",0.000,0.000,221.600,0.179,0.000,0.000
"22:45",0.000,0.000,221.600,0.166,0.000,0.000
"23:00",0.000,0.000,221.500,0.179,0.000,0.000
"23:15",0.000,0.000,221.500,0.166,0.000,0.000
"23:30",0.000,0.000,221.400,0.179,0.000,0.000
"23:45",0.000,0.000,221.400,0.179,0.000,0.000
" 5/01/26 24:00",0.000,0.000,221.500,0.166,0.000,0.000
