"kwh"
"Time ","AGRIM02P","AGRIM02P","AGRIM02P","AGRIM02P","AGRIM02P","AGRIM02P"
" 9/15/26 00:15",0.000,0.000,215.200,0.166,0.000,0.000
" 9/15/26 00:30",0.000,0.000,215.300,0.154,0.000,0.000
"00:45",0.000,0.000,215.500,0.166,0.000,0.000
"01:00",0.000,0.000,216.200,0.166,0.000,0.000
"01:15",0.000,0.000,216.700,0.166,0.000,0.000
"01:30",0.000,0.000,215.300,0.166,0.000,0.000
"01:45",0.000,0.000,213.900,0.154,0.000,0.000
"02:00",0.000,0.000,214.300,0.166,0.000,0.000
"02:15",0.000,0.000,214.700,0.166,0.000,0.000
"02:30",0.000,0.000,214.800,0.154,0.000,0.000
"02:45",0.000,0.000,215.300,0.166,0.000,0.000
"03:00",0.000,0.000,215.400,0.166,0.000,0.000
"03:15",0.000,0.000,216.000,0.166,0.000,0.000
"03:30",0.000,0.000,215.700,0.166,0.000,0.000
"03:45",0.000,0.000,215.900,0.166,0.000,0.000
"04:00",0.000,0.000,215.700,0.154,0.000,0.000
"04:15",0.000,0.000,215.700,0.166,0.000,0.000
"04:30",0.000,0.000,215.600,0.166,0.000,0.000
"04:45",0.000,0.000,215.700,0.166,0.000,0.000
"05:00",0.000,0.000,215.800,0.154,0.000,0.000
"05:15",0.000,0.000,216.600,0.166,0.000,0.000
"05:30",0.000,0.000,216.500,0.166,0.000,0.000
"05:45",0.000,0.000,216.400,0.166,0.000,0.000
"06:00",0.000,0.000,216.200,0.166,0.000,0.000
"06:15",0.000,0.000,215.900,0.166,0.000,0.000
"06:30",0.000,0.000,216.900,0.166,0.000,0.000
"06:45",0.000,0.000,216.100,0.166,0.000,0.000
"07:00",0.000,0.000,215.900,0.154,0.000,0.000
"07:15",0.000,0.000,215.800,0.166,0.000,0.000
"07:30",0.128,0.000,216.900,0.013,0.000,0.000
"07:45",2.086,0.000,217.500,0.000,0.000,0.000
"08:00",7.373,0.000,217.800,0.000,0.000,0.000
"08:15",12.493,0.000,217.500,0.000,0.000,0.000
"08:30",24.269,0.000,217.500,0.000,0.000,0.000
"08:45",34.355,0.000,217.600,0.000,0.000,0.000
"09:00",37.107,0.000,217.400,0.000,0.000,0.000
"09:15",45.722,0.000,217.600,0.000,0.000,0.000
"09:30",59.878,0.000,217.100,0.000,0.000,0.000
"09:45",69.811,0.000,216.900,0.000,0.000,0.000
"10:00",78.259,0.000,216.800,0.000,0.000,0.000
"10:15",84.890,0.000,217.000,0.000,0.000,0.000
"10:30",90.906,0.000,217.000,0.000,0.000,0.000
"10:45",96.422,0.000,217.000,0.000,0.000,0.000
"11:00",101.414,0.000,216.800,0.000,0.000,0.000
"11:15",106.202,0.000,216.600,0.000,0.000,0.000
"11:30",108.326,0.000,216.700,0.000,0.000,0.000
"11:45",111.501,0.000,216.500,0.000,0.000,0.000
"12:00",113.216,0.000,217.200,0.000,0.000,0.000
"12:15",113.766,0.000,217.400,0.000,0.000,0.064
"12:30",113.792,0.000,217.100,0.000,0.000,0.000
"12:45",114.266,0.000,218.000,0.000,0.000,0.000
"13:00",114.611,0.000,218.700,0.000,0.000,0.000
"13:15",114.675,0.000,218.900,0.000,0.000,0.000
"13:30",114.406,0.000,218.300,0.000,0.000,0.000
"13:45",114.163,0.000,218.100,0.000,0.000,0.000
"14:00",114.637,0.000,218.200,0.000,0.000,0.000
"14:15",114.586,0.000,218.300,0.000,0.000,0.000
"14:30",114.560,0.000,218.400,0.000,0.000,0.000
"14:45",114.163,0.000,218.600,0.000,0.000,0.000
"15:00",112.589,0.000,218.800,0.000,0.000,0.000
"15:15",110.106,0.000,218.700,0.000,0.000,0.000
"15:30",106.445,0.000,219.000,0.000,0.000,0.000
"15:45",101.939,0.000,218.700,0.000,0.000,0.000
"16:00",97.037,0.000,217.400,0.000,0.000,0.000
"16:15",91.750,0.000,217.000,0.000,0.000,0.013
"16:30",85.222,0.000,216.900,0.000,0.000,0.000
"16:45",78.835,0.000,216.900,0.000,0.000,0.000
"17:00",71.706,0.000,217.100,0.000,0.000,0.000
"17:15",63.987,0.000,217.100,0.000,0.000,0.000
"17:30",55.270,0.000,216.800,0.000,0.000,0.000
"17:45",47.398,0.000,217.000,0.000,0.000,0.000
"18:00",39.130,0.000,219.500,0.000,0.000,0.000
"18:15",31.296,0.000,225.100,0.000,0.000,0.000
"18:30",13.978,0.000,223.400,0.000,0.000,0.013
"18:45",7.424,0.000,222.900,0.000,0.000,0.051
"19:00",3.789,0.000,222.400,0.000,0.000,0.064
"19:15",0.640,0.000,221.700,0.000,0.000,0.038
"19:30",0.064,0.026,221.400,0.038,0.000,0.013
"19:45",0.000,0.038,221.600,0.128,0.000,0.000
"20:00",0.000,0.000,221.500,0.179,0.000,0.000
"20:15",0.000,0.000,221.000,0.166,0.000,0.000
"20:30",0.000,0.000,220.800,0.166,0.000,0.000
"20:45",0.000,0.000,221.700,0.179,0.000,0.000
"21:00",0.000,0.000,222.300,0.166,0.000,0.000
"21:15",0.000,0.000,222.500,0.179,0.000,0.000
"21:30",0.000,0.000,222.400,0.179,0.000,0.000
"21:45",0.000,0.000,222.700,0.166,0.000,0.000
"22:00",0.000,0.000,222.900,0.179,0.000,0.000
"22:15",0.000,0.000,223.300,0.179,0.000,0.000
"22:30",0.000,0.000,223.300,0.179,0.000,0.000
"22:45",0.000,0.000,223.600,0.166,0.000,0.000
"23:00",0.000,0.000,223.400,0.179,0.000,0.000
"23:15",0.000,0.000,217.300,0.166,0.000,0.000
"23:30",0.000,0.000,215.700,0.166,0.000,0.000
"23:45",0.000,0.000,214.500,0.154,0.000,0.000
" 9/15/26 24:00",0.000,0.000,214.900,0.166,0.000,0.000
