"kwh"
"Time ","AGRIM02P","AGRIM02P","AGRIM02P","AGRIM02P","AGRIM02P","AGRIM02P"
" 5/14/26 00:15",0.000,0.000,221.600,0.166,0.000,0.000
" 5/14/26 00:30",0.000,0.000,221.700,0.179,0.000,0.000
"00:45",0.000,0.000,221.600,0.166,0.000,0.000
"01:00",0.000,0.000,221.600,0.179,0.000,0.000
"01:15",0.000,0.000,221.600,0.166,0.000,0.000
"01:30",0.000,0.000,221.600,0.179,0.000,0.000
"01:45",0.000,0.000,221.500,0.166,0.000,0.000
"02:00",0.000,0.000,221.500,0.179,0.000,0.000
"02:15",0.000,0.000,221.400,0.166,0.000,0.000
"02:30",0.000,0.000,221.400,0.179,0.000,0.000
"02:45",0.000,0.000,221.500,0.166,0.000,0.000
"03:00",0.000,0.000,221.500,0.179,0.000,0.000
"03:15",0.000,0.000,221.500,0.179,0.000,0.000
"03:30",0.000,0.000,221.500,0.166,0.000,0.000
"03:45",0.000,0.000,221.400,0.166,0.000,0.000
"04:00",0.000,0.000,221.400,0.179,0.000,0.000
"04:15",0.000,0.000,221.500,0.166,0.000,0.000
"04:30",0.000,0.000,221.500,0.179,0.000,0.000
"04:45",0.000,0.000,221.500,0.166,0.000,0.000
"05:00",0.000,0.000,221.500,0.179,0.000,0.000
"05:15",0.000,0.000,221.500,0.166,0.000,0.000
"05:30",0.000,0.000,221.500,0.179,0.000,0.000
"05:45",0.000,0.000,221.500,0.179,0.000,0.000
"06:00",0.000,0.000,221.500,0.166,0.000,0.000
"06:15",0.000,0.000,221.500,0.179,0.000,0.000
"06:30",0.000,0.000,221.500,0.166,0.000,0.000
"06:45",0.000,0.000,221.500,0.179,0.000,0.000
"07:00",0.000,0.000,221.500,0.166,0.000,0.000
"07:15",0.000,0.000,221.500,0.179,0.000,0.000
"07:30",0.000,0.000,221.400,0.166,0.000,0.000
"07:45",0.000,0.000,221.400,0.179,0.000,0.000
"08:00",0.000,0.000,221.400,0.166,0.000,0.000
"08:15",0.026,0.000,221.300,0.128,0.000,0.000
"08:30",0.589,0.000,221.500,0.000,0.000,0.013
"08:45",2.304,0.000,220.800,0.000,0.000,0.064
"09:00",4.326,0.000,220.600,0.000,0.000,0.051
"09:15",7.770,0.000,220.300,0.000,0.000,0.026
"09:30",15.603,0.000,220.700,0.000,0.000,0.000
"09:45",34.509,0.000,221.600,0.000,0.000,0.000
"10:00",28.531,0.000,221.300,0.000,0.000,0.000
"10:15",32.115,0.000,221.500,0.000,0.000,0.000
"10:30",36.595,0.000,221.400,0.000,0.000,0.000
"10:45",31.232,0.000,221.100,0.000,0.000,0.000
"11:00",28.147,0.000,221.100,0.000,0.000,0.000
"11:15",48.845,0.000,221.800,0.000,0.000,0.000
"11:30",30.912,0.000,221.500,0.000,0.000,0.000
"11:45",86.451,0.000,222.400,0.000,0.000,0.000
"12:00",80.230,0.000,222.700,0.000,0.000,0.000
"12:15",72.282,0.000,223.200,0.000,0.000,0.000
"12:30",98.048,0.000,223.700,0.000,0.000,0.000
"12:45",103.667,0.000,223.700,0.000,0.000,0.000
"13:00",91.853,0.000,223.300,0.000,0.000,0.000
"13:15",73.254,0.000,222.700,0.000,0.000,0.000
"13:30",83.699,0.000,223.400,0.000,0.000,0.000
"13:45",92.390,0.000,223.600,0.000,0.000,0.000
"14:00",107.776,0.000,223.900,0.000,0.000,0.000
"14:15",104.730,0.000,223.900,0.000,0.000,0.000
"14:30",98.189,0.000,223.800,0.000,0.000,0.000
"14:45",98.970,0.000,223.800,0.000,0.000,0.026
"15:00",89.357,0.000,223.600,0.000,0.000,0.000
"15:15",93.235,0.000,223.600,0.000,0.000,0.000
"15:30",88.384,0.000,223.600,0.000,0.000,0.000
"15:45",84.582,0.000,223.600,0.000,0.000,0.000
"16:00",78.630,0.000,223.600,0.000,0.000,0.000
"16:15",53.939,0.000,223.100,0.000,0.000,0.013
"16:30",59.456,0.000,223.600,0.000,0.000,0.000
"16:45",60.480,0.000,223.600,0.000,0.000,0.000
"17:00",52.685,0.000,223.500,0.000,0.000,0.000
"17:15",44.634,0.000,223.300,0.000,0.000,0.000
"17:30",36.698,0.000,223.000,0.000,0.000,0.000
"17:45",26.317,0.000,222.600,0.000,0.000,0.000
"18:00",15.821,0.000,222.300,0.000,0.000,0.038
"18:15",2.714,0.000,221.900,0.000,0.000,0.038
"18:30",0.883,0.000,221.700,0.000,0.000,0.000
"18:45",0.077,0.013,221.500,0.051,0.000,0.000
"19:00",0.000,0.038,221.400,0.115,0.000,0.000
"19:15",0.000,0.013,221.300,0.154,0.000,0.000
"19:30",0.000,0.000,221.300,0.179,0.000,0.000
"19:45",0.000,0.000,221.300,0.179,0.000,0.000
"20:00",0.000,0.000,221.200,0.166,0.000,0.000
"20:15",0.000,0.000,221.200,0.179,0.000,0.000
"20:30",0.000,0.000,221.200,0.166,0.000,0.000
"20:45",0.000,0.000,221.300,0.179,0.000,0.000
"21:00",0.000,0.000,221.200,0.166,0.000,0.000
"21:15",0.000,0.000,221.300,0.179,0.000,0.000
"21:30",0.000,0.000,221.300,0.179,0.000,0.000
"21:45",0.000,0.000,221.300,0.166,0.000,0.000
"22:00",0.000,0.000,221.400,0.179,0.000,0.000
"22:15",0.000,0.000,221.600,0.179,0.000,0.000
"22:30",0.000,0.000,221.500,0.166,0.000,0.000
"22:45",0.000,0.000,221.500,0.179,0.000,0.000
"23:00",0.000,0.000,221.600,0.179,0.000,0.000
"23:15",0.000,0.000,221.500,0.166,0.000,0.000
"23:30",0.000,0.000,221.500,0.179,0.000,0.000
"23:45",0.000,0.000,221.500,0.166,0.000,0.000
" 5/14/26 24:00",0.000,0.000,221.600,0.179,0.000,0.000
