"kwh"
"Time ","AGRIM02P","AGRIM02P","AGRIM02P","AGRIM02P","AGRIM02P","AGRIM02P"
" 5/21/26 00:15",0.000,0.000,221.400,0.179,0.000,0.000
" 5/21/26 00:30",0.000,0.000,221.500,0.166,0.000,0.000
"00:45",0.000,0.000,221.500,0.179,0.000,0.000
"01:00",0.000,0.000,221.600,0.166,0.000,0.000
"01:15",0.000,0.000,221.600,0.179,0.000,0.000
"01:30",0.000,0.000,221.600,0.166,0.000,0.000
"01:45",0.000,0.000,221.600,0.179,0.000,0.000
"02:00",0.000,0.000,221.600,0.179,0.000,0.000
"02:15",0.000,0.000,221.700,0.166,0.000,0.000
"02:30",0.000,0.000,221.600,0.179,0.000,0.000
"02:45",0.000,0.000,221.600,0.166,0.000,0.000
"03:00",0.000,0.000,221.600,0.179,0.000,0.000
"03:15",0.000,0.000,221.600,0.166,0.000,0.000
"03:30",0.000,0.000,221.600,0.179,0.000,0.000
"03:45",0.000,0.000,221.600,0.166,0.000,0.000
"04:00",0.000,0.000,221.600,0.179,0.000,0.000
"04:15",0.000,0.000,221.600,0.166,0.000,0.000
"04:30",0.000,0.000,221.600,0.179,0.000,0.000
"04:45",0.000,0.000,221.600,0.166,0.000,0.000
"05:00",0.000,0.000,221.600,0.179,0.000,0.000
"05:15",0.000,0.000,221.600,0.166,0.000,0.000
"05:30",0.000,0.000,221.600,0.179,0.000,0.000
"05:45",0.000,0.000,221.600,0.166,0.000,0.000
"06:00",0.000,0.000,221.600,0.179,0.000,0.000
"06:15",0.000,0.000,221.600,0.166,0.000,0.000
"06:30",0.000,0.000,221.600,0.179,0.000,0.000
"06:45",0.000,0.000,221.500,0.166,0.000,0.000
"07:00",0.000,0.000,221.600,0.179,0.000,0.000
"07:15",0.000,0.000,221.600,0.166,0.000,0.000
"07:30",0.000,0.000,221.500,0.179,0.000,0.000
"07:45",0.000,0.000,221.500,0.166,0.000,0.000
"08:00",0.000,0.000,221.500,0.179,0.000,0.000
"08:15",0.000,0.000,221.500,0.166,0.000,0.000
"08:30",0.179,0.000,221.500,0.013,0.000,0.026
"08:45",0.998,0.000,221.500,0.000,0.000,0.077
"09:00",1.869,0.000,221.400,0.000,0.000,0.038
"09:15",3.302,0.000,221.500,0.000,0.000,0.051
"09:30",3.968,0.000,221.500,0.000,0.000,0.051
"09:45",5.734,0.000,221.600,0.000,0.000,0.051
"10:00",7.219,0.000,221.700,0.000,0.000,0.013
"10:15",11.213,0.000,221.900,0.000,0.000,0.000
"10:30",20.032,0.000,222.100,0.000,0.000,0.000
"10:45",23.424,0.000,222.300,0.000,0.000,0.000
"11:00",31.578,0.000,222.500,0.000,0.000,0.000
"11:15",37.350,0.000,222.700,0.000,0.000,0.000
"11:30",26.176,0.000,222.400,0.000,0.000,0.000
"11:45",24.730,0.000,222.400,0.000,0.000,0.000
"12:00",23.206,0.000,222.400,0.000,0.000,0.000
"12:15",23.552,0.000,222.400,0.000,0.000,0.000
"12:30",23.757,0.000,222.400,0.000,0.000,0.000
"12:45",27.328,0.000,222.500,0.000,0.000,0.000
"13:00",32.934,0.000,222.600,0.000,0.000,0.000
"13:15",36.928,0.000,222.800,0.000,0.000,0.000
"13:30",41.408,0.000,222.900,0.000,0.000,0.000
"13:45",42.394,0.000,222.900,0.000,0.000,0.000
"14:00",37.210,0.000,222.900,0.000,0.000,0.000
"14:15",35.546,0.000,222.800,0.000,0.000,0.000
"14:30",34.342,0.000,222.800,0.000,0.000,0.000
"14:45",32.358,0.000,222.800,0.000,0.000,0.000
"15:00",34.445,0.000,222.700,0.000,0.000,0.000
"15:15",39.078,0.000,222.900,0.000,0.000,0.000
"15:30",31.117,0.000,222.700,0.000,0.000,0.000
"15:45",28.685,0.000,222.600,0.000,0.000,0.000
"16:00",25.203,0.000,222.500,0.000,0.000,0.000
"16:15",25.267,0.000,222.500,0.000,0.000,0.000
"16:30",24.026,0.000,222.400,0.000,0.000,0.000
"16:45",22.182,0.000,222.400,0.000,0.000,0.000
"17:00",20.710,0.000,222.300,0.000,0.000,0.000
"17:15",18.342,0.000,222.300,0.000,0.000,0.000
"17:30",12.211,0.000,222.200,0.000,0.000,0.026
"17:45",8.141,0.000,221.900,0.000,0.000,0.026
"18:00",5.274,0.000,221.900,0.000,0.000,0.064
"18:15",3.110,0.000,221.800,0.000,0.000,0.077
"18:30",0.435,0.000,221.600,0.000,0.000,0.026
"18:45",0.051,0.026,221.600,0.051,0.000,0.013
"19:00",0.000,0.038,221.600,0.128,0.000,0.000
"19:15",0.000,0.013,221.500,0.166,0.000,0.000
"19:30",0.000,0.000,221.300,0.166,0.000,0.000
"19:45",0.000,0.000,221.300,0.179,0.000,0.000
"20:00",0.000,0.000,221.400,0.166,0.000,0.000
"20:15",0.000,0.000,221.400,0.179,0.000,0.000
"20:30",0.000,0.000,221.400,0.179,0.000,0.000
"20:45",0.000,0.000,221.400,0.166,0.000,0.000
"21:00",0.000,0.000,221.400,0.179,0.000,0.000
"21:15",0.000,0.000,221.300,0.179,0.000,0.000
"21:30",0.000,0.000,221.400,0.166,0.000,0.000
"21:45",0.000,0.000,221.400,0.179,0.000,0.000
"22:00",0.000,0.000,221.400,0.179,0.000,0.000
"22:15",0.000,0.000,221.400,0.166,0.000,0.000
"22:30",0.000,0.000,221.400,0.179,0.000,0.000
"22:45",0.000,0.000,221.500,0.166,0.000,0.000
"23:00",0.000,0.000,221.400,0.179,0.000,0.000
"23:15",0.000,0.000,221.500,0.179,0.000,0.000
"23:30",0.000,0.000,221.500,0.166,0.000,0.000
"23:45",0.000,0.000,221.600,0.179,0.000,0.000
" 5/21/26 24:00",0.000,0.000,221.700,0.166,0.000,0.000
