"kwh"
"Time ","AGRIM02P","AGRIM02P","AGRIM02P","AGRIM02P","AGRIM02P","AGRIM02P"
" 5/19/26 00:15",0.000,0.000,221.400,0.166,0.000,0.000
" 5/19/26 00:30",0.000,0.000,221.400,0.179,0.000,0.000
"00:45",0.000,0.000,221.400,0.166,0.000,0.000
"01:00",0.000,0.000,221.500,0.179,0.000,0.000
"01:15",0.000,0.000,221.500,0.166,0.000,0.000
"01:30",0.000,0.000,221.500,0.179,0.000,0.000
"01:45",0.000,0.000,221.500,0.179,0.000,0.000
"02:00",0.000,0.000,221.500,0.166,0.000,0.000
"02:15",0.000,0.000,221.600,0.179,0.000,0.000
"02:30",0.000,0.000,221.600,0.166,0.000,0.000
"02:45",0.000,0.000,221.600,0.179,0.000,0.000
"03:00",0.000,0.000,221.500,0.179,0.000,0.000
"03:15",0.000,0.000,221.500,0.166,0.000,0.000
"03:30",0.000,0.000,221.500,0.179,0.000,0.000
"03:45",0.000,0.000,221.500,0.166,0.000,0.000
"04:00",0.000,0.000,221.500,0.179,0.000,0.000
"04:15",0.000,0.000,221.500,0.166,0.000,0.000
"04:30",0.000,0.000,221.400,0.179,0.000,0.000
"04:45",0.000,0.000,221.500,0.166,0.000,0.000
"05:00",0.000,0.000,221.400,0.179,0.000,0.000
"05:15",0.000,0.000,221.400,0.166,0.000,0.000
"05:30",0.000,0.000,221.500,0.179,0.000,0.000
"05:45",0.000,0.000,221.500,0.166,0.000,0.000
"06:00",0.000,0.000,221.500,0.179,0.000,0.000
"06:15",0.000,0.000,221.400,0.166,0.000,0.000
"06:30",0.000,0.000,221.400,0.179,0.000,0.000
"06:45",0.000,0.000,221.300,0.166,0.000,0.000
"07:00",0.000,0.000,221.400,0.179,0.000,0.000
"07:15",0.000,0.000,221.400,0.166,0.000,0.000
"07:30",0.000,0.000,221.400,0.179,0.000,0.000
"07:45",0.000,0.000,221.300,0.166,0.000,0.000
"08:00",0.000,0.000,221.300,0.179,0.000,0.000
"08:15",0.051,0.013,221.200,0.013,0.000,0.000
"08:30",0.960,0.000,221.300,0.000,0.000,0.013
"08:45",6.784,0.000,221.500,0.000,0.000,0.013
"09:00",17.971,0.000,221.900,0.000,0.000,0.000
"09:15",31.821,0.000,222.400,0.000,0.000,0.000
"09:30",41.088,0.000,222.600,0.000,0.000,0.000
"09:45",49.408,0.000,222.600,0.000,0.000,0.000
"10:00",57.318,0.000,222.900,0.000,0.000,0.000
"10:15",64.640,0.000,223.100,0.000,0.000,0.000
"10:30",71.181,0.000,223.200,0.000,0.000,0.000
"10:45",76.966,0.000,223.200,0.000,0.000,0.000
"11:00",82.266,0.000,223.300,0.000,0.000,0.000
"11:15",87.322,0.000,223.400,0.000,0.000,0.000
"11:30",91.750,0.000,223.400,0.000,0.000,0.000
"11:45",95.578,0.000,223.500,0.000,0.000,0.000
"12:00",99.290,0.000,223.600,0.000,0.000,0.000
"12:15",102.246,0.000,223.700,0.000,0.000,0.000
"12:30",104.410,0.000,223.700,0.000,0.000,0.000
"12:45",106.394,0.000,223.700,0.000,0.000,0.000
"13:00",107.738,0.000,223.600,0.000,0.000,0.000
"13:15",108.326,0.000,223.700,0.000,0.000,0.000
"13:30",109.184,0.000,223.700,0.000,0.000,0.000
"13:45",109.005,0.000,223.700,0.000,0.000,0.000
"14:00",107.558,0.000,223.600,0.000,0.000,0.000
"14:15",106.714,0.000,223.500,0.000,0.000,0.000
"14:30",104.589,0.000,223.500,0.000,0.000,0.000
"14:45",101.926,0.000,223.600,0.000,0.000,0.000
"15:00",98.995,0.000,223.800,0.000,0.000,0.013
"15:15",96.051,0.000,223.800,0.000,0.000,0.000
"15:30",91.789,0.000,224.000,0.000,0.000,0.000
"15:45",86.656,0.000,224.100,0.000,0.000,0.013
"16:00",81.434,0.000,224.100,0.000,0.000,0.026
"16:15",76.019,0.000,224.000,0.000,0.000,0.013
"16:30",70.003,0.000,223.900,0.000,0.000,0.000
"16:45",63.142,0.000,223.700,0.000,0.000,0.000
"17:00",55.782,0.000,223.600,0.000,0.000,0.000
"17:15",47.757,0.000,223.500,0.000,0.000,0.000
"17:30",39.270,0.000,223.100,0.000,0.000,0.000
"17:45",30.413,0.000,222.800,0.000,0.000,0.013
"18:00",14.208,0.000,222.400,0.000,0.000,0.064
"18:15",3.238,0.000,221.800,0.000,0.000,0.064
"18:30",0.550,0.000,221.600,0.000,0.000,0.013
"18:45",0.090,0.013,221.500,0.051,0.000,0.013
"19:00",0.000,0.038,221.400,0.128,0.000,0.000
"19:15",0.000,0.013,221.400,0.154,0.000,0.000
"19:30",0.000,0.000,221.500,0.179,0.000,0.000
"19:45",0.000,0.000,221.400,0.166,0.000,0.000
"20:00",0.000,0.000,221.500,0.179,0.000,0.000
"20:15",0.000,0.000,221.400,0.166,0.000,0.000
"20:30",0.000,0.000,221.300,0.179,0.000,0.000
"20:45",0.000,0.000,221.300,0.166,0.000,0.000
"21:00",0.000,0.000,221.400,0.179,0.000,0.000
"21:15",0.000,0.000,221.400,0.166,0.000,0.000
"21:30",0.000,0.000,221.400,0.179,0.000,0.000
"21:45",0.000,0.000,221.400,0.179,0.000,0.000
"22:00",0.000,0.000,221.400,0.166,0.000,0.000
"22:15",0.000,0.000,221.400,0.179,0.000,0.000
"22:30",0.000,0.000,221.300,0.166,0.000,0.000
"22:45",0.000,0.000,221.400,0.179,0.000,0.000
"23:00",0.000,0.000,221.300,0.179,0.000,0.000
"23:15",0.000,0.000,221.400,0.166,0.000,0.000
"23:30",0.000,0.000,221.400,0.179,0.000,0.000
"23:45",0.000,0.000,221.600,0.179,0.000,0.000
" 5/19/26 24:00",0.000,0.000,221.600,0.166,0.000,0.000
