"kwh"
"Time ","AGRIM02P","AGRIM02P","AGRIM02P","AGRIM02P","AGRIM02P","AGRIM02P"
" 1/01/26 00:15",0.000,0.000,221.500,0.192,0.000,0.000
" 1/01/26 00:30",0.000,0.000,221.500,0.179,0.000,0.000
"00:45",0.000,0.000,221.600,0.192,0.000,0.000
"01:00",0.000,0.000,221.600,0.179,0.000,0.000
"01:15",0.000,0.000,221.500,0.179,0.000,0.000
"01:30",0.000,0.000,221.500,0.179,0.000,0.000
"01:45",0.000,0.000,221.500,0.192,0.000,0.000
"02:00",0.000,0.000,221.500,0.179,0.000,0.000
"02:15",0.000,0.000,221.500,0.179,0.000,0.000
"02:30",0.000,0.000,221.500,0.192,0.000,0.000
"02:45",0.000,0.000,221.500,0.179,0.000,0.000
"03:00",0.000,0.000,221.500,0.192,0.000,0.000
"03:15",0.000,0.000,221.600,0.179,0.000,0.000
"03:30",0.000,0.000,221.500,0.179,0.000,0.000
"03:45",0.000,0.000,221.500,0.192,0.000,0.000
"04:00",0.000,0.000,221.500,0.179,0.000,0.000
"04:15",0.000,0.000,221.500,0.179,0.000,0.000
"04:30",0.000,0.000,221.500,0.192,0.000,0.000
"04:45",0.000,0.000,221.500,0.179,0.000,0.000
"05:00",0.000,0.000,221.500,0.192,0.000,0.000
"05:15",0.000,0.000,221.600,0.179,0.000,0.000
"05:30",0.000,0.000,221.600,0.192,0.000,0.000
"05:45",0.000,0.000,221.500,0.179,0.000,0.000
"06:00",0.000,0.000,221.500,0.192,0.000,0.000
"06:15",0.000,0.000,221.500,0.179,0.000,0.000
"06:30",0.051,0.000,221.600,0.102,0.000,0.000
"06:45",0.525,0.000,221.600,0.000,0.000,0.051
"07:00",1.088,0.000,221.800,0.000,0.000,0.038
"07:15",1.818,0.000,222.000,0.000,0.000,0.051
"07:30",3.802,0.000,222.300,0.000,0.000,0.051
"07:45",7.782,0.000,222.500,0.000,0.000,0.026
"08:00",14.208,0.000,222.800,0.000,0.000,0.000
"08:15",21.491,0.000,223.400,0.000,0.000,0.000
"08:30",29.312,0.000,223.600,0.000,0.000,0.013
"08:45",36.992,0.000,223.800,0.000,0.000,0.000
"09:00",44.301,0.000,223.900,0.000,0.000,0.000
"09:15",51.405,0.000,224.100,0.000,0.000,0.000
"09:30",58.086,0.000,224.200,0.000,0.000,0.013
"09:45",64.384,0.000,224.300,0.000,0.000,0.000
"10:00",70.515,0.000,224.400,0.000,0.000,0.013
"10:15",76.096,0.000,224.400,0.000,0.000,0.000
"10:30",81.165,0.000,224.500,0.000,0.000,0.013
"10:45",85.862,0.000,224.500,0.000,0.000,0.000
"11:00",89.446,0.000,224.600,0.000,0.000,0.013
"11:15",92.941,0.000,224.600,0.000,0.000,0.000
"11:30",96.218,0.000,224.700,0.000,0.000,0.000
"11:45",98.867,0.000,224.800,0.000,0.000,0.013
"12:00",100.582,0.000,224.800,0.000,0.000,0.000
"12:15",102.400,0.000,224.900,0.000,0.000,0.026
"12:30",103.565,0.000,224.900,0.000,0.000,0.013
"12:45",103.923,0.000,224.800,0.000,0.000,0.000
"13:00",104.205,0.000,224.800,0.000,0.000,0.013
"13:15",104.243,0.000,224.800,0.000,0.000,0.013
"13:30",104.320,0.000,224.700,0.000,0.000,0.000
"13:45",104.269,0.000,224.800,0.000,0.000,0.013
"14:00",103.987,0.000,224.800,0.000,0.000,0.013
"14:15",103.808,0.000,224.800,0.000,0.000,0.013
"14:30",103.322,0.000,224.800,0.000,0.000,0.013
"14:45",101.965,0.000,224.800,0.000,0.000,0.013
"15:00",99.891,0.000,224.800,0.000,0.000,0.013
"15:15",97.459,0.000,224.700,0.000,0.000,0.013
"15:30",94.899,0.000,224.700,0.000,0.000,0.013
"15:45",91.366,0.000,224.600,0.000,0.000,0.013
"16:00",87.770,0.000,224.600,0.000,0.000,0.026
"16:15",83.814,0.000,224.600,0.000,0.000,0.026
"16:30",79.962,0.000,224.500,0.000,0.000,0.013
"16:45",74.867,0.000,224.500,0.000,0.000,0.013
"17:00",69.875,0.000,224.300,0.000,0.000,0.038
"17:15",64.832,0.000,224.300,0.000,0.000,0.026
"17:30",58.598,0.000,224.200,0.000,0.000,0.038
"17:45",52.800,0.000,224.300,0.000,0.000,0.064
"18:00",46.438,0.000,224.100,0.000,0.000,0.051
"18:15",39.667,0.000,223.900,0.000,0.000,0.038
"18:30",32.666,0.000,223.800,0.000,0.000,0.038
"18:45",25.510,0.000,223.600,0.000,0.000,0.038
"19:00",18.458,0.000,223.300,0.000,0.000,0.051
"19:15",12.058,0.000,222.900,0.000,0.000,0.038
"19:30",6.886,0.000,222.500,0.000,0.000,0.051
"19:45",3.482,0.000,222.100,0.000,0.000,0.115
"20:00",1.920,0.000,221.900,0.000,0.000,0.128
"20:15",1.126,0.000,221.700,0.000,0.000,0.013
"20:30",0.384,0.000,221.600,0.000,0.000,0.026
"20:45",0.026,0.038,221.500,0.051,0.000,0.000
"21:00",0.000,0.038,221.500,0.128,0.000,0.000
"21:15",0.000,0.013,221.400,0.166,0.000,0.000
"21:30",0.000,0.000,221.400,0.192,0.000,0.000
"21:45",0.000,0.000,221.500,0.179,0.000,0.000
"22:00",0.000,0.000,221.500,0.179,0.000,0.000
"22:15",0.000,0.000,221.500,0.192,0.000,0.000
"22:30",0.000,0.000,221.500,0.179,0.000,0.000
"22:45",0.000,0.000,221.600,0.179,0.000,0.000
"23:00",0.000,0.000,221.600,0.192,0.000,0.000
"23:15",0.000,0.000,221.500,0.179,0.000,0.000
"23:30",0.000,0.000,221.400,0.192,0.000,0.000
"23:45",0.000,0.000,221.400,0.179,0.000,0.000
" 1/01/26 24:00",0.000,0.000,221.400,0.179,0.000,0.000
