"kwh"
"Time ","AGRIM02P","AGRIM02P","AGRIM02P","AGRIM02P","AGRIM02P","AGRIM02P"
" 8/11/26 00:15",0.000,0.000,223.500,0.179,0.000,0.000
" 8/11/26 00:30",0.000,0.000,223.400,0.179,0.000,0.000
"00:45",0.000,0.000,223.500,0.166,0.000,0.000
"01:00",0.000,0.000,223.500,0.179,0.000,0.000
"01:15",0.000,0.000,223.500,0.179,0.000,0.000
"01:30",0.000,0.000,223.500,0.179,0.000,0.000
"01:45",0.000,0.000,223.600,0.179,0.000,0.000
"02:00",0.000,0.000,223.600,0.166,0.000,0.000
"02:15",0.000,0.000,223.600,0.179,0.000,0.000
"02:30",0.000,0.000,223.600,0.179,0.000,0.000
"02:45",0.000,0.000,223.600,0.179,0.000,0.000
"03:00",0.000,0.000,223.600,0.166,0.000,0.000
"03:15",0.000,0.000,223.700,0.179,0.000,0.000
"03:30",0.000,0.000,223.700,0.179,0.000,0.000
"03:45",0.000,0.000,223.700,0.179,0.000,0.000
"04:00",0.000,0.000,223.600,0.166,0.000,0.000
"04:15",0.000,0.000,223.600,0.179,0.000,0.000
"04:30",0.000,0.000,223.600,0.179,0.000,0.000
"04:45",0.000,0.000,223.600,0.179,0.000,0.000
"05:00",0.000,0.000,223.600,0.166,0.000,0.000
"05:15",0.000,0.000,223.700,0.179,0.000,0.000
"05:30",0.000,0.000,223.600,0.179,0.000,0.000
"05:45",0.000,0.000,223.600,0.179,0.000,0.000
"06:00",0.000,0.000,223.600,0.166,0.000,0.000
"06:15",0.000,0.000,222.300,0.179,0.000,0.000
"06:30",0.000,0.000,221.700,0.179,0.000,0.000
"06:45",0.000,0.000,221.700,0.166,0.000,0.000
"07:00",0.000,0.000,221.700,0.179,0.000,0.000
"07:15",0.000,0.000,221.600,0.166,0.000,0.000
"07:30",0.000,0.000,221.600,0.179,0.000,0.000
"07:45",0.000,0.000,221.600,0.166,0.000,0.000
"08:00",0.000,0.000,221.600,0.166,0.000,0.000
"08:15",0.282,0.013,221.600,0.000,0.013,0.013
"08:30",2.086,0.000,221.800,0.000,0.000,0.038
"08:45",12.506,0.000,222.200,0.000,0.000,0.000
"09:00",10.163,0.000,222.100,0.000,0.000,0.000
"09:15",12.288,0.000,222.100,0.000,0.000,0.000
"09:30",18.202,0.000,222.300,0.000,0.000,0.000
"09:45",18.739,0.000,222.300,0.000,0.000,0.000
"10:00",46.950,0.000,223.300,0.000,0.000,0.000
"10:15",57.011,0.000,223.700,0.000,0.000,0.000
"10:30",68.480,0.000,223.900,0.000,0.000,0.000
"10:45",76.890,0.000,224.000,0.000,0.000,0.000
"11:00",59.469,0.000,223.600,0.000,0.000,0.000
"11:15",77.530,0.000,223.900,0.000,0.000,0.000
"11:30",83.686,0.000,224.100,0.000,0.000,0.000
"11:45",79.834,0.000,224.000,0.000,0.000,0.000
"12:00",88.627,0.000,224.200,0.000,0.000,0.000
"12:15",89.062,0.000,224.200,0.000,0.000,0.000
"12:30",82.688,0.000,223.900,0.000,0.000,0.000
"12:45",102.861,0.000,224.300,0.000,0.000,0.000
"13:00",103.488,0.000,224.300,0.000,0.000,0.000
"13:15",103.168,0.000,224.400,0.000,0.000,0.000
"13:30",104.742,0.000,224.500,0.000,0.000,0.000
"13:45",94.707,0.000,224.200,0.000,0.000,0.000
"14:00",92.813,0.000,224.200,0.000,0.000,0.000
"14:15",90.816,0.000,224.000,0.000,0.000,0.000
"14:30",90.355,0.000,224.100,0.000,0.000,0.000
"14:45",84.403,0.000,224.000,0.000,0.000,0.000
"15:00",84.467,0.000,224.000,0.000,0.000,0.000
"15:15",80.435,0.000,224.000,0.000,0.000,0.000
"15:30",88.102,0.000,224.100,0.000,0.000,0.000
"15:45",82.739,0.000,224.100,0.000,0.000,0.000
"16:00",69.773,0.000,223.800,0.000,0.000,0.000
"16:15",73.882,0.000,223.900,0.000,0.000,0.000
"16:30",61.018,0.000,223.800,0.000,0.000,0.000
"16:45",41.370,0.000,222.900,0.000,0.000,0.013
"17:00",32.461,0.000,222.800,0.000,0.000,0.000
"17:15",19.968,0.000,222.400,0.000,0.000,0.000
"17:30",17.472,0.000,222.300,0.000,0.000,0.000
"17:45",11.840,0.000,222.100,0.000,0.000,0.026
"18:00",6.656,0.000,221.900,0.000,0.000,0.064
"18:15",2.970,0.000,221.800,0.000,0.000,0.064
"18:30",0.755,0.000,221.800,0.000,0.000,0.013
"18:45",0.128,0.000,221.700,0.038,0.000,0.013
"19:00",0.000,0.026,221.700,0.128,0.000,0.000
"19:15",0.000,0.051,221.700,0.128,0.000,0.000
"19:30",0.000,0.000,221.500,0.166,0.000,0.000
"19:45",0.000,0.000,221.600,0.179,0.000,0.000
"20:00",0.000,0.000,221.600,0.179,0.000,0.000
"20:15",0.000,0.000,221.500,0.166,0.000,0.000
"20:30",0.000,0.000,221.500,0.179,0.000,0.000
"20:45",0.000,0.000,221.500,0.166,0.000,0.000
"21:00",0.000,0.000,221.500,0.179,0.000,0.000
"21:15",0.000,0.000,221.600,0.166,0.000,0.000
"21:30",0.000,0.000,221.600,0.179,0.000,0.000
"21:45",0.000,0.000,221.500,0.166,0.000,0.000
"22:00",0.000,0.000,221.600,0.179,0.000,0.000
"22:15",0.000,0.000,221.600,0.179,0.000,0.000
"22:30",0.000,0.000,221.500,0.166,0.000,0.000
"22:45",0.000,0.000,221.500,0.179,0.000,0.000
"23:00",0.000,0.000,221.600,0.166,0.000,0.000
"23:15",0.000,0.000,221.600,0.179,0.000,0.000
"23:30",0.000,0.000,221.700,0.179,0.000,0.000
"23:45",0.000,0.000,221.600,0.166,0.000,0.000
" 8/11/26 24:00",0.000,0.000,221.600,0.179,0.000,0.000
