"kwh"
"Time ","AGRIM02P","AGRIM02P","AGRIM02P","AGRIM02P","AGRIM02P","AGRIM02P"
" 6/20/26 00:15",0.000,0.000,221.700,0.166,0.000,0.000
" 6/20/26 00:30",0.000,0.000,221.700,0.179,0.000,0.000
"00:45",0.000,0.000,221.700,0.166,0.000,0.000
"01:00",0.000,0.000,221.800,0.179,0.000,0.000
"01:15",0.000,0.000,221.800,0.179,0.000,0.000
"01:30",0.000,0.000,221.700,0.166,0.000,0.000
"01:45",0.000,0.000,221.700,0.179,0.000,0.000
"02:00",0.000,0.000,221.700,0.166,0.000,0.000
"02:15",0.000,0.000,221.800,0.179,0.000,0.000
"02:30",0.000,0.000,221.800,0.166,0.000,0.000
"02:45",0.000,0.000,221.800,0.179,0.000,0.000
"03:00",0.000,0.000,221.900,0.166,0.000,0.000
"03:15",0.000,0.000,221.800,0.179,0.000,0.000
"03:30",0.000,0.000,221.800,0.179,0.000,0.000
"03:45",0.000,0.000,221.800,0.166,0.000,0.000
"04:00",0.000,0.000,221.800,0.179,0.000,0.000
"04:15",0.000,0.000,221.800,0.166,0.000,0.000
"04:30",0.000,0.000,221.900,0.179,0.000,0.000
"04:45",0.000,0.000,221.900,0.179,0.000,0.000
"05:00",0.000,0.000,221.900,0.166,0.000,0.000
"05:15",0.000,0.000,221.900,0.179,0.000,0.000
"05:30",0.000,0.000,221.800,0.179,0.000,0.000
"05:45",0.000,0.000,221.800,0.166,0.000,0.000
"06:00",0.000,0.000,221.800,0.179,0.000,0.000
"06:15",0.000,0.000,221.800,0.166,0.000,0.000
"06:30",0.000,0.000,221.900,0.179,0.000,0.000
"06:45",0.000,0.000,221.900,0.179,0.000,0.000
"07:00",0.000,0.000,221.900,0.166,0.000,0.000
"07:15",0.000,0.000,221.900,0.179,0.000,0.000
"07:30",0.000,0.000,221.800,0.166,0.000,0.000
"07:45",0.000,0.000,221.900,0.179,0.000,0.000
"08:00",0.000,0.000,221.800,0.179,0.000,0.000
"08:15",0.013,0.000,221.900,0.128,0.000,0.000
"08:30",0.000,0.051,221.800,0.051,0.000,0.000
"08:45",0.461,0.000,221.900,0.000,0.000,0.026
"09:00",2.086,0.000,221.900,0.000,0.000,0.026
"09:15",6.387,0.000,222.100,0.000,0.000,0.051
"09:30",28.058,0.000,222.800,0.000,0.000,0.000
"09:45",39.782,0.000,223.200,0.000,0.000,0.000
"10:00",45.402,0.000,223.400,0.000,0.000,0.064
"10:15",54.042,0.000,223.800,0.000,0.000,0.000
"10:30",61.312,0.000,223.900,0.000,0.000,0.000
"10:45",67.264,0.000,223.900,0.000,0.000,0.000
"11:00",70.195,0.000,224.000,0.000,0.000,0.000
"11:15",75.008,0.000,224.100,0.000,0.000,0.000
"11:30",75.840,0.000,224.100,0.000,0.000,0.038
"11:45",86.963,0.000,224.300,0.000,0.000,0.410
"12:00",89.574,0.000,224.300,0.000,0.000,0.256
"12:15",90.995,0.000,224.300,0.000,0.000,0.000
"12:30",95.590,0.000,224.400,0.000,0.000,0.000
"12:45",97.958,0.000,224.300,0.000,0.000,0.000
"13:00",98.995,0.000,224.300,0.000,0.000,0.000
"13:15",100.096,0.000,224.200,0.000,0.000,0.013
"13:30",100.442,0.000,224.300,0.000,0.000,0.038
"13:45",100.288,0.000,224.300,0.000,0.000,0.000
"14:00",100.070,0.000,224.300,0.000,0.000,0.000
"14:15",99.162,0.000,224.400,0.000,0.000,0.000
"14:30",97.459,0.000,224.300,0.000,0.000,0.000
"14:45",95.386,0.000,224.400,0.000,0.000,0.000
"15:00",93.939,0.000,224.300,0.000,0.000,0.000
"15:15",90.880,0.000,224.200,0.000,0.000,0.000
"15:30",85.402,0.000,224.300,0.000,0.000,0.000
"15:45",79.373,0.000,224.200,0.000,0.000,0.013
"16:00",75.968,0.000,224.200,0.000,0.000,0.000
"16:15",68.134,0.000,223.900,0.000,0.000,0.000
"16:30",57.613,0.000,223.700,0.000,0.000,0.000
"16:45",52.710,0.000,223.500,0.000,0.000,0.013
"17:00",52.339,0.000,223.600,0.000,0.000,0.000
"17:15",42.317,0.000,223.100,0.000,0.000,0.000
"17:30",33.203,0.000,223.000,0.000,0.000,0.000
"17:45",19.123,0.000,222.400,0.000,0.000,0.026
"18:00",4.378,0.000,221.900,0.000,0.000,0.064
"18:15",1.318,0.000,221.600,0.000,0.000,0.051
"18:30",0.166,0.013,221.500,0.013,0.000,0.013
"18:45",0.000,0.038,221.400,0.115,0.000,0.000
"19:00",0.000,0.026,221.400,0.128,0.000,0.000
"19:15",0.000,0.000,221.400,0.179,0.000,0.000
"19:30",0.000,0.000,221.400,0.166,0.000,0.000
"19:45",0.000,0.000,221.400,0.179,0.000,0.000
"20:00",0.000,0.000,221.400,0.179,0.000,0.000
"20:15",0.000,0.000,221.400,0.166,0.000,0.000
"20:30",0.000,0.000,221.400,0.179,0.000,0.000
"20:45",0.000,0.000,221.500,0.166,0.000,0.000
"21:00",0.000,0.000,221.400,0.179,0.000,0.000
"21:15",0.000,0.000,221.500,0.179,0.000,0.000
"21:30",0.000,0.000,221.400,0.166,0.000,0.000
"21:45",0.000,0.000,221.400,0.179,0.000,0.000
"22:00",0.000,0.000,221.500,0.179,0.000,0.000
"22:15",0.000,0.000,221.500,0.166,0.000,0.000
"22:30",0.000,0.000,221.600,0.179,0.000,0.000
"22:45",0.000,0.000,221.600,0.166,0.000,0.000
"23:00",0.000,0.000,221.600,0.179,0.000,0.000
"23:15",0.000,0.000,221.500,0.179,0.000,0.000
"23:30",0.000,0.000,221.600,0.166,0.000,0.000
"23:45",0.000,0.000,221.600,0.179,0.000,0.000
" 6/20/26 24:00",0.000,0.000,221.600,0.179,0.000,0.000
