"kwh"
"Time ","AGRIM02P","AGRIM02P","AGRIM02P","AGRIM02P","AGRIM02P","AGRIM02P"
" 6/17/26 00:15",0.000,0.000,221.500,0.179,0.000,0.000
" 6/17/26 00:30",0.000,0.000,221.500,0.166,0.000,0.000
"00:45",0.000,0.000,221.700,0.179,0.000,0.000
"01:00",0.000,0.000,221.700,0.179,0.000,0.000
"01:15",0.000,0.000,221.600,0.166,0.000,0.000
"01:30",0.000,0.000,221.600,0.179,0.000,0.000
"01:45",0.000,0.000,221.700,0.166,0.000,0.000
"02:00",0.000,0.000,221.700,0.179,0.000,0.000
"02:15",0.000,0.000,221.700,0.179,0.000,0.000
"02:30",0.000,0.000,221.800,0.166,0.000,0.000
"02:45",0.000,0.000,221.800,0.179,0.000,0.000
"03:00",0.000,0.000,221.900,0.166,0.000,0.000
"03:15",0.000,0.000,221.900,0.179,0.000,0.000
"03:30",0.000,0.000,221.900,0.179,0.000,0.000
"03:45",0.000,0.000,221.800,0.166,0.000,0.000
"04:00",0.000,0.000,221.800,0.179,0.000,0.000
"04:15",0.000,0.000,221.800,0.166,0.000,0.000
"04:30",0.000,0.000,221.800,0.179,0.000,0.000
"04:45",0.000,0.000,221.800,0.179,0.000,0.000
"05:00",0.000,0.000,221.800,0.166,0.000,0.000
"05:15",0.000,0.000,221.800,0.179,0.000,0.000
"05:30",0.000,0.000,221.800,0.166,0.000,0.000
"05:45",0.000,0.000,221.800,0.179,0.000,0.000
"06:00",0.000,0.000,221.800,0.179,0.000,0.000
"06:15",0.000,0.000,221.800,0.166,0.000,0.000
"06:30",0.000,0.000,221.700,0.179,0.000,0.000
"06:45",0.000,0.000,221.700,0.166,0.000,0.000
"07:00",0.000,0.000,221.700,0.179,0.000,0.000
"07:15",0.000,0.000,221.600,0.166,0.000,0.000
"07:30",0.000,0.000,221.600,0.179,0.000,0.000
"07:45",0.000,0.000,221.600,0.166,0.000,0.000
"08:00",0.000,0.000,221.600,0.179,0.000,0.000
"08:15",0.000,0.000,221.700,0.166,0.000,0.000
"08:30",0.013,0.013,221.700,0.154,0.000,0.000
"08:45",0.320,0.000,221.700,0.000,0.000,0.013
"09:00",1.677,0.000,221.900,0.000,0.000,0.064
"09:15",3.610,0.000,221.900,0.000,0.000,0.013
"09:30",9.971,0.000,222.000,0.000,0.000,0.000
"09:45",20.134,0.000,222.300,0.000,0.000,0.000
"10:00",25.370,0.000,222.600,0.000,0.000,0.000
"10:15",35.827,0.000,222.900,0.000,0.000,0.000
"10:30",39.360,0.000,223.000,0.000,0.000,0.000
"10:45",35.213,0.000,222.700,0.000,0.000,0.000
"11:00",29.581,0.000,222.500,0.000,0.000,0.000
"11:15",57.510,0.000,223.100,0.000,0.000,0.000
"11:30",51.763,0.000,223.300,0.000,0.000,0.000
"11:45",53.184,0.000,223.400,0.000,0.000,0.000
"12:00",46.349,0.000,223.300,0.000,0.000,0.000
"12:15",25.203,0.000,222.700,0.000,0.000,0.013
"12:30",21.069,0.000,222.700,0.000,0.000,0.026
"12:45",22.861,0.000,222.500,0.000,0.000,0.000
"13:00",24.653,0.000,222.600,0.000,0.000,0.000
"13:15",23.667,0.000,222.600,0.000,0.000,0.000
"13:30",31.616,0.000,222.600,0.000,0.000,0.000
"13:45",33.280,0.000,222.800,0.000,0.000,0.000
"14:00",37.056,0.000,222.900,0.000,0.000,0.000
"14:15",48.282,0.000,223.200,0.000,0.000,0.000
"14:30",39.117,0.000,223.000,0.000,0.000,0.038
"14:45",33.613,0.000,222.900,0.000,0.000,0.000
"15:00",22.221,0.000,222.900,0.000,0.000,0.038
"15:15",14.374,0.000,222.600,0.000,0.000,0.077
"15:30",18.739,0.000,222.500,0.000,0.000,0.038
"15:45",13.133,0.000,222.300,0.000,0.000,0.038
"16:00",8.755,0.000,222.100,0.000,0.000,0.064
"16:15",15.130,0.000,222.100,0.000,0.000,0.077
"16:30",9.587,0.000,222.100,0.000,0.000,0.051
"16:45",6.810,0.000,222.000,0.000,0.000,0.064
"17:00",15.680,0.000,222.200,0.000,0.000,0.013
"17:15",11.123,0.000,222.000,0.000,0.000,0.026
"17:30",7.565,0.000,221.900,0.000,0.000,0.064
"17:45",3.238,0.000,221.900,0.000,0.000,0.051
"18:00",0.435,0.000,221.700,0.000,0.000,0.026
"18:15",0.192,0.000,221.700,0.000,0.000,0.026
"18:30",0.013,0.013,221.700,0.102,0.000,0.000
"18:45",0.000,0.038,221.700,0.115,0.000,0.000
"19:00",0.000,0.013,221.600,0.166,0.000,0.000
"19:15",0.000,0.000,221.600,0.166,0.000,0.000
"19:30",0.000,0.000,221.600,0.179,0.000,0.000
"19:45",0.000,0.000,221.600,0.166,0.000,0.000
"20:00",0.000,0.000,221.600,0.179,0.000,0.000
"20:15",0.000,0.000,221.500,0.166,0.000,0.000
"20:30",0.000,0.000,221.600,0.179,0.000,0.000
"20:45",0.000,0.000,221.600,0.179,0.000,0.000
"21:00",0.000,0.000,221.600,0.166,0.000,0.000
"21:15",0.000,0.000,221.600,0.179,0.000,0.000
"21:30",0.000,0.000,221.600,0.179,0.000,0.000
"21:45",0.000,0.000,221.600,0.166,0.000,0.000
"22:00",0.000,0.000,221.700,0.179,0.000,0.000
"22:15",0.000,0.000,221.600,0.166,0.000,0.000
"22:30",0.000,0.000,221.700,0.179,0.000,0.000
"22:45",0.000,0.000,221.700,0.179,0.000,0.000
"23:00",0.000,0.000,221.700,0.166,0.000,0.000
"23:15",0.000,0.000,221.800,0.179,0.000,0.000
"23:30",0.000,0.000,221.600,0.166,0.000,0.000
"23:45",0.000,0.000,221.700,0.179,0.000,0.000
" 6/17/26 24:00",0.000,0.000,221.700,0.166,0.000,0.000
