"kwh"
"Time ","AGRIM02P","AGRIM02P","AGRIM02P","AGRIM02P","AGRIM02P","AGRIM02P"
" 6/27/26 00:15",0.000,0.000,221.600,0.166,0.000,0.000
" 6/27/26 00:30",0.000,0.000,221.600,0.179,0.000,0.000
"00:45",0.000,0.000,221.700,0.166,0.000,0.000
"01:00",0.000,0.000,221.700,0.179,0.000,0.000
"01:15",0.000,0.000,221.700,0.179,0.000,0.000
"01:30",0.000,0.000,221.800,0.166,0.000,0.000
"01:45",0.000,0.000,221.800,0.179,0.000,0.000
"02:00",0.000,0.000,221.900,0.179,0.000,0.000
"02:15",0.000,0.000,221.800,0.166,0.000,0.000
"02:30",0.000,0.000,221.800,0.179,0.000,0.000
"02:45",0.000,0.000,221.900,0.166,0.000,0.000
"03:00",0.000,0.000,221.800,0.179,0.000,0.000
"03:15",0.000,0.000,221.800,0.179,0.000,0.000
"03:30",0.000,0.000,221.900,0.166,0.000,0.000
"03:45",0.000,0.000,221.900,0.179,0.000,0.000
"04:00",0.000,0.000,221.900,0.166,0.000,0.000
"04:15",0.000,0.000,221.900,0.179,0.000,0.000
"04:30",0.000,0.000,221.900,0.179,0.000,0.000
"04:45",0.000,0.000,221.900,0.166,0.000,0.000
"05:00",0.000,0.000,221.900,0.179,0.000,0.000
"05:15",0.000,0.000,221.900,0.179,0.000,0.000
"05:30",0.000,0.000,221.900,0.166,0.000,0.000
"05:45",0.000,0.000,221.900,0.179,0.000,0.000
"06:00",0.000,0.000,221.900,0.179,0.000,0.000
"06:15",0.000,0.000,221.900,0.166,0.000,0.000
"06:30",0.000,0.000,221.900,0.179,0.000,0.000
"06:45",0.000,0.000,221.800,0.166,0.000,0.000
"07:00",0.000,0.000,221.800,0.179,0.000,0.000
"07:15",0.000,0.000,221.800,0.179,0.000,0.000
"07:30",0.000,0.000,221.700,0.166,0.000,0.000
"07:45",0.000,0.000,221.700,0.179,0.000,0.000
"08:00",0.000,0.000,221.700,0.166,0.000,0.000
"08:15",0.000,0.000,221.600,0.179,0.000,0.000
"08:30",0.038,0.013,221.600,0.064,0.000,0.000
"08:45",0.717,0.000,221.700,0.000,0.000,0.026
"09:00",5.210,0.000,221.800,0.000,0.000,0.077
"09:15",9.792,0.000,222.100,0.000,0.000,0.013
"09:30",25.024,0.000,222.500,0.000,0.000,0.000
"09:45",36.698,0.000,223.000,0.000,0.000,0.000
"10:00",44.467,0.000,223.300,0.000,0.000,0.000
"10:15",51.635,0.000,223.500,0.000,0.000,0.000
"10:30",58.368,0.000,223.300,0.000,0.000,0.000
"10:45",64.627,0.000,223.400,0.000,0.000,0.000
"11:00",70.861,0.000,223.800,0.000,0.000,0.000
"11:15",75.955,0.000,223.900,0.000,0.000,0.000
"11:30",76.160,0.000,223.900,0.000,0.000,0.000
"11:45",70.810,0.000,223.900,0.000,0.000,0.000
"12:00",47.629,0.000,223.200,0.000,0.000,0.000
"12:15",39.731,0.000,222.900,0.000,0.000,0.000
"12:30",30.451,0.000,222.500,0.000,0.000,0.000
"12:45",34.842,0.000,222.600,0.000,0.000,0.000
"13:00",43.328,0.000,222.800,0.000,0.000,0.000
"13:15",42.803,0.000,222.900,0.000,0.000,0.000
"13:30",40.730,0.000,222.800,0.000,0.000,0.000
"13:45",42.573,0.000,222.800,0.000,0.000,0.000
"14:00",38.899,0.000,222.800,0.000,0.000,0.000
"14:15",39.078,0.000,222.800,0.000,0.000,0.000
"14:30",41.254,0.000,222.800,0.000,0.000,0.000
"14:45",49.088,0.000,223.000,0.000,0.000,0.000
"15:00",59.648,0.000,223.400,0.000,0.000,0.000
"15:15",95.334,0.000,224.000,0.000,0.000,0.000
"15:30",86.093,0.000,224.000,0.000,0.000,0.000
"15:45",81.856,0.000,224.200,0.000,0.000,0.013
"16:00",74.957,0.000,224.000,0.000,0.000,0.000
"16:15",69.658,0.000,223.800,0.000,0.000,0.000
"16:30",63.475,0.000,223.700,0.000,0.000,0.000
"16:45",57.024,0.000,223.600,0.000,0.000,0.000
"17:00",50.240,0.000,223.500,0.000,0.000,0.000
"17:15",42.662,0.000,223.300,0.000,0.000,0.000
"17:30",34.624,0.000,222.900,0.000,0.000,0.000
"17:45",22.182,0.000,222.500,0.000,0.000,0.026
"18:00",6.118,0.000,222.000,0.000,0.000,0.038
"18:15",2.522,0.000,221.900,0.000,0.000,0.038
"18:30",0.358,0.000,221.700,0.000,0.000,0.013
"18:45",0.026,0.013,221.600,0.064,0.000,0.000
"19:00",0.000,0.051,221.500,0.128,0.000,0.000
"19:15",0.000,0.000,221.500,0.166,0.000,0.000
"19:30",0.000,0.000,221.600,0.166,0.000,0.000
"19:45",0.000,0.000,221.500,0.179,0.000,0.000
"20:00",0.000,0.000,221.600,0.166,0.000,0.000
"20:15",0.000,0.000,221.500,0.179,0.000,0.000
"20:30",0.000,0.000,221.500,0.179,0.000,0.000
"20:45",0.000,0.000,221.500,0.166,0.000,0.000
"21:00",0.000,0.000,221.500,0.179,0.000,0.000
"21:15",0.000,0.000,221.500,0.166,0.000,0.000
"21:30",0.000,0.000,221.500,0.179,0.000,0.000
"21:45",0.000,0.000,221.600,0.179,0.000,0.000
"22:00",0.000,0.000,221.600,0.166,0.000,0.000
"22:15",0.000,0.000,221.700,0.179,0.000,0.000
"22:30",0.000,0.000,221.700,0.179,0.000,0.000
"22:45",0.000,0.000,221.800,0.166,0.000,0.000
"23:00",0.000,0.000,221.700,0.179,0.000,0.000
"23:15",0.000,0.000,221.700,0.179,0.000,0.000
"23:30",0.000,0.000,221.700,0.166,0.000,0.000
"23:45",0.000,0.000,221.700,0.179,0.000,0.000
" 6/27/26 24:00",0.000,0.000,221.700,0.166,0.000,0.000
