"kwh"
"Time ","AGRIM02P","AGRIM02P","AGRIM02P","AGRIM02P","AGRIM02P","AGRIM02P"
" 2/21/26 00:15",0.000,0.000,220.800,0.179,0.000,0.000
" 2/21/26 00:30",0.000,0.000,220.800,0.192,0.000,0.000
"00:45",0.000,0.000,220.800,0.179,0.000,0.000
"01:00",0.000,0.000,220.800,0.179,0.000,0.000
"01:15",0.000,0.000,220.800,0.192,0.000,0.000
"01:30",0.000,0.000,220.700,0.179,0.000,0.000
"01:45",0.000,0.000,220.700,0.179,0.000,0.000
"02:00",0.000,0.000,220.700,0.179,0.000,0.000
"02:15",0.000,0.000,220.700,0.192,0.000,0.000
"02:30",0.000,0.000,220.600,0.179,0.000,0.000
"02:45",0.000,0.000,220.700,0.179,0.000,0.000
"03:00",0.000,0.000,220.700,0.192,0.000,0.000
"03:15",0.000,0.000,220.800,0.179,0.000,0.000
"03:30",0.000,0.000,220.800,0.179,0.000,0.000
"03:45",0.000,0.000,220.800,0.179,0.000,0.000
"04:00",0.000,0.000,220.800,0.192,0.000,0.000
"04:15",0.000,0.000,220.800,0.179,0.000,0.000
"04:30",0.000,0.000,220.900,0.179,0.000,0.000
"04:45",0.000,0.000,220.800,0.179,0.000,0.000
"05:00",0.000,0.000,220.800,0.192,0.000,0.000
"05:15",0.000,0.000,220.800,0.179,0.000,0.000
"05:30",0.000,0.000,220.800,0.179,0.000,0.000
"05:45",0.000,0.000,220.800,0.192,0.000,0.000
"06:00",0.000,0.000,220.800,0.179,0.000,0.000
"06:15",0.000,0.000,220.800,0.179,0.000,0.000
"06:30",0.000,0.000,220.800,0.179,0.000,0.000
"06:45",0.000,0.000,220.800,0.192,0.000,0.000
"07:00",0.000,0.000,220.800,0.179,0.000,0.000
"07:15",0.000,0.000,220.800,0.179,0.000,0.000
"07:30",0.051,0.000,220.800,0.038,0.000,0.000
"07:45",0.000,0.013,220.800,0.077,0.000,0.000
"08:00",0.077,0.013,220.800,0.051,0.000,0.000
"08:15",0.141,0.000,220.800,0.000,0.000,0.000
"08:30",0.205,0.000,220.800,0.000,0.000,0.000
"08:45",1.306,0.000,220.800,0.000,0.000,0.013
"09:00",1.920,0.000,220.800,0.000,0.000,0.038
"09:15",2.304,0.000,220.700,0.000,0.000,0.051
"09:30",2.752,0.000,220.800,0.000,0.000,0.038
"09:45",3.200,0.000,220.700,0.000,0.000,0.026
"10:00",2.317,0.000,220.800,0.000,0.000,0.038
"10:15",0.947,0.000,220.800,0.000,0.000,0.038
"10:30",5.146,0.000,220.900,0.000,0.000,0.013
"10:45",7.834,0.000,221.000,0.000,0.000,0.013
"11:00",17.830,0.000,221.300,0.000,0.000,0.000
"11:15",16.000,0.000,221.400,0.000,0.000,0.000
"11:30",16.742,0.000,221.300,0.000,0.000,0.000
"11:45",11.917,0.000,221.300,0.000,0.000,0.000
"12:00",3.379,0.000,221.000,0.000,0.000,0.038
"12:15",1.626,0.000,220.900,0.000,0.000,0.064
"12:30",1.062,0.000,220.900,0.000,0.000,0.077
"12:45",2.534,0.000,221.000,0.000,0.000,0.051
"13:00",4.416,0.000,221.000,0.000,0.000,0.038
"13:15",13.594,0.000,221.100,0.000,0.000,0.000
"13:30",38.144,0.000,221.700,0.000,0.000,0.000
"13:45",35.891,0.000,221.800,0.000,0.000,0.000
"14:00",29.990,0.000,221.800,0.000,0.000,0.000
"14:15",30.438,0.000,221.800,0.000,0.000,0.000
"14:30",36.480,0.000,221.800,0.000,0.000,0.000
"14:45",49.434,0.000,222.200,0.000,0.000,0.000
"15:00",37.286,0.000,222.100,0.000,0.000,0.000
"15:15",42.790,0.000,222.100,0.000,0.000,0.000
"15:30",45.274,0.000,222.200,0.000,0.000,0.000
"15:45",44.352,0.000,222.200,0.000,0.000,0.000
"16:00",56.102,0.000,222.400,0.000,0.000,0.000
"16:15",39.795,0.000,222.200,0.000,0.000,0.000
"16:30",39.347,0.000,222.200,0.000,0.000,0.000
"16:45",23.667,0.000,221.700,0.000,0.000,0.000
"17:00",13.709,0.000,221.400,0.000,0.000,0.000
"17:15",11.507,0.000,221.200,0.000,0.000,0.000
"17:30",13.747,0.000,221.300,0.000,0.000,0.000
"17:45",20.339,0.000,221.500,0.000,0.000,0.000
"18:00",15.424,0.000,221.400,0.000,0.000,0.000
"18:15",12.275,0.000,221.300,0.000,0.000,0.000
"18:30",11.891,0.000,221.200,0.000,0.000,0.000
"18:45",16.973,0.000,221.300,0.000,0.000,0.000
"19:00",9.946,0.000,221.200,0.000,0.000,0.000
"19:15",5.171,0.000,221.000,0.000,0.000,0.026
"19:30",1.894,0.000,220.900,0.000,0.000,0.064
"19:45",0.922,0.000,220.800,0.000,0.000,0.064
"20:00",0.256,0.000,220.800,0.000,0.000,0.026
"20:15",0.026,0.026,220.700,0.064,0.000,0.000
"20:30",0.000,0.077,220.700,0.102,0.000,0.000
"20:45",0.000,0.000,220.700,0.179,0.000,0.000
"21:00",0.000,0.000,220.700,0.179,0.000,0.000
"21:15",0.000,0.000,220.800,0.192,0.000,0.000
"21:30",0.000,0.000,220.800,0.179,0.000,0.000
"21:45",0.000,0.000,220.800,0.179,0.000,0.000
"22:00",0.000,0.000,220.800,0.192,0.000,0.000
"22:15",0.000,0.000,220.800,0.179,0.000,0.000
"22:30",0.000,0.000,220.800,0.179,0.000,0.000
"22:45",0.000,0.000,220.800,0.192,0.000,0.000
"23:00",0.000,0.000,220.800,0.179,0.000,0.000
"23:15",0.000,0.000,220.800,0.192,0.000,0.000
"23:30",0.000,0.000,221.100,0.179,0.000,0.000
"23:45",0.000,0.000,221.200,0.179,0.000,0.000
" 2/21/26 24:00",0.000,0.000,221.200,0.192,0.000,0.000
