"kwh"
"Time ","AGRIM02P","AGRIM02P","AGRIM02P","AGRIM02P","AGRIM02P","AGRIM02P"
" 1/16/26 00:15",0.000,0.000,218.600,0.179,0.000,0.000
" 1/16/26 00:30",0.000,0.000,218.600,0.179,0.000,0.000
"00:45",0.000,0.000,218.500,0.179,0.000,0.000
"01:00",0.000,0.000,218.600,0.179,0.000,0.000
"01:15",0.000,0.000,218.600,0.179,0.000,0.000
"01:30",0.000,0.000,218.600,0.179,0.000,0.000
"01:45",0.000,0.000,218.600,0.179,0.000,0.000
"02:00",0.000,0.000,218.600,0.179,0.000,0.000
"02:15",0.000,0.000,218.600,0.192,0.000,0.000
"02:30",0.000,0.000,218.600,0.179,0.000,0.000
"02:45",0.000,0.000,218.700,0.179,0.000,0.000
"03:00",0.000,0.000,218.700,0.179,0.000,0.000
"03:15",0.000,0.000,218.700,0.179,0.000,0.000
"03:30",0.000,0.000,218.700,0.179,0.000,0.000
"03:45",0.000,0.000,218.700,0.179,0.000,0.000
"04:00",0.000,0.000,218.800,0.179,0.000,0.000
"04:15",0.000,0.000,218.700,0.179,0.000,0.000
"04:30",0.000,0.000,218.700,0.179,0.000,0.000
"04:45",0.000,0.000,218.800,0.179,0.000,0.000
"05:00",0.000,0.000,218.800,0.179,0.000,0.000
"05:15",0.000,0.000,218.800,0.179,0.000,0.000
"05:30",0.000,0.000,218.800,0.192,0.000,0.000
"05:45",0.000,0.000,218.800,0.179,0.000,0.000
"06:00",0.000,0.000,218.800,0.179,0.000,0.000
"06:15",0.000,0.000,218.800,0.179,0.000,0.000
"06:30",0.000,0.000,218.800,0.179,0.000,0.000
"06:45",0.166,0.000,218.900,0.038,0.000,0.000
"07:00",0.666,0.000,218.900,0.000,0.000,0.013
"07:15",1.075,0.000,219.000,0.000,0.000,0.013
"07:30",2.560,0.000,219.200,0.000,0.000,0.013
"07:45",5.990,0.000,219.600,0.000,0.000,0.000
"08:00",11.456,0.000,220.000,0.000,0.000,0.000
"08:15",24.051,0.000,220.400,0.000,0.000,0.000
"08:30",24.576,0.000,220.400,0.000,0.000,0.000
"08:45",34.432,0.000,220.700,0.000,0.000,0.000
"09:00",45.926,0.000,220.900,0.000,0.000,0.000
"09:15",47.219,0.000,220.900,0.000,0.000,0.000
"09:30",52.083,0.000,221.100,0.000,0.000,0.000
"09:45",68.096,0.000,221.300,0.000,0.000,0.000
"10:00",73.741,0.000,221.300,0.000,0.000,0.000
"10:15",72.896,0.000,220.900,0.000,0.000,0.000
"10:30",78.118,0.000,221.100,0.000,0.000,0.000
"10:45",83.085,0.000,221.200,0.000,0.000,0.000
"11:00",86.976,0.000,221.200,0.000,0.000,0.000
"11:15",90.189,0.000,221.300,0.000,0.000,0.000
"11:30",93.504,0.000,221.300,0.000,0.000,0.000
"11:45",96.192,0.000,221.400,0.000,0.000,0.000
"12:00",98.406,0.000,221.400,0.000,0.000,0.000
"12:15",100.954,0.000,221.400,0.000,0.000,0.000
"12:30",102.707,0.000,221.400,0.000,0.000,0.000
"12:45",103.194,0.000,221.400,0.000,0.000,0.000
"13:00",103.322,0.000,221.400,0.000,0.000,0.000
"13:15",99.712,0.000,221.300,0.000,0.000,0.000
"13:30",103.565,0.000,221.400,0.000,0.000,0.000
"13:45",102.822,0.000,221.300,0.000,0.000,0.000
"14:00",103.667,0.000,221.300,0.000,0.000,0.000
"14:15",101.824,0.000,221.100,0.000,0.000,0.000
"14:30",103.629,0.000,221.200,0.000,0.000,0.000
"14:45",103.411,0.000,221.300,0.000,0.000,0.000
"15:00",77.542,0.000,220.800,0.000,0.000,0.013
"15:15",102.502,0.000,221.700,0.000,0.000,0.000
"15:30",100.877,0.000,221.800,0.000,0.000,0.000
"15:45",92.736,0.000,221.800,0.000,0.000,0.000
"16:00",93.568,0.000,222.000,0.000,0.000,0.000
"16:15",75.110,0.000,221.600,0.000,0.000,0.013
"16:30",72.858,0.000,221.600,0.000,0.000,0.000
"16:45",74.829,0.000,221.600,0.000,0.000,0.000
"17:00",74.496,0.000,221.700,0.000,0.000,0.000
"17:15",67.328,0.000,221.500,0.000,0.000,0.000
"17:30",64.358,0.000,221.600,0.000,0.000,0.000
"17:45",52.237,0.000,221.300,0.000,0.000,0.000
"18:00",55.014,0.000,221.000,0.000,0.000,0.000
"18:15",49.536,0.000,221.700,0.000,0.000,0.013
"18:30",41.190,0.000,221.700,0.000,0.000,0.000
"18:45",32.806,0.000,221.500,0.000,0.000,0.000
"19:00",20.429,0.000,221.100,0.000,0.000,0.013
"19:15",13.056,0.000,220.800,0.000,0.000,0.000
"19:30",10.560,0.000,220.400,0.000,0.000,0.038
"19:45",5.402,0.000,220.200,0.000,0.000,0.026
"20:00",2.650,0.000,220.000,0.000,0.000,0.077
"20:15",1.216,0.000,219.800,0.000,0.000,0.102
"20:30",0.397,0.000,219.700,0.000,0.000,0.128
"20:45",0.013,0.000,219.700,0.090,0.000,0.000
"21:00",0.000,0.026,219.600,0.154,0.000,0.000
"21:15",0.000,0.013,219.700,0.179,0.000,0.000
"21:30",0.000,0.000,219.600,0.179,0.000,0.000
"21:45",0.000,0.000,219.600,0.179,0.000,0.000
"22:00",0.000,0.000,219.600,0.179,0.000,0.000
"22:15",0.000,0.000,219.600,0.192,0.000,0.000
"22:30",0.000,0.000,219.600,0.179,0.000,0.000
"22:45",0.000,0.000,219.600,0.179,0.000,0.000
"23:00",0.000,0.000,219.600,0.179,0.000,0.000
"23:15",0.000,0.000,219.400,0.179,0.000,0.000
"23:30",0.000,0.000,219.200,0.179,0.000,0.000
"23:45",0.000,0.000,219.000,0.179,0.000,0.000
" 1/16/26 24:00",0.000,0.000,219.000,0.192,0.000,0.000
