"kwh"
"Time ","AGRIM02P","AGRIM02P","AGRIM02P","AGRIM02P","AGRIM02P","AGRIM02P"
" 1/07/26 00:15",0.000,0.000,220.100,0.141,0.000,0.000
" 1/07/26 00:30",0.000,0.000,222.200,0.192,0.000,0.000
"00:45",0.000,0.000,220.900,0.154,0.000,0.000
"01:00",0.000,0.000,221.200,0.192,0.000,0.000
"01:15",0.000,0.000,219.900,0.154,0.000,0.000
"01:30",0.000,0.000,221.800,0.179,0.000,0.000
"01:45",0.000,0.000,221.000,0.192,0.000,0.000
"02:00",0.000,0.000,220.900,0.179,0.000,0.000
"02:15",0.000,0.000,220.700,0.179,0.000,0.000
"02:30",0.000,0.000,220.700,0.192,0.000,0.000
"02:45",0.000,0.000,220.700,0.179,0.000,0.000
"03:00",0.000,0.000,220.800,0.179,0.000,0.000
"03:15",0.000,0.000,220.800,0.179,0.000,0.000
"03:30",0.000,0.000,220.900,0.192,0.000,0.000
"03:45",0.000,0.000,221.200,0.179,0.000,0.000
"04:00",0.000,0.000,221.500,0.179,0.000,0.000
"04:15",0.000,0.000,221.400,0.192,0.000,0.000
"04:30",0.000,0.000,221.000,0.179,0.000,0.000
"04:45",0.000,0.000,221.100,0.179,0.000,0.000
"05:00",0.000,0.000,221.200,0.179,0.000,0.000
"05:15",0.000,0.000,221.200,0.192,0.000,0.000
"05:30",0.000,0.000,221.000,0.179,0.000,0.000
"05:45",0.000,0.000,221.100,0.179,0.000,0.000
"06:00",0.000,0.000,221.000,0.192,0.000,0.000
"06:15",0.000,0.000,220.800,0.179,0.000,0.000
"06:30",0.013,0.000,220.800,0.115,0.000,0.000
"06:45",0.410,0.000,221.200,0.000,0.000,0.000
"07:00",0.934,0.000,221.300,0.000,0.000,0.000
"07:15",1.664,0.000,221.500,0.000,0.000,0.000
"07:30",2.803,0.000,221.700,0.000,0.000,0.000
"07:45",5.453,0.000,222.000,0.000,0.000,0.000
"08:00",9.869,0.000,222.400,0.000,0.000,0.000
"08:15",15.027,0.000,222.700,0.000,0.000,0.000
"08:30",20.634,0.000,222.800,0.000,0.000,0.000
"08:45",26.483,0.000,222.900,0.000,0.000,0.000
"09:00",32.230,0.000,222.700,0.000,0.000,0.000
"09:15",37.632,0.000,222.600,0.000,0.000,0.000
"09:30",54.400,0.000,223.000,0.000,0.000,0.000
"09:45",62.720,0.000,223.100,0.000,0.000,0.000
"10:00",68.800,0.000,223.000,0.000,0.000,0.013
"10:15",74.202,0.000,222.800,0.000,0.000,0.000
"10:30",79.693,0.000,222.700,0.000,0.000,0.000
"10:45",84.429,0.000,222.500,0.000,0.000,0.000
"11:00",88.602,0.000,222.700,0.000,0.000,0.000
"11:15",92.429,0.000,222.700,0.000,0.000,0.000
"11:30",95.667,0.000,222.800,0.000,0.000,0.013
"11:45",98.432,0.000,222.900,0.000,0.000,0.000
"12:00",100.659,0.000,222.900,0.000,0.000,0.000
"12:15",102.758,0.000,222.900,0.000,0.000,0.000
"12:30",103.181,0.000,222.900,0.000,0.000,0.000
"12:45",103.603,0.000,222.800,0.000,0.000,0.000
"13:00",103.859,0.000,222.800,0.000,0.000,0.000
"13:15",103.974,0.000,222.800,0.000,0.000,0.000
"13:30",104.192,0.000,222.700,0.000,0.000,0.000
"13:45",103.987,0.000,222.700,0.000,0.000,0.000
"14:00",103.834,0.000,222.700,0.000,0.000,0.000
"14:15",103.782,0.000,222.800,0.000,0.000,0.000
"14:30",103.450,0.000,222.700,0.000,0.000,0.000
"14:45",103.040,0.000,222.700,0.000,0.000,0.013
"15:00",100.838,0.000,222.700,0.000,0.000,0.000
"15:15",98.842,0.000,222.500,0.000,0.000,0.013
"15:30",97.242,0.000,222.200,0.000,0.000,0.000
"15:45",93.197,0.000,222.500,0.000,0.000,0.000
"16:00",89.421,0.000,222.500,0.000,0.000,0.000
"16:15",86.118,0.000,222.500,0.000,0.000,0.000
"16:30",81.818,0.000,222.400,0.000,0.000,0.000
"16:45",77.222,0.000,222.300,0.000,0.000,0.000
"17:00",72.410,0.000,223.600,0.000,0.000,0.000
"17:15",66.714,0.000,223.800,0.000,0.000,0.000
"17:30",60.749,0.000,224.200,0.000,0.000,0.013
"17:45",54.387,0.000,222.800,0.000,0.000,0.000
"18:00",48.090,0.000,222.700,0.000,0.000,0.000
"18:15",41.382,0.000,222.500,0.000,0.000,0.038
"18:30",34.138,0.000,222.200,0.000,0.000,0.000
"18:45",26.906,0.000,222.200,0.000,0.000,0.000
"19:00",19.891,0.000,222.100,0.000,0.000,0.000
"19:15",13.389,0.000,221.800,0.000,0.000,0.013
"19:30",7.834,0.000,221.400,0.000,0.000,0.064
"19:45",4.314,0.000,221.200,0.000,0.000,0.077
"20:00",2.598,0.000,220.900,0.000,0.000,0.064
"20:15",1.357,0.000,220.700,0.000,0.000,0.090
"20:30",0.410,0.000,220.700,0.000,0.000,0.115
"20:45",0.000,0.026,220.700,0.090,0.000,0.000
"21:00",0.000,0.026,220.600,0.154,0.000,0.000
"21:15",0.000,0.000,220.600,0.179,0.000,0.000
"21:30",0.000,0.000,220.600,0.179,0.000,0.000
"21:45",0.000,0.000,220.500,0.192,0.000,0.000
"22:00",0.000,0.000,220.600,0.179,0.000,0.000
"22:15",0.000,0.000,220.600,0.179,0.000,0.000
"22:30",0.000,0.000,220.500,0.192,0.000,0.000
"22:45",0.000,0.000,220.500,0.179,0.000,0.000
"23:00",0.000,0.000,220.600,0.179,0.000,0.000
"23:15",0.000,0.000,220.500,0.179,0.000,0.000
"23:30",0.000,0.000,220.300,0.192,0.000,0.000
"23:45",0.000,0.000,220.400,0.179,0.000,0.000
" 1/07/26 24:00",0.000,0.000,220.400,0.179,0.000,0.000
