"kwh"
"Time ","AGRIM02P","AGRIM02P","AGRIM02P","AGRIM02P","AGRIM02P","AGRIM02P"
" 2/22/26 00:15",0.000,0.000,221.200,0.179,0.000,0.000
" 2/22/26 00:30",0.000,0.000,221.300,0.192,0.000,0.000
"00:45",0.000,0.000,221.300,0.179,0.000,0.000
"01:00",0.000,0.000,221.300,0.192,0.000,0.000
"01:15",0.000,0.000,221.300,0.179,0.000,0.000
"01:30",0.000,0.000,221.200,0.192,0.000,0.000
"01:45",0.000,0.000,221.200,0.179,0.000,0.000
"02:00",0.000,0.000,221.200,0.179,0.000,0.000
"02:15",0.000,0.000,221.300,0.192,0.000,0.000
"02:30",0.000,0.000,221.300,0.179,0.000,0.000
"02:45",0.000,0.000,221.300,0.192,0.000,0.000
"03:00",0.000,0.000,221.300,0.179,0.000,0.000
"03:15",0.000,0.000,221.300,0.192,0.000,0.000
"03:30",0.000,0.000,221.300,0.179,0.000,0.000
"03:45",0.000,0.000,221.300,0.192,0.000,0.000
"04:00",0.000,0.000,176.700,0.141,0.000,0.000
"04:15",0.000,0.000,7.600,0.038,0.000,0.000
"04:30",0.000,0.000,7.100,0.026,0.000,0.000
"04:45",0.000,0.000,6.800,0.026,0.000,0.000
"05:00",0.000,0.000,6.600,0.026,0.000,0.000
"05:15",0.000,0.000,6.100,0.026,0.000,0.000
"05:30",0.000,0.000,6.500,0.000,0.000,0.000
"05:45",0.000,0.000,6.200,0.000,0.000,0.000
"06:00",0.000,0.000,6.400,0.000,0.000,0.000
"06:15",0.000,0.000,6.400,0.000,0.000,0.000
"06:30",0.000,0.000,6.300,0.000,0.000,0.000
"06:45",0.000,0.000,6.300,0.000,0.000,0.000
"07:00",0.000,0.000,6.500,0.000,0.000,0.000
"07:15",0.000,0.000,6.200,0.000,0.000,0.000
"07:30",0.000,0.000,6.600,0.000,0.000,0.000
"07:45",0.000,0.000,6.100,0.000,0.000,0.000
"08:00",0.000,0.000,6.700,0.000,0.000,0.000
"08:15",0.000,0.000,6.200,0.000,0.000,0.000
"08:30",0.000,0.000,6.400,0.000,0.000,0.000
"08:45",0.000,0.000,6.800,0.000,0.000,0.000
"09:00",0.000,0.000,6.100,0.000,0.000,0.000
"09:15",0.000,0.000,6.500,0.000,0.000,0.000
"09:30",0.000,0.000,6.400,0.000,0.000,0.000
"09:45",0.000,0.000,6.300,0.000,0.000,0.000
"10:00",0.000,0.000,6.700,0.000,0.000,0.000
"10:15",0.000,0.000,18.400,0.026,0.000,0.000
"10:30",0.000,0.000,6.400,0.026,0.000,0.000
"10:45",0.000,0.000,37.700,0.038,0.000,0.000
"11:00",0.000,0.000,108.100,0.102,0.000,0.000
"11:15",0.000,0.000,120.400,0.090,0.000,0.000
"11:30",0.000,0.000,119.500,0.102,0.000,0.000
"11:45",0.000,0.000,119.300,0.102,0.000,0.000
"12:00",0.000,0.000,119.300,0.090,0.000,0.000
"12:15",0.000,0.000,119.400,0.102,0.000,0.000
"12:30",0.000,0.000,119.100,0.102,0.000,0.000
"12:45",0.000,0.000,119.500,0.090,0.000,0.000
"13:00",0.000,0.000,119.400,0.102,0.000,0.000
"13:15",0.000,0.000,119.500,0.102,0.000,0.000
"13:30",0.000,0.000,119.300,0.090,0.000,0.000
"13:45",0.000,0.000,119.400,0.102,0.000,0.000
"14:00",0.000,0.000,119.700,0.090,0.000,0.000
"14:15",0.000,0.000,118.800,0.102,0.000,0.000
"14:30",0.000,0.000,118.000,0.102,0.000,0.000
"14:45",0.000,0.000,117.800,0.090,0.000,0.000
"15:00",11.494,0.000,205.800,0.051,0.000,0.000
"15:15",100.237,0.000,224.100,0.000,0.000,0.000
"15:30",101.645,0.000,224.100,0.000,0.000,0.000
"15:45",95.373,0.000,224.000,0.000,0.000,0.000
"16:00",97.178,0.000,224.000,0.000,0.000,0.000
"16:15",92.429,0.000,223.900,0.000,0.000,0.000
"16:30",87.309,0.000,223.800,0.000,0.000,0.000
"16:45",81.101,0.000,223.800,0.000,0.000,0.000
"17:00",73.306,0.000,223.700,0.000,0.000,0.000
"17:15",59.827,0.000,223.400,0.000,0.000,0.013
"17:30",55.066,0.000,223.400,0.000,0.000,0.000
"17:45",55.552,0.000,223.400,0.000,0.000,0.013
"18:00",48.077,0.000,223.100,0.000,0.000,0.000
"18:15",40.755,0.000,223.300,0.000,0.000,0.000
"18:30",32.781,0.000,222.900,0.000,0.000,0.013
"18:45",24.525,0.000,223.100,0.000,0.000,0.000
"19:00",17.242,0.000,222.900,0.000,0.000,0.013
"19:15",10.637,0.000,222.200,0.000,0.000,0.013
"19:30",6.477,0.000,222.100,0.000,0.000,0.064
"19:45",3.942,0.000,221.900,0.000,0.000,0.051
"20:00",1.395,0.000,221.700,0.000,0.000,0.064
"20:15",0.077,0.038,221.600,0.013,0.000,0.013
"20:30",0.000,0.051,221.600,0.128,0.000,0.000
"20:45",0.000,0.000,221.600,0.166,0.000,0.000
"21:00",0.000,0.000,221.500,0.192,0.000,0.000
"21:15",0.000,0.000,221.500,0.179,0.000,0.000
"21:30",0.000,0.000,221.600,0.192,0.000,0.000
"21:45",0.000,0.000,221.700,0.179,0.000,0.000
"22:00",0.000,0.000,221.700,0.179,0.000,0.000
"22:15",0.000,0.000,221.700,0.192,0.000,0.000
"22:30",0.000,0.000,221.700,0.179,0.000,0.000
"22:45",0.000,0.000,221.600,0.192,0.000,0.000
"23:00",0.000,0.000,221.600,0.179,0.000,0.000
"23:15",0.000,0.000,221.600,0.192,0.000,0.000
"23:30",0.000,0.000,221.600,0.179,0.000,0.000
"23:45",0.000,0.000,221.700,0.192,0.000,0.000
" 2/22/26 24:00",0.000,0.000,221.700,0.179,0.000,0.000
