"kwh"
"Time ","AGRIM02P","AGRIM02P","AGRIM02P","AGRIM02P","AGRIM02P","AGRIM02P"
" 9/26/26 00:15",0.000,0.000,220.600,0.179,0.000,0.000
" 9/26/26 00:30",0.000,0.000,220.600,0.166,0.000,0.000
"00:45",0.000,0.000,220.600,0.166,0.000,0.000
"01:00",0.000,0.000,220.600,0.179,0.000,0.000
"01:15",0.000,0.000,220.600,0.166,0.000,0.000
"01:30",0.000,0.000,220.700,0.179,0.000,0.000
"01:45",0.000,0.000,220.700,0.166,0.000,0.000
"02:00",0.000,0.000,220.700,0.166,0.000,0.000
"02:15",0.000,0.000,220.700,0.179,0.000,0.000
"02:30",0.000,0.000,220.700,0.166,0.000,0.000
"02:45",0.000,0.000,220.700,0.179,0.000,0.000
"03:00",0.000,0.000,220.700,0.166,0.000,0.000
"03:15",0.000,0.000,220.700,0.166,0.000,0.000
"03:30",0.000,0.000,220.700,0.179,0.000,0.000
"03:45",0.000,0.000,220.800,0.166,0.000,0.000
"04:00",0.000,0.000,220.700,0.179,0.000,0.000
"04:15",0.000,0.000,220.700,0.166,0.000,0.000
"04:30",0.000,0.000,220.700,0.166,0.000,0.000
"04:45",0.000,0.000,220.700,0.179,0.000,0.000
"05:00",0.000,0.000,220.700,0.166,0.000,0.000
"05:15",0.000,0.000,220.700,0.179,0.000,0.000
"05:30",0.000,0.000,220.500,0.166,0.000,0.000
"05:45",0.000,0.000,220.500,0.166,0.000,0.000
"06:00",0.000,0.000,220.500,0.179,0.000,0.000
"06:15",0.000,0.000,220.400,0.166,0.000,0.000
"06:30",0.000,0.000,220.400,0.179,0.000,0.000
"06:45",0.000,0.000,220.400,0.166,0.000,0.000
"07:00",0.000,0.000,220.400,0.179,0.000,0.000
"07:15",0.115,0.013,220.500,0.038,0.000,0.026
"07:30",0.986,0.000,220.300,0.000,0.000,0.077
"07:45",3.277,0.000,220.500,0.000,0.000,0.038
"08:00",9.434,0.000,220.900,0.000,0.000,0.013
"08:15",16.845,0.000,221.200,0.000,0.000,0.000
"08:30",24.307,0.000,221.900,0.000,0.000,0.000
"08:45",31.706,0.000,221.800,0.000,0.000,0.000
"09:00",39.936,0.000,222.000,0.000,0.000,0.000
"09:15",48.448,0.000,222.000,0.000,0.000,0.000
"09:30",56.422,0.000,222.500,0.000,0.000,0.000
"09:45",63.923,0.000,222.600,0.000,0.000,0.000
"10:00",70.925,0.000,222.800,0.000,0.000,0.000
"10:15",76.813,0.000,222.800,0.000,0.000,0.000
"10:30",82.560,0.000,222.900,0.000,0.000,0.000
"10:45",87.565,0.000,223.000,0.000,0.000,0.000
"11:00",92.326,0.000,223.100,0.000,0.000,0.000
"11:15",95.898,0.000,223.200,0.000,0.000,0.000
"11:30",99.456,0.000,223.500,0.000,0.000,0.000
"11:45",102.989,0.000,223.400,0.000,0.000,0.000
"12:00",105.357,0.000,223.600,0.000,0.000,0.000
"12:15",107.942,0.000,223.600,0.000,0.000,0.000
"12:30",109.312,0.000,223.600,0.000,0.000,0.000
"12:45",110.259,0.000,223.700,0.000,0.000,0.026
"13:00",111.155,0.000,223.600,0.000,0.000,0.550
"13:15",110.554,0.000,223.700,0.000,0.000,0.013
"13:30",111.334,0.000,223.700,0.000,0.000,0.000
"13:45",111.283,0.000,223.700,0.000,0.000,0.000
"14:00",110.029,0.000,223.700,0.000,0.000,0.000
"14:15",108.774,0.000,223.600,0.000,0.000,0.000
"14:30",106.842,0.000,223.600,0.000,0.000,0.000
"14:45",104.218,0.000,223.600,0.000,0.000,0.000
"15:00",100.966,0.000,223.500,0.000,0.000,0.000
"15:15",98.099,0.000,223.400,0.000,0.000,0.000
"15:30",93.619,0.000,223.400,0.000,0.000,0.013
"15:45",88.845,0.000,223.300,0.000,0.000,0.000
"16:00",84.902,0.000,223.500,0.000,0.000,0.000
"16:15",79.130,0.000,223.400,0.000,0.000,0.000
"16:30",73.280,0.000,223.400,0.000,0.000,0.000
"16:45",66.816,0.000,223.300,0.000,0.000,0.000
"17:00",60.570,0.000,223.200,0.000,0.000,0.000
"17:15",53.645,0.000,223.100,0.000,0.000,0.000
"17:30",46.003,0.000,222.900,0.000,0.000,0.000
"17:45",38.170,0.000,222.700,0.000,0.000,0.000
"18:00",30.259,0.000,222.500,0.000,0.000,0.013
"18:15",22.502,0.000,222.600,0.000,0.000,0.026
"18:30",15.232,0.000,222.200,0.000,0.000,0.038
"18:45",8.806,0.000,221.700,0.000,0.000,0.051
"19:00",3.763,0.000,221.400,0.000,0.000,0.090
"19:15",0.845,0.000,221.300,0.000,0.000,0.064
"19:30",0.077,0.000,221.300,0.051,0.000,0.013
"19:45",0.000,0.051,221.200,0.128,0.000,0.000
"20:00",0.000,0.013,221.200,0.154,0.000,0.000
"20:15",0.000,0.000,221.200,0.179,0.000,0.000
"20:30",0.000,0.000,221.200,0.166,0.000,0.000
"20:45",0.000,0.000,221.200,0.166,0.000,0.000
"21:00",0.000,0.000,221.300,0.179,0.000,0.000
"21:15",0.000,0.000,221.200,0.166,0.000,0.000
"21:30",0.000,0.000,221.200,0.179,0.000,0.000
"21:45",0.000,0.000,221.300,0.166,0.000,0.000
"22:00",0.000,0.000,221.300,0.166,0.000,0.000
"22:15",0.000,0.000,221.400,0.179,0.000,0.000
"22:30",0.000,0.000,221.400,0.166,0.000,0.000
"22:45",0.000,0.000,221.400,0.179,0.000,0.000
"23:00",0.000,0.000,221.400,0.166,0.000,0.000
"23:15",0.000,0.000,221.200,0.179,0.000,0.000
"23:30",0.000,0.000,221.100,0.166,0.000,0.000
"23:45",0.000,0.000,221.100,0.166,0.000,0.000
" 9/26/26 24:00",0.000,0.000,221.000,0.179,0.000,0.000
