"kwh"
"Time ","AGRIM02P","AGRIM02P","AGRIM02P","AGRIM02P","AGRIM02P","AGRIM02P"
" 2/20/26 00:15",0.000,0.000,220.300,0.179,0.000,0.000
" 2/20/26 00:30",0.000,0.000,220.200,0.192,0.000,0.000
"00:45",0.000,0.000,220.300,0.179,0.000,0.000
"01:00",0.000,0.000,220.300,0.179,0.000,0.000
"01:15",0.000,0.000,220.300,0.179,0.000,0.000
"01:30",0.000,0.000,220.300,0.192,0.000,0.000
"01:45",0.000,0.000,220.300,0.179,0.000,0.000
"02:00",0.000,0.000,220.300,0.179,0.000,0.000
"02:15",0.000,0.000,220.300,0.179,0.000,0.000
"02:30",0.000,0.000,220.300,0.179,0.000,0.000
"02:45",0.000,0.000,220.300,0.192,0.000,0.000
"03:00",0.000,0.000,220.300,0.179,0.000,0.000
"03:15",0.000,0.000,220.300,0.179,0.000,0.000
"03:30",0.000,0.000,220.300,0.179,0.000,0.000
"03:45",0.000,0.000,220.300,0.192,0.000,0.000
"04:00",0.000,0.000,220.300,0.179,0.000,0.000
"04:15",0.000,0.000,220.300,0.179,0.000,0.000
"04:30",0.000,0.000,220.300,0.192,0.000,0.000
"04:45",0.000,0.000,220.300,0.179,0.000,0.000
"05:00",0.000,0.000,220.300,0.179,0.000,0.000
"05:15",0.000,0.000,220.300,0.179,0.000,0.000
"05:30",0.000,0.000,220.300,0.192,0.000,0.000
"05:45",0.000,0.000,220.300,0.179,0.000,0.000
"06:00",0.000,0.000,220.300,0.179,0.000,0.000
"06:15",0.000,0.000,220.300,0.192,0.000,0.000
"06:30",0.000,0.000,220.300,0.179,0.000,0.000
"06:45",0.000,0.000,220.300,0.179,0.000,0.000
"07:00",0.000,0.000,220.200,0.179,0.000,0.000
"07:15",0.141,0.000,220.200,0.064,0.000,0.013
"07:30",0.704,0.000,220.300,0.000,0.000,0.013
"07:45",1.792,0.000,220.500,0.000,0.000,0.000
"08:00",4.736,0.000,220.700,0.000,0.000,0.000
"08:15",10.163,0.000,221.000,0.000,0.000,0.000
"08:30",17.088,0.000,221.500,0.000,0.000,0.000
"08:45",24.410,0.000,222.000,0.000,0.000,0.000
"09:00",32.064,0.000,221.900,0.000,0.000,0.000
"09:15",39.539,0.000,222.100,0.000,0.000,0.000
"09:30",46.592,0.000,222.300,0.000,0.000,0.000
"09:45",53.491,0.000,222.400,0.000,0.000,0.000
"10:00",60.262,0.000,222.600,0.000,0.000,0.000
"10:15",66.637,0.000,222.700,0.000,0.000,0.000
"10:30",73.370,0.000,222.800,0.000,0.000,0.000
"10:45",76.864,0.000,222.800,0.000,0.000,0.000
"11:00",84.442,0.000,222.900,0.000,0.000,0.000
"11:15",89.485,0.000,223.000,0.000,0.000,0.000
"11:30",95.334,0.000,223.000,0.000,0.000,0.000
"11:45",93.376,0.000,222.900,0.000,0.000,0.000
"12:00",92.352,0.000,222.900,0.000,0.000,0.000
"12:15",101.478,0.000,223.100,0.000,0.000,0.000
"12:30",100.224,0.000,223.000,0.000,0.000,0.000
"12:45",77.722,0.000,222.600,0.000,0.000,0.000
"13:00",89.293,0.000,222.900,0.000,0.000,0.000
"13:15",94.067,0.000,222.900,0.000,0.000,0.000
"13:30",95.194,0.000,222.600,0.000,0.000,0.000
"13:45",94.694,0.000,222.800,0.000,0.000,0.000
"14:00",78.374,0.000,222.700,0.000,0.000,0.000
"14:15",90.944,0.000,222.900,0.000,0.000,0.000
"14:30",92.749,0.000,222.900,0.000,0.000,0.000
"14:45",99.930,0.000,222.600,0.000,0.000,0.000
"15:00",87.104,0.000,222.700,0.000,0.000,0.000
"15:15",93.926,0.000,222.500,0.000,0.000,0.000
"15:30",68.186,0.000,221.800,0.000,0.000,0.000
"15:45",59.648,0.000,221.900,0.000,0.000,0.000
"16:00",82.739,0.000,222.700,0.000,0.000,0.000
"16:15",76.685,0.000,222.400,0.000,0.000,0.000
"16:30",52.928,0.000,222.000,0.000,0.000,0.000
"16:45",48.896,0.000,221.800,0.000,0.000,0.000
"17:00",33.267,0.000,221.400,0.000,0.000,0.000
"17:15",28.480,0.000,221.400,0.000,0.000,0.000
"17:30",19.430,0.000,221.100,0.000,0.000,0.000
"17:45",23.642,0.000,221.200,0.000,0.000,0.000
"18:00",25.088,0.000,221.400,0.000,0.000,0.000
"18:15",26.496,0.000,221.600,0.000,0.000,0.000
"18:30",14.413,0.000,221.300,0.000,0.000,0.013
"18:45",13.389,0.000,221.100,0.000,0.000,0.000
"19:00",10.778,0.000,221.100,0.000,0.000,0.000
"19:15",6.413,0.000,220.900,0.000,0.000,0.038
"19:30",4.058,0.000,220.800,0.000,0.000,0.064
"19:45",1.933,0.000,220.500,0.000,0.000,0.064
"20:00",0.269,0.013,220.700,0.000,0.000,0.051
"20:15",0.000,0.064,220.600,0.090,0.000,0.000
"20:30",0.000,0.026,220.600,0.166,0.000,0.000
"20:45",0.000,0.013,220.600,0.179,0.000,0.000
"21:00",0.000,0.000,220.600,0.179,0.000,0.000
"21:15",0.000,0.000,220.600,0.179,0.000,0.000
"21:30",0.000,0.000,220.600,0.179,0.000,0.000
"21:45",0.000,0.000,220.600,0.192,0.000,0.000
"22:00",0.000,0.000,220.700,0.179,0.000,0.000
"22:15",0.000,0.000,220.800,0.179,0.000,0.000
"22:30",0.000,0.000,220.700,0.192,0.000,0.000
"22:45",0.000,0.000,220.700,0.179,0.000,0.000
"23:00",0.000,0.000,220.700,0.179,0.000,0.000
"23:15",0.000,0.000,220.800,0.179,0.000,0.000
"23:30",0.000,0.000,220.700,0.192,0.000,0.000
"23:45",0.000,0.000,220.700,0.179,0.000,0.000
" 2/20/26 24:00",0.000,0.000,220.700,0.179,0.000,0.000
