"kwh"
"Time ","AGRIM02P","AGRIM02P","AGRIM02P","AGRIM02P","AGRIM02P","AGRIM02P"
" 7/17/26 00:15",0.000,0.000,221.600,0.166,0.000,0.000
" 7/17/26 00:30",0.000,0.000,221.600,0.179,0.000,0.000
"00:45",0.000,0.000,221.600,0.166,0.000,0.000
"01:00",0.000,0.000,221.600,0.179,0.000,0.000
"01:15",0.000,0.000,221.500,0.166,0.000,0.000
"01:30",0.000,0.000,221.500,0.179,0.000,0.000
"01:45",0.000,0.000,221.600,0.166,0.000,0.000
"02:00",0.000,0.000,221.600,0.179,0.000,0.000
"02:15",0.000,0.000,221.500,0.166,0.000,0.000
"02:30",0.000,0.000,221.500,0.179,0.000,0.000
"02:45",0.000,0.000,221.500,0.166,0.000,0.000
"03:00",0.000,0.000,221.500,0.179,0.000,0.000
"03:15",0.000,0.000,221.500,0.166,0.000,0.000
"03:30",0.000,0.000,221.500,0.179,0.000,0.000
"03:45",0.000,0.000,221.400,0.166,0.000,0.000
"04:00",0.000,0.000,221.400,0.179,0.000,0.000
"04:15",0.000,0.000,221.400,0.166,0.000,0.000
"04:30",0.000,0.000,221.500,0.179,0.000,0.000
"04:45",0.000,0.000,221.400,0.166,0.000,0.000
"05:00",0.000,0.000,221.400,0.179,0.000,0.000
"05:15",0.000,0.000,221.500,0.166,0.000,0.000
"05:30",0.000,0.000,221.500,0.166,0.000,0.000
"05:45",0.000,0.000,221.500,0.179,0.000,0.000
"06:00",0.000,0.000,221.500,0.166,0.000,0.000
"06:15",0.000,0.000,221.500,0.179,0.000,0.000
"06:30",0.000,0.000,221.400,0.179,0.000,0.000
"06:45",0.000,0.000,221.500,0.166,0.000,0.000
"07:00",0.000,0.000,221.500,0.166,0.000,0.000
"07:15",0.000,0.000,221.600,0.179,0.000,0.000
"07:30",0.000,0.000,221.500,0.166,0.000,0.000
"07:45",0.000,0.000,221.500,0.179,0.000,0.000
"08:00",0.000,0.000,221.500,0.166,0.000,0.000
"08:15",0.000,0.000,221.500,0.179,0.000,0.000
"08:30",0.166,0.000,221.600,0.090,0.000,0.000
"08:45",2.022,0.000,221.600,0.000,0.000,0.051
"09:00",7.181,0.000,221.700,0.000,0.000,0.013
"09:15",18.624,0.000,222.100,0.000,0.000,0.000
"09:30",35.149,0.000,222.600,0.000,0.000,0.000
"09:45",40.486,0.000,222.900,0.000,0.000,0.000
"10:00",44.531,0.000,223.100,0.000,0.000,0.000
"10:15",51.200,0.000,223.200,0.000,0.000,0.000
"10:30",49.152,0.000,223.000,0.000,0.000,0.000
"10:45",21.120,0.000,222.000,0.000,0.000,0.013
"11:00",18.778,0.000,221.600,0.000,0.000,0.000
"11:15",76.928,0.000,222.600,0.000,0.000,0.000
"11:30",79.040,0.000,222.800,0.000,0.000,0.000
"11:45",92.416,0.000,223.400,0.000,0.000,0.013
"12:00",86.989,0.000,223.400,0.000,0.000,0.000
"12:15",83.366,0.000,223.400,0.000,0.000,0.000
"12:30",91.482,0.000,223.600,0.000,0.000,0.000
"12:45",94.643,0.000,223.500,0.000,0.000,0.115
"13:00",78.899,0.000,223.400,0.000,0.000,0.013
"13:15",46.720,0.000,222.700,0.000,0.000,0.000
"13:30",41.203,0.000,222.600,0.000,0.000,0.000
"13:45",46.438,0.000,222.300,0.000,0.000,0.000
"14:00",81.779,0.000,223.200,0.000,0.000,0.000
"14:15",42.790,0.000,222.800,0.000,0.000,0.064
"14:30",29.248,0.000,222.500,0.000,0.000,0.000
"14:45",43.482,0.000,222.800,0.000,0.000,0.000
"15:00",67.072,0.000,223.300,0.000,0.000,0.000
"15:15",89.728,0.000,224.000,0.000,0.000,0.000
"15:30",81.037,0.000,223.900,0.000,0.000,0.013
"15:45",76.352,0.000,223.700,0.000,0.000,0.000
"16:00",73.702,0.000,223.700,0.000,0.000,0.000
"16:15",67.469,0.000,223.600,0.000,0.000,0.000
"16:30",62.054,0.000,223.500,0.000,0.000,0.000
"16:45",54.605,0.000,223.400,0.000,0.000,0.000
"17:00",48.307,0.000,223.300,0.000,0.000,0.000
"17:15",41.395,0.000,223.000,0.000,0.000,0.000
"17:30",31.885,0.000,222.600,0.000,0.000,0.000
"17:45",18.381,0.000,222.000,0.000,0.000,0.000
"18:00",15.194,0.000,222.000,0.000,0.000,0.000
"18:15",6.899,0.000,222.100,0.000,0.000,0.026
"18:30",2.522,0.000,221.900,0.000,0.000,0.064
"18:45",0.128,0.013,221.800,0.013,0.000,0.000
"19:00",0.000,0.026,221.700,0.115,0.000,0.000
"19:15",0.000,0.026,221.600,0.141,0.000,0.000
"19:30",0.000,0.000,221.600,0.179,0.000,0.000
"19:45",0.000,0.000,221.600,0.179,0.000,0.000
"20:00",0.000,0.000,221.600,0.166,0.000,0.000
"20:15",0.000,0.000,221.600,0.179,0.000,0.000
"20:30",0.000,0.000,221.700,0.166,0.000,0.000
"20:45",0.000,0.000,221.600,0.179,0.000,0.000
"21:00",0.000,0.000,221.700,0.166,0.000,0.000
"21:15",0.000,0.000,221.600,0.179,0.000,0.000
"21:30",0.000,0.000,221.500,0.179,0.000,0.000
"21:45",0.000,0.000,221.500,0.166,0.000,0.000
"22:00",0.000,0.000,221.500,0.179,0.000,0.000
"22:15",0.000,0.000,221.500,0.166,0.000,0.000
"22:30",0.000,0.000,221.600,0.179,0.000,0.000
"22:45",0.000,0.000,221.600,0.166,0.000,0.000
"23:00",0.000,0.000,221.700,0.179,0.000,0.000
"23:15",0.000,0.000,221.600,0.179,0.000,0.000
"23:30",0.000,0.000,221.600,0.166,0.000,0.000
"23:45",0.000,0.000,221.600,0.179,0.000,0.000
" 7/17/26 24:00",0.000,0.000,221.600,0.166,0.000,0.000
