"kwh"
"Time ","AGRIM02P","AGRIM02P","AGRIM02P","AGRIM02P","AGRIM02P","AGRIM02P"
" 1/18/26 00:15",0.000,0.000,220.300,0.179,0.000,0.000
" 1/18/26 00:30",0.000,0.000,220.300,0.192,0.000,0.000
"00:45",0.000,0.000,220.200,0.179,0.000,0.000
"01:00",0.000,0.000,220.200,0.179,0.000,0.000
"01:15",0.000,0.000,220.200,0.192,0.000,0.000
"01:30",0.000,0.000,220.200,0.179,0.000,0.000
"01:45",0.000,0.000,220.200,0.179,0.000,0.000
"02:00",0.000,0.000,220.200,0.179,0.000,0.000
"02:15",0.000,0.000,220.100,0.192,0.000,0.000
"02:30",0.000,0.000,220.200,0.179,0.000,0.000
"02:45",0.000,0.000,220.200,0.179,0.000,0.000
"03:00",0.000,0.000,220.200,0.179,0.000,0.000
"03:15",0.000,0.000,220.200,0.192,0.000,0.000
"03:30",0.000,0.000,220.200,0.179,0.000,0.000
"03:45",0.000,0.000,220.200,0.179,0.000,0.000
"04:00",0.000,0.000,220.200,0.192,0.000,0.000
"04:15",0.000,0.000,220.200,0.179,0.000,0.000
"04:30",0.000,0.000,220.200,0.179,0.000,0.000
"04:45",0.000,0.000,220.200,0.179,0.000,0.000
"05:00",0.000,0.000,220.200,0.192,0.000,0.000
"05:15",0.000,0.000,220.200,0.179,0.000,0.000
"05:30",0.000,0.000,220.200,0.179,0.000,0.000
"05:45",0.000,0.000,220.200,0.179,0.000,0.000
"06:00",0.000,0.000,220.200,0.192,0.000,0.000
"06:15",0.000,0.000,220.200,0.179,0.000,0.000
"06:30",0.000,0.000,220.300,0.179,0.000,0.000
"06:45",0.141,0.000,220.300,0.026,0.000,0.000
"07:00",1.446,0.000,220.400,0.000,0.000,0.013
"07:15",2.432,0.000,220.500,0.000,0.000,0.013
"07:30",1.536,0.000,220.500,0.000,0.000,0.013
"07:45",1.894,0.000,220.500,0.000,0.000,0.013
"08:00",6.349,0.000,220.600,0.000,0.000,0.000
"08:15",13.414,0.000,220.800,0.000,0.000,0.000
"08:30",15.002,0.000,220.900,0.000,0.000,0.000
"08:45",14.426,0.000,221.100,0.000,0.000,0.000
"09:00",9.754,0.000,221.000,0.000,0.000,0.000
"09:15",9.690,0.000,220.900,0.000,0.000,0.000
"09:30",15.936,0.000,220.900,0.000,0.000,0.000
"09:45",20.941,0.000,221.100,0.000,0.000,0.013
"10:00",15.091,0.000,221.100,0.000,0.000,0.000
"10:15",16.794,0.000,221.000,0.000,0.000,0.000
"10:30",20.211,0.000,221.100,0.000,0.000,0.000
"10:45",15.718,0.000,221.000,0.000,0.000,0.026
"11:00",9.600,0.000,220.800,0.000,0.000,0.013
"11:15",8.653,0.000,220.700,0.000,0.000,0.013
"11:30",14.336,0.000,220.800,0.000,0.000,0.000
"11:45",22.362,0.000,221.000,0.000,0.000,0.000
"12:00",29.107,0.000,221.200,0.000,0.000,0.000
"12:15",30.938,0.000,221.200,0.000,0.000,0.000
"12:30",33.715,0.000,221.300,0.000,0.000,0.000
"12:45",49.958,0.000,221.800,0.000,0.000,0.000
"13:00",59.315,0.000,222.400,0.000,0.000,0.000
"13:15",52.954,0.000,222.000,0.000,0.000,0.000
"13:30",58.611,0.000,222.100,0.000,0.000,0.000
"13:45",54.042,0.000,222.300,0.000,0.000,0.013
"14:00",61.786,0.000,222.600,0.000,0.000,0.358
"14:15",84.058,0.000,223.000,0.000,0.000,0.166
"14:30",67.827,0.000,222.500,0.000,0.000,0.051
"14:45",57.459,0.000,222.500,0.000,0.000,0.000
"15:00",53.478,0.000,222.300,0.000,0.000,0.000
"15:15",44.083,0.000,222.000,0.000,0.000,0.000
"15:30",38.771,0.000,221.800,0.000,0.000,0.000
"15:45",15.245,0.000,221.500,0.000,0.000,0.026
"16:00",8.730,0.000,221.500,0.000,0.000,0.051
"16:15",11.942,0.000,221.200,0.000,0.000,0.013
"16:30",15.462,0.000,221.200,0.000,0.000,0.000
"16:45",26.624,0.000,221.500,0.000,0.000,0.000
"17:00",26.816,0.000,221.400,0.000,0.000,0.038
"17:15",23.821,0.000,221.500,0.000,0.000,0.653
"17:30",19.968,0.000,221.300,0.000,0.000,0.614
"17:45",17.152,0.000,221.300,0.000,0.000,0.691
"18:00",19.827,0.000,221.500,0.000,0.000,0.755
"18:15",21.811,0.000,221.700,0.000,0.000,0.256
"18:30",17.587,0.000,221.500,0.000,0.000,0.013
"18:45",19.392,0.000,221.600,0.000,0.000,0.000
"19:00",25.203,0.000,221.600,0.000,0.000,0.346
"19:15",7.386,0.000,221.200,0.000,0.000,0.307
"19:30",4.890,0.000,220.600,0.026,0.000,0.038
"19:45",3.392,0.000,221.500,0.000,0.000,0.038
"20:00",3.507,0.000,221.200,0.000,0.000,0.077
"20:15",1.946,0.000,221.100,0.000,0.000,0.077
"20:30",0.333,0.000,221.000,0.000,0.000,0.038
"20:45",0.000,0.026,220.900,0.077,0.000,0.000
"21:00",0.000,0.026,220.900,0.154,0.000,0.000
"21:15",0.000,0.000,220.900,0.179,0.000,0.000
"21:30",0.000,0.000,220.800,0.192,0.000,0.000
"21:45",0.000,0.000,220.900,0.179,0.000,0.000
"22:00",0.000,0.000,220.900,0.179,0.000,0.000
"22:15",0.000,0.000,220.900,0.179,0.000,0.000
"22:30",0.000,0.000,220.900,0.192,0.000,0.000
"22:45",0.000,0.000,221.000,0.179,0.000,0.000
"23:00",0.000,0.000,220.900,0.179,0.000,0.000
"23:15",0.000,0.000,220.700,0.192,0.000,0.000
"23:30",0.000,0.000,220.600,0.179,0.000,0.000
"23:45",0.000,0.000,220.500,0.179,0.000,0.000
" 1/18/26 24:00",0.000,0.000,220.500,0.179,0.000,0.000
