"kwh"
"Time ","AGRIM02P","AGRIM02P","AGRIM02P","AGRIM02P","AGRIM02P","AGRIM02P"
" 4/15/26 00:15",0.000,0.000,221.700,0.179,0.000,0.000
" 4/15/26 00:30",0.000,0.000,221.700,0.192,0.000,0.000
"00:45",0.000,0.000,221.800,0.179,0.000,0.000
"01:00",0.000,0.000,221.800,0.192,0.000,0.000
"01:15",0.000,0.000,221.900,0.179,0.000,0.000
"01:30",0.000,0.000,221.900,0.192,0.000,0.000
"01:45",0.000,0.000,221.900,0.179,0.000,0.000
"02:00",0.000,0.000,221.900,0.192,0.000,0.000
"02:15",0.000,0.000,221.900,0.179,0.000,0.000
"02:30",0.000,0.000,221.900,0.192,0.000,0.000
"02:45",0.000,0.000,221.900,0.179,0.000,0.000
"03:00",0.000,0.000,221.900,0.192,0.000,0.000
"03:15",0.000,0.000,221.900,0.179,0.000,0.000
"03:30",0.000,0.000,221.800,0.192,0.000,0.000
"03:45",0.000,0.000,221.900,0.179,0.000,0.000
"04:00",0.000,0.000,221.900,0.192,0.000,0.000
"04:15",0.000,0.000,221.900,0.179,0.000,0.000
"04:30",0.000,0.000,221.900,0.192,0.000,0.000
"04:45",0.000,0.000,221.800,0.179,0.000,0.000
"05:00",0.000,0.000,221.900,0.192,0.000,0.000
"05:15",0.000,0.000,221.800,0.179,0.000,0.000
"05:30",0.000,0.000,221.900,0.192,0.000,0.000
"05:45",0.000,0.000,221.800,0.179,0.000,0.000
"06:00",0.000,0.000,221.900,0.192,0.000,0.000
"06:15",0.000,0.000,221.900,0.179,0.000,0.000
"06:30",0.000,0.000,221.800,0.192,0.000,0.000
"06:45",0.000,0.000,221.800,0.179,0.000,0.000
"07:00",0.000,0.000,221.800,0.192,0.000,0.000
"07:15",0.000,0.000,221.800,0.179,0.000,0.000
"07:30",0.000,0.000,221.700,0.192,0.000,0.000
"07:45",0.000,0.000,221.700,0.179,0.000,0.000
"08:00",0.115,0.000,221.700,0.064,0.000,0.013
"08:15",0.640,0.000,221.900,0.000,0.000,0.026
"08:30",5.184,0.000,222.000,0.000,0.000,0.051
"08:45",12.467,0.000,222.400,0.000,0.000,0.038
"09:00",19.853,0.000,222.700,0.000,0.000,0.000
"09:15",28.979,0.000,223.100,0.000,0.000,0.013
"09:30",36.544,0.000,223.500,0.000,0.000,0.000
"09:45",43.187,0.000,223.700,0.000,0.000,0.000
"10:00",51.149,0.000,223.800,0.000,0.000,0.000
"10:15",56.576,0.000,224.000,0.000,0.000,0.038
"10:30",62.349,0.000,224.100,0.000,0.000,0.013
"10:45",67.533,0.000,224.100,0.000,0.000,0.013
"11:00",72.550,0.000,224.300,0.000,0.000,0.000
"11:15",76.890,0.000,224.300,0.000,0.000,0.013
"11:30",76.608,0.000,224.200,0.000,0.000,0.026
"11:45",64.115,0.000,224.200,0.000,0.000,0.026
"12:00",89.651,0.000,224.600,0.000,0.000,0.026
"12:15",89.408,0.000,224.600,0.000,0.000,0.038
"12:30",92.941,0.000,224.600,0.000,0.000,0.013
"12:45",88.845,0.000,224.600,0.000,0.000,0.038
"13:00",94.592,0.000,224.600,0.000,0.000,0.051
"13:15",96.499,0.000,224.500,0.000,0.000,0.000
"13:30",77.786,0.000,224.300,0.000,0.000,0.026
"13:45",96.922,0.000,224.700,0.000,0.000,0.013
"14:00",78.387,0.000,224.400,0.000,0.000,0.051
"14:15",94.938,0.000,224.600,0.000,0.000,0.026
"14:30",94.502,0.000,224.600,0.000,0.000,0.013
"14:45",91.315,0.000,224.400,0.000,0.000,0.000
"15:00",87.949,0.000,224.500,0.000,0.000,0.013
"15:15",82.022,0.000,224.400,0.000,0.000,0.000
"15:30",81.421,0.000,224.500,0.000,0.000,0.000
"15:45",78.003,0.000,224.400,0.000,0.000,0.013
"16:00",73.702,0.000,224.300,0.000,0.000,0.038
"16:15",68.826,0.000,224.300,0.000,0.000,0.013
"16:30",63.501,0.000,224.100,0.000,0.000,0.038
"16:45",57.933,0.000,224.100,0.000,0.000,0.013
"17:00",51.853,0.000,224.000,0.000,0.000,0.000
"17:15",45.594,0.000,223.900,0.000,0.000,0.013
"17:30",39.053,0.000,223.700,0.000,0.000,0.000
"17:45",32.000,0.000,223.400,0.000,0.000,0.013
"18:00",24.704,0.000,223.000,0.000,0.000,0.000
"18:15",17.510,0.000,222.700,0.000,0.000,0.000
"18:30",10.560,0.000,222.400,0.000,0.000,0.013
"18:45",4.288,0.000,222.000,0.000,0.000,0.013
"19:00",0.346,0.000,221.800,0.000,0.000,0.000
"19:15",0.038,0.013,221.700,0.090,0.000,0.000
"19:30",0.000,0.013,221.600,0.166,0.000,0.000
"19:45",0.000,0.013,221.400,0.179,0.000,0.000
"20:00",0.000,0.000,221.400,0.179,0.000,0.000
"20:15",0.000,0.000,221.500,0.179,0.000,0.000
"20:30",0.000,0.000,221.500,0.192,0.000,0.000
"20:45",0.000,0.000,221.600,0.179,0.000,0.000
"21:00",0.000,0.000,221.600,0.192,0.000,0.000
"21:15",0.000,0.000,221.600,0.179,0.000,0.000
"21:30",0.000,0.000,221.600,0.192,0.000,0.000
"21:45",0.000,0.000,221.600,0.179,0.000,0.000
"22:00",0.000,0.000,221.600,0.192,0.000,0.000
"22:15",0.000,0.000,221.600,0.179,0.000,0.000
"22:30",0.000,0.000,221.600,0.192,0.000,0.000
"22:45",0.000,0.000,221.600,0.179,0.000,0.000
"23:00",0.000,0.000,221.600,0.192,0.000,0.000
"23:15",0.000,0.000,221.600,0.179,0.000,0.000
"23:30",0.000,0.000,221.700,0.192,0.000,0.000
"23:45",0.000,0.000,221.700,0.179,0.000,0.000
" 4/15/26 24:00",0.000,0.000,221.700,0.192,0.000,0.000
