"kwh"
"Time ","AGRIM02P","AGRIM02P","AGRIM02P","AGRIM02P","AGRIM02P","AGRIM02P"
" 8/07/26 00:15",0.000,0.000,221.500,0.179,0.000,0.000
" 8/07/26 00:30",0.000,0.000,221.500,0.166,0.000,0.000
"00:45",0.000,0.000,221.500,0.179,0.000,0.000
"01:00",0.000,0.000,221.600,0.166,0.000,0.000
"01:15",0.000,0.000,221.500,0.179,0.000,0.000
"01:30",0.000,0.000,221.500,0.166,0.000,0.000
"01:45",0.000,0.000,221.500,0.179,0.000,0.000
"02:00",0.000,0.000,221.600,0.179,0.000,0.000
"02:15",0.000,0.000,221.600,0.166,0.000,0.000
"02:30",0.000,0.000,221.600,0.179,0.000,0.000
"02:45",0.000,0.000,221.600,0.166,0.000,0.000
"03:00",0.000,0.000,221.600,0.179,0.000,0.000
"03:15",0.000,0.000,221.600,0.166,0.000,0.000
"03:30",0.000,0.000,221.700,0.179,0.000,0.000
"03:45",0.000,0.000,221.700,0.179,0.000,0.000
"04:00",0.000,0.000,221.700,0.166,0.000,0.000
"04:15",0.000,0.000,221.700,0.179,0.000,0.000
"04:30",0.000,0.000,221.700,0.166,0.000,0.000
"04:45",0.000,0.000,221.700,0.179,0.000,0.000
"05:00",0.000,0.000,221.700,0.179,0.000,0.000
"05:15",0.000,0.000,221.700,0.166,0.000,0.000
"05:30",0.000,0.000,221.700,0.179,0.000,0.000
"05:45",0.000,0.000,221.800,0.179,0.000,0.000
"06:00",0.000,0.000,221.700,0.166,0.000,0.000
"06:15",0.000,0.000,221.700,0.179,0.000,0.000
"06:30",0.000,0.000,221.700,0.166,0.000,0.000
"06:45",0.000,0.000,221.700,0.179,0.000,0.000
"07:00",0.000,0.000,221.700,0.166,0.000,0.000
"07:15",0.000,0.000,221.600,0.179,0.000,0.000
"07:30",0.000,0.000,221.600,0.179,0.000,0.000
"07:45",0.000,0.000,221.600,0.166,0.000,0.000
"08:00",0.000,0.000,221.600,0.179,0.000,0.000
"08:15",0.038,0.000,221.500,0.051,0.013,0.000
"08:30",1.190,0.000,221.500,0.000,0.000,0.038
"08:45",5.696,0.000,221.700,0.000,0.000,0.013
"09:00",17.818,0.000,222.100,0.000,0.000,0.000
"09:15",28.403,0.000,222.500,0.000,0.000,0.000
"09:30",37.811,0.000,222.700,0.000,0.000,0.013
"09:45",46.694,0.000,223.000,0.000,0.000,0.128
"10:00",54.784,0.000,223.400,0.000,0.000,0.320
"10:15",62.426,0.000,223.500,0.000,0.000,0.090
"10:30",68.966,0.000,223.600,0.000,0.000,0.000
"10:45",74.854,0.000,223.600,0.000,0.000,0.000
"11:00",80.589,0.000,223.800,0.000,0.000,0.000
"11:15",85.171,0.000,223.900,0.000,0.000,0.000
"11:30",90.266,0.000,224.000,0.000,0.000,0.000
"11:45",94.067,0.000,224.100,0.000,0.000,0.000
"12:00",97.114,0.000,224.200,0.000,0.000,0.013
"12:15",100.096,0.000,224.200,0.000,0.000,0.256
"12:30",103.373,0.000,224.100,0.000,0.000,0.512
"12:45",106.176,0.000,224.200,0.000,0.000,0.064
"13:00",108.198,0.000,224.200,0.000,0.000,0.115
"13:15",109.005,0.000,224.200,0.000,0.000,0.000
"13:30",109.914,0.000,224.300,0.000,0.000,0.000
"13:45",109.466,0.000,224.300,0.000,0.000,0.000
"14:00",109.555,0.000,224.200,0.000,0.000,0.000
"14:15",109.018,0.000,224.200,0.000,0.000,0.179
"14:30",108.019,0.000,224.200,0.000,0.000,0.218
"14:45",106.406,0.000,224.200,0.000,0.000,0.371
"15:00",103.462,0.000,224.200,0.000,0.000,0.384
"15:15",100.646,0.000,224.200,0.000,0.000,0.013
"15:30",97.408,0.000,224.500,0.000,0.000,0.013
"15:45",92.736,0.000,224.500,0.000,0.000,0.013
"16:00",87.770,0.000,224.400,0.000,0.000,0.192
"16:15",82.381,0.000,224.200,0.000,0.000,0.051
"16:30",76.122,0.000,224.100,0.000,0.000,0.038
"16:45",69.542,0.000,224.100,0.000,0.000,0.013
"17:00",62.413,0.000,224.100,0.000,0.000,0.000
"17:15",54.874,0.000,223.900,0.000,0.000,0.000
"17:30",46.554,0.000,223.200,0.000,0.000,0.602
"17:45",37.696,0.000,223.000,0.000,0.000,0.013
"18:00",28.736,0.000,223.100,0.000,0.000,0.013
"18:15",19.264,0.000,222.700,0.000,0.000,0.013
"18:30",7.398,0.000,222.300,0.000,0.000,0.051
"18:45",1.894,0.000,222.000,0.000,0.000,0.077
"19:00",0.154,0.013,221.800,0.000,0.000,0.013
"19:15",0.000,0.038,221.700,0.128,0.000,0.000
"19:30",0.000,0.026,221.700,0.141,0.000,0.000
"19:45",0.000,0.000,221.700,0.179,0.000,0.000
"20:00",0.000,0.000,221.600,0.166,0.000,0.000
"20:15",0.000,0.000,221.600,0.179,0.000,0.000
"20:30",0.000,0.000,221.600,0.179,0.000,0.000
"20:45",0.000,0.000,221.500,0.166,0.000,0.000
"21:00",0.000,0.000,221.500,0.179,0.000,0.000
"21:15",0.000,0.000,221.500,0.166,0.000,0.000
"21:30",0.000,0.000,221.600,0.179,0.000,0.000
"21:45",0.000,0.000,221.500,0.166,0.000,0.000
"22:00",0.000,0.000,221.500,0.179,0.000,0.000
"22:15",0.000,0.000,221.500,0.166,0.000,0.000
"22:30",0.000,0.000,221.500,0.179,0.000,0.000
"22:45",0.000,0.000,221.400,0.179,0.000,0.000
"23:00",0.000,0.000,221.500,0.166,0.000,0.000
"23:15",0.000,0.000,221.600,0.179,0.000,0.000
"23:30",0.000,0.000,221.600,0.179,0.000,0.000
"23:45",0.000,0.000,221.700,0.166,0.000,0.000
" 8/07/26 24:00",0.000,0.000,221.700,0.179,0.000,0.000
