"kwh"
"Time ","AGRIM02P","AGRIM02P","AGRIM02P","AGRIM02P","AGRIM02P","AGRIM02P"
" 4/29/26 00:15",0.000,0.000,221.800,0.166,0.000,0.000
" 4/29/26 00:30",0.000,0.000,221.900,0.179,0.000,0.000
"00:45",0.000,0.000,221.800,0.166,0.000,0.000
"01:00",0.000,0.000,221.900,0.179,0.000,0.000
"01:15",0.000,0.000,222.000,0.179,0.000,0.000
"01:30",0.000,0.000,222.000,0.166,0.000,0.000
"01:45",0.000,0.000,222.000,0.179,0.000,0.000
"02:00",0.000,0.000,222.000,0.166,0.000,0.000
"02:15",0.000,0.000,222.000,0.179,0.000,0.000
"02:30",0.000,0.000,222.000,0.179,0.000,0.000
"02:45",0.000,0.000,222.000,0.166,0.000,0.000
"03:00",0.000,0.000,222.000,0.179,0.000,0.000
"03:15",0.000,0.000,221.900,0.166,0.000,0.000
"03:30",0.000,0.000,222.000,0.179,0.000,0.000
"03:45",0.000,0.000,222.000,0.166,0.000,0.000
"04:00",0.000,0.000,222.000,0.179,0.000,0.000
"04:15",0.000,0.000,222.000,0.166,0.000,0.000
"04:30",0.000,0.000,222.000,0.179,0.000,0.000
"04:45",0.000,0.000,222.000,0.179,0.000,0.000
"05:00",0.000,0.000,222.000,0.166,0.000,0.000
"05:15",0.000,0.000,222.000,0.179,0.000,0.000
"05:30",0.000,0.000,222.000,0.166,0.000,0.000
"05:45",0.000,0.000,222.000,0.179,0.000,0.000
"06:00",0.000,0.000,222.000,0.166,0.000,0.000
"06:15",0.000,0.000,221.900,0.179,0.000,0.000
"06:30",0.000,0.000,221.900,0.166,0.000,0.000
"06:45",0.000,0.000,221.900,0.179,0.000,0.000
"07:00",0.000,0.000,221.800,0.166,0.000,0.000
"07:15",0.000,0.000,221.700,0.179,0.000,0.000
"07:30",0.000,0.000,221.700,0.166,0.000,0.000
"07:45",0.000,0.000,221.700,0.179,0.000,0.000
"08:00",0.064,0.000,221.700,0.051,0.000,0.013
"08:15",1.331,0.000,221.700,0.000,0.000,0.090
"08:30",5.363,0.000,221.600,0.000,0.000,0.064
"08:45",18.752,0.000,222.100,0.000,0.000,0.013
"09:00",23.898,0.000,222.500,0.000,0.000,0.000
"09:15",33.792,0.000,222.600,0.000,0.000,0.000
"09:30",26.906,0.000,222.500,0.000,0.000,0.000
"09:45",22.451,0.000,222.500,0.000,0.000,0.026
"10:00",32.538,0.000,222.800,0.000,0.000,0.000
"10:15",35.251,0.000,222.800,0.000,0.000,0.000
"10:30",65.344,0.000,224.000,0.000,0.000,0.000
"10:45",74.637,0.000,224.200,0.000,0.000,0.013
"11:00",79.898,0.000,224.200,0.000,0.000,0.000
"11:15",85.286,0.000,224.300,0.000,0.000,0.000
"11:30",89.677,0.000,224.400,0.000,0.000,0.000
"11:45",93.184,0.000,224.500,0.000,0.000,0.013
"12:00",96.102,0.000,224.600,0.000,0.000,0.000
"12:15",98.893,0.000,224.600,0.000,0.000,0.000
"12:30",100.979,0.000,224.600,0.000,0.000,0.000
"12:45",102.451,0.000,224.600,0.000,0.000,0.013
"13:00",103.680,0.000,224.600,0.000,0.000,0.000
"13:15",104.013,0.000,224.600,0.000,0.000,0.000
"13:30",104.922,0.000,224.600,0.000,0.000,0.192
"13:45",104.448,0.000,224.500,0.000,0.000,0.154
"14:00",103.437,0.000,224.600,0.000,0.000,0.038
"14:15",102.246,0.000,224.600,0.000,0.000,0.013
"14:30",100.544,0.000,224.500,0.000,0.000,0.000
"14:45",98.342,0.000,224.500,0.000,0.000,0.000
"15:00",95.334,0.000,224.400,0.000,0.000,0.000
"15:15",91.827,0.000,224.400,0.000,0.000,0.000
"15:30",87.834,0.000,224.400,0.000,0.000,0.013
"15:45",83.341,0.000,224.400,0.000,0.000,0.013
"16:00",78.835,0.000,224.300,0.000,0.000,0.000
"16:15",73.318,0.000,224.100,0.000,0.000,0.013
"16:30",67.610,0.000,224.000,0.000,0.000,0.000
"16:45",61.094,0.000,223.900,0.000,0.000,0.000
"17:00",54.592,0.000,223.800,0.000,0.000,0.013
"17:15",47.283,0.000,223.600,0.000,0.000,0.000
"17:30",39.514,0.000,223.300,0.000,0.000,0.000
"17:45",31.565,0.000,223.000,0.000,0.000,0.000
"18:00",23.232,0.000,222.600,0.000,0.000,0.000
"18:15",14.515,0.000,222.200,0.000,0.000,0.026
"18:30",4.518,0.000,221.800,0.000,0.000,0.064
"18:45",0.550,0.000,221.600,0.000,0.000,0.026
"19:00",0.064,0.000,221.500,0.051,0.000,0.013
"19:15",0.000,0.051,221.300,0.128,0.000,0.000
"19:30",0.000,0.013,221.300,0.154,0.000,0.000
"19:45",0.000,0.000,221.300,0.179,0.000,0.000
"20:00",0.000,0.000,221.300,0.166,0.000,0.000
"20:15",0.000,0.000,221.300,0.179,0.000,0.000
"20:30",0.000,0.000,221.300,0.166,0.000,0.000
"20:45",0.000,0.000,221.400,0.179,0.000,0.000
"21:00",0.000,0.000,221.400,0.166,0.000,0.000
"21:15",0.000,0.000,221.400,0.179,0.000,0.000
"21:30",0.000,0.000,221.400,0.179,0.000,0.000
"21:45",0.000,0.000,221.400,0.166,0.000,0.000
"22:00",0.000,0.000,221.500,0.179,0.000,0.000
"22:15",0.000,0.000,221.500,0.179,0.000,0.000
"22:30",0.000,0.000,221.600,0.166,0.000,0.000
"22:45",0.000,0.000,221.600,0.179,0.000,0.000
"23:00",0.000,0.000,221.600,0.179,0.000,0.000
"23:15",0.000,0.000,221.600,0.166,0.000,0.000
"23:30",0.000,0.000,221.500,0.179,0.000,0.000
"23:45",0.000,0.000,221.600,0.166,0.000,0.000
" 4/29/26 24:00",0.000,0.000,221.600,0.179,0.000,0.000
