"kwh"
"Time ","AGRIM02P","AGRIM02P","AGRIM02P","AGRIM02P","AGRIM02P","AGRIM02P"
" 4/03/26 00:15",0.000,0.000,221.400,0.179,0.000,0.000
" 4/03/26 00:30",0.000,0.000,221.500,0.179,0.000,0.000
"00:45",0.000,0.000,221.500,0.192,0.000,0.000
"01:00",0.000,0.000,221.500,0.179,0.000,0.000
"01:15",0.000,0.000,221.500,0.179,0.000,0.000
"01:30",0.000,0.000,221.600,0.192,0.000,0.000
"01:45",0.000,0.000,221.600,0.179,0.000,0.000
"02:00",0.000,0.000,221.600,0.192,0.000,0.000
"02:15",0.000,0.000,221.600,0.179,0.000,0.000
"02:30",0.000,0.000,221.600,0.179,0.000,0.000
"02:45",0.000,0.000,221.600,0.192,0.000,0.000
"03:00",0.000,0.000,221.600,0.179,0.000,0.000
"03:15",0.000,0.000,221.700,0.179,0.000,0.000
"03:30",0.000,0.000,221.600,0.192,0.000,0.000
"03:45",0.000,0.000,221.600,0.179,0.000,0.000
"04:00",0.000,0.000,221.600,0.179,0.000,0.000
"04:15",0.000,0.000,221.600,0.192,0.000,0.000
"04:30",0.000,0.000,221.600,0.179,0.000,0.000
"04:45",0.000,0.000,221.600,0.192,0.000,0.000
"05:00",0.000,0.000,221.600,0.179,0.000,0.000
"05:15",0.000,0.000,221.600,0.179,0.000,0.000
"05:30",0.000,0.000,221.600,0.179,0.000,0.000
"05:45",0.000,0.000,221.700,0.192,0.000,0.000
"06:00",0.000,0.000,221.600,0.179,0.000,0.000
"06:15",0.000,0.000,221.600,0.192,0.000,0.000
"06:30",0.000,0.000,221.600,0.179,0.000,0.000
"06:45",0.000,0.000,221.700,0.179,0.000,0.000
"07:00",0.000,0.000,221.600,0.192,0.000,0.000
"07:15",0.000,0.000,221.600,0.179,0.000,0.000
"07:30",0.000,0.000,221.700,0.179,0.000,0.000
"07:45",0.013,0.000,221.600,0.166,0.000,0.000
"08:00",0.102,0.000,221.700,0.000,0.000,0.000
"08:15",0.115,0.000,221.700,0.000,0.000,0.000
"08:30",0.512,0.000,221.700,0.000,0.000,0.000
"08:45",0.640,0.000,221.600,0.000,0.000,0.000
"09:00",0.909,0.000,221.600,0.000,0.000,0.013
"09:15",1.165,0.000,221.600,0.000,0.000,0.000
"09:30",2.214,0.000,221.700,0.000,0.000,0.000
"09:45",3.571,0.000,221.800,0.000,0.000,0.000
"10:00",3.328,0.000,222.000,0.000,0.000,0.013
"10:15",4.467,0.000,221.900,0.000,0.000,0.000
"10:30",9.446,0.000,222.000,0.000,0.000,0.000
"10:45",10.368,0.000,221.900,0.000,0.000,0.000
"11:00",14.029,0.000,222.000,0.000,0.000,0.000
"11:15",19.392,0.000,222.200,0.000,0.000,0.000
"11:30",18.483,0.000,222.200,0.000,0.000,0.000
"11:45",20.774,0.000,222.200,0.000,0.000,0.000
"12:00",23.782,0.000,222.300,0.000,0.000,0.000
"12:15",35.507,0.000,222.600,0.000,0.000,0.000
"12:30",57.165,0.000,223.600,0.000,0.000,0.000
"12:45",82.522,0.000,224.200,0.000,0.000,0.000
"13:00",69.325,0.000,224.100,0.000,0.000,0.000
"13:15",55.078,0.000,223.500,0.000,0.000,0.000
"13:30",73.805,0.000,223.800,0.000,0.000,0.000
"13:45",94.246,0.000,224.500,0.000,0.000,0.013
"14:00",71.616,0.000,224.100,0.000,0.000,0.013
"14:15",74.432,0.000,224.200,0.000,0.000,0.013
"14:30",72.742,0.000,224.200,0.000,0.000,0.013
"14:45",93.670,0.000,224.300,0.000,0.000,0.013
"15:00",50.330,0.000,223.200,0.000,0.000,0.000
"15:15",50.419,0.000,223.500,0.000,0.000,0.000
"15:30",44.442,0.000,223.200,0.000,0.000,0.013
"15:45",37.056,0.000,223.100,0.000,0.000,0.000
"16:00",56.435,0.000,223.300,0.000,0.000,0.000
"16:15",67.098,0.000,223.900,0.000,0.000,0.000
"16:30",51.789,0.000,223.700,0.000,0.000,0.026
"16:45",42.765,0.000,223.200,0.000,0.000,0.000
"17:00",39.834,0.000,222.900,0.000,0.000,0.000
"17:15",32.410,0.000,223.100,0.000,0.000,0.013
"17:30",34.675,0.000,223.000,0.000,0.000,0.013
"17:45",15.552,0.000,222.300,0.000,0.000,0.013
"18:00",10.368,0.000,222.300,0.000,0.000,0.026
"18:15",8.179,0.000,222.200,0.000,0.000,0.026
"18:30",8.230,0.000,222.100,0.000,0.000,0.038
"18:45",4.506,0.000,221.900,0.000,0.000,0.090
"19:00",2.701,0.000,221.800,0.000,0.000,0.077
"19:15",0.192,0.000,221.700,0.000,0.000,0.026
"19:30",0.000,0.000,221.600,0.141,0.013,0.000
"19:45",0.000,0.000,221.600,0.179,0.000,0.000
"20:00",0.000,0.000,221.500,0.179,0.000,0.000
"20:15",0.000,0.000,221.500,0.192,0.000,0.000
"20:30",0.000,0.000,221.500,0.179,0.000,0.000
"20:45",0.000,0.000,221.500,0.179,0.000,0.000
"21:00",0.000,0.000,221.400,0.192,0.000,0.000
"21:15",0.000,0.000,221.400,0.179,0.000,0.000
"21:30",0.000,0.000,221.400,0.192,0.000,0.000
"21:45",0.000,0.000,221.400,0.179,0.000,0.000
"22:00",0.000,0.000,221.600,0.179,0.000,0.000
"22:15",0.000,0.000,221.700,0.192,0.000,0.000
"22:30",0.000,0.000,221.700,0.179,0.000,0.000
"22:45",0.000,0.000,221.700,0.179,0.000,0.000
"23:00",0.000,0.000,221.700,0.192,0.000,0.000
"23:15",0.000,0.000,221.600,0.179,0.000,0.000
"23:30",0.000,0.000,221.700,0.192,0.000,0.000
"23:45",0.000,0.000,221.700,0.179,0.000,0.000
" 4/03/26 24:00",0.000,0.000,221.600,0.179,0.000,0.000
