"kwh"
"Time ","AGRIM02P","AGRIM02P","AGRIM02P","AGRIM02P","AGRIM02P","AGRIM02P"
" 5/04/26 00:15",0.000,0.000,221.800,0.179,0.000,0.000
" 5/04/26 00:30",0.000,0.000,221.900,0.166,0.000,0.000
"00:45",0.000,0.000,221.900,0.179,0.000,0.000
"01:00",0.000,0.000,221.900,0.179,0.000,0.000
"01:15",0.000,0.000,221.800,0.166,0.000,0.000
"01:30",0.000,0.000,221.900,0.179,0.000,0.000
"01:45",0.000,0.000,221.800,0.166,0.000,0.000
"02:00",0.000,0.000,221.800,0.179,0.000,0.000
"02:15",0.000,0.000,221.800,0.179,0.000,0.000
"02:30",0.000,0.000,221.800,0.166,0.000,0.000
"02:45",0.000,0.000,221.800,0.179,0.000,0.000
"03:00",0.000,0.000,221.900,0.166,0.000,0.000
"03:15",0.000,0.000,221.800,0.179,0.000,0.000
"03:30",0.000,0.000,221.800,0.166,0.000,0.000
"03:45",0.000,0.000,221.900,0.179,0.000,0.000
"04:00",0.000,0.000,221.800,0.166,0.000,0.000
"04:15",0.000,0.000,221.900,0.179,0.000,0.000
"04:30",0.000,0.000,221.900,0.179,0.000,0.000
"04:45",0.000,0.000,221.800,0.166,0.000,0.000
"05:00",0.000,0.000,221.900,0.179,0.000,0.000
"05:15",0.000,0.000,221.900,0.166,0.000,0.000
"05:30",0.000,0.000,221.900,0.179,0.000,0.000
"05:45",0.000,0.000,221.800,0.166,0.000,0.000
"06:00",0.000,0.000,221.800,0.179,0.000,0.000
"06:15",0.000,0.000,221.800,0.166,0.000,0.000
"06:30",0.000,0.000,221.700,0.179,0.000,0.000
"06:45",0.000,0.000,221.700,0.166,0.000,0.000
"07:00",0.000,0.000,221.600,0.179,0.000,0.000
"07:15",0.000,0.000,221.700,0.166,0.000,0.000
"07:30",0.000,0.000,221.600,0.179,0.000,0.000
"07:45",0.000,0.000,221.600,0.166,0.000,0.000
"08:00",0.013,0.000,221.600,0.102,0.000,0.000
"08:15",0.602,0.000,221.600,0.000,0.000,0.038
"08:30",3.827,0.000,221.800,0.000,0.000,0.090
"08:45",12.902,0.000,222.200,0.000,0.000,0.000
"09:00",22.848,0.000,222.600,0.000,0.000,0.000
"09:15",31.373,0.000,222.900,0.000,0.000,0.000
"09:30",39.488,0.000,223.200,0.000,0.000,0.000
"09:45",47.347,0.000,223.500,0.000,0.000,0.000
"10:00",55.117,0.000,223.600,0.000,0.000,0.000
"10:15",61.952,0.000,223.800,0.000,0.000,0.000
"10:30",68.173,0.000,223.900,0.000,0.000,0.000
"10:45",73.677,0.000,224.000,0.000,0.000,0.000
"11:00",78.861,0.000,224.000,0.000,0.000,0.013
"11:15",83.622,0.000,224.000,0.000,0.000,0.000
"11:30",87.949,0.000,224.100,0.000,0.000,0.000
"11:45",91.789,0.000,224.100,0.000,0.000,0.000
"12:00",94.989,0.000,224.300,0.000,0.000,0.000
"12:15",97.997,0.000,224.300,0.000,0.000,0.000
"12:30",100.070,0.000,224.300,0.000,0.000,0.000
"12:45",101.978,0.000,224.300,0.000,0.000,0.000
"13:00",103.091,0.000,224.300,0.000,0.000,0.000
"13:15",103.923,0.000,224.300,0.000,0.000,0.000
"13:30",104.602,0.000,224.300,0.000,0.000,0.000
"13:45",104.358,0.000,224.400,0.000,0.000,0.000
"14:00",103.552,0.000,224.400,0.000,0.000,0.000
"14:15",102.259,0.000,224.300,0.000,0.000,0.000
"14:30",100.083,0.000,224.400,0.000,0.000,0.000
"14:45",97.805,0.000,224.400,0.000,0.000,0.000
"15:00",95.040,0.000,224.400,0.000,0.000,0.000
"15:15",91.661,0.000,224.200,0.000,0.000,0.000
"15:30",87.475,0.000,223.900,0.000,0.000,0.000
"15:45",81.664,0.000,223.800,0.000,0.000,0.000
"16:00",78.413,0.000,223.600,0.000,0.000,0.000
"16:15",72.858,0.000,223.500,0.000,0.000,0.000
"16:30",67.200,0.000,223.500,0.000,0.000,0.000
"16:45",60.672,0.000,223.100,0.000,0.000,0.000
"17:00",53.248,0.000,222.800,0.000,0.000,0.000
"17:15",44.186,0.000,222.600,0.000,0.000,0.000
"17:30",34.880,0.000,222.100,0.000,0.000,0.000
"17:45",34.176,0.000,222.100,0.000,0.000,0.000
"18:00",23.693,0.000,221.700,0.000,0.000,0.000
"18:15",11.443,0.000,221.200,0.000,0.000,0.026
"18:30",2.419,0.000,221.000,0.000,0.000,0.026
"18:45",0.294,0.000,220.700,0.000,0.000,0.013
"19:00",0.013,0.026,220.600,0.102,0.000,0.000
"19:15",0.000,0.051,220.600,0.128,0.000,0.000
"19:30",0.000,0.000,220.600,0.166,0.000,0.000
"19:45",0.000,0.000,220.600,0.166,0.000,0.000
"20:00",0.000,0.000,220.600,0.179,0.000,0.000
"20:15",0.000,0.000,220.500,0.166,0.000,0.000
"20:30",0.000,0.000,220.500,0.179,0.000,0.000
"20:45",0.000,0.000,220.500,0.166,0.000,0.000
"21:00",0.000,0.000,220.600,0.179,0.000,0.000
"21:15",0.000,0.000,220.600,0.166,0.000,0.000
"21:30",0.000,0.000,220.600,0.179,0.000,0.000
"21:45",0.000,0.000,220.600,0.166,0.000,0.000
"22:00",0.000,0.000,220.700,0.179,0.000,0.000
"22:15",0.000,0.000,220.700,0.166,0.000,0.000
"22:30",0.000,0.000,220.700,0.179,0.000,0.000
"22:45",0.000,0.000,220.800,0.166,0.000,0.000
"23:00",0.000,0.000,220.900,0.179,0.000,0.000
"23:15",0.000,0.000,220.900,0.166,0.000,0.000
"23:30",0.000,0.000,220.900,0.179,0.000,0.000
"23:45",0.000,0.000,220.900,0.166,0.000,0.000
" 5/04/26 24:00",0.000,0.000,220.900,0.179,0.000,0.000
