"kwh"
"Time ","AGRIM02P","AGRIM02P","AGRIM02P","AGRIM02P","AGRIM02P","AGRIM02P"
" 4/05/26 00:15",0.000,0.000,222.000,0.192,0.000,0.000
" 4/05/26 00:30",0.000,0.000,222.000,0.179,0.000,0.000
"00:45",0.000,0.000,221.900,0.192,0.000,0.000
"01:00",0.000,0.000,221.900,0.179,0.000,0.000
"01:15",0.000,0.000,221.900,0.192,0.000,0.000
"01:30",0.000,0.000,221.900,0.179,0.000,0.000
"01:45",0.000,0.000,221.900,0.179,0.000,0.000
"02:00",0.000,0.000,221.900,0.192,0.000,0.000
"02:15",0.000,0.000,221.900,0.179,0.000,0.000
"02:30",0.000,0.000,221.900,0.192,0.000,0.000
"02:45",0.000,0.000,221.900,0.179,0.000,0.000
"03:00",0.000,0.000,221.900,0.192,0.000,0.000
"03:15",0.000,0.000,221.900,0.179,0.000,0.000
"03:30",0.000,0.000,221.900,0.192,0.000,0.000
"03:45",0.000,0.000,221.900,0.179,0.000,0.000
"04:00",0.000,0.000,222.000,0.192,0.000,0.000
"04:15",0.000,0.000,221.900,0.179,0.000,0.000
"04:30",0.000,0.000,221.900,0.192,0.000,0.000
"04:45",0.000,0.000,221.900,0.179,0.000,0.000
"05:00",0.000,0.000,221.900,0.179,0.000,0.000
"05:15",0.000,0.000,221.900,0.192,0.000,0.000
"05:30",0.000,0.000,221.900,0.179,0.000,0.000
"05:45",0.000,0.000,221.900,0.192,0.000,0.000
"06:00",0.000,0.000,221.900,0.179,0.000,0.000
"06:15",0.000,0.000,221.900,0.192,0.000,0.000
"06:30",0.000,0.000,221.900,0.179,0.000,0.000
"06:45",0.000,0.000,221.800,0.192,0.000,0.000
"07:00",0.000,0.000,221.900,0.179,0.000,0.000
"07:15",0.000,0.000,221.900,0.192,0.000,0.000
"07:30",0.000,0.000,221.900,0.179,0.000,0.000
"07:45",0.000,0.000,221.800,0.179,0.000,0.000
"08:00",0.038,0.000,221.800,0.090,0.000,0.013
"08:15",0.269,0.000,221.800,0.000,0.000,0.013
"08:30",0.499,0.000,221.900,0.000,0.000,0.026
"08:45",0.806,0.000,221.800,0.000,0.000,0.000
"09:00",2.086,0.000,221.800,0.000,0.000,0.077
"09:15",2.240,0.000,221.800,0.000,0.000,0.051
"09:30",4.262,0.000,221.900,0.000,0.000,0.013
"09:45",5.158,0.000,221.900,0.000,0.000,0.000
"10:00",4.800,0.000,221.800,0.000,0.000,0.013
"10:15",7.117,0.000,221.900,0.000,0.000,0.000
"10:30",7.706,0.000,222.000,0.000,0.000,0.000
"10:45",7.091,0.000,221.900,0.000,0.000,0.000
"11:00",6.605,0.000,221.900,0.000,0.000,0.000
"11:15",6.182,0.000,221.900,0.000,0.000,0.013
"11:30",6.707,0.000,222.000,0.000,0.000,0.000
"11:45",10.291,0.000,222.000,0.000,0.000,0.000
"12:00",11.994,0.000,222.100,0.000,0.000,0.000
"12:15",20.570,0.000,222.200,0.000,0.000,0.000
"12:30",26.048,0.000,222.400,0.000,0.000,0.000
"12:45",23.731,0.000,222.500,0.000,0.000,0.000
"13:00",24.128,0.000,222.400,0.000,0.000,0.000
"13:15",22.438,0.000,222.400,0.000,0.000,0.000
"13:30",25.011,0.000,222.500,0.000,0.000,0.000
"13:45",22.643,0.000,222.400,0.000,0.000,0.000
"14:00",29.965,0.000,222.700,0.000,0.000,0.000
"14:15",28.634,0.000,222.600,0.000,0.000,0.000
"14:30",33.370,0.000,222.700,0.000,0.000,0.000
"14:45",34.880,0.000,222.700,0.000,0.000,0.000
"15:00",48.410,0.000,223.100,0.000,0.000,0.000
"15:15",37.197,0.000,222.900,0.000,0.000,0.000
"15:30",34.714,0.000,222.700,0.000,0.000,0.000
"15:45",28.621,0.000,222.500,0.000,0.000,0.000
"16:00",15.821,0.000,222.200,0.000,0.000,0.000
"16:15",13.133,0.000,222.000,0.000,0.000,0.000
"16:30",11.622,0.000,222.000,0.000,0.000,0.000
"16:45",13.722,0.000,222.000,0.000,0.000,0.000
"17:00",10.394,0.000,222.000,0.000,0.000,0.000
"17:15",6.938,0.000,221.800,0.000,0.000,0.000
"17:30",6.221,0.000,221.700,0.000,0.000,0.000
"17:45",3.904,0.000,221.600,0.000,0.000,0.013
"18:00",2.010,0.000,221.700,0.000,0.000,0.026
"18:15",1.178,0.000,221.600,0.000,0.000,0.026
"18:30",0.666,0.000,221.600,0.000,0.000,0.000
"18:45",0.384,0.000,221.700,0.000,0.000,0.000
"19:00",0.192,0.000,221.900,0.000,0.000,0.000
"19:15",0.013,0.013,221.800,0.077,0.000,0.000
"19:30",0.000,0.026,221.800,0.166,0.000,0.000
"19:45",0.000,0.000,221.700,0.166,0.000,0.000
"20:00",0.000,0.000,221.600,0.192,0.000,0.000
"20:15",0.000,0.000,221.600,0.179,0.000,0.000
"20:30",0.000,0.000,221.700,0.192,0.000,0.000
"20:45",0.000,0.000,221.600,0.179,0.000,0.000
"21:00",0.000,0.000,221.600,0.192,0.000,0.000
"21:15",0.000,0.000,221.600,0.179,0.000,0.000
"21:30",0.000,0.000,221.600,0.192,0.000,0.000
"21:45",0.000,0.000,221.600,0.179,0.000,0.000
"22:00",0.000,0.000,221.600,0.192,0.000,0.000
"22:15",0.000,0.000,221.600,0.179,0.000,0.000
"22:30",0.000,0.000,221.600,0.192,0.000,0.000
"22:45",0.000,0.000,221.600,0.179,0.000,0.000
"23:00",0.000,0.000,221.700,0.192,0.000,0.000
"23:15",0.000,0.000,221.700,0.179,0.000,0.000
"23:30",0.000,0.000,221.700,0.192,0.000,0.000
"23:45",0.000,0.000,221.700,0.179,0.000,0.000
" 4/05/26 24:00",0.000,0.000,221.700,0.192,0.000,0.000
