"kwh"
"Time ","AGRIM02P","AGRIM02P","AGRIM02P","AGRIM02P","AGRIM02P","AGRIM02P"
" 9/12/26 00:15",0.000,0.000,220.700,0.166,0.000,0.000
" 9/12/26 00:30",0.000,0.000,220.700,0.179,0.000,0.000
"00:45",0.000,0.000,220.800,0.166,0.000,0.000
"01:00",0.000,0.000,220.700,0.179,0.000,0.000
"01:15",0.000,0.000,220.700,0.166,0.000,0.000
"01:30",0.000,0.000,220.800,0.166,0.000,0.000
"01:45",0.000,0.000,220.700,0.179,0.000,0.000
"02:00",0.000,0.000,220.800,0.166,0.000,0.000
"02:15",0.000,0.000,220.800,0.179,0.000,0.000
"02:30",0.000,0.000,220.800,0.166,0.000,0.000
"02:45",0.000,0.000,220.800,0.166,0.000,0.000
"03:00",0.000,0.000,220.700,0.179,0.000,0.000
"03:15",0.000,0.000,220.600,0.166,0.000,0.000
"03:30",0.000,0.000,220.700,0.179,0.000,0.000
"03:45",0.000,0.000,220.800,0.166,0.000,0.000
"04:00",0.000,0.000,220.700,0.179,0.000,0.000
"04:15",0.000,0.000,220.700,0.166,0.000,0.000
"04:30",0.000,0.000,220.700,0.166,0.000,0.000
"04:45",0.000,0.000,220.800,0.179,0.000,0.000
"05:00",0.000,0.000,220.700,0.166,0.000,0.000
"05:15",0.000,0.000,220.800,0.179,0.000,0.000
"05:30",0.000,0.000,220.800,0.166,0.000,0.000
"05:45",0.000,0.000,220.700,0.166,0.000,0.000
"06:00",0.000,0.000,220.800,0.179,0.000,0.000
"06:15",0.000,0.000,220.800,0.166,0.000,0.000
"06:30",0.000,0.000,220.700,0.179,0.000,0.000
"06:45",0.000,0.000,220.600,0.166,0.000,0.000
"07:00",0.000,0.000,220.700,0.166,0.000,0.000
"07:15",0.000,0.000,220.700,0.179,0.000,0.000
"07:30",0.000,0.000,220.700,0.166,0.000,0.000
"07:45",0.000,0.000,220.800,0.179,0.000,0.000
"08:00",0.000,0.013,153.400,0.102,0.000,0.000
"08:15",0.000,0.000,115.400,0.090,0.000,0.000
"08:30",0.000,0.000,116.500,0.090,0.000,0.000
"08:45",0.000,0.000,115.200,0.090,0.000,0.000
"09:00",0.000,0.000,115.200,0.090,0.000,0.000
"09:15",0.000,0.000,115.300,0.102,0.000,0.000
"09:30",0.000,0.000,115.500,0.090,0.000,0.000
"09:45",0.000,0.000,116.400,0.090,0.000,0.000
"10:00",0.000,0.000,117.600,0.090,0.000,0.000
"10:15",0.000,0.000,118.100,0.090,0.000,0.000
"10:30",0.000,0.000,117.900,0.090,0.000,0.000
"10:45",0.000,0.000,118.000,0.090,0.000,0.000
"11:00",0.000,0.000,117.900,0.102,0.000,0.000
"11:15",0.000,0.000,118.100,0.090,0.000,0.000
"11:30",0.000,0.000,117.600,0.090,0.000,0.000
"11:45",0.000,0.000,117.900,0.090,0.000,0.000
"12:00",0.000,0.000,118.200,0.090,0.000,0.000
"12:15",0.000,0.000,118.300,0.090,0.000,0.000
"12:30",0.000,0.000,118.500,0.102,0.000,0.000
"12:45",0.000,0.000,118.100,0.090,0.000,0.000
"13:00",0.000,0.000,118.400,0.090,0.000,0.000
"13:15",0.000,0.000,118.100,0.051,0.000,0.000
"13:30",0.000,0.000,0.000,0.000,0.000,0.000
"13:45",0.000,0.000,0.000,0.000,0.000,0.000
"14:00",0.000,0.000,0.000,0.000,0.000,0.000
"14:15",0.000,0.000,0.000,0.000,0.000,0.000
"14:30",0.000,0.000,116.400,0.026,0.000,0.000
"14:45",0.000,0.000,0.000,0.000,0.000,0.000
"15:00",0.000,0.000,0.000,0.000,0.000,0.000
"15:15",0.000,0.000,0.000,0.000,0.000,0.000
"15:30",0.000,0.000,0.000,0.000,0.000,0.000
"15:45",0.000,0.000,0.000,0.000,0.000,0.000
"16:00",0.000,0.000,0.000,0.000,0.000,0.000
"16:15",0.000,0.000,0.000,0.000,0.000,0.000
"16:30",0.000,0.000,0.000,0.000,0.000,0.000
"16:45",0.000,0.000,0.000,0.000,0.000,0.000
"17:00",0.000,0.000,0.000,0.000,0.000,0.000
"17:15",0.154,0.000,217.000,0.026,0.000,0.000
"17:30",4.736,0.000,219.100,0.000,0.000,0.000
"17:45",7.130,0.000,219.700,0.000,0.000,0.000
"18:00",6.464,0.000,220.200,0.000,0.000,0.000
"18:15",5.926,0.000,220.100,0.000,0.000,0.000
"18:30",3.789,0.000,220.200,0.000,0.000,0.013
"18:45",2.150,0.000,220.400,0.000,0.000,0.013
"19:00",0.640,0.000,220.600,0.000,0.000,0.013
"19:15",0.026,0.026,219.900,0.077,0.000,0.000
"19:30",0.000,0.051,220.200,0.128,0.000,0.000
"19:45",0.000,0.013,220.300,0.154,0.000,0.000
"20:00",0.000,0.000,219.800,0.166,0.000,0.000
"20:15",0.000,0.000,219.600,0.166,0.000,0.000
"20:30",0.000,0.000,219.400,0.166,0.000,0.000
"20:45",0.000,0.000,219.300,0.166,0.000,0.000
"21:00",0.000,0.000,219.000,0.166,0.000,0.000
"21:15",0.000,0.000,219.800,0.166,0.000,0.000
"21:30",0.000,0.000,219.900,0.166,0.000,0.000
"21:45",0.000,0.000,220.300,0.179,0.000,0.000
"22:00",0.000,0.000,220.300,0.166,0.000,0.000
"22:15",0.000,0.000,218.800,0.166,0.000,0.000
"22:30",0.000,0.000,218.500,0.166,0.000,0.000
"22:45",0.000,0.000,219.000,0.166,0.000,0.000
"23:00",0.000,0.000,219.100,0.166,0.000,0.000
"23:15",0.000,0.000,219.700,0.166,0.000,0.000
"23:30",0.000,0.000,220.000,0.166,0.000,0.000
"23:45",0.000,0.000,220.500,0.166,0.000,0.000
" 9/12/26 24:00",0.000,0.000,219.800,0.166,0.000,0.000
