"kwh"
"Time ","AGRIM02P","AGRIM02P","AGRIM02P","AGRIM02P","AGRIM02P","AGRIM02P"
" 1/21/26 00:15",0.000,0.000,218.400,0.179,0.000,0.000
" 1/21/26 00:30",0.000,0.000,218.400,0.192,0.000,0.000
"00:45",0.000,0.000,218.400,0.179,0.000,0.000
"01:00",0.000,0.000,218.400,0.179,0.000,0.000
"01:15",0.000,0.000,218.500,0.179,0.000,0.000
"01:30",0.000,0.000,218.700,0.179,0.000,0.000
"01:45",0.000,0.000,218.900,0.179,0.000,0.000
"02:00",0.000,0.000,218.800,0.179,0.000,0.000
"02:15",0.000,0.000,218.800,0.179,0.000,0.000
"02:30",0.000,0.000,218.800,0.179,0.000,0.000
"02:45",0.000,0.000,218.800,0.179,0.000,0.000
"03:00",0.000,0.000,218.800,0.179,0.000,0.000
"03:15",0.000,0.000,218.900,0.179,0.000,0.000
"03:30",0.000,0.000,218.900,0.179,0.000,0.000
"03:45",0.000,0.000,218.800,0.179,0.000,0.000
"04:00",0.000,0.000,218.900,0.179,0.000,0.000
"04:15",0.000,0.000,218.800,0.179,0.000,0.000
"04:30",0.000,0.000,218.900,0.192,0.000,0.000
"04:45",0.000,0.000,218.900,0.179,0.000,0.000
"05:00",0.000,0.000,218.900,0.179,0.000,0.000
"05:15",0.000,0.000,218.900,0.179,0.000,0.000
"05:30",0.000,0.000,218.900,0.179,0.000,0.000
"05:45",0.000,0.000,218.900,0.179,0.000,0.000
"06:00",0.000,0.000,218.900,0.179,0.000,0.000
"06:15",0.000,0.000,218.900,0.179,0.000,0.000
"06:30",0.000,0.000,208.600,0.154,0.000,0.000
"06:45",0.038,0.000,217.000,0.077,0.000,0.000
"07:00",0.589,0.000,218.900,0.000,0.000,0.013
"07:15",1.203,0.000,218.900,0.000,0.000,0.000
"07:30",2.074,0.000,218.900,0.000,0.000,0.013
"07:45",4.403,0.000,219.200,0.000,0.000,0.013
"08:00",9.306,0.000,219.600,0.000,0.000,0.000
"08:15",15.987,0.000,219.800,0.000,0.000,0.000
"08:30",23.014,0.000,220.200,0.000,0.000,0.205
"08:45",30.720,0.000,220.100,0.000,0.000,0.000
"09:00",38.285,0.000,220.300,0.000,0.000,0.000
"09:15",45.530,0.000,220.300,0.000,0.000,0.000
"09:30",52.467,0.000,220.300,0.000,0.000,0.000
"09:45",58.906,0.000,220.500,0.000,0.000,0.000
"10:00",65.075,0.000,220.500,0.000,0.000,0.000
"10:15",70.733,0.000,220.700,0.000,0.000,0.000
"10:30",76.096,0.000,221.000,0.000,0.000,0.000
"10:45",81.139,0.000,221.000,0.000,0.000,0.000
"11:00",86.170,0.000,221.000,0.000,0.000,0.000
"11:15",90.253,0.000,221.100,0.000,0.000,0.000
"11:30",93.402,0.000,221.000,0.000,0.000,0.000
"11:45",96.819,0.000,221.100,0.000,0.000,0.000
"12:00",99.277,0.000,221.000,0.000,0.000,0.000
"12:15",101.338,0.000,221.000,0.000,0.000,0.000
"12:30",102.528,0.000,221.100,0.000,0.000,0.000
"12:45",103.155,0.000,221.000,0.000,0.000,0.000
"13:00",103.488,0.000,221.000,0.000,0.000,0.000
"13:15",103.514,0.000,221.000,0.000,0.000,0.000
"13:30",103.526,0.000,220.900,0.000,0.000,0.000
"13:45",103.629,0.000,221.000,0.000,0.000,0.000
"14:00",103.642,0.000,220.900,0.000,0.000,0.000
"14:15",103.475,0.000,220.900,0.000,0.000,0.000
"14:30",103.232,0.000,220.900,0.000,0.000,0.000
"14:45",102.886,0.000,220.900,0.000,0.000,0.000
"15:00",100.902,0.000,220.900,0.000,0.000,0.000
"15:15",98.752,0.000,220.800,0.000,0.000,0.000
"15:30",96.128,0.000,220.700,0.000,0.000,0.000
"15:45",92.941,0.000,220.400,0.000,0.000,0.000
"16:00",89.370,0.000,220.400,0.000,0.000,0.000
"16:15",85.453,0.000,220.300,0.000,0.000,0.000
"16:30",80.704,0.000,220.200,0.000,0.000,0.000
"16:45",76.390,0.000,220.100,0.000,0.000,0.000
"17:00",71.629,0.000,220.100,0.000,0.000,0.000
"17:15",66.304,0.000,220.000,0.000,0.000,0.000
"17:30",60.467,0.000,220.000,0.000,0.000,0.000
"17:45",54.797,0.000,220.100,0.000,0.000,0.000
"18:00",48.269,0.000,220.500,0.000,0.000,0.026
"18:15",41.203,0.000,220.400,0.000,0.000,0.000
"18:30",34.240,0.000,220.200,0.000,0.000,0.000
"18:45",27.162,0.000,220.100,0.000,0.000,0.000
"19:00",20.262,0.000,219.900,0.000,0.000,0.013
"19:15",13.824,0.000,219.500,0.000,0.000,0.000
"19:30",8.384,0.000,219.200,0.000,0.000,0.000
"19:45",4.467,0.000,219.000,0.000,0.000,0.038
"20:00",2.189,0.000,218.800,0.000,0.000,0.077
"20:15",1.126,0.000,218.600,0.000,0.000,0.154
"20:30",0.333,0.000,218.500,0.000,0.000,0.128
"20:45",0.013,0.013,218.400,0.090,0.000,0.000
"21:00",0.000,0.026,218.400,0.154,0.000,0.000
"21:15",0.000,0.013,218.400,0.179,0.000,0.000
"21:30",0.000,0.000,218.600,0.179,0.000,0.000
"21:45",0.000,0.000,218.800,0.192,0.000,0.000
"22:00",0.000,0.000,218.800,0.166,0.000,0.000
"22:15",0.000,0.000,218.900,0.179,0.000,0.000
"22:30",0.000,0.000,218.900,0.192,0.000,0.000
"22:45",0.000,0.000,218.900,0.179,0.000,0.000
"23:00",0.000,0.000,218.900,0.179,0.000,0.000
"23:15",0.000,0.000,218.800,0.179,0.000,0.000
"23:30",0.000,0.000,218.600,0.179,0.000,0.000
"23:45",0.000,0.000,218.500,0.179,0.000,0.000
" 1/21/26 24:00",0.000,0.000,218.600,0.179,0.000,0.000
