"kwh"
"Time ","AGRIM02P","AGRIM02P","AGRIM02P","AGRIM02P","AGRIM02P","AGRIM02P"
" 8/13/26 00:15",0.000,0.000,221.300,0.166,0.000,0.000
" 8/13/26 00:30",0.000,0.000,221.300,0.179,0.000,0.000
"00:45",0.000,0.000,221.300,0.166,0.000,0.000
"01:00",0.000,0.000,221.400,0.179,0.000,0.000
"01:15",0.000,0.000,221.400,0.166,0.000,0.000
"01:30",0.000,0.000,221.400,0.179,0.000,0.000
"01:45",0.000,0.000,221.500,0.166,0.000,0.000
"02:00",0.000,0.000,221.400,0.179,0.000,0.000
"02:15",0.000,0.000,221.500,0.166,0.000,0.000
"02:30",0.000,0.000,221.500,0.179,0.000,0.000
"02:45",0.000,0.000,221.400,0.166,0.000,0.000
"03:00",0.000,0.000,221.500,0.179,0.000,0.000
"03:15",0.000,0.000,221.500,0.166,0.000,0.000
"03:30",0.000,0.000,221.500,0.179,0.000,0.000
"03:45",0.000,0.000,221.400,0.166,0.000,0.000
"04:00",0.000,0.000,221.500,0.179,0.000,0.000
"04:15",0.000,0.000,221.500,0.166,0.000,0.000
"04:30",0.000,0.000,221.500,0.179,0.000,0.000
"04:45",0.000,0.000,221.500,0.166,0.000,0.000
"05:00",0.000,0.000,221.400,0.179,0.000,0.000
"05:15",0.000,0.000,221.400,0.166,0.000,0.000
"05:30",0.000,0.000,221.500,0.179,0.000,0.000
"05:45",0.000,0.000,221.500,0.166,0.000,0.000
"06:00",0.000,0.000,221.400,0.179,0.000,0.000
"06:15",0.000,0.000,221.300,0.166,0.000,0.000
"06:30",0.000,0.000,221.400,0.179,0.000,0.000
"06:45",0.000,0.000,221.400,0.166,0.000,0.000
"07:00",0.000,0.000,221.400,0.179,0.000,0.000
"07:15",0.000,0.000,221.300,0.179,0.000,0.000
"07:30",0.000,0.000,221.300,0.166,0.000,0.000
"07:45",0.000,0.000,221.200,0.179,0.000,0.000
"08:00",0.013,0.000,221.200,0.115,0.000,0.013
"08:15",0.563,0.000,221.400,0.000,0.000,0.013
"08:30",4.582,0.000,221.500,0.000,0.000,0.026
"08:45",15.270,0.000,221.900,0.000,0.000,0.000
"09:00",24.102,0.000,222.200,0.000,0.000,0.000
"09:15",33.510,0.000,222.400,0.000,0.000,0.000
"09:30",40.486,0.000,222.700,0.000,0.000,0.000
"09:45",43.750,0.000,222.700,0.000,0.000,0.000
"10:00",58.534,0.000,223.300,0.000,0.000,0.000
"10:15",66.086,0.000,223.400,0.000,0.000,0.000
"10:30",67.827,0.000,223.400,0.000,0.000,0.000
"10:45",72.717,0.000,223.500,0.000,0.000,0.000
"11:00",82.496,0.000,223.600,0.000,0.000,0.000
"11:15",89.946,0.000,223.700,0.000,0.000,0.000
"11:30",94.118,0.000,223.900,0.000,0.000,0.000
"11:45",98.266,0.000,223.900,0.000,0.000,0.000
"12:00",101.261,0.000,223.900,0.000,0.000,0.000
"12:15",106.202,0.000,224.000,0.000,0.000,0.000
"12:30",104.973,0.000,224.000,0.000,0.000,0.000
"12:45",100.749,0.000,223.800,0.000,0.000,0.000
"13:00",93.581,0.000,223.800,0.000,0.000,0.000
"13:15",83.917,0.000,223.500,0.000,0.000,0.000
"13:30",72.717,0.000,223.200,0.000,0.000,0.000
"13:45",52.749,0.000,222.800,0.000,0.000,0.000
"14:00",66.714,0.000,223.200,0.000,0.000,0.013
"14:15",48.371,0.000,222.500,0.000,0.000,0.000
"14:30",50.394,0.000,222.600,0.000,0.000,0.000
"14:45",59.558,0.000,223.000,0.000,0.000,0.000
"15:00",69.261,0.000,223.100,0.000,0.000,0.000
"15:15",41.190,0.000,222.600,0.000,0.000,0.000
"15:30",82.227,0.000,223.100,0.000,0.000,0.000
"15:45",97.677,0.000,224.000,0.000,0.000,0.000
"16:00",86.797,0.000,223.600,0.000,0.000,0.000
"16:15",83.302,0.000,223.600,0.000,0.000,0.000
"16:30",72.602,0.000,223.500,0.000,0.000,0.000
"16:45",68.672,0.000,223.400,0.000,0.000,0.000
"17:00",62.669,0.000,223.700,0.000,0.000,0.000
"17:15",54.310,0.000,223.600,0.000,0.000,0.000
"17:30",45.875,0.000,223.400,0.000,0.000,0.000
"17:45",37.312,0.000,223.000,0.000,0.000,0.000
"18:00",28.518,0.000,222.800,0.000,0.000,0.000
"18:15",18.893,0.000,222.500,0.000,0.000,0.000
"18:30",5.773,0.000,222.000,0.000,0.000,0.051
"18:45",0.499,0.000,221.800,0.000,0.000,0.013
"19:00",0.077,0.013,221.600,0.038,0.000,0.000
"19:15",0.000,0.038,221.700,0.128,0.000,0.000
"19:30",0.000,0.013,221.600,0.154,0.000,0.000
"19:45",0.000,0.000,221.500,0.179,0.000,0.000
"20:00",0.000,0.000,221.500,0.166,0.000,0.000
"20:15",0.000,0.000,221.400,0.179,0.000,0.000
"20:30",0.000,0.000,221.500,0.179,0.000,0.000
"20:45",0.000,0.000,221.600,0.166,0.000,0.000
"21:00",0.000,0.000,221.500,0.179,0.000,0.000
"21:15",0.000,0.000,221.600,0.166,0.000,0.000
"21:30",0.000,0.000,221.700,0.179,0.000,0.000
"21:45",0.000,0.000,221.700,0.179,0.000,0.000
"22:00",0.000,0.000,221.600,0.166,0.000,0.000
"22:15",0.000,0.000,221.600,0.179,0.000,0.000
"22:30",0.000,0.000,221.600,0.179,0.000,0.000
"22:45",0.000,0.000,221.600,0.166,0.000,0.000
"23:00",0.000,0.000,221.500,0.179,0.000,0.000
"23:15",0.000,0.000,221.400,0.166,0.000,0.000
"23:30",0.000,0.000,221.400,0.179,0.000,0.000
"23:45",0.000,0.000,221.400,0.166,0.000,0.000
" 8/13/26 24:00",0.000,0.000,221.400,0.179,0.000,0.000
