"kwh"
"Time ","AGRIM02P","AGRIM02P","AGRIM02P","AGRIM02P","AGRIM02P","AGRIM02P"
" 9/24/26 00:15",0.000,0.000,220.700,0.179,0.000,0.000
" 9/24/26 00:30",0.000,0.000,220.700,0.166,0.000,0.000
"00:45",0.000,0.000,220.700,0.179,0.000,0.000
"01:00",0.000,0.000,220.700,0.166,0.000,0.000
"01:15",0.000,0.000,220.800,0.166,0.000,0.000
"01:30",0.000,0.000,220.800,0.179,0.000,0.000
"01:45",0.000,0.000,220.800,0.166,0.000,0.000
"02:00",0.000,0.000,220.800,0.179,0.000,0.000
"02:15",0.000,0.000,220.800,0.166,0.000,0.000
"02:30",0.000,0.000,220.800,0.179,0.000,0.000
"02:45",0.000,0.000,220.800,0.166,0.000,0.000
"03:00",0.000,0.000,220.800,0.166,0.000,0.000
"03:15",0.000,0.000,220.800,0.179,0.000,0.000
"03:30",0.000,0.000,220.800,0.166,0.000,0.000
"03:45",0.000,0.000,220.800,0.179,0.000,0.000
"04:00",0.000,0.000,220.800,0.166,0.000,0.000
"04:15",0.000,0.000,220.800,0.166,0.000,0.000
"04:30",0.000,0.000,220.800,0.179,0.000,0.000
"04:45",0.000,0.000,220.800,0.166,0.000,0.000
"05:00",0.000,0.000,220.800,0.179,0.000,0.000
"05:15",0.000,0.000,220.800,0.166,0.000,0.000
"05:30",0.000,0.000,220.900,0.179,0.000,0.000
"05:45",0.000,0.000,220.800,0.166,0.000,0.000
"06:00",0.000,0.000,220.900,0.166,0.000,0.000
"06:15",0.000,0.000,220.800,0.179,0.000,0.000
"06:30",0.000,0.000,220.800,0.166,0.000,0.000
"06:45",0.000,0.000,220.700,0.179,0.000,0.000
"07:00",0.000,0.000,220.700,0.166,0.000,0.000
"07:15",0.026,0.000,220.700,0.077,0.013,0.000
"07:30",1.152,0.000,220.700,0.000,0.000,0.026
"07:45",3.136,0.000,220.700,0.000,0.000,0.013
"08:00",12.378,0.000,221.200,0.000,0.000,0.000
"08:15",22.528,0.000,221.600,0.000,0.000,0.000
"08:30",33.485,0.000,222.100,0.000,0.000,0.000
"08:45",25.792,0.000,221.800,0.000,0.000,0.038
"09:00",28.800,0.000,222.100,0.000,0.000,0.026
"09:15",54.310,0.000,222.800,0.000,0.000,0.000
"09:30",63.347,0.000,222.900,0.000,0.000,0.000
"09:45",60.109,0.000,222.700,0.000,0.000,0.000
"10:00",69.773,0.000,222.500,0.000,0.000,0.000
"10:15",78.029,0.000,222.900,0.000,0.000,0.000
"10:30",84.339,0.000,222.900,0.000,0.000,0.000
"10:45",86.131,0.000,223.000,0.000,0.000,0.000
"11:00",102.925,0.000,223.300,0.000,0.000,0.000
"11:15",105.677,0.000,223.600,0.000,0.000,0.000
"11:30",96.077,0.000,223.400,0.000,0.000,0.000
"11:45",102.618,0.000,223.500,0.000,0.000,0.000
"12:00",74.778,0.000,222.900,0.000,0.000,0.000
"12:15",93.082,0.000,223.200,0.000,0.000,0.000
"12:30",104.346,0.000,223.400,0.000,0.000,0.000
"12:45",99.648,0.000,223.400,0.000,0.000,0.000
"13:00",83.430,0.000,223.000,0.000,0.000,0.000
"13:15",95.155,0.000,223.200,0.000,0.000,0.000
"13:30",108.134,0.000,223.500,0.000,0.000,0.000
"13:45",106.765,0.000,223.600,0.000,0.000,0.000
"14:00",104.218,0.000,223.600,0.000,0.000,0.000
"14:15",106.778,0.000,223.600,0.000,0.000,0.000
"14:30",101.990,0.000,223.500,0.000,0.000,0.000
"14:45",99.725,0.000,223.300,0.000,0.000,0.934
"15:00",97.766,0.000,223.300,0.000,0.000,0.448
"15:15",97.946,0.000,223.500,0.000,0.000,0.000
"15:30",100.518,0.000,223.600,0.000,0.000,0.013
"15:45",94.259,0.000,223.500,0.000,0.000,0.486
"16:00",91.776,0.000,223.500,0.000,0.000,0.013
"16:15",86.208,0.000,223.300,0.000,0.000,0.000
"16:30",79.795,0.000,223.200,0.000,0.000,0.000
"16:45",73.843,0.000,223.000,0.000,0.000,0.000
"17:00",66.624,0.000,222.900,0.000,0.000,0.461
"17:15",58.317,0.000,222.900,0.000,0.000,0.000
"17:30",52.595,0.000,222.900,0.000,0.000,0.013
"17:45",42.138,0.000,222.700,0.000,0.000,0.013
"18:00",35.379,0.000,222.500,0.000,0.000,0.000
"18:15",26.586,0.000,222.400,0.000,0.000,0.026
"18:30",16.486,0.000,221.900,0.000,0.000,0.038
"18:45",10.022,0.000,221.500,0.000,0.000,0.077
"19:00",4.186,0.000,221.200,0.000,0.000,0.102
"19:15",0.870,0.000,221.000,0.000,0.000,0.077
"19:30",0.051,0.013,220.900,0.051,0.000,0.000
"19:45",0.000,0.051,220.800,0.128,0.000,0.000
"20:00",0.000,0.000,220.700,0.166,0.000,0.000
"20:15",0.000,0.000,220.700,0.166,0.000,0.000
"20:30",0.000,0.000,220.800,0.179,0.000,0.000
"20:45",0.000,0.000,220.700,0.166,0.000,0.000
"21:00",0.000,0.000,220.800,0.179,0.000,0.000
"21:15",0.000,0.000,220.800,0.166,0.000,0.000
"21:30",0.000,0.000,220.800,0.166,0.000,0.000
"21:45",0.000,0.000,220.800,0.179,0.000,0.000
"22:00",0.000,0.000,220.900,0.166,0.000,0.000
"22:15",0.000,0.000,220.800,0.179,0.000,0.000
"22:30",0.000,0.000,220.800,0.166,0.000,0.000
"22:45",0.000,0.000,220.800,0.166,0.000,0.000
"23:00",0.000,0.000,220.800,0.179,0.000,0.000
"23:15",0.000,0.000,220.600,0.166,0.000,0.000
"23:30",0.000,0.000,220.500,0.179,0.000,0.000
"23:45",0.000,0.000,220.500,0.166,0.000,0.000
" 9/24/26 24:00",0.000,0.000,220.500,0.166,0.000,0.000
