"kwh"
"Time ","AGRIM02P","AGRIM02P","AGRIM02P","AGRIM02P","AGRIM02P","AGRIM02P"
" 8/18/26 00:15",0.000,0.000,221.200,0.179,0.000,0.000
" 8/18/26 00:30",0.000,0.000,221.100,0.166,0.000,0.000
"00:45",0.000,0.000,221.100,0.179,0.000,0.000
"01:00",0.000,0.000,221.200,0.166,0.000,0.000
"01:15",0.000,0.000,221.200,0.179,0.000,0.000
"01:30",0.000,0.000,221.200,0.166,0.000,0.000
"01:45",0.000,0.000,221.100,0.179,0.000,0.000
"02:00",0.000,0.000,221.200,0.166,0.000,0.000
"02:15",0.000,0.000,221.200,0.179,0.000,0.000
"02:30",0.000,0.000,221.200,0.166,0.000,0.000
"02:45",0.000,0.000,221.200,0.179,0.000,0.000
"03:00",0.000,0.000,221.100,0.166,0.000,0.000
"03:15",0.000,0.000,221.100,0.179,0.000,0.000
"03:30",0.000,0.000,221.100,0.166,0.000,0.000
"03:45",0.000,0.000,221.100,0.179,0.000,0.000
"04:00",0.000,0.000,221.100,0.166,0.000,0.000
"04:15",0.000,0.000,221.100,0.179,0.000,0.000
"04:30",0.000,0.000,221.100,0.166,0.000,0.000
"04:45",0.000,0.000,221.200,0.179,0.000,0.000
"05:00",0.000,0.000,221.100,0.179,0.000,0.000
"05:15",0.000,0.000,221.100,0.166,0.000,0.000
"05:30",0.000,0.000,221.100,0.179,0.000,0.000
"05:45",0.000,0.000,221.100,0.166,0.000,0.000
"06:00",0.000,0.000,221.100,0.179,0.000,0.000
"06:15",0.000,0.000,221.100,0.166,0.000,0.000
"06:30",0.000,0.000,221.100,0.179,0.000,0.000
"06:45",0.000,0.000,221.100,0.166,0.000,0.000
"07:00",0.000,0.000,221.100,0.179,0.000,0.000
"07:15",0.000,0.000,221.000,0.166,0.000,0.000
"07:30",0.000,0.000,221.000,0.179,0.000,0.000
"07:45",0.000,0.000,221.000,0.166,0.000,0.000
"08:00",0.000,0.013,220.900,0.102,0.026,0.013
"08:15",0.205,0.000,221.100,0.013,0.000,0.026
"08:30",1.357,0.000,221.300,0.000,0.000,0.013
"08:45",13.350,0.000,221.500,0.000,0.000,0.013
"09:00",27.520,0.000,222.000,0.000,0.000,0.000
"09:15",36.339,0.000,222.500,0.000,0.000,0.000
"09:30",45.069,0.000,222.900,0.000,0.000,0.000
"09:45",53.709,0.000,223.200,0.000,0.000,0.000
"10:00",61.261,0.000,223.400,0.000,0.000,0.000
"10:15",68.314,0.000,223.500,0.000,0.000,0.000
"10:30",75.187,0.000,223.600,0.000,0.000,0.000
"10:45",80.909,0.000,223.800,0.000,0.000,0.000
"11:00",86.426,0.000,223.900,0.000,0.000,0.000
"11:15",91.238,0.000,223.900,0.000,0.000,0.000
"11:30",95.398,0.000,224.000,0.000,0.000,0.000
"11:45",99.674,0.000,224.100,0.000,0.000,0.000
"12:00",107.187,0.000,223.900,0.000,0.000,0.000
"12:15",108.224,0.000,224.000,0.000,0.000,0.000
"12:30",109.619,0.000,224.100,0.000,0.000,0.000
"12:45",111.654,0.000,224.200,0.000,0.000,0.000
"13:00",113.318,0.000,224.200,0.000,0.000,0.000
"13:15",112.768,0.000,224.200,0.000,0.000,0.000
"13:30",113.485,0.000,224.200,0.000,0.000,0.000
"13:45",112.768,0.000,224.200,0.000,0.000,0.000
"14:00",113.024,0.000,224.200,0.000,0.000,0.000
"14:15",102.426,0.000,224.100,0.000,0.000,0.000
"14:30",100.173,0.000,224.000,0.000,0.000,0.000
"14:45",101.005,0.000,223.900,0.000,0.000,0.013
"15:00",97.907,0.000,224.000,0.000,0.000,0.000
"15:15",37.888,0.000,222.800,0.000,0.000,0.013
"15:30",26.765,0.000,222.200,0.000,0.000,0.000
"15:45",33.933,0.000,222.300,0.000,0.000,0.000
"16:00",48.038,0.000,222.600,0.000,0.000,0.038
"16:15",93.696,0.000,223.600,0.000,0.000,0.243
"16:30",88.576,0.000,223.600,0.000,0.000,0.154
"16:45",58.880,0.000,223.300,0.000,0.000,0.013
"17:00",30.157,0.000,222.900,0.000,0.000,0.026
"17:15",20.314,0.000,222.600,0.000,0.000,0.102
"17:30",19.315,0.000,222.900,0.000,0.000,0.102
"17:45",8.448,0.000,222.500,0.000,0.000,0.064
"18:00",6.285,0.000,222.500,0.000,0.000,0.115
"18:15",4.544,0.000,222.000,0.000,0.000,0.090
"18:30",7.014,0.000,222.000,0.000,0.000,0.051
"18:45",1.766,0.000,221.700,0.000,0.000,0.064
"19:00",0.064,0.000,221.600,0.013,0.000,0.013
"19:15",0.000,0.038,221.500,0.128,0.000,0.000
"19:30",0.000,0.026,221.500,0.141,0.000,0.000
"19:45",0.000,0.000,221.400,0.166,0.000,0.000
"20:00",0.000,0.000,221.400,0.179,0.000,0.000
"20:15",0.000,0.000,221.300,0.179,0.000,0.000
"20:30",0.000,0.000,221.300,0.166,0.000,0.000
"20:45",0.000,0.000,221.400,0.179,0.000,0.000
"21:00",0.000,0.000,221.400,0.166,0.000,0.000
"21:15",0.000,0.000,221.300,0.179,0.000,0.000
"21:30",0.000,0.000,221.400,0.179,0.000,0.000
"21:45",0.000,0.000,221.500,0.166,0.000,0.000
"22:00",0.000,0.000,221.500,0.179,0.000,0.000
"22:15",0.000,0.000,221.600,0.166,0.000,0.000
"22:30",0.000,0.000,221.500,0.179,0.000,0.000
"22:45",0.000,0.000,221.600,0.179,0.000,0.000
"23:00",0.000,0.000,221.500,0.166,0.000,0.000
"23:15",0.000,0.000,221.200,0.179,0.000,0.000
"23:30",0.000,0.000,221.100,0.166,0.000,0.000
"23:45",0.000,0.000,221.200,0.179,0.000,0.000
" 8/18/26 24:00",0.000,0.000,221.200,0.166,0.000,0.000
