"kwh"
"Time ","AGRIM02P","AGRIM02P","AGRIM02P","AGRIM02P","AGRIM02P","AGRIM02P"
" 9/20/26 00:15",0.000,0.000,212.600,0.154,0.000,0.000
" 9/20/26 00:30",0.000,0.000,212.600,0.154,0.000,0.000
"00:45",0.000,0.000,213.200,0.166,0.000,0.000
"01:00",0.000,0.000,213.400,0.154,0.000,0.000
"01:15",0.000,0.000,213.900,0.166,0.000,0.000
"01:30",0.000,0.000,214.100,0.154,0.000,0.000
"01:45",0.000,0.000,214.500,0.166,0.000,0.000
"02:00",0.000,0.000,214.200,0.154,0.000,0.000
"02:15",0.000,0.000,213.800,0.166,0.000,0.000
"02:30",0.000,0.000,213.600,0.154,0.000,0.000
"02:45",0.000,0.000,213.700,0.166,0.000,0.000
"03:00",0.000,0.000,213.700,0.154,0.000,0.000
"03:15",0.000,0.000,214.000,0.166,0.000,0.000
"03:30",0.000,0.000,214.200,0.154,0.000,0.000
"03:45",0.000,0.000,214.200,0.166,0.000,0.000
"04:00",0.000,0.000,214.500,0.154,0.000,0.000
"04:15",0.000,0.000,214.500,0.166,0.000,0.000
"04:30",0.000,0.000,213.800,0.166,0.000,0.000
"04:45",0.000,0.000,214.600,0.154,0.000,0.000
"05:00",0.000,0.000,213.600,0.166,0.000,0.000
"05:15",0.000,0.000,213.300,0.154,0.000,0.000
"05:30",0.000,0.000,212.700,0.154,0.000,0.000
"05:45",0.000,0.000,212.600,0.166,0.000,0.000
"06:00",0.000,0.000,212.800,0.154,0.000,0.000
"06:15",0.000,0.000,212.800,0.154,0.000,0.000
"06:30",0.000,0.000,212.700,0.166,0.000,0.000
"06:45",0.000,0.000,212.700,0.154,0.000,0.000
"07:00",0.000,0.000,212.600,0.166,0.000,0.000
"07:15",0.000,0.000,212.500,0.154,0.000,0.000
"07:30",0.038,0.000,212.900,0.102,0.000,0.000
"07:45",0.742,0.000,213.000,0.000,0.000,0.000
"08:00",2.714,0.000,212.800,0.000,0.000,0.000
"08:15",4.211,0.000,213.200,0.000,0.000,0.000
"08:30",7.859,0.000,213.000,0.000,0.000,0.000
"08:45",8.179,0.000,212.800,0.000,0.000,0.000
"09:00",32.307,0.000,213.000,0.000,0.000,0.000
"09:15",27.968,0.000,213.300,0.000,0.000,0.000
"09:30",30.694,0.000,214.800,0.000,0.000,0.013
"09:45",63.117,0.000,215.800,0.000,0.000,0.000
"10:00",71.859,0.000,216.100,0.000,0.000,0.000
"10:15",65.472,0.000,215.800,0.000,0.000,0.026
"10:30",65.613,0.000,215.600,0.000,0.000,0.000
"10:45",65.254,0.000,215.100,0.000,0.000,0.000
"11:00",84.672,0.000,216.400,0.000,0.000,0.000
"11:15",99.930,0.000,217.000,0.000,0.000,0.013
"11:30",99.136,0.000,217.000,0.000,0.000,0.013
"11:45",103.027,0.000,217.200,0.000,0.000,0.000
"12:00",108.685,0.000,218.000,0.000,0.000,0.000
"12:15",110.490,0.000,217.600,0.000,0.000,0.013
"12:30",111.462,0.000,217.600,0.000,0.000,0.000
"12:45",61.210,0.000,217.100,0.000,0.000,0.038
"13:00",111.475,0.000,219.700,0.000,0.000,0.000
"13:15",72.678,0.000,216.900,0.000,0.000,0.000
"13:30",105.267,0.000,218.000,0.000,0.000,0.051
"13:45",110.157,0.000,218.100,0.000,0.000,0.013
"14:00",112.435,0.000,218.300,0.000,0.000,0.576
"14:15",87.053,0.000,217.500,0.000,0.000,0.870
"14:30",89.818,0.000,217.500,0.000,0.000,0.000
"14:45",61.542,0.000,216.700,0.000,0.000,0.013
"15:00",95.488,0.000,217.800,0.000,0.000,0.038
"15:15",108.390,0.000,218.800,0.000,0.000,0.000
"15:30",103.859,0.000,219.500,0.000,0.000,0.013
"15:45",99.277,0.000,220.400,0.000,0.000,0.000
"16:00",94.221,0.000,220.300,0.000,0.000,0.000
"16:15",80.858,0.000,219.700,0.000,0.000,0.000
"16:30",61.299,0.000,218.900,0.000,0.000,0.000
"16:45",54.592,0.000,217.600,0.000,0.000,0.000
"17:00",49.626,0.000,217.000,0.000,0.000,0.000
"17:15",41.024,0.000,217.500,0.000,0.000,0.000
"17:30",38.861,0.000,218.400,0.000,0.000,0.000
"17:45",42.637,0.000,219.800,0.000,0.000,0.000
"18:00",34.342,0.000,220.400,0.000,0.000,0.000
"18:15",26.483,0.000,223.500,0.000,0.000,0.000
"18:30",10.918,0.000,222.700,0.000,0.000,0.051
"18:45",8.794,0.000,221.900,0.000,0.000,0.038
"19:00",4.416,0.000,221.900,0.000,0.000,0.064
"19:15",0.666,0.000,222.300,0.000,0.000,0.051
"19:30",0.013,0.026,221.600,0.102,0.000,0.000
"19:45",0.000,0.038,222.700,0.128,0.000,0.000
"20:00",0.000,0.000,222.700,0.166,0.000,0.000
"20:15",0.000,0.000,222.800,0.179,0.000,0.000
"20:30",0.000,0.000,222.700,0.166,0.000,0.000
"20:45",0.000,0.000,222.500,0.179,0.000,0.000
"21:00",0.000,0.000,222.600,0.179,0.000,0.000
"21:15",0.000,0.000,222.800,0.166,0.000,0.000
"21:30",0.000,0.000,222.700,0.179,0.000,0.000
"21:45",0.000,0.000,222.800,0.166,0.000,0.000
"22:00",0.000,0.000,223.300,0.179,0.000,0.000
"22:15",0.000,0.000,223.200,0.179,0.000,0.000
"22:30",0.000,0.000,223.000,0.166,0.000,0.000
"22:45",0.000,0.000,223.400,0.179,0.000,0.000
"23:00",0.000,0.000,223.500,0.179,0.000,0.000
"23:15",0.000,0.000,220.900,0.166,0.000,0.000
"23:30",0.000,0.000,217.000,0.166,0.000,0.000
"23:45",0.000,0.000,215.900,0.166,0.000,0.000
" 9/20/26 24:00",0.000,0.000,216.500,0.166,0.000,0.000
