"kwh"
"Time ","AGRIM02P","AGRIM02P","AGRIM02P","AGRIM02P","AGRIM02P","AGRIM02P"
" 9/19/26 00:15",0.000,0.000,211.500,0.154,0.000,0.000
" 9/19/26 00:30",0.000,0.000,211.600,0.154,0.000,0.000
"00:45",0.000,0.000,211.300,0.166,0.000,0.000
"01:00",0.000,0.000,211.300,0.154,0.000,0.000
"01:15",0.000,0.000,211.000,0.154,0.000,0.000
"01:30",0.000,0.000,211.900,0.154,0.000,0.000
"01:45",0.000,0.000,212.300,0.166,0.000,0.000
"02:00",0.000,0.000,212.400,0.154,0.000,0.000
"02:15",0.000,0.000,212.500,0.154,0.000,0.000
"02:30",0.000,0.000,213.000,0.166,0.000,0.000
"02:45",0.000,0.000,213.000,0.154,0.000,0.000
"03:00",0.000,0.000,212.900,0.166,0.000,0.000
"03:15",0.000,0.000,213.600,0.154,0.000,0.000
"03:30",0.000,0.000,214.000,0.166,0.000,0.000
"03:45",0.000,0.000,212.800,0.154,0.000,0.000
"04:00",0.000,0.000,212.400,0.154,0.000,0.000
"04:15",0.000,0.000,212.900,0.166,0.000,0.000
"04:30",0.000,0.000,213.700,0.154,0.000,0.000
"04:45",0.000,0.000,213.900,0.166,0.000,0.000
"05:00",0.000,0.000,213.900,0.154,0.000,0.000
"05:15",0.000,0.000,213.900,0.166,0.000,0.000
"05:30",0.000,0.000,213.900,0.154,0.000,0.000
"05:45",0.000,0.000,214.300,0.166,0.000,0.000
"06:00",0.000,0.000,214.400,0.154,0.000,0.000
"06:15",0.000,0.000,214.100,0.166,0.000,0.000
"06:30",0.000,0.000,213.800,0.154,0.000,0.000
"06:45",0.000,0.000,213.700,0.166,0.000,0.000
"07:00",0.000,0.000,213.000,0.154,0.000,0.000
"07:15",0.000,0.000,213.100,0.154,0.000,0.000
"07:30",0.051,0.013,213.000,0.090,0.000,0.000
"07:45",0.883,0.000,212.900,0.000,0.000,0.000
"08:00",2.368,0.000,212.600,0.000,0.000,0.000
"08:15",6.426,0.000,212.100,0.000,0.000,0.000
"08:30",13.773,0.000,211.900,0.000,0.000,0.000
"08:45",31.539,0.000,213.600,0.000,0.000,0.000
"09:00",39.936,0.000,213.500,0.000,0.000,0.000
"09:15",33.446,0.000,212.900,0.000,0.000,0.000
"09:30",41.574,0.000,214.200,0.000,0.000,0.000
"09:45",61.747,0.000,214.200,0.000,0.000,0.000
"10:00",27.789,0.000,212.400,0.000,0.000,0.000
"10:15",76.147,0.000,212.600,0.000,0.000,0.000
"10:30",81.997,0.000,212.800,0.000,0.000,0.000
"10:45",87.322,0.000,215.500,0.000,0.000,0.000
"11:00",92.019,0.000,215.700,0.000,0.000,0.000
"11:15",97.139,0.000,215.600,0.000,0.000,0.000
"11:30",101.440,0.000,216.100,0.000,0.000,0.000
"11:45",104.960,0.000,215.000,0.000,0.000,0.000
"12:00",107.187,0.000,214.400,0.000,0.000,0.000
"12:15",109.350,0.000,214.000,0.000,0.000,0.000
"12:30",110.848,0.000,214.200,0.000,0.000,0.000
"12:45",111.296,0.000,214.500,0.000,0.000,0.000
"13:00",111.603,0.000,214.600,0.000,0.000,0.000
"13:15",111.578,0.000,214.100,0.000,0.000,0.000
"13:30",111.411,0.000,213.900,0.000,0.000,0.000
"13:45",111.450,0.000,214.000,0.000,0.000,0.000
"14:00",111.040,0.000,213.800,0.000,0.000,0.000
"14:15",110.579,0.000,213.700,0.000,0.000,0.000
"14:30",109.376,0.000,213.500,0.000,0.000,0.000
"14:45",107.827,0.000,213.400,0.000,0.000,0.013
"15:00",105.638,0.000,212.400,0.000,0.000,0.000
"15:15",101.146,0.000,214.300,0.000,0.000,0.000
"15:30",100.646,0.000,221.700,0.000,0.000,0.000
"15:45",93.581,0.000,221.900,0.000,0.000,0.000
"16:00",80.806,0.000,222.000,0.000,0.000,0.000
"16:15",79.859,0.000,222.300,0.000,0.000,0.000
"16:30",72.269,0.000,221.600,0.000,0.000,0.000
"16:45",59.738,0.000,221.500,0.000,0.000,0.000
"17:00",59.098,0.000,221.800,0.000,0.000,0.000
"17:15",31.219,0.000,221.600,0.000,0.000,0.000
"17:30",27.098,0.000,222.300,0.000,0.000,0.000
"17:45",28.954,0.000,222.600,0.000,0.000,0.000
"18:00",26.675,0.000,222.700,0.000,0.000,0.026
"18:15",15.373,0.000,221.900,0.000,0.000,0.013
"18:30",22.208,0.000,221.700,0.000,0.000,0.000
"18:45",12.723,0.000,221.300,0.000,0.000,0.000
"19:00",2.534,0.000,221.100,0.000,0.000,0.038
"19:15",0.294,0.000,221.400,0.000,0.000,0.000
"19:30",0.000,0.026,220.400,0.115,0.000,0.000
"19:45",0.000,0.038,219.600,0.128,0.000,0.000
"20:00",0.000,0.000,219.200,0.166,0.000,0.000
"20:15",0.000,0.000,219.200,0.166,0.000,0.000
"20:30",0.000,0.000,219.300,0.166,0.000,0.000
"20:45",0.000,0.000,219.400,0.166,0.000,0.000
"21:00",0.000,0.000,219.800,0.179,0.000,0.000
"21:15",0.000,0.000,220.100,0.166,0.000,0.000
"21:30",0.000,0.000,219.800,0.166,0.000,0.000
"21:45",0.000,0.000,220.100,0.179,0.000,0.000
"22:00",0.000,0.000,220.800,0.166,0.000,0.000
"22:15",0.000,0.000,221.800,0.166,0.000,0.000
"22:30",0.000,0.000,222.200,0.179,0.000,0.000
"22:45",0.000,0.000,222.700,0.166,0.000,0.000
"23:00",0.000,0.000,220.300,0.179,0.000,0.000
"23:15",0.000,0.000,216.500,0.166,0.000,0.000
"23:30",0.000,0.000,213.100,0.154,0.000,0.000
"23:45",0.000,0.000,212.100,0.154,0.000,0.000
" 9/19/26 24:00",0.000,0.000,212.100,0.166,0.000,0.000
