"kwh"
"Time ","AGRIM02P","AGRIM02P","AGRIM02P","AGRIM02P","AGRIM02P","AGRIM02P"
" 8/17/26 00:15",0.000,0.000,221.200,0.166,0.000,0.000
" 8/17/26 00:30",0.000,0.000,221.300,0.166,0.000,0.000
"00:45",0.000,0.000,221.300,0.179,0.000,0.000
"01:00",0.000,0.000,221.300,0.179,0.000,0.000
"01:15",0.000,0.000,221.300,0.166,0.000,0.000
"01:30",0.000,0.000,221.300,0.179,0.000,0.000
"01:45",0.000,0.000,221.400,0.166,0.000,0.000
"02:00",0.000,0.000,221.400,0.179,0.000,0.000
"02:15",0.000,0.000,221.400,0.166,0.000,0.000
"02:30",0.000,0.000,221.400,0.179,0.000,0.000
"02:45",0.000,0.000,221.400,0.166,0.000,0.000
"03:00",0.000,0.000,221.400,0.179,0.000,0.000
"03:15",0.000,0.000,221.400,0.166,0.000,0.000
"03:30",0.000,0.000,221.500,0.179,0.000,0.000
"03:45",0.000,0.000,221.500,0.166,0.000,0.000
"04:00",0.000,0.000,221.400,0.179,0.000,0.000
"04:15",0.000,0.000,221.400,0.166,0.000,0.000
"04:30",0.000,0.000,221.500,0.179,0.000,0.000
"04:45",0.000,0.000,221.500,0.166,0.000,0.000
"05:00",0.000,0.000,221.500,0.179,0.000,0.000
"05:15",0.000,0.000,221.500,0.166,0.000,0.000
"05:30",0.000,0.000,221.500,0.179,0.000,0.000
"05:45",0.000,0.000,221.400,0.166,0.000,0.000
"06:00",0.000,0.000,221.400,0.179,0.000,0.000
"06:15",0.000,0.000,221.400,0.166,0.000,0.000
"06:30",0.000,0.000,221.400,0.179,0.000,0.000
"06:45",0.000,0.000,221.400,0.166,0.000,0.000
"07:00",0.000,0.000,221.400,0.179,0.000,0.000
"07:15",0.000,0.000,221.400,0.166,0.000,0.000
"07:30",0.000,0.000,221.400,0.179,0.000,0.000
"07:45",0.000,0.000,221.400,0.179,0.000,0.000
"08:00",0.000,0.000,221.400,0.102,0.013,0.000
"08:15",0.845,0.000,221.500,0.000,0.000,0.038
"08:30",4.480,0.000,221.600,0.000,0.000,0.051
"08:45",14.451,0.000,221.900,0.000,0.000,0.000
"09:00",10.176,0.000,221.900,0.000,0.000,0.000
"09:15",10.368,0.000,222.000,0.000,0.000,0.000
"09:30",8.653,0.000,222.000,0.000,0.000,0.000
"09:45",11.456,0.000,222.000,0.000,0.000,0.000
"10:00",19.443,0.000,223.100,0.000,0.000,0.038
"10:15",62.144,0.000,223.900,0.000,0.000,0.000
"10:30",70.502,0.000,224.000,0.000,0.000,0.000
"10:45",78.899,0.000,224.000,0.000,0.000,0.000
"11:00",80.550,0.000,223.800,0.000,0.000,0.000
"11:15",93.107,0.000,224.000,0.000,0.000,0.000
"11:30",98.022,0.000,224.100,0.000,0.000,0.000
"11:45",69.901,0.000,223.400,0.000,0.000,0.013
"12:00",76.454,0.000,223.400,0.000,0.000,0.000
"12:15",92.454,0.000,223.500,0.000,0.000,0.000
"12:30",111.795,0.000,224.000,0.000,0.000,0.000
"12:45",111.398,0.000,224.100,0.000,0.000,0.000
"13:00",111.322,0.000,223.900,0.000,0.000,0.000
"13:15",79.232,0.000,223.500,0.000,0.000,0.000
"13:30",55.898,0.000,223.200,0.000,0.000,0.000
"13:45",102.477,0.000,223.600,0.000,0.000,0.000
"14:00",33.024,0.000,222.300,0.000,0.000,0.000
"14:15",52.288,0.000,222.400,0.000,0.000,0.000
"14:30",42.650,0.000,222.800,0.000,0.000,0.026
"14:45",38.630,0.000,222.600,0.000,0.000,0.000
"15:00",36.045,0.000,222.300,0.000,0.000,0.000
"15:15",46.374,0.000,222.400,0.000,0.000,0.000
"15:30",33.382,0.000,222.400,0.000,0.000,0.000
"15:45",32.717,0.000,222.700,0.000,0.000,0.000
"16:00",43.750,0.000,222.700,0.000,0.000,0.013
"16:15",27.482,0.000,222.500,0.000,0.000,0.013
"16:30",24.358,0.000,222.000,0.000,0.000,0.000
"16:45",14.182,0.000,222.200,0.000,0.000,0.013
"17:00",15.923,0.000,222.300,0.000,0.000,0.013
"17:15",16.832,0.000,222.400,0.000,0.000,0.000
"17:30",27.622,0.000,222.600,0.000,0.000,0.000
"17:45",39.002,0.000,222.700,0.000,0.000,0.000
"18:00",29.389,0.000,222.600,0.000,0.000,0.000
"18:15",20.160,0.000,222.400,0.000,0.000,0.000
"18:30",10.483,0.000,222.300,0.000,0.000,0.013
"18:45",1.792,0.000,222.000,0.000,0.000,0.051
"19:00",0.179,0.000,221.800,0.013,0.000,0.000
"19:15",0.000,0.038,221.700,0.115,0.000,0.000
"19:30",0.000,0.026,221.600,0.154,0.000,0.000
"19:45",0.000,0.000,221.600,0.166,0.000,0.000
"20:00",0.000,0.000,221.600,0.179,0.000,0.000
"20:15",0.000,0.000,221.600,0.166,0.000,0.000
"20:30",0.000,0.000,221.600,0.179,0.000,0.000
"20:45",0.000,0.000,221.600,0.179,0.000,0.000
"21:00",0.000,0.000,221.600,0.166,0.000,0.000
"21:15",0.000,0.000,221.600,0.179,0.000,0.000
"21:30",0.000,0.000,221.500,0.166,0.000,0.000
"21:45",0.000,0.000,221.600,0.179,0.000,0.000
"22:00",0.000,0.000,221.700,0.179,0.000,0.000
"22:15",0.000,0.000,221.700,0.166,0.000,0.000
"22:30",0.000,0.000,221.800,0.179,0.000,0.000
"22:45",0.000,0.000,221.800,0.179,0.000,0.000
"23:00",0.000,0.000,221.700,0.166,0.000,0.000
"23:15",0.000,0.000,221.100,0.179,0.000,0.000
"23:30",0.000,0.000,221.100,0.166,0.000,0.000
"23:45",0.000,0.000,221.100,0.179,0.000,0.000
" 8/17/26 24:00",0.000,0.000,221.300,0.166,0.000,0.000
