"kwh"
"Time ","AGRIM02P","AGRIM02P","AGRIM02P","AGRIM02P","AGRIM02P","AGRIM02P"
" 9/09/26 00:15",0.000,0.000,219.900,0.166,0.000,0.000
" 9/09/26 00:30",0.000,0.000,219.800,0.179,0.000,0.000
"00:45",0.000,0.000,219.900,0.166,0.000,0.000
"01:00",0.000,0.000,220.000,0.166,0.000,0.000
"01:15",0.000,0.000,220.400,0.179,0.000,0.000
"01:30",0.000,0.000,220.600,0.166,0.000,0.000
"01:45",0.000,0.000,220.600,0.166,0.000,0.000
"02:00",0.000,0.000,220.600,0.179,0.000,0.000
"02:15",0.000,0.000,220.600,0.166,0.000,0.000
"02:30",0.000,0.000,220.600,0.179,0.000,0.000
"02:45",0.000,0.000,220.700,0.166,0.000,0.000
"03:00",0.000,0.000,220.700,0.179,0.000,0.000
"03:15",0.000,0.000,220.600,0.166,0.000,0.000
"03:30",0.000,0.000,220.600,0.179,0.000,0.000
"03:45",0.000,0.000,220.600,0.166,0.000,0.000
"04:00",0.000,0.000,220.600,0.166,0.000,0.000
"04:15",0.000,0.000,220.600,0.179,0.000,0.000
"04:30",0.000,0.000,220.600,0.166,0.000,0.000
"04:45",0.000,0.000,220.600,0.179,0.000,0.000
"05:00",0.000,0.000,220.600,0.166,0.000,0.000
"05:15",0.000,0.000,220.600,0.166,0.000,0.000
"05:30",0.000,0.000,220.600,0.179,0.000,0.000
"05:45",0.000,0.000,220.600,0.166,0.000,0.000
"06:00",0.000,0.000,220.600,0.179,0.000,0.000
"06:15",0.000,0.000,220.500,0.166,0.000,0.000
"06:30",0.000,0.000,220.500,0.179,0.000,0.000
"06:45",0.000,0.000,220.500,0.166,0.000,0.000
"07:00",0.000,0.000,220.500,0.179,0.000,0.000
"07:15",0.000,0.000,220.500,0.166,0.000,0.000
"07:30",0.000,0.000,220.400,0.141,0.000,0.000
"07:45",0.474,0.013,220.400,0.000,0.000,0.000
"08:00",2.752,0.000,220.600,0.000,0.000,0.000
"08:15",7.744,0.000,221.000,0.000,0.000,0.000
"08:30",15.808,0.000,221.500,0.000,0.000,0.038
"08:45",24.486,0.000,221.700,0.000,0.000,0.000
"09:00",32.858,0.000,222.100,0.000,0.000,0.000
"09:15",41.664,0.000,222.400,0.000,0.000,0.000
"09:30",51.264,0.000,222.600,0.000,0.000,0.000
"09:45",58.547,0.000,222.300,0.000,0.000,0.000
"10:00",65.306,0.000,222.200,0.000,0.000,0.000
"10:15",71.962,0.000,222.400,0.000,0.000,0.000
"10:30",78.298,0.000,222.500,0.000,0.000,0.000
"10:45",83.789,0.000,222.700,0.000,0.000,0.000
"11:00",89.088,0.000,222.700,0.000,0.000,0.000
"11:15",94.118,0.000,222.900,0.000,0.000,0.000
"11:30",98.547,0.000,222.900,0.000,0.000,0.000
"11:45",102.630,0.000,223.000,0.000,0.000,0.000
"12:00",106.675,0.000,223.100,0.000,0.000,0.064
"12:15",109.862,0.000,223.100,0.000,0.000,0.179
"12:30",111.654,0.000,223.200,0.000,0.000,0.000
"12:45",113.702,0.000,223.100,0.000,0.000,0.218
"13:00",115.290,0.000,223.200,0.000,0.000,0.013
"13:15",91.379,0.000,222.600,0.000,0.000,0.205
"13:30",114.944,0.000,222.800,0.000,0.000,0.230
"13:45",113.126,0.000,222.900,0.000,0.000,0.128
"14:00",112.358,0.000,223.000,0.000,0.000,0.755
"14:15",111.667,0.000,223.000,0.000,0.000,0.000
"14:30",109.747,0.000,223.000,0.000,0.000,0.000
"14:45",108.838,0.000,223.000,0.000,0.000,0.000
"15:00",106.726,0.000,222.900,0.000,0.000,0.000
"15:15",82.560,0.000,222.400,0.000,0.000,0.000
"15:30",109.504,0.000,222.400,0.000,0.000,0.000
"15:45",75.763,0.000,221.800,0.000,0.000,0.000
"16:00",90.099,0.000,221.700,0.000,0.000,0.013
"16:15",91.750,0.000,221.600,0.000,0.000,0.000
"16:30",73.510,0.000,221.100,0.000,0.000,0.000
"16:45",87.782,0.000,221.400,0.000,0.000,0.000
"17:00",63.782,0.000,221.000,0.000,0.000,0.000
"17:15",28.262,0.000,220.700,0.000,0.000,0.013
"17:30",18.176,0.000,220.400,0.000,0.000,0.000
"17:45",29.786,0.000,220.500,0.000,0.000,0.000
"18:00",7.002,0.000,220.500,0.000,0.000,0.064
"18:15",12.813,0.000,220.900,0.000,0.000,0.038
"18:30",10.842,0.000,220.800,0.000,0.000,0.038
"18:45",1.856,0.000,220.500,0.000,0.000,0.115
"19:00",0.832,0.000,220.500,0.000,0.000,0.051
"19:15",0.154,0.000,220.500,0.013,0.000,0.000
"19:30",0.013,0.026,220.800,0.115,0.000,0.000
"19:45",0.000,0.026,220.700,0.141,0.000,0.000
"20:00",0.000,0.000,220.700,0.179,0.000,0.000
"20:15",0.000,0.000,220.700,0.166,0.000,0.000
"20:30",0.000,0.000,220.600,0.179,0.000,0.000
"20:45",0.000,0.000,220.600,0.166,0.000,0.000
"21:00",0.000,0.000,220.600,0.179,0.000,0.000
"21:15",0.000,0.000,220.600,0.166,0.000,0.000
"21:30",0.000,0.000,220.500,0.179,0.000,0.000
"21:45",0.000,0.000,220.700,0.166,0.000,0.000
"22:00",0.000,0.000,220.700,0.166,0.000,0.000
"22:15",0.000,0.000,220.700,0.179,0.000,0.000
"22:30",0.000,0.000,220.700,0.166,0.000,0.000
"22:45",0.000,0.000,220.700,0.179,0.000,0.000
"23:00",0.000,0.000,220.700,0.166,0.000,0.000
"23:15",0.000,0.000,220.400,0.179,0.000,0.000
"23:30",0.000,0.000,220.400,0.166,0.000,0.000
"23:45",0.000,0.000,220.300,0.179,0.000,0.000
" 9/09/26 24:00",0.000,0.000,220.000,0.166,0.000,0.000
