"kwh"
"Time ","AGRIM02P","AGRIM02P","AGRIM02P","AGRIM02P","AGRIM02P","AGRIM02P"
" 2/04/26 00:15",0.000,0.000,219.700,0.179,0.000,0.000
" 2/04/26 00:30",0.000,0.000,219.700,0.192,0.000,0.000
"00:45",0.000,0.000,219.700,0.179,0.000,0.000
"01:00",0.000,0.000,219.700,0.179,0.000,0.000
"01:15",0.000,0.000,219.700,0.179,0.000,0.000
"01:30",0.000,0.000,219.700,0.192,0.000,0.000
"01:45",0.000,0.000,219.700,0.179,0.000,0.000
"02:00",0.000,0.000,219.700,0.179,0.000,0.000
"02:15",0.000,0.000,219.700,0.179,0.000,0.000
"02:30",0.000,0.000,219.700,0.179,0.000,0.000
"02:45",0.000,0.000,219.700,0.179,0.000,0.000
"03:00",0.000,0.000,219.800,0.192,0.000,0.000
"03:15",0.000,0.000,219.800,0.179,0.000,0.000
"03:30",0.000,0.000,219.800,0.179,0.000,0.000
"03:45",0.000,0.000,219.800,0.179,0.000,0.000
"04:00",0.000,0.000,219.800,0.192,0.000,0.000
"04:15",0.000,0.000,219.900,0.179,0.000,0.000
"04:30",0.000,0.000,219.900,0.179,0.000,0.000
"04:45",0.000,0.000,220.000,0.179,0.000,0.000
"05:00",0.000,0.000,220.200,0.179,0.000,0.000
"05:15",0.000,0.000,220.200,0.192,0.000,0.000
"05:30",0.000,0.000,220.300,0.179,0.000,0.000
"05:45",0.000,0.000,220.300,0.179,0.000,0.000
"06:00",0.000,0.000,220.300,0.179,0.000,0.000
"06:15",0.000,0.000,220.200,0.192,0.000,0.000
"06:30",0.000,0.000,220.200,0.179,0.000,0.000
"06:45",0.000,0.000,220.500,0.179,0.000,0.000
"07:00",0.000,0.000,220.600,0.166,0.000,0.000
"07:15",0.154,0.000,220.700,0.013,0.000,0.026
"07:30",0.678,0.000,220.700,0.000,0.000,0.090
"07:45",0.947,0.000,220.500,0.000,0.000,0.013
"08:00",2.957,0.000,220.600,0.000,0.000,0.013
"08:15",4.160,0.000,220.600,0.000,0.000,0.013
"08:30",6.605,0.000,220.800,0.000,0.000,0.000
"08:45",11.008,0.000,220.800,0.000,0.000,0.013
"09:00",10.714,0.000,220.800,0.000,0.000,0.000
"09:15",19.597,0.000,220.600,0.000,0.000,0.000
"09:30",31.130,0.000,220.600,0.000,0.000,0.000
"09:45",40.742,0.000,221.000,0.000,0.000,0.000
"10:00",33.741,0.000,220.800,0.000,0.000,0.000
"10:15",41.882,0.000,220.800,0.000,0.000,0.000
"10:30",35.930,0.000,220.500,0.000,0.000,0.000
"10:45",45.146,0.000,220.700,0.000,0.000,0.000
"11:00",71.398,0.000,221.100,0.000,0.000,0.000
"11:15",88.384,0.000,221.800,0.000,0.000,0.000
"11:30",88.256,0.000,221.900,0.000,0.000,0.000
"11:45",78.630,0.000,221.700,0.000,0.000,0.000
"12:00",96.525,0.000,221.900,0.000,0.000,0.000
"12:15",95.270,0.000,222.100,0.000,0.000,0.013
"12:30",98.918,0.000,222.000,0.000,0.000,0.000
"12:45",98.944,0.000,222.100,0.000,0.000,0.000
"13:00",100.966,0.000,222.100,0.000,0.000,0.000
"13:15",93.926,0.000,221.500,0.000,0.000,0.000
"13:30",65.651,0.000,221.300,0.000,0.000,0.000
"13:45",63.232,0.000,221.300,0.000,0.000,0.000
"14:00",68.570,0.000,221.300,0.000,0.000,0.000
"14:15",54.592,0.000,221.000,0.000,0.000,0.000
"14:30",31.898,0.000,220.800,0.000,0.000,0.026
"14:45",61.773,0.000,220.700,0.000,0.000,0.000
"15:00",44.787,0.000,220.800,0.000,0.000,0.026
"15:15",57.677,0.000,221.000,0.000,0.000,0.000
"15:30",47.526,0.000,220.900,0.000,0.000,0.013
"15:45",39.398,0.000,220.000,0.000,0.000,0.269
"16:00",62.246,0.000,221.300,0.000,0.000,0.000
"16:15",76.262,0.000,221.900,0.000,0.000,0.000
"16:30",77.466,0.000,221.600,0.000,0.000,0.013
"16:45",49.126,0.000,221.000,0.000,0.000,0.000
"17:00",67.622,0.000,221.500,0.000,0.000,0.000
"17:15",73.549,0.000,221.600,0.000,0.000,0.000
"17:30",57.651,0.000,220.900,0.000,0.000,0.000
"17:45",50.061,0.000,221.400,0.000,0.000,0.000
"18:00",53.069,0.000,221.300,0.000,0.000,0.000
"18:15",44.070,0.000,221.000,0.000,0.000,0.000
"18:30",38.477,0.000,221.100,0.000,0.000,0.000
"18:45",28.109,0.000,220.400,0.000,0.000,0.000
"19:00",8.832,0.000,220.000,0.000,0.000,0.038
"19:15",9.254,0.000,219.700,0.000,0.000,0.064
"19:30",2.586,0.000,219.600,0.000,0.000,0.090
"19:45",2.778,0.000,219.600,0.000,0.000,0.115
"20:00",3.046,0.000,219.600,0.000,0.000,0.141
"20:15",0.371,0.000,219.500,0.000,0.000,0.102
"20:30",0.038,0.038,219.500,0.064,0.000,0.013
"20:45",0.000,0.013,219.500,0.179,0.000,0.000
"21:00",0.000,0.000,219.400,0.179,0.000,0.000
"21:15",0.000,0.000,219.500,0.179,0.000,0.000
"21:30",0.000,0.000,219.500,0.192,0.000,0.000
"21:45",0.000,0.000,219.500,0.179,0.000,0.000
"22:00",0.000,0.000,219.500,0.179,0.000,0.000
"22:15",0.000,0.000,219.600,0.179,0.000,0.000
"22:30",0.000,0.000,219.600,0.179,0.000,0.000
"22:45",0.000,0.000,219.600,0.179,0.000,0.000
"23:00",0.000,0.000,219.400,0.192,0.000,0.000
"23:15",0.000,0.000,219.900,0.179,0.000,0.000
"23:30",0.000,0.000,220.200,0.179,0.000,0.000
"23:45",0.000,0.000,220.200,0.179,0.000,0.000
" 2/04/26 24:00",0.000,0.000,220.200,0.179,0.000,0.000
