"kwh"
"Time ","AGRIM02P","AGRIM02P","AGRIM02P","AGRIM02P","AGRIM02P","AGRIM02P"
" 7/03/26 00:15",0.000,0.000,221.000,0.179,0.000,0.000
" 7/03/26 00:30",0.000,0.000,221.000,0.179,0.000,0.000
"00:45",0.000,0.000,221.100,0.166,0.000,0.000
"01:00",0.000,0.000,221.200,0.179,0.000,0.000
"01:15",0.000,0.000,221.200,0.179,0.000,0.000
"01:30",0.000,0.000,221.300,0.166,0.000,0.000
"01:45",0.000,0.000,221.300,0.179,0.000,0.000
"02:00",0.000,0.000,221.300,0.179,0.000,0.000
"02:15",0.000,0.000,221.300,0.166,0.000,0.000
"02:30",0.000,0.000,221.300,0.179,0.000,0.000
"02:45",0.000,0.000,221.400,0.166,0.000,0.000
"03:00",0.000,0.000,221.400,0.179,0.000,0.000
"03:15",0.000,0.000,221.400,0.179,0.000,0.000
"03:30",0.000,0.000,221.400,0.166,0.000,0.000
"03:45",0.000,0.000,221.400,0.179,0.000,0.000
"04:00",0.000,0.000,221.400,0.179,0.000,0.000
"04:15",0.000,0.000,221.400,0.166,0.000,0.000
"04:30",0.000,0.000,221.500,0.179,0.000,0.000
"04:45",0.000,0.000,221.500,0.166,0.000,0.000
"05:00",0.000,0.000,221.500,0.179,0.000,0.000
"05:15",0.000,0.000,221.500,0.179,0.000,0.000
"05:30",0.000,0.000,221.500,0.166,0.000,0.000
"05:45",0.000,0.000,221.500,0.179,0.000,0.000
"06:00",0.000,0.000,221.500,0.166,0.000,0.000
"06:15",0.000,0.000,221.500,0.179,0.000,0.000
"06:30",0.000,0.000,221.500,0.179,0.000,0.000
"06:45",0.000,0.000,221.400,0.166,0.000,0.000
"07:00",0.000,0.000,221.400,0.179,0.000,0.000
"07:15",0.000,0.000,221.400,0.166,0.000,0.000
"07:30",0.000,0.000,221.500,0.179,0.000,0.000
"07:45",0.000,0.000,221.400,0.179,0.000,0.000
"08:00",0.000,0.000,221.400,0.166,0.000,0.000
"08:15",0.000,0.000,221.400,0.179,0.000,0.000
"08:30",0.000,0.000,221.600,0.166,0.000,0.000
"08:45",0.000,0.000,221.700,0.179,0.000,0.000
"09:00",0.064,0.013,221.700,0.051,0.000,0.013
"09:15",0.243,0.000,221.600,0.000,0.000,0.013
"09:30",0.371,0.000,221.600,0.000,0.000,0.013
"09:45",0.499,0.000,221.500,0.000,0.000,0.013
"10:00",0.934,0.000,221.400,0.000,0.000,0.051
"10:15",1.421,0.000,221.500,0.000,0.000,0.013
"10:30",3.558,0.000,221.500,0.000,0.000,0.090
"10:45",4.480,0.000,221.600,0.000,0.000,0.077
"11:00",4.301,0.000,221.600,0.000,0.000,0.077
"11:15",4.250,0.000,221.700,0.000,0.000,0.064
"11:30",5.453,0.000,221.900,0.000,0.000,0.051
"11:45",6.323,0.000,221.900,0.000,0.000,0.038
"12:00",9.190,0.000,221.800,0.000,0.000,0.000
"12:15",15.603,0.000,222.000,0.000,0.000,0.000
"12:30",17.165,0.000,222.000,0.000,0.000,0.000
"12:45",18.125,0.000,222.100,0.000,0.000,0.000
"13:00",15.846,0.000,222.100,0.000,0.000,0.000
"13:15",14.938,0.000,222.100,0.000,0.000,0.000
"13:30",15.155,0.000,222.100,0.000,0.000,0.000
"13:45",15.078,0.000,222.100,0.000,0.000,0.000
"14:00",14.106,0.000,222.100,0.000,0.000,0.000
"14:15",14.515,0.000,222.100,0.000,0.000,0.000
"14:30",15.270,0.000,222.000,0.000,0.000,0.000
"14:45",16.243,0.000,222.100,0.000,0.000,0.000
"15:00",15.501,0.000,222.100,0.000,0.000,0.000
"15:15",14.387,0.000,222.000,0.000,0.000,0.000
"15:30",14.336,0.000,222.000,0.000,0.000,0.000
"15:45",15.642,0.000,222.000,0.000,0.000,0.000
"16:00",13.939,0.000,222.000,0.000,0.000,0.000
"16:15",11.814,0.000,222.000,0.000,0.000,0.000
"16:30",10.867,0.000,222.000,0.000,0.000,0.000
"16:45",8.269,0.000,221.900,0.000,0.000,0.000
"17:00",6.758,0.000,221.900,0.000,0.000,0.038
"17:15",5.107,0.000,221.800,0.000,0.000,0.064
"17:30",3.750,0.000,221.700,0.000,0.000,0.051
"17:45",2.688,0.000,221.800,0.000,0.000,0.038
"18:00",1.203,0.000,221.700,0.000,0.000,0.000
"18:15",0.435,0.000,221.800,0.000,0.000,0.000
"18:30",0.051,0.000,221.800,0.013,0.000,0.000
"18:45",0.000,0.038,221.700,0.128,0.000,0.000
"19:00",0.000,0.038,221.700,0.141,0.000,0.000
"19:15",0.000,0.000,221.600,0.166,0.000,0.000
"19:30",0.000,0.000,221.500,0.179,0.000,0.000
"19:45",0.000,0.000,221.500,0.179,0.000,0.000
"20:00",0.000,0.000,221.500,0.166,0.000,0.000
"20:15",0.000,0.000,221.500,0.179,0.000,0.000
"20:30",0.000,0.000,221.600,0.179,0.000,0.000
"20:45",0.000,0.000,221.600,0.166,0.000,0.000
"21:00",0.000,0.000,221.600,0.179,0.000,0.000
"21:15",0.000,0.000,221.600,0.179,0.000,0.000
"21:30",0.000,0.000,221.600,0.166,0.000,0.000
"21:45",0.000,0.000,221.600,0.179,0.000,0.000
"22:00",0.000,0.000,221.600,0.179,0.000,0.000
"22:15",0.000,0.000,221.600,0.166,0.000,0.000
"22:30",0.000,0.000,221.600,0.179,0.000,0.000
"22:45",0.000,0.000,221.600,0.179,0.000,0.000
"23:00",0.000,0.000,221.600,0.166,0.000,0.000
"23:15",0.000,0.000,221.600,0.179,0.000,0.000
"23:30",0.000,0.000,221.600,0.166,0.000,0.000
"23:45",0.000,0.000,221.500,0.179,0.000,0.000
" 7/03/26 24:00",0.000,0.000,221.500,0.179,0.000,0.000
