"kwh"
"Time ","AGRIM02P","AGRIM02P","AGRIM02P","AGRIM02P","AGRIM02P","AGRIM02P"
" 2/01/26 00:15",0.000,0.000,220.700,0.192,0.000,0.000
" 2/01/26 00:30",0.000,0.000,220.700,0.179,0.000,0.000
"00:45",0.000,0.000,220.800,0.179,0.000,0.000
"01:00",0.000,0.000,220.800,0.179,0.000,0.000
"01:15",0.000,0.000,220.800,0.192,0.000,0.000
"01:30",0.000,0.000,220.800,0.179,0.000,0.000
"01:45",0.000,0.000,220.800,0.179,0.000,0.000
"02:00",0.000,0.000,220.800,0.192,0.000,0.000
"02:15",0.000,0.000,220.800,0.179,0.000,0.000
"02:30",0.000,0.000,220.800,0.179,0.000,0.000
"02:45",0.000,0.000,220.900,0.192,0.000,0.000
"03:00",0.000,0.000,220.900,0.179,0.000,0.000
"03:15",0.000,0.000,220.800,0.179,0.000,0.000
"03:30",0.000,0.000,220.900,0.192,0.000,0.000
"03:45",0.000,0.000,220.900,0.179,0.000,0.000
"04:00",0.000,0.000,220.900,0.179,0.000,0.000
"04:15",0.000,0.000,220.900,0.192,0.000,0.000
"04:30",0.000,0.000,220.800,0.179,0.000,0.000
"04:45",0.000,0.000,220.900,0.179,0.000,0.000
"05:00",0.000,0.000,220.900,0.192,0.000,0.000
"05:15",0.000,0.000,220.900,0.179,0.000,0.000
"05:30",0.000,0.000,220.900,0.179,0.000,0.000
"05:45",0.000,0.000,221.000,0.192,0.000,0.000
"06:00",0.000,0.000,220.900,0.179,0.000,0.000
"06:15",0.000,0.000,221.000,0.179,0.000,0.000
"06:30",0.000,0.000,221.000,0.192,0.000,0.000
"06:45",0.000,0.000,221.000,0.179,0.000,0.000
"07:00",0.000,0.000,221.000,0.179,0.000,0.000
"07:15",0.000,0.000,221.100,0.154,0.000,0.000
"07:30",0.115,0.000,221.100,0.000,0.000,0.013
"07:45",0.320,0.000,221.200,0.000,0.000,0.026
"08:00",0.576,0.000,221.200,0.000,0.000,0.013
"08:15",2.304,0.000,221.200,0.000,0.000,0.026
"08:30",3.008,0.000,221.200,0.000,0.000,0.013
"08:45",4.211,0.000,221.300,0.000,0.000,0.038
"09:00",5.453,0.000,221.300,0.000,0.000,0.026
"09:15",7.552,0.000,221.400,0.000,0.000,0.000
"09:30",12.557,0.000,221.500,0.000,0.000,0.000
"09:45",16.410,0.000,221.600,0.000,0.000,0.000
"10:00",13.658,0.000,221.600,0.000,0.000,0.000
"10:15",13.901,0.000,221.600,0.000,0.000,0.000
"10:30",15.066,0.000,221.600,0.000,0.000,0.000
"10:45",16.346,0.000,221.600,0.000,0.000,0.000
"11:00",18.944,0.000,221.700,0.000,0.000,0.000
"11:15",21.581,0.000,221.800,0.000,0.000,0.000
"11:30",26.918,0.000,221.900,0.000,0.000,0.000
"11:45",29.043,0.000,222.000,0.000,0.000,0.000
"12:00",33.907,0.000,222.200,0.000,0.000,0.000
"12:15",34.675,0.000,222.200,0.000,0.000,0.000
"12:30",37.837,0.000,222.400,0.000,0.000,0.000
"12:45",44.570,0.000,222.400,0.000,0.000,0.000
"13:00",44.109,0.000,222.600,0.000,0.000,0.000
"13:15",36.685,0.000,222.400,0.000,0.000,0.000
"13:30",36.147,0.000,222.300,0.000,0.000,0.000
"13:45",32.550,0.000,222.200,0.000,0.000,0.000
"14:00",28.403,0.000,222.300,0.000,0.000,0.000
"14:15",22.682,0.000,222.100,0.000,0.000,0.000
"14:30",20.672,0.000,222.100,0.000,0.000,0.000
"14:45",22.656,0.000,222.100,0.000,0.000,0.000
"15:00",22.246,0.000,222.000,0.000,0.000,0.000
"15:15",20.646,0.000,222.100,0.000,0.000,0.000
"15:30",21.440,0.000,222.100,0.000,0.000,0.000
"15:45",25.869,0.000,222.200,0.000,0.000,0.000
"16:00",28.480,0.000,222.300,0.000,0.000,0.000
"16:15",29.094,0.000,222.300,0.000,0.000,0.000
"16:30",28.288,0.000,222.200,0.000,0.000,0.000
"16:45",31.667,0.000,222.300,0.000,0.000,0.000
"17:00",33.702,0.000,222.400,0.000,0.000,0.000
"17:15",29.978,0.000,222.300,0.000,0.000,0.077
"17:30",26.765,0.000,222.100,0.000,0.000,0.026
"17:45",22.042,0.000,222.000,0.000,0.000,0.000
"18:00",22.438,0.000,222.000,0.000,0.000,0.000
"18:15",27.571,0.000,222.100,0.000,0.000,0.000
"18:30",17.843,0.000,222.200,0.000,0.000,0.179
"18:45",18.342,0.000,222.200,0.000,0.000,0.218
"19:00",22.490,0.000,222.700,0.000,0.000,0.256
"19:15",14.182,0.000,222.400,0.000,0.000,0.000
"19:30",8.179,0.000,222.000,0.000,0.000,0.026
"19:45",3.955,0.000,221.600,0.000,0.000,0.090
"20:00",1.331,0.000,221.500,0.000,0.000,0.090
"20:15",0.563,0.000,221.400,0.000,0.000,0.090
"20:30",0.090,0.013,221.200,0.038,0.000,0.000
"20:45",0.000,0.077,221.200,0.090,0.000,0.000
"21:00",0.000,0.038,221.200,0.141,0.000,0.000
"21:15",0.000,0.000,221.200,0.179,0.000,0.000
"21:30",0.000,0.000,221.100,0.179,0.000,0.000
"21:45",0.000,0.000,221.200,0.192,0.000,0.000
"22:00",0.000,0.000,221.200,0.179,0.000,0.000
"22:15",0.000,0.000,221.200,0.192,0.000,0.000
"22:30",0.000,0.000,221.200,0.179,0.000,0.000
"22:45",0.000,0.000,221.300,0.179,0.000,0.000
"23:00",0.000,0.000,221.200,0.192,0.000,0.000
"23:15",0.000,0.000,221.200,0.179,0.000,0.000
"23:30",0.000,0.000,221.300,0.179,0.000,0.000
"23:45",0.000,0.000,221.200,0.192,0.000,0.000
" 2/01/26 24:00",0.000,0.000,221.200,0.179,0.000,0.000
