"kwh"
"Time ","AGRIM02P","AGRIM02P","AGRIM02P","AGRIM02P","AGRIM02P","AGRIM02P"
" 9/16/26 00:15",0.000,0.000,215.300,0.166,0.000,0.000
" 9/16/26 00:30",0.000,0.000,215.400,0.154,0.000,0.000
"00:45",0.000,0.000,215.700,0.166,0.000,0.000
"01:00",0.000,0.000,216.400,0.166,0.000,0.000
"01:15",0.000,0.000,216.600,0.166,0.000,0.000
"01:30",0.000,0.000,215.700,0.166,0.000,0.000
"01:45",0.000,0.000,215.800,0.154,0.000,0.000
"02:00",0.000,0.000,216.200,0.166,0.000,0.000
"02:15",0.000,0.000,216.200,0.166,0.000,0.000
"02:30",0.000,0.000,216.600,0.166,0.000,0.000
"02:45",0.000,0.000,217.000,0.166,0.000,0.000
"03:00",0.000,0.000,216.800,0.166,0.000,0.000
"03:15",0.000,0.000,216.900,0.166,0.000,0.000
"03:30",0.000,0.000,217.500,0.166,0.000,0.000
"03:45",0.000,0.000,217.500,0.166,0.000,0.000
"04:00",0.000,0.000,216.100,0.154,0.000,0.000
"04:15",0.000,0.000,215.500,0.166,0.000,0.000
"04:30",0.000,0.000,215.200,0.166,0.000,0.000
"04:45",0.000,0.000,215.000,0.166,0.000,0.000
"05:00",0.000,0.000,214.900,0.154,0.000,0.000
"05:15",0.000,0.000,214.800,0.166,0.000,0.000
"05:30",0.000,0.000,214.600,0.154,0.000,0.000
"05:45",0.000,0.000,214.500,0.166,0.000,0.000
"06:00",0.000,0.000,214.100,0.166,0.000,0.000
"06:15",0.000,0.000,215.100,0.154,0.000,0.000
"06:30",0.000,0.000,215.200,0.166,0.000,0.000
"06:45",0.000,0.000,215.000,0.166,0.000,0.000
"07:00",0.000,0.000,214.900,0.154,0.000,0.000
"07:15",0.000,0.000,213.500,0.154,0.000,0.000
"07:30",0.179,0.000,213.600,0.013,0.000,0.000
"07:45",1.792,0.000,213.100,0.000,0.000,0.000
"08:00",6.118,0.000,213.000,0.000,0.000,0.000
"08:15",14.208,0.000,213.000,0.000,0.000,0.000
"08:30",23.603,0.000,213.300,0.000,0.000,0.000
"08:45",32.960,0.000,213.900,0.000,0.000,0.038
"09:00",42.445,0.000,213.800,0.000,0.000,0.102
"09:15",51.482,0.000,214.400,0.000,0.000,0.000
"09:30",60.083,0.000,215.300,0.000,0.000,0.000
"09:45",67.942,0.000,215.100,0.000,0.000,0.038
"10:00",75.072,0.000,215.400,0.000,0.000,0.256
"10:15",81.818,0.000,216.000,0.000,0.000,0.115
"10:30",87.642,0.000,216.800,0.000,0.000,0.000
"10:45",93.210,0.000,216.700,0.000,0.000,0.000
"11:00",98.458,0.000,216.300,0.000,0.000,0.000
"11:15",103.296,0.000,216.700,0.000,0.000,0.000
"11:30",107.123,0.000,215.800,0.000,0.000,0.000
"11:45",109.850,0.000,215.300,0.000,0.000,0.000
"12:00",111.821,0.000,215.200,0.000,0.000,0.000
"12:15",112.768,0.000,216.000,0.000,0.000,0.000
"12:30",113.050,0.000,216.100,0.000,0.000,0.026
"12:45",113.216,0.000,216.400,0.000,0.000,0.051
"13:00",113.190,0.000,216.400,0.000,0.000,0.602
"13:15",112.550,0.000,215.200,0.000,0.000,0.422
"13:30",112.282,0.000,214.700,0.000,0.000,0.627
"13:45",111.718,0.000,214.600,0.000,0.000,1.075
"14:00",111.731,0.000,214.500,0.000,0.000,0.934
"14:15",112.563,0.000,215.000,0.000,0.000,0.000
"14:30",112.192,0.000,214.600,0.000,0.000,0.000
"14:45",111.565,0.000,214.700,0.000,0.000,0.000
"15:00",108.544,0.000,215.100,0.000,0.000,0.000
"15:15",107.021,0.000,215.000,0.000,0.000,0.000
"15:30",105.472,0.000,214.400,0.000,0.000,0.000
"15:45",97.472,0.000,214.700,0.000,0.000,0.000
"16:00",47.616,0.000,213.500,0.000,0.000,0.000
"16:15",0.000,0.000,0.000,0.000,0.000,0.000
"16:30",0.000,0.000,0.000,0.000,0.000,0.000
"16:45",5.363,0.000,210.200,0.026,0.000,0.000
"17:00",40.346,0.000,212.100,0.000,0.000,0.000
"17:15",45.914,0.000,213.600,0.000,0.000,0.000
"17:30",31.283,0.000,213.600,0.000,0.000,0.000
"17:45",28.531,0.000,213.700,0.000,0.000,0.000
"18:00",24.512,0.000,214.800,0.000,0.000,0.000
"18:15",16.243,0.000,222.700,0.000,0.000,0.000
"18:30",12.518,0.000,223.200,0.000,0.000,0.026
"18:45",9.242,0.000,223.600,0.000,0.000,0.051
"19:00",3.674,0.000,223.100,0.000,0.000,0.115
"19:15",0.474,0.000,222.000,0.000,0.000,0.038
"19:30",0.038,0.013,221.500,0.051,0.000,0.013
"19:45",0.000,0.051,220.900,0.115,0.000,0.000
"20:00",0.000,0.000,220.100,0.179,0.000,0.000
"20:15",0.000,0.000,221.100,0.166,0.000,0.000
"20:30",0.000,0.000,221.600,0.179,0.000,0.000
"20:45",0.000,0.000,221.500,0.166,0.000,0.000
"21:00",0.000,0.000,221.700,0.179,0.000,0.000
"21:15",0.000,0.000,221.900,0.166,0.000,0.000
"21:30",0.000,0.000,222.100,0.179,0.000,0.000
"21:45",0.000,0.000,222.000,0.166,0.000,0.000
"22:00",0.000,0.000,222.300,0.179,0.000,0.000
"22:15",0.000,0.000,221.200,0.166,0.000,0.000
"22:30",0.000,0.000,221.300,0.179,0.000,0.000
"22:45",0.000,0.000,221.600,0.166,0.000,0.000
"23:00",0.000,0.000,221.800,0.179,0.000,0.000
"23:15",0.000,0.000,215.000,0.154,0.000,0.000
"23:30",0.000,0.000,212.500,0.166,0.000,0.000
"23:45",0.000,0.000,211.100,0.154,0.000,0.000
" 9/16/26 24:00",0.000,0.000,211.200,0.154,0.000,0.000
