"kwh"
"Time ","AGRIM02P","AGRIM02P","AGRIM02P","AGRIM02P","AGRIM02P","AGRIM02P"
"04/18/26 00:15",0.000,0.000,221.900,0.000,0.000,0.000
"00:30",0.000,0.000,221.800,0.000,0.000,0.000
"00:45",0.000,0.000,221.800,0.000,0.000,0.000
"01:00",0.000,0.000,221.800,0.000,0.000,0.000
"01:15",0.000,0.000,221.900,0.000,0.000,0.000
"01:30",0.000,0.000,221.900,0.000,0.000,0.000
"01:45",0.000,0.000,221.900,0.000,0.000,0.000
"02:00",0.000,0.000,221.900,0.000,0.000,0.000
"02:15",0.000,0.000,221.900,0.000,0.000,0.000
"02:30",0.000,0.000,221.900,0.000,0.000,0.000
"02:45",0.000,0.000,221.900,0.000,0.000,0.000
"03:00",0.000,0.000,221.900,0.000,0.000,0.000
"03:15",0.000,0.000,221.900,0.000,0.000,0.000
"03:30",0.000,0.000,221.900,0.000,0.000,0.000
"03:45",0.000,0.000,222.000,0.000,0.000,0.000
"04:00",0.000,0.000,222.000,0.000,0.000,0.000
"04:15",0.000,0.000,221.900,0.000,0.000,0.000
"04:30",0.000,0.000,221.900,0.000,0.000,0.000
"04:45",0.000,0.000,221.900,0.000,0.000,0.000
"05:00",0.000,0.000,221.900,0.000,0.000,0.000
"05:15",0.000,0.000,221.900,0.000,0.000,0.000
"05:30",0.000,0.000,221.900,0.000,0.000,0.000
"05:45",0.000,0.000,221.900,0.000,0.000,0.000
"06:00",0.000,0.000,221.900,0.000,0.000,0.000
"06:15",0.000,0.000,221.900,0.000,0.000,0.000
"06:30",0.000,0.000,221.900,0.000,0.000,0.000
"06:45",0.000,0.000,221.900,0.000,0.000,0.000
"07:00",0.000,0.000,221.800,0.000,0.000,0.000
"07:15",0.000,0.000,221.800,0.000,0.000,0.000
"07:30",0.000,0.000,221.800,0.000,0.000,0.000
"07:45",0.000,0.000,221.900,0.000,0.000,0.000
"08:00",0.000,0.000,221.900,0.000,0.000,0.000
"08:15",0.090,0.000,222.000,0.000,0.000,0.000
"08:30",0.320,0.000,222.000,0.000,0.000,0.000
"08:45",1.459,0.000,222.000,0.000,0.000,0.000
"09:00",2.291,0.000,222.200,0.000,0.000,0.000
"09:15",3.110,0.000,222.200,0.000,0.000,0.000
"09:30",4.186,0.000,222.200,0.000,0.000,0.000
"09:45",5.466,0.000,222.200,0.000,0.000,0.000
"10:00",5.658,0.000,222.300,0.000,0.000,0.000
"10:15",7.142,0.000,222.400,0.000,0.000,0.000
"10:30",10.291,0.000,222.400,0.000,0.000,0.000
"10:45",10.893,0.000,222.500,0.000,0.000,0.000
"11:00",9.766,0.000,222.400,0.000,0.000,0.000
"11:15",7.360,0.000,222.300,0.000,0.000,0.000
"11:30",21.350,0.000,222.500,0.000,0.000,0.000
"11:45",26.227,0.000,222.700,0.000,0.000,0.000
"12:00",32.525,0.000,223.000,0.000,0.000,0.000
"12:15",18.842,0.000,222.600,0.000,0.000,0.000
"12:30",23.731,0.000,222.700,0.000,0.000,0.000
"12:45",40.538,0.000,223.000,0.000,0.000,0.000
"13:00",35.187,0.000,223.000,0.000,0.000,0.000
"13:15",37.402,0.000,223.100,0.000,0.000,0.000
"13:30",37.542,0.000,223.100,0.000,0.000,0.000
"13:45",41.549,0.000,223.200,0.000,0.000,0.000
"14:00",50.573,0.000,223.500,0.000,0.000,0.000
"14:15",70.566,0.000,223.700,0.000,0.000,0.000
"14:30",53.261,0.000,223.500,0.000,0.000,0.000
"14:45",58.266,0.000,223.800,0.000,0.000,0.000
"15:00",59.251,0.000,223.700,0.000,0.000,0.000
"15:15",62.131,0.000,223.900,0.000,0.000,0.000
"15:30",51.955,0.000,224.100,0.000,0.000,0.000
"15:45",52.211,0.000,223.700,0.000,0.000,0.000
"16:00",39.962,0.000,223.600,0.000,0.000,0.000
"16:15",41.907,0.000,223.300,0.000,0.000,0.000
"16:30",26.074,0.000,223.200,0.000,0.000,0.000
"16:45",21.094,0.000,222.600,0.000,0.000,0.000
"17:00",20.928,0.000,222.700,0.000,0.000,0.000
"17:15",14.374,0.000,222.400,0.000,0.000,0.000
"17:30",14.438,0.000,222.700,0.000,0.000,0.000
"17:45",24.960,0.000,223.100,0.000,0.000,0.000
"18:00",13.670,0.000,222.300,0.000,0.000,0.000
"18:15",12.851,0.000,222.300,0.000,0.000,0.000
"18:30",5.747,0.000,222.200,0.000,0.000,0.000
"18:45",0.909,0.000,222.000,0.000,0.000,0.000
"19:00",0.179,0.000,221.900,0.000,0.000,0.000
"19:15",0.000,0.000,221.900,0.000,0.000,0.000
"19:30",0.000,0.000,221.700,0.000,0.000,0.000
"19:45",0.000,0.000,221.600,0.000,0.000,0.000
"20:00",0.000,0.000,221.600,0.000,0.000,0.000
"20:15",0.000,0.000,221.700,0.000,0.000,0.000
"20:30",0.000,0.000,221.700,0.000,0.000,0.000
"20:45",0.000,0.000,221.700,0.000,0.000,0.000
"21:00",0.000,0.000,221.700,0.000,0.000,0.000
"21:15",0.000,0.000,221.700,0.000,0.000,0.000
"21:30",0.000,0.000,221.700,0.000,0.000,0.000
"21:45",0.000,0.000,221.600,0.000,0.000,0.000
"22:00",0.000,0.000,221.700,0.000,0.000,0.000
"22:15",0.000,0.000,221.700,0.000,0.000,0.000
"22:30",0.000,0.000,221.700,0.000,0.000,0.000
"22:45",0.000,0.000,221.800,0.000,0.000,0.000
"23:00",0.000,0.000,221.800,0.000,0.000,0.000
"23:15",0.000,0.000,221.800,0.000,0.000,0.000
"23:30",0.000,0.000,221.800,0.000,0.000,0.000
"23:45",0.000,0.000,221.900,0.000,0.000,0.000
"04/18/26 24:00",0.000,0.000,221.900,0.000,0.000,0.000
