"kwh"
"Time ","AGRIM02P","AGRIM02P","AGRIM02P","AGRIM02P","AGRIM02P","AGRIM02P"
" 4/16/26 00:15",0.000,0.000,221.700,0.179,0.000,0.000
" 4/16/26 00:30",0.000,0.000,221.800,0.192,0.000,0.000
"00:45",0.000,0.000,221.700,0.179,0.000,0.000
"01:00",0.000,0.000,221.800,0.192,0.000,0.000
"01:15",0.000,0.000,221.800,0.179,0.000,0.000
"01:30",0.000,0.000,221.700,0.179,0.000,0.000
"01:45",0.000,0.000,221.800,0.192,0.000,0.000
"02:00",0.000,0.000,221.800,0.192,0.000,0.000
"02:15",0.000,0.000,221.800,0.179,0.000,0.000
"02:30",0.000,0.000,221.800,0.179,0.000,0.000
"02:45",0.000,0.000,221.800,0.192,0.000,0.000
"03:00",0.000,0.000,221.800,0.192,0.000,0.000
"03:15",0.000,0.000,221.900,0.179,0.000,0.000
"03:30",0.000,0.000,221.800,0.192,0.000,0.000
"03:45",0.000,0.000,221.900,0.179,0.000,0.000
"04:00",0.000,0.000,221.900,0.192,0.000,0.000
"04:15",0.000,0.000,221.900,0.179,0.000,0.000
"04:30",0.000,0.000,221.900,0.192,0.000,0.000
"04:45",0.000,0.000,221.800,0.179,0.000,0.000
"05:00",0.000,0.000,221.900,0.192,0.000,0.000
"05:15",0.000,0.000,221.800,0.179,0.000,0.000
"05:30",0.000,0.000,221.800,0.192,0.000,0.000
"05:45",0.000,0.000,221.800,0.179,0.000,0.000
"06:00",0.000,0.000,221.800,0.192,0.000,0.000
"06:15",0.000,0.000,221.800,0.179,0.000,0.000
"06:30",0.000,0.000,221.800,0.179,0.000,0.000
"06:45",0.000,0.000,221.700,0.192,0.000,0.000
"07:00",0.000,0.000,221.700,0.179,0.000,0.000
"07:15",0.000,0.000,221.800,0.192,0.000,0.000
"07:30",0.000,0.000,221.700,0.179,0.000,0.000
"07:45",0.000,0.000,221.700,0.154,0.000,0.000
"08:00",0.282,0.000,221.800,0.000,0.000,0.000
"08:15",2.470,0.000,222.000,0.000,0.000,0.013
"08:30",7.962,0.000,222.300,0.000,0.000,0.013
"08:45",14.950,0.000,222.600,0.000,0.000,0.000
"09:00",22.054,0.000,223.000,0.000,0.000,0.013
"09:15",29.389,0.000,223.300,0.000,0.000,0.000
"09:30",36.634,0.000,223.700,0.000,0.000,0.000
"09:45",43.405,0.000,223.800,0.000,0.000,0.000
"10:00",49.549,0.000,223.900,0.000,0.000,0.000
"10:15",55.398,0.000,224.000,0.000,0.000,0.013
"10:30",60.685,0.000,224.000,0.000,0.000,0.026
"10:45",65.472,0.000,223.800,0.000,0.000,0.000
"11:00",69.709,0.000,223.800,0.000,0.000,0.000
"11:15",73.562,0.000,223.900,0.000,0.000,0.000
"11:30",77.261,0.000,224.200,0.000,0.000,0.013
"11:45",80.602,0.000,224.300,0.000,0.000,0.000
"12:00",83.584,0.000,224.300,0.000,0.000,0.013
"12:15",85.965,0.000,224.300,0.000,0.000,0.000
"12:30",88.000,0.000,224.300,0.000,0.000,0.000
"12:45",89.882,0.000,224.400,0.000,0.000,0.013
"13:00",91.187,0.000,224.400,0.000,0.000,0.000
"13:15",91.776,0.000,224.400,0.000,0.000,0.000
"13:30",92.096,0.000,224.500,0.000,0.000,0.013
"13:45",92.314,0.000,224.500,0.000,0.000,0.013
"14:00",91.648,0.000,224.400,0.000,0.000,0.013
"14:15",90.317,0.000,224.400,0.000,0.000,0.000
"14:30",88.704,0.000,224.400,0.000,0.000,0.013
"14:45",86.758,0.000,224.400,0.000,0.000,0.000
"15:00",84.275,0.000,224.300,0.000,0.000,0.000
"15:15",81.766,0.000,224.300,0.000,0.000,0.000
"15:30",76.685,0.000,224.200,0.000,0.000,0.013
"15:45",74.880,0.000,224.200,0.000,0.000,0.000
"16:00",70.810,0.000,224.300,0.000,0.000,0.051
"16:15",66.701,0.000,224.200,0.000,0.000,0.038
"16:30",61.376,0.000,224.100,0.000,0.000,0.026
"16:45",55.923,0.000,224.000,0.000,0.000,0.026
"17:00",50.291,0.000,223.800,0.000,0.000,0.013
"17:15",44.365,0.000,223.800,0.000,0.000,0.000
"17:30",23.565,0.000,223.200,0.000,0.000,0.026
"17:45",11.802,0.000,222.300,0.000,0.000,0.013
"18:00",29.939,0.000,222.900,0.000,0.000,0.000
"18:15",18.995,0.000,222.700,0.000,0.000,0.013
"18:30",5.056,0.000,222.000,0.000,0.000,0.026
"18:45",2.061,0.000,222.000,0.000,0.000,0.051
"19:00",0.307,0.000,221.900,0.000,0.000,0.013
"19:15",0.038,0.000,221.800,0.077,0.000,0.000
"19:30",0.000,0.013,221.600,0.166,0.000,0.000
"19:45",0.000,0.000,221.600,0.179,0.000,0.000
"20:00",0.000,0.000,221.600,0.192,0.000,0.000
"20:15",0.000,0.000,221.600,0.179,0.000,0.000
"20:30",0.000,0.000,221.600,0.179,0.000,0.000
"20:45",0.000,0.000,221.600,0.192,0.000,0.000
"21:00",0.000,0.000,221.600,0.179,0.000,0.000
"21:15",0.000,0.000,221.600,0.192,0.000,0.000
"21:30",0.000,0.000,221.600,0.179,0.000,0.000
"21:45",0.000,0.000,221.600,0.192,0.000,0.000
"22:00",0.000,0.000,221.600,0.179,0.000,0.000
"22:15",0.000,0.000,221.600,0.192,0.000,0.000
"22:30",0.000,0.000,221.700,0.179,0.000,0.000
"22:45",0.000,0.000,221.700,0.192,0.000,0.000
"23:00",0.000,0.000,221.700,0.179,0.000,0.000
"23:15",0.000,0.000,221.800,0.192,0.000,0.000
"23:30",0.000,0.000,221.800,0.179,0.000,0.000
"23:45",0.000,0.000,221.900,0.192,0.000,0.000
" 4/16/26 24:00",0.000,0.000,221.900,0.179,0.000,0.000
