"kwh"
"Time ","AGRIM02P","AGRIM02P","AGRIM02P","AGRIM02P","AGRIM02P","AGRIM02P"
" 3/27/26 00:15",0.000,0.000,220.900,0.192,0.000,0.000
" 3/27/26 00:30",0.000,0.000,221.000,0.179,0.000,0.000
"00:45",0.000,0.000,220.900,0.192,0.000,0.000
"01:00",0.000,0.000,221.000,0.179,0.000,0.000
"01:15",0.000,0.000,221.000,0.179,0.000,0.000
"01:30",0.000,0.000,221.000,0.192,0.000,0.000
"01:45",0.000,0.000,221.000,0.179,0.000,0.000
"02:00",0.000,0.000,221.000,0.179,0.000,0.000
"02:15",0.000,0.000,221.100,0.192,0.000,0.000
"02:30",0.000,0.000,221.000,0.179,0.000,0.000
"02:45",0.000,0.000,221.000,0.179,0.000,0.000
"03:00",0.000,0.000,221.100,0.192,0.000,0.000
"03:15",0.000,0.000,221.000,0.179,0.000,0.000
"03:30",0.000,0.000,221.100,0.179,0.000,0.000
"03:45",0.000,0.000,221.100,0.192,0.000,0.000
"04:00",0.000,0.000,221.100,0.179,0.000,0.000
"04:15",0.000,0.000,221.100,0.179,0.000,0.000
"04:30",0.000,0.000,221.100,0.192,0.000,0.000
"04:45",0.000,0.000,221.100,0.179,0.000,0.000
"05:00",0.000,0.000,221.100,0.179,0.000,0.000
"05:15",0.000,0.000,221.100,0.192,0.000,0.000
"05:30",0.000,0.000,221.100,0.179,0.000,0.000
"05:45",0.000,0.000,221.100,0.192,0.000,0.000
"06:00",0.000,0.000,221.100,0.179,0.000,0.000
"06:15",0.000,0.000,221.000,0.179,0.000,0.000
"06:30",0.000,0.000,221.000,0.192,0.000,0.000
"06:45",0.000,0.000,221.000,0.179,0.000,0.000
"07:00",0.000,0.000,221.000,0.179,0.000,0.000
"07:15",0.000,0.000,220.900,0.192,0.000,0.000
"07:30",0.000,0.000,220.900,0.179,0.000,0.000
"07:45",0.013,0.000,220.900,0.166,0.000,0.000
"08:00",0.026,0.013,220.900,0.077,0.000,0.000
"08:15",0.678,0.000,220.900,0.000,0.000,0.000
"08:30",1.498,0.000,220.600,0.000,0.000,0.000
"08:45",0.422,0.000,220.400,0.026,0.000,0.000
"09:00",3.149,0.000,221.400,0.000,0.000,0.064
"09:15",7.552,0.000,221.700,0.000,0.000,0.013
"09:30",5.530,0.000,221.600,0.000,0.000,0.000
"09:45",4.275,0.000,221.500,0.000,0.000,0.000
"10:00",8.986,0.000,221.400,0.000,0.000,0.000
"10:15",12.365,0.000,221.500,0.000,0.000,0.000
"10:30",17.485,0.000,221.400,0.000,0.000,0.000
"10:45",23.706,0.000,221.400,0.000,0.000,0.000
"11:00",24.218,0.000,221.400,0.000,0.000,0.000
"11:15",30.016,0.000,221.600,0.000,0.000,0.000
"11:30",31.821,0.000,221.700,0.000,0.000,0.000
"11:45",24.090,0.000,221.600,0.000,0.000,0.000
"12:00",30.195,0.000,221.600,0.000,0.000,0.000
"12:15",37.376,0.000,221.900,0.000,0.000,0.000
"12:30",31.002,0.000,222.000,0.000,0.000,0.000
"12:45",53.824,0.000,222.700,0.000,0.000,0.000
"13:00",40.269,0.000,222.900,0.000,0.000,0.000
"13:15",32.870,0.000,222.100,0.000,0.000,0.000
"13:30",69.325,0.000,222.800,0.000,0.000,0.000
"13:45",76.941,0.000,223.100,0.000,0.000,0.000
"14:00",97.830,0.000,223.300,0.000,0.000,0.000
"14:15",87.821,0.000,223.300,0.000,0.000,0.000
"14:30",84.096,0.000,223.200,0.000,0.000,0.000
"14:45",82.163,0.000,222.700,0.000,0.000,0.000
"15:00",32.870,0.000,221.800,0.000,0.000,0.000
"15:15",31.654,0.000,221.800,0.000,0.000,0.000
"15:30",22.541,0.000,221.700,0.000,0.000,0.000
"15:45",25.920,0.000,221.700,0.000,0.000,0.000
"16:00",50.086,0.000,221.900,0.000,0.000,0.000
"16:15",79.424,0.000,222.000,0.000,0.000,0.000
"16:30",29.875,0.000,221.100,0.000,0.000,0.000
"16:45",55.245,0.000,221.700,0.000,0.000,0.000
"17:00",20.314,0.000,221.200,0.000,0.000,0.000
"17:15",15.859,0.000,221.000,0.000,0.000,0.000
"17:30",10.342,0.000,220.800,0.000,0.000,0.000
"17:45",8.755,0.000,220.800,0.000,0.000,0.000
"18:00",7.002,0.000,220.900,0.000,0.000,0.013
"18:15",7.091,0.000,221.100,0.000,0.000,0.026
"18:30",5.811,0.000,221.000,0.000,0.000,0.026
"18:45",2.611,0.000,221.000,0.000,0.000,0.077
"19:00",0.781,0.000,220.900,0.000,0.000,0.064
"19:15",0.179,0.000,220.800,0.000,0.000,0.013
"19:30",0.013,0.000,220.700,0.102,0.000,0.000
"19:45",0.000,0.026,220.600,0.154,0.000,0.000
"20:00",0.000,0.013,220.600,0.179,0.000,0.000
"20:15",0.000,0.000,220.600,0.179,0.000,0.000
"20:30",0.000,0.000,220.600,0.179,0.000,0.000
"20:45",0.000,0.000,220.500,0.192,0.000,0.000
"21:00",0.000,0.000,220.600,0.179,0.000,0.000
"21:15",0.000,0.000,220.600,0.179,0.000,0.000
"21:30",0.000,0.000,220.600,0.179,0.000,0.000
"21:45",0.000,0.000,220.600,0.192,0.000,0.000
"22:00",0.000,0.000,220.600,0.179,0.000,0.000
"22:15",0.000,0.000,220.700,0.179,0.000,0.000
"22:30",0.000,0.000,220.600,0.179,0.000,0.000
"22:45",0.000,0.000,220.600,0.192,0.000,0.000
"23:00",0.000,0.000,220.600,0.179,0.000,0.000
"23:15",0.000,0.000,220.600,0.179,0.000,0.000
"23:30",0.000,0.000,220.600,0.179,0.000,0.000
"23:45",0.000,0.000,220.700,0.192,0.000,0.000
" 3/27/26 24:00",0.000,0.000,220.700,0.179,0.000,0.000
