"kwh"
"Time ","AGRIM02P","AGRIM02P","AGRIM02P","AGRIM02P","AGRIM02P","AGRIM02P"
" 9/04/26 00:15",0.000,0.000,220.100,0.166,0.000,0.000
" 9/04/26 00:30",0.000,0.000,220.200,0.179,0.000,0.000
"00:45",0.000,0.000,220.200,0.166,0.000,0.000
"01:00",0.000,0.000,220.100,0.179,0.000,0.000
"01:15",0.000,0.000,220.100,0.166,0.000,0.000
"01:30",0.000,0.000,220.100,0.179,0.000,0.000
"01:45",0.000,0.000,220.100,0.166,0.000,0.000
"02:00",0.000,0.000,220.200,0.166,0.000,0.000
"02:15",0.000,0.000,220.100,0.179,0.000,0.000
"02:30",0.000,0.000,220.100,0.166,0.000,0.000
"02:45",0.000,0.000,220.200,0.166,0.000,0.000
"03:00",0.000,0.000,220.200,0.179,0.000,0.000
"03:15",0.000,0.000,220.200,0.166,0.000,0.000
"03:30",0.000,0.000,220.200,0.179,0.000,0.000
"03:45",0.000,0.000,220.200,0.166,0.000,0.000
"04:00",0.000,0.000,220.200,0.166,0.000,0.000
"04:15",0.000,0.000,220.200,0.179,0.000,0.000
"04:30",0.000,0.000,220.200,0.166,0.000,0.000
"04:45",0.000,0.000,220.200,0.166,0.000,0.000
"05:00",0.000,0.000,220.100,0.179,0.000,0.000
"05:15",0.000,0.000,220.200,0.166,0.000,0.000
"05:30",0.000,0.000,220.200,0.166,0.000,0.000
"05:45",0.000,0.000,220.200,0.179,0.000,0.000
"06:00",0.000,0.000,220.200,0.166,0.000,0.000
"06:15",0.000,0.000,220.200,0.166,0.000,0.000
"06:30",0.000,0.000,220.300,0.179,0.000,0.000
"06:45",0.000,0.000,220.200,0.166,0.000,0.000
"07:00",0.000,0.000,220.200,0.179,0.000,0.000
"07:15",0.000,0.000,220.100,0.166,0.000,0.000
"07:30",0.000,0.000,220.100,0.166,0.000,0.000
"07:45",0.102,0.000,220.000,0.051,0.000,0.013
"08:00",0.947,0.000,220.100,0.000,0.000,0.013
"08:15",1.574,0.000,219.400,0.000,0.000,0.013
"08:30",0.000,0.000,0.000,0.000,0.000,0.000
"08:45",0.000,0.000,0.000,0.000,0.000,0.000
"09:00",0.000,0.000,0.000,0.000,0.000,0.000
"09:15",0.000,0.000,0.000,0.000,0.000,0.000
"09:30",0.000,0.000,0.000,0.000,0.000,0.000
"09:45",6.400,0.000,220.800,0.026,0.000,0.000
"10:00",30.938,0.000,221.700,0.000,0.000,0.000
"10:15",50.086,0.000,222.700,0.000,0.000,0.000
"10:30",69.952,0.000,223.000,0.000,0.000,0.000
"10:45",84.979,0.000,223.100,0.000,0.000,0.000
"11:00",78.605,0.000,223.100,0.000,0.000,0.000
"11:15",56.947,0.000,222.900,0.000,0.000,0.013
"11:30",59.981,0.000,222.700,0.000,0.000,0.000
"11:45",69.747,0.000,222.600,0.000,0.000,0.013
"12:00",82.125,0.000,222.900,0.000,0.000,0.000
"12:15",99.136,0.000,223.500,0.000,0.000,0.000
"12:30",87.194,0.000,223.100,0.000,0.000,0.000
"12:45",84.838,0.000,223.300,0.000,0.000,0.000
"13:00",94.170,0.000,223.200,0.000,0.000,0.000
"13:15",87.539,0.000,223.100,0.000,0.000,0.000
"13:30",109.696,0.000,223.600,0.000,0.000,0.013
"13:45",99.162,0.000,223.200,0.000,0.000,0.000
"14:00",79.027,0.000,222.700,0.000,0.000,0.000
"14:15",77.466,0.000,222.600,0.000,0.000,0.000
"14:30",57.702,0.000,221.800,0.000,0.000,0.000
"14:45",48.346,0.000,221.600,0.000,0.000,0.000
"15:00",54.976,0.000,221.900,0.000,0.000,0.000
"15:15",54.899,0.000,221.800,0.000,0.000,0.000
"15:30",46.387,0.000,222.000,0.000,0.000,0.013
"15:45",36.608,0.000,221.700,0.000,0.000,0.000
"16:00",32.896,0.000,221.500,0.000,0.000,0.000
"16:15",57.139,0.000,221.900,0.000,0.000,0.000
"16:30",88.691,0.000,221.900,0.000,0.000,0.000
"16:45",80.666,0.000,221.800,0.000,0.000,0.000
"17:00",65.434,0.000,221.500,0.000,0.000,0.000
"17:15",60.979,0.000,221.400,0.000,0.000,0.000
"17:30",55.642,0.000,221.100,0.000,0.000,0.000
"17:45",41.498,0.000,220.900,0.000,0.000,0.000
"18:00",15.514,0.000,220.900,0.000,0.000,0.000
"18:15",11.302,0.000,221.100,0.000,0.000,0.026
"18:30",13.478,0.000,221.000,0.000,0.000,0.013
"18:45",4.762,0.000,220.800,0.000,0.000,0.102
"19:00",0.614,0.000,220.600,0.000,0.000,0.026
"19:15",0.128,0.000,220.500,0.026,0.000,0.013
"19:30",0.000,0.051,220.500,0.128,0.000,0.000
"19:45",0.000,0.013,220.400,0.154,0.000,0.000
"20:00",0.000,0.000,220.500,0.166,0.000,0.000
"20:15",0.000,0.000,220.400,0.179,0.000,0.000
"20:30",0.000,0.000,220.400,0.166,0.000,0.000
"20:45",0.000,0.000,220.400,0.166,0.000,0.000
"21:00",0.000,0.000,220.400,0.179,0.000,0.000
"21:15",0.000,0.000,220.400,0.166,0.000,0.000
"21:30",0.000,0.000,220.400,0.179,0.000,0.000
"21:45",0.000,0.000,220.500,0.166,0.000,0.000
"22:00",0.000,0.000,220.500,0.166,0.000,0.000
"22:15",0.000,0.000,220.500,0.179,0.000,0.000
"22:30",0.000,0.000,220.400,0.166,0.000,0.000
"22:45",0.000,0.000,220.500,0.179,0.000,0.000
"23:00",0.000,0.000,220.500,0.166,0.000,0.000
"23:15",0.000,0.000,220.200,0.166,0.000,0.000
"23:30",0.000,0.000,220.100,0.179,0.000,0.000
"23:45",0.000,0.000,220.000,0.166,0.000,0.000
" 9/04/26 24:00",0.000,0.000,219.700,0.166,0.000,0.000
