"kwh"
"Time ","AGRIM02P","AGRIM02P","AGRIM02P","AGRIM02P","AGRIM02P","AGRIM02P"
" 7/23/26 00:15",0.000,0.000,221.400,0.166,0.000,0.000
" 7/23/26 00:30",0.000,0.000,221.500,0.179,0.000,0.000
"00:45",0.000,0.000,221.500,0.166,0.000,0.000
"01:00",0.000,0.000,221.500,0.179,0.000,0.000
"01:15",0.000,0.000,221.500,0.166,0.000,0.000
"01:30",0.000,0.000,221.300,0.179,0.000,0.000
"01:45",0.000,0.000,221.300,0.166,0.000,0.000
"02:00",0.000,0.000,221.200,0.179,0.000,0.000
"02:15",0.000,0.000,221.300,0.166,0.000,0.000
"02:30",0.000,0.000,221.300,0.179,0.000,0.000
"02:45",0.000,0.000,221.200,0.166,0.000,0.000
"03:00",0.000,0.000,221.300,0.179,0.000,0.000
"03:15",0.000,0.000,221.400,0.166,0.000,0.000
"03:30",0.000,0.000,221.500,0.179,0.000,0.000
"03:45",0.000,0.000,221.600,0.166,0.000,0.000
"04:00",0.000,0.000,221.600,0.179,0.000,0.000
"04:15",0.000,0.000,221.500,0.179,0.000,0.000
"04:30",0.000,0.000,221.500,0.166,0.000,0.000
"04:45",0.000,0.000,221.500,0.179,0.000,0.000
"05:00",0.000,0.000,221.500,0.166,0.000,0.000
"05:15",0.000,0.000,221.500,0.179,0.000,0.000
"05:30",0.000,0.000,221.500,0.166,0.000,0.000
"05:45",0.000,0.000,221.600,0.179,0.000,0.000
"06:00",0.000,0.000,221.600,0.166,0.000,0.000
"06:15",0.000,0.000,221.600,0.179,0.000,0.000
"06:30",0.000,0.000,221.600,0.166,0.000,0.000
"06:45",0.000,0.000,221.600,0.179,0.000,0.000
"07:00",0.000,0.000,221.500,0.166,0.000,0.000
"07:15",0.000,0.000,221.400,0.179,0.000,0.000
"07:30",0.000,0.000,221.400,0.166,0.000,0.000
"07:45",0.000,0.000,221.400,0.179,0.000,0.000
"08:00",0.000,0.000,221.400,0.166,0.000,0.000
"08:15",0.026,0.013,221.400,0.128,0.000,0.000
"08:30",0.192,0.000,221.400,0.013,0.000,0.026
"08:45",0.563,0.000,221.400,0.000,0.000,0.064
"09:00",0.563,0.000,221.400,0.000,0.000,0.026
"09:15",2.330,0.000,221.500,0.000,0.000,0.013
"09:30",5.619,0.000,221.600,0.000,0.000,0.051
"09:45",6.822,0.000,221.700,0.000,0.000,0.064
"10:00",6.080,0.000,221.700,0.000,0.000,0.077
"10:15",8.371,0.000,221.700,0.000,0.000,0.051
"10:30",6.669,0.000,221.600,0.000,0.000,0.051
"10:45",9.882,0.000,221.800,0.000,0.000,0.000
"11:00",10.867,0.000,221.800,0.000,0.000,0.013
"11:15",13.594,0.000,221.900,0.000,0.000,0.000
"11:30",10.381,0.000,221.900,0.000,0.000,0.000
"11:45",14.579,0.000,222.100,0.000,0.000,0.000
"12:00",14.784,0.000,222.000,0.000,0.000,0.000
"12:15",14.886,0.000,222.200,0.000,0.000,0.000
"12:30",20.710,0.000,222.300,0.000,0.000,0.000
"12:45",25.856,0.000,222.500,0.000,0.000,0.000
"13:00",27.494,0.000,222.400,0.000,0.000,0.000
"13:15",34.317,0.000,222.300,0.000,0.000,0.000
"13:30",42.010,0.000,222.600,0.000,0.000,0.000
"13:45",40.307,0.000,222.400,0.000,0.000,0.115
"14:00",42.778,0.000,222.500,0.000,0.000,0.269
"14:15",32.896,0.000,222.200,0.000,0.000,0.090
"14:30",28.147,0.000,222.100,0.000,0.000,0.000
"14:45",26.496,0.000,222.100,0.000,0.000,0.256
"15:00",45.888,0.000,222.500,0.000,0.000,0.038
"15:15",55.680,0.000,222.700,0.000,0.000,0.000
"15:30",47.437,0.000,222.500,0.000,0.000,0.000
"15:45",19.213,0.000,222.300,0.000,0.000,0.000
"16:00",16.166,0.000,222.200,0.000,0.000,0.026
"16:15",24.461,0.000,222.400,0.000,0.000,0.064
"16:30",48.589,0.000,222.700,0.000,0.000,0.000
"16:45",40.858,0.000,222.500,0.000,0.000,0.000
"17:00",54.464,0.000,222.900,0.000,0.000,0.000
"17:15",36.032,0.000,222.900,0.000,0.000,0.026
"17:30",27.533,0.000,223.100,0.000,0.000,0.013
"17:45",32.550,0.000,222.700,0.000,0.000,0.000
"18:00",24.934,0.000,222.600,0.000,0.000,0.013
"18:15",4.851,0.000,222.100,0.000,0.000,0.090
"18:30",0.858,0.000,221.800,0.000,0.000,0.013
"18:45",0.192,0.000,221.800,0.000,0.000,0.000
"19:00",0.000,0.026,221.600,0.102,0.000,0.000
"19:15",0.000,0.038,221.500,0.141,0.000,0.000
"19:30",0.000,0.000,221.400,0.166,0.000,0.000
"19:45",0.000,0.000,221.400,0.179,0.000,0.000
"20:00",0.000,0.000,221.400,0.166,0.000,0.000
"20:15",0.000,0.000,221.400,0.179,0.000,0.000
"20:30",0.000,0.000,221.200,0.166,0.000,0.000
"20:45",0.000,0.000,221.300,0.179,0.000,0.000
"21:00",0.000,0.000,221.400,0.166,0.000,0.000
"21:15",0.000,0.000,221.400,0.179,0.000,0.000
"21:30",0.000,0.000,221.400,0.166,0.000,0.000
"21:45",0.000,0.000,221.500,0.179,0.000,0.000
"22:00",0.000,0.000,221.500,0.179,0.000,0.000
"22:15",0.000,0.000,221.500,0.166,0.000,0.000
"22:30",0.000,0.000,221.500,0.179,0.000,0.000
"22:45",0.000,0.000,221.400,0.166,0.000,0.000
"23:00",0.000,0.000,221.400,0.179,0.000,0.000
"23:15",0.000,0.000,221.400,0.179,0.000,0.000
"23:30",0.000,0.000,221.300,0.166,0.000,0.000
"23:45",0.000,0.000,221.300,0.179,0.000,0.000
" 7/23/26 24:00",0.000,0.000,221.300,0.166,0.000,0.000
