"kwh"
"Time ","AGRIM02P","AGRIM02P","AGRIM02P","AGRIM02P","AGRIM02P","AGRIM02P"
" 1/28/26 00:15",0.000,0.000,220.700,0.179,0.000,0.000
" 1/28/26 00:30",0.000,0.000,220.700,0.179,0.000,0.000
"00:45",0.000,0.000,220.700,0.192,0.000,0.000
"01:00",0.000,0.000,220.700,0.179,0.000,0.000
"01:15",0.000,0.000,220.700,0.179,0.000,0.000
"01:30",0.000,0.000,220.700,0.192,0.000,0.000
"01:45",0.000,0.000,220.800,0.179,0.000,0.000
"02:00",0.000,0.000,220.700,0.179,0.000,0.000
"02:15",0.000,0.000,220.700,0.192,0.000,0.000
"02:30",0.000,0.000,220.800,0.179,0.000,0.000
"02:45",0.000,0.000,220.800,0.179,0.000,0.000
"03:00",0.000,0.000,220.800,0.179,0.000,0.000
"03:15",0.000,0.000,220.800,0.192,0.000,0.000
"03:30",0.000,0.000,220.800,0.179,0.000,0.000
"03:45",0.000,0.000,220.800,0.179,0.000,0.000
"04:00",0.000,0.000,220.800,0.192,0.000,0.000
"04:15",0.000,0.000,220.800,0.179,0.000,0.000
"04:30",0.000,0.000,220.700,0.179,0.000,0.000
"04:45",0.000,0.000,220.700,0.192,0.000,0.000
"05:00",0.000,0.000,220.800,0.179,0.000,0.000
"05:15",0.000,0.000,220.800,0.179,0.000,0.000
"05:30",0.000,0.000,220.800,0.192,0.000,0.000
"05:45",0.000,0.000,220.800,0.179,0.000,0.000
"06:00",0.000,0.000,220.800,0.179,0.000,0.000
"06:15",0.000,0.000,218.200,0.166,0.000,0.000
"06:30",0.000,0.000,216.100,0.179,0.000,0.000
"06:45",0.000,0.000,212.600,0.166,0.000,0.000
"07:00",0.000,0.000,212.900,0.166,0.000,0.000
"07:15",0.166,0.000,214.400,0.038,0.000,0.026
"07:30",0.794,0.000,220.800,0.000,0.000,0.077
"07:45",1.114,0.000,220.900,0.000,0.000,0.090
"08:00",1.267,0.000,220.900,0.000,0.000,0.077
"08:15",1.933,0.000,221.100,0.000,0.000,0.064
"08:30",6.438,0.000,221.800,0.000,0.000,0.026
"08:45",31.322,0.000,222.600,0.000,0.000,0.000
"09:00",40.960,0.000,222.900,0.000,0.000,0.000
"09:15",23.731,0.000,223.000,0.000,0.000,0.000
"09:30",55.718,0.000,223.600,0.000,0.000,0.000
"09:45",61.478,0.000,223.700,0.000,0.000,0.000
"10:00",63.885,0.000,223.800,0.000,0.000,0.000
"10:15",68.493,0.000,223.800,0.000,0.000,0.000
"10:30",73.459,0.000,223.900,0.000,0.000,0.013
"10:45",77.990,0.000,224.000,0.000,0.000,0.000
"11:00",82.419,0.000,224.100,0.000,0.000,0.000
"11:15",86.157,0.000,224.100,0.000,0.000,0.000
"11:30",89.126,0.000,224.200,0.000,0.000,0.000
"11:45",91.968,0.000,224.100,0.000,0.000,0.000
"12:00",94.771,0.000,224.100,0.000,0.000,0.000
"12:15",97.485,0.000,224.300,0.000,0.000,0.000
"12:30",99.597,0.000,224.300,0.000,0.000,0.000
"12:45",98.176,0.000,224.300,0.000,0.000,0.000
"13:00",98.944,0.000,224.300,0.000,0.000,0.013
"13:15",103.219,0.000,224.400,0.000,0.000,0.000
"13:30",103.398,0.000,224.400,0.000,0.000,0.000
"13:45",103.450,0.000,224.200,0.000,0.000,0.000
"14:00",85.632,0.000,224.000,0.000,0.000,0.013
"14:15",103.309,0.000,224.200,0.000,0.000,0.000
"14:30",102.118,0.000,224.100,0.000,0.000,0.000
"14:45",102.579,0.000,224.200,0.000,0.000,0.013
"15:00",93.248,0.000,224.100,0.000,0.000,0.000
"15:15",100.506,0.000,224.200,0.000,0.000,0.000
"15:30",78.477,0.000,223.400,0.000,0.000,0.000
"15:45",93.773,0.000,224.000,0.000,0.000,0.000
"16:00",54.170,0.000,223.500,0.000,0.000,0.000
"16:15",72.205,0.000,223.800,0.000,0.000,0.013
"16:30",79.296,0.000,223.900,0.000,0.000,0.000
"16:45",76.582,0.000,223.800,0.000,0.000,0.000
"17:00",71.014,0.000,223.700,0.000,0.000,0.000
"17:15",65.510,0.000,223.300,0.000,0.000,0.000
"17:30",59.763,0.000,223.200,0.000,0.000,0.000
"17:45",53.850,0.000,223.300,0.000,0.000,0.013
"18:00",47.488,0.000,223.300,0.000,0.000,0.000
"18:15",41.254,0.000,223.400,0.000,0.000,0.000
"18:30",34.381,0.000,223.300,0.000,0.000,0.013
"18:45",27.328,0.000,223.100,0.000,0.000,0.000
"19:00",20.403,0.000,222.900,0.000,0.000,0.013
"19:15",13.811,0.000,222.600,0.000,0.000,0.013
"19:30",8.179,0.000,222.200,0.000,0.000,0.051
"19:45",4.006,0.000,221.800,0.000,0.000,0.077
"20:00",1.677,0.000,221.600,0.000,0.000,0.077
"20:15",0.768,0.000,221.400,0.000,0.000,0.115
"20:30",0.166,0.000,221.300,0.013,0.000,0.038
"20:45",0.000,0.026,221.200,0.141,0.000,0.000
"21:00",0.000,0.026,221.200,0.166,0.000,0.000
"21:15",0.000,0.000,221.200,0.179,0.000,0.000
"21:30",0.000,0.000,221.200,0.179,0.000,0.000
"21:45",0.000,0.000,221.200,0.192,0.000,0.000
"22:00",0.000,0.000,221.200,0.179,0.000,0.000
"22:15",0.000,0.000,221.200,0.179,0.000,0.000
"22:30",0.000,0.000,221.300,0.192,0.000,0.000
"22:45",0.000,0.000,221.300,0.179,0.000,0.000
"23:00",0.000,0.000,221.300,0.179,0.000,0.000
"23:15",0.000,0.000,221.200,0.192,0.000,0.000
"23:30",0.000,0.000,221.100,0.179,0.000,0.000
"23:45",0.000,0.000,221.100,0.179,0.000,0.000
" 1/28/26 24:00",0.000,0.000,221.100,0.192,0.000,0.000
