"kwh"
"Time ","AGRIM02P","AGRIM02P","AGRIM02P","AGRIM02P","AGRIM02P","AGRIM02P"
" 7/07/26 00:15",0.000,0.000,221.700,0.179,0.000,0.000
" 7/07/26 00:30",0.000,0.000,221.700,0.166,0.000,0.000
"00:45",0.000,0.000,221.800,0.179,0.000,0.000
"01:00",0.000,0.000,221.800,0.166,0.000,0.000
"01:15",0.000,0.000,221.800,0.179,0.000,0.000
"01:30",0.000,0.000,221.800,0.179,0.000,0.000
"01:45",0.000,0.000,221.800,0.166,0.000,0.000
"02:00",0.000,0.000,221.800,0.179,0.000,0.000
"02:15",0.000,0.000,221.800,0.179,0.000,0.000
"02:30",0.000,0.000,221.800,0.166,0.000,0.000
"02:45",0.000,0.000,221.800,0.179,0.000,0.000
"03:00",0.000,0.000,221.800,0.179,0.000,0.000
"03:15",0.000,0.000,221.800,0.166,0.000,0.000
"03:30",0.000,0.000,221.900,0.179,0.000,0.000
"03:45",0.000,0.000,221.800,0.166,0.000,0.000
"04:00",0.000,0.000,221.800,0.179,0.000,0.000
"04:15",0.000,0.000,221.900,0.179,0.000,0.000
"04:30",0.000,0.000,221.900,0.166,0.000,0.000
"04:45",0.000,0.000,221.900,0.179,0.000,0.000
"05:00",0.000,0.000,221.900,0.179,0.000,0.000
"05:15",0.000,0.000,221.800,0.166,0.000,0.000
"05:30",0.000,0.000,221.900,0.179,0.000,0.000
"05:45",0.000,0.000,221.800,0.179,0.000,0.000
"06:00",0.000,0.000,221.800,0.166,0.000,0.000
"06:15",0.000,0.000,221.800,0.179,0.000,0.000
"06:30",0.000,0.000,221.800,0.166,0.000,0.000
"06:45",0.000,0.000,221.800,0.179,0.000,0.000
"07:00",0.000,0.000,221.800,0.179,0.000,0.000
"07:15",0.000,0.000,221.800,0.166,0.000,0.000
"07:30",0.000,0.000,221.800,0.179,0.000,0.000
"07:45",0.000,0.000,221.700,0.166,0.000,0.000
"08:00",0.000,0.000,221.600,0.179,0.000,0.000
"08:15",0.000,0.000,221.700,0.154,0.000,0.000
"08:30",0.026,0.038,221.600,0.013,0.013,0.000
"08:45",0.474,0.000,221.700,0.000,0.000,0.013
"09:00",2.957,0.000,221.700,0.000,0.000,0.026
"09:15",8.640,0.000,221.800,0.000,0.000,0.013
"09:30",11.789,0.000,221.900,0.000,0.000,0.000
"09:45",26.970,0.000,222.300,0.000,0.000,0.000
"10:00",27.866,0.000,222.400,0.000,0.000,0.000
"10:15",32.730,0.000,223.100,0.000,0.000,0.013
"10:30",41.382,0.000,223.200,0.000,0.000,0.000
"10:45",66.240,0.000,223.700,0.000,0.000,0.000
"11:00",75.264,0.000,223.900,0.000,0.000,0.000
"11:15",79.475,0.000,224.100,0.000,0.000,0.000
"11:30",84.262,0.000,224.200,0.000,0.000,0.000
"11:45",88.371,0.000,224.200,0.000,0.000,0.000
"12:00",92.096,0.000,224.300,0.000,0.000,0.000
"12:15",94.861,0.000,224.400,0.000,0.000,0.768
"12:30",97.702,0.000,224.400,0.000,0.000,0.000
"12:45",101.683,0.000,224.400,0.000,0.000,0.000
"13:00",100.160,0.000,224.100,0.000,0.000,0.000
"13:15",93.670,0.000,224.000,0.000,0.000,0.000
"13:30",95.693,0.000,224.100,0.000,0.000,0.000
"13:45",87.821,0.000,223.900,0.000,0.000,0.346
"14:00",63.667,0.000,223.300,0.000,0.000,1.178
"14:15",95.027,0.000,223.900,0.000,0.000,0.435
"14:30",98.163,0.000,224.100,0.000,0.000,0.013
"14:45",84.378,0.000,224.000,0.000,0.000,0.000
"15:00",67.034,0.000,223.700,0.000,0.000,0.333
"15:15",49.958,0.000,223.400,0.000,0.000,1.037
"15:30",87.117,0.000,224.100,0.000,0.000,0.013
"15:45",85.658,0.000,224.000,0.000,0.000,0.000
"16:00",80.128,0.000,223.900,0.000,0.000,0.000
"16:15",75.174,0.000,223.900,0.000,0.000,0.000
"16:30",69.824,0.000,223.700,0.000,0.000,0.000
"16:45",63.309,0.000,223.700,0.000,0.000,0.000
"17:00",56.614,0.000,223.500,0.000,0.000,0.013
"17:15",41.011,0.000,223.000,0.000,0.000,0.000
"17:30",34.278,0.000,222.900,0.000,0.000,0.000
"17:45",23.565,0.000,222.600,0.000,0.000,0.000
"18:00",10.675,0.000,222.200,0.000,0.000,0.026
"18:15",5.773,0.000,222.100,0.000,0.000,0.051
"18:30",1.805,0.000,221.800,0.000,0.000,0.051
"18:45",0.077,0.000,221.700,0.038,0.000,0.000
"19:00",0.000,0.038,221.600,0.128,0.000,0.000
"19:15",0.000,0.026,221.500,0.154,0.000,0.000
"19:30",0.000,0.000,221.500,0.179,0.000,0.000
"19:45",0.000,0.000,221.600,0.166,0.000,0.000
"20:00",0.000,0.000,221.600,0.179,0.000,0.000
"20:15",0.000,0.000,221.600,0.179,0.000,0.000
"20:30",0.000,0.000,221.500,0.166,0.000,0.000
"20:45",0.000,0.000,221.500,0.179,0.000,0.000
"21:00",0.000,0.000,221.500,0.179,0.000,0.000
"21:15",0.000,0.000,221.500,0.166,0.000,0.000
"21:30",0.000,0.000,221.500,0.179,0.000,0.000
"21:45",0.000,0.000,221.600,0.179,0.000,0.000
"22:00",0.000,0.000,221.600,0.166,0.000,0.000
"22:15",0.000,0.000,221.700,0.179,0.000,0.000
"22:30",0.000,0.000,221.700,0.179,0.000,0.000
"22:45",0.000,0.000,221.800,0.166,0.000,0.000
"23:00",0.000,0.000,221.600,0.179,0.000,0.000
"23:15",0.000,0.000,221.600,0.179,0.000,0.000
"23:30",0.000,0.000,221.700,0.166,0.000,0.000
"23:45",0.000,0.000,221.700,0.179,0.000,0.000
" 7/07/26 24:00",0.000,0.000,221.700,0.179,0.000,0.000
