"kwh"
"Time ","AGRIM02P","AGRIM02P","AGRIM02P","AGRIM02P","AGRIM02P","AGRIM02P"
" 2/17/26 00:15",0.000,0.000,221.700,0.192,0.000,0.000
" 2/17/26 00:30",0.000,0.000,221.800,0.179,0.000,0.000
"00:45",0.000,0.000,221.700,0.192,0.000,0.000
"01:00",0.000,0.000,221.600,0.179,0.000,0.000
"01:15",0.000,0.000,221.700,0.179,0.000,0.000
"01:30",0.000,0.000,221.700,0.192,0.000,0.000
"01:45",0.000,0.000,221.700,0.179,0.000,0.000
"02:00",0.000,0.000,221.800,0.192,0.000,0.000
"02:15",0.000,0.000,221.800,0.179,0.000,0.000
"02:30",0.000,0.000,221.800,0.192,0.000,0.000
"02:45",0.000,0.000,221.800,0.179,0.000,0.000
"03:00",0.000,0.000,221.800,0.192,0.000,0.000
"03:15",0.000,0.000,221.800,0.179,0.000,0.000
"03:30",0.000,0.000,221.800,0.179,0.000,0.000
"03:45",0.000,0.000,221.800,0.192,0.000,0.000
"04:00",0.000,0.000,221.800,0.192,0.000,0.000
"04:15",0.000,0.000,221.800,0.179,0.000,0.000
"04:30",0.000,0.000,221.800,0.179,0.000,0.000
"04:45",0.000,0.000,221.700,0.192,0.000,0.000
"05:00",0.000,0.000,221.800,0.179,0.000,0.000
"05:15",0.000,0.000,221.800,0.192,0.000,0.000
"05:30",0.000,0.000,221.800,0.179,0.000,0.000
"05:45",0.000,0.000,221.800,0.192,0.000,0.000
"06:00",0.000,0.000,221.800,0.179,0.000,0.000
"06:15",0.000,0.000,221.700,0.192,0.000,0.000
"06:30",0.000,0.000,221.700,0.179,0.000,0.000
"06:45",0.000,0.000,221.600,0.179,0.000,0.000
"07:00",0.000,0.000,221.600,0.192,0.000,0.000
"07:15",0.000,0.000,221.600,0.179,0.000,0.000
"07:30",0.051,0.000,221.700,0.064,0.000,0.000
"07:45",0.640,0.000,221.700,0.000,0.000,0.064
"08:00",1.229,0.000,221.800,0.000,0.000,0.077
"08:15",2.893,0.000,221.800,0.000,0.000,0.064
"08:30",5.286,0.000,221.900,0.000,0.000,0.051
"08:45",13.760,0.000,222.200,0.000,0.000,0.013
"09:00",19.098,0.000,222.300,0.000,0.000,0.000
"09:15",13.773,0.000,222.400,0.000,0.000,0.026
"09:30",22.067,0.000,222.600,0.000,0.000,0.013
"09:45",21.914,0.000,222.500,0.000,0.000,0.000
"10:00",23.411,0.000,222.500,0.000,0.000,0.000
"10:15",25.062,0.000,222.700,0.000,0.000,0.000
"10:30",39.283,0.000,222.900,0.000,0.000,0.000
"10:45",54.541,0.000,223.200,0.000,0.000,0.614
"11:00",37.338,0.000,223.200,0.000,0.000,0.128
"11:15",53.990,0.000,223.700,0.000,0.000,0.013
"11:30",54.042,0.000,223.500,0.000,0.000,0.000
"11:45",49.101,0.000,223.500,0.000,0.000,0.000
"12:00",60.198,0.000,223.900,0.000,0.000,0.000
"12:15",75.123,0.000,224.400,0.000,0.000,0.026
"12:30",58.931,0.000,223.900,0.000,0.000,0.026
"12:45",48.307,0.000,223.300,0.000,0.000,0.000
"13:00",64.320,0.000,223.600,0.000,0.000,0.000
"13:15",53.670,0.000,223.800,0.000,0.000,0.013
"13:30",54.797,0.000,223.800,0.000,0.000,0.013
"13:45",50.086,0.000,223.500,0.000,0.000,0.000
"14:00",91.827,0.000,224.600,0.000,0.000,0.038
"14:15",101.427,0.000,224.900,0.000,0.000,0.038
"14:30",78.848,0.000,224.600,0.000,0.000,0.294
"14:45",82.752,0.000,224.500,0.000,0.000,0.013
"15:00",87.270,0.000,224.700,0.000,0.000,0.026
"15:15",97.242,0.000,225.000,0.000,0.000,0.064
"15:30",97.562,0.000,224.900,0.000,0.000,0.077
"15:45",94.374,0.000,224.900,0.000,0.000,0.051
"16:00",90.010,0.000,224.800,0.000,0.000,0.038
"16:15",85.952,0.000,224.700,0.000,0.000,0.038
"16:30",80.486,0.000,224.600,0.000,0.000,0.038
"16:45",76.454,0.000,224.200,0.000,0.000,0.026
"17:00",71.296,0.000,224.000,0.000,0.000,0.026
"17:15",65.715,0.000,223.900,0.000,0.000,0.026
"17:30",60.032,0.000,223.900,0.000,0.000,0.051
"17:45",53.747,0.000,223.800,0.000,0.000,0.051
"18:00",47.117,0.000,223.900,0.000,0.000,0.026
"18:15",40.192,0.000,223.900,0.000,0.000,0.026
"18:30",33.101,0.000,223.700,0.000,0.000,0.026
"18:45",25.830,0.000,223.400,0.000,0.000,0.026
"19:00",18.560,0.000,223.100,0.000,0.000,0.013
"19:15",11.750,0.000,222.700,0.000,0.000,0.038
"19:30",6.157,0.000,222.300,0.000,0.000,0.090
"19:45",2.470,0.000,222.000,0.000,0.000,0.115
"20:00",0.845,0.000,221.700,0.000,0.000,0.051
"20:15",0.205,0.000,221.600,0.000,0.000,0.026
"20:30",0.000,0.000,221.600,0.154,0.000,0.000
"20:45",0.000,0.026,221.500,0.154,0.000,0.000
"21:00",0.000,0.000,221.600,0.192,0.000,0.000
"21:15",0.000,0.000,221.500,0.179,0.000,0.000
"21:30",0.000,0.000,221.500,0.192,0.000,0.000
"21:45",0.000,0.000,221.600,0.179,0.000,0.000
"22:00",0.000,0.000,221.600,0.179,0.000,0.000
"22:15",0.000,0.000,221.600,0.192,0.000,0.000
"22:30",0.000,0.000,221.700,0.179,0.000,0.000
"22:45",0.000,0.000,221.700,0.192,0.000,0.000
"23:00",0.000,0.000,221.700,0.179,0.000,0.000
"23:15",0.000,0.000,221.700,0.192,0.000,0.000
"23:30",0.000,0.000,221.700,0.179,0.000,0.000
"23:45",0.000,0.000,221.700,0.192,0.000,0.000
" 2/17/26 24:00",0.000,0.000,221.700,0.179,0.000,0.000
