"kwh"
"Time ","AGRIM02P","AGRIM02P","AGRIM02P","AGRIM02P","AGRIM02P","AGRIM02P"
" 1/08/26 00:15",0.000,0.000,220.300,0.179,0.000,0.000
" 1/08/26 00:30",0.000,0.000,220.300,0.192,0.000,0.000
"00:45",0.000,0.000,220.400,0.179,0.000,0.000
"01:00",0.000,0.000,220.400,0.179,0.000,0.000
"01:15",0.000,0.000,220.400,0.179,0.000,0.000
"01:30",0.000,0.000,220.400,0.192,0.000,0.000
"01:45",0.000,0.000,220.400,0.179,0.000,0.000
"02:00",0.000,0.000,220.500,0.179,0.000,0.000
"02:15",0.000,0.000,220.500,0.192,0.000,0.000
"02:30",0.000,0.000,220.500,0.179,0.000,0.000
"02:45",0.000,0.000,220.400,0.179,0.000,0.000
"03:00",0.000,0.000,220.500,0.179,0.000,0.000
"03:15",0.000,0.000,220.500,0.192,0.000,0.000
"03:30",0.000,0.000,220.500,0.179,0.000,0.000
"03:45",0.000,0.000,220.500,0.179,0.000,0.000
"04:00",0.000,0.000,220.500,0.179,0.000,0.000
"04:15",0.000,0.000,220.500,0.192,0.000,0.000
"04:30",0.000,0.000,220.500,0.179,0.000,0.000
"04:45",0.000,0.000,220.500,0.179,0.000,0.000
"05:00",0.000,0.000,220.800,0.179,0.000,0.000
"05:15",0.000,0.000,220.900,0.192,0.000,0.000
"05:30",0.000,0.000,220.900,0.179,0.000,0.000
"05:45",0.000,0.000,220.900,0.179,0.000,0.000
"06:00",0.000,0.000,221.000,0.192,0.000,0.000
"06:15",0.000,0.000,221.200,0.179,0.000,0.000
"06:30",0.000,0.000,221.300,0.179,0.000,0.000
"06:45",0.000,0.000,221.200,0.192,0.000,0.000
"07:00",0.000,0.000,221.200,0.179,0.000,0.000
"07:15",0.000,0.000,221.200,0.179,0.000,0.000
"07:30",0.000,0.000,194.300,0.013,0.000,0.000
"07:45",0.000,0.000,0.000,0.000,0.000,0.000
"08:00",0.000,0.000,0.000,0.000,0.000,0.000
"08:15",0.000,0.000,0.000,0.000,0.000,0.000
"08:30",0.192,0.000,219.300,0.026,0.000,0.000
"08:45",0.806,0.000,220.300,0.000,0.000,0.038
"09:00",1.139,0.000,220.600,0.000,0.000,0.038
"09:15",0.806,0.000,220.600,0.000,0.000,0.013
"09:30",1.331,0.000,220.700,0.000,0.000,0.026
"09:45",2.803,0.000,221.200,0.000,0.000,0.026
"10:00",2.061,0.000,221.300,0.000,0.000,0.013
"10:15",1.254,0.000,221.200,0.000,0.000,0.026
"10:30",1.421,0.000,220.500,0.000,0.000,0.026
"10:45",2.112,0.000,220.800,0.000,0.000,0.013
"11:00",1.715,0.000,220.800,0.000,0.000,0.013
"11:15",1.651,0.000,220.800,0.000,0.000,0.013
"11:30",2.150,0.000,220.300,0.000,0.000,0.000
"11:45",1.664,0.000,220.000,0.000,0.000,0.026
"12:00",0.704,0.000,220.200,0.000,0.000,0.013
"12:15",2.176,0.000,221.100,0.000,0.000,0.000
"12:30",3.366,0.000,221.200,0.000,0.000,0.026
"12:45",5.658,0.000,222.300,0.000,0.000,0.000
"13:00",16.128,0.000,223.900,0.000,0.000,0.000
"13:15",25.984,0.000,226.200,0.000,0.000,0.000
"13:30",16.282,0.000,224.800,0.000,0.000,0.000
"13:45",31.181,0.000,226.500,0.000,0.000,0.000
"14:00",18.304,0.000,226.400,0.000,0.000,0.000
"14:15",21.222,0.000,224.800,0.000,0.000,0.000
"14:30",33.152,0.000,229.000,0.000,0.000,0.000
"14:45",18.406,0.000,225.800,0.000,0.000,0.000
"15:00",22.106,0.000,226.900,0.000,0.000,0.000
"15:15",24.525,0.000,226.200,0.000,0.000,0.000
"15:30",36.365,0.000,227.400,0.000,0.000,0.000
"15:45",25.446,0.000,227.800,0.000,0.000,0.000
"16:00",16.269,0.000,224.900,0.000,0.000,0.000
"16:15",18.483,0.000,225.200,0.000,0.000,0.000
"16:30",13.645,0.000,224.200,0.000,0.000,0.000
"16:45",9.114,0.000,221.900,0.000,0.000,0.000
"17:00",11.405,0.000,222.400,0.000,0.000,0.000
"17:15",12.160,0.000,222.900,0.000,0.000,0.000
"17:30",6.042,0.000,222.000,0.000,0.000,0.000
"17:45",3.098,0.000,221.800,0.000,0.000,0.013
"18:00",1.728,0.000,221.600,0.000,0.000,0.026
"18:15",1.408,0.000,221.400,0.000,0.000,0.013
"18:30",1.549,0.000,221.000,0.000,0.000,0.013
"18:45",7.987,0.000,221.700,0.000,0.000,0.000
"19:00",18.419,0.000,225.000,0.000,0.000,0.000
"19:15",16.218,0.000,224.800,0.000,0.000,0.000
"19:30",14.374,0.000,224.800,0.000,0.000,0.000
"19:45",9.638,0.000,226.100,0.000,0.000,0.000
"20:00",4.058,0.000,222.700,0.000,0.000,0.013
"20:15",2.240,0.000,222.100,0.000,0.000,0.013
"20:30",0.896,0.000,220.900,0.000,0.000,0.013
"20:45",0.064,0.013,220.100,0.102,0.000,0.013
"21:00",0.000,0.026,219.800,0.166,0.000,0.000
"21:15",0.000,0.000,219.600,0.179,0.000,0.000
"21:30",0.000,0.000,219.700,0.179,0.000,0.000
"21:45",0.000,0.000,219.900,0.179,0.000,0.000
"22:00",0.000,0.000,220.300,0.179,0.000,0.000
"22:15",0.000,0.000,220.400,0.192,0.000,0.000
"22:30",0.000,0.000,220.200,0.179,0.000,0.000
"22:45",0.000,0.000,220.600,0.179,0.000,0.000
"23:00",0.000,0.000,221.200,0.179,0.000,0.000
"23:15",0.000,0.000,221.600,0.192,0.000,0.000
"23:30",0.000,0.000,221.400,0.179,0.000,0.000
"23:45",0.000,0.000,221.400,0.179,0.000,0.000
" 1/08/26 24:00",0.000,0.000,221.600,0.192,0.000,0.000
