"kwh"
"Time ","AGRIM02P","AGRIM02P","AGRIM02P","AGRIM02P","AGRIM02P","AGRIM02P"
" 5/22/26 00:15",0.000,0.000,221.600,0.179,0.000,0.000
" 5/22/26 00:30",0.000,0.000,221.600,0.179,0.000,0.000
"00:45",0.000,0.000,221.600,0.166,0.000,0.000
"01:00",0.000,0.000,221.600,0.179,0.000,0.000
"01:15",0.000,0.000,221.700,0.166,0.000,0.000
"01:30",0.000,0.000,221.700,0.179,0.000,0.000
"01:45",0.000,0.000,221.800,0.166,0.000,0.000
"02:00",0.000,0.000,221.800,0.179,0.000,0.000
"02:15",0.000,0.000,221.800,0.166,0.000,0.000
"02:30",0.000,0.000,221.800,0.179,0.000,0.000
"02:45",0.000,0.000,221.800,0.166,0.000,0.000
"03:00",0.000,0.000,221.700,0.179,0.000,0.000
"03:15",0.000,0.000,221.800,0.166,0.000,0.000
"03:30",0.000,0.000,221.800,0.179,0.000,0.000
"03:45",0.000,0.000,221.800,0.179,0.000,0.000
"04:00",0.000,0.000,221.800,0.166,0.000,0.000
"04:15",0.000,0.000,221.800,0.179,0.000,0.000
"04:30",0.000,0.000,221.800,0.166,0.000,0.000
"04:45",0.000,0.000,221.800,0.179,0.000,0.000
"05:00",0.000,0.000,221.900,0.166,0.000,0.000
"05:15",0.000,0.000,221.800,0.179,0.000,0.000
"05:30",0.000,0.000,221.800,0.166,0.000,0.000
"05:45",0.000,0.000,221.700,0.179,0.000,0.000
"06:00",0.000,0.000,221.700,0.166,0.000,0.000
"06:15",0.000,0.000,221.700,0.179,0.000,0.000
"06:30",0.000,0.000,221.700,0.166,0.000,0.000
"06:45",0.000,0.000,221.600,0.179,0.000,0.000
"07:00",0.000,0.000,221.600,0.166,0.000,0.000
"07:15",0.000,0.000,221.500,0.179,0.000,0.000
"07:30",0.000,0.000,221.500,0.179,0.000,0.000
"07:45",0.000,0.000,221.500,0.166,0.000,0.000
"08:00",0.000,0.000,221.500,0.179,0.000,0.000
"08:15",0.038,0.000,221.500,0.051,0.013,0.000
"08:30",0.806,0.000,221.600,0.000,0.000,0.026
"08:45",4.723,0.000,221.700,0.000,0.000,0.038
"09:00",12.941,0.000,222.000,0.000,0.000,0.013
"09:15",27.226,0.000,222.400,0.000,0.000,0.000
"09:30",36.838,0.000,222.800,0.000,0.000,0.000
"09:45",45.402,0.000,223.200,0.000,0.000,0.000
"10:00",52.877,0.000,223.400,0.000,0.000,0.000
"10:15",60.442,0.000,223.600,0.000,0.000,0.000
"10:30",67.136,0.000,223.700,0.000,0.000,0.000
"10:45",73.446,0.000,223.800,0.000,0.000,0.000
"11:00",79.565,0.000,223.900,0.000,0.000,0.000
"11:15",84.838,0.000,224.000,0.000,0.000,0.000
"11:30",89.562,0.000,224.000,0.000,0.000,0.000
"11:45",93.530,0.000,224.100,0.000,0.000,0.000
"12:00",96.883,0.000,224.200,0.000,0.000,0.000
"12:15",99.366,0.000,224.200,0.000,0.000,0.000
"12:30",101.965,0.000,224.100,0.000,0.000,0.000
"12:45",104.166,0.000,224.200,0.000,0.000,0.000
"13:00",106.150,0.000,224.200,0.000,0.000,0.000
"13:15",107.392,0.000,224.300,0.000,0.000,0.000
"13:30",109.261,0.000,224.400,0.000,0.000,0.000
"13:45",87.782,0.000,224.200,0.000,0.000,0.000
"14:00",107.200,0.000,224.500,0.000,0.000,0.013
"14:15",110.054,0.000,224.500,0.000,0.000,0.000
"14:30",102.566,0.000,224.200,0.000,0.000,0.000
"14:45",102.362,0.000,224.300,0.000,0.000,0.000
"15:00",96.077,0.000,224.100,0.000,0.000,0.000
"15:15",91.648,0.000,224.100,0.000,0.000,0.000
"15:30",89.574,0.000,224.100,0.000,0.000,0.000
"15:45",84.800,0.000,224.000,0.000,0.000,0.000
"16:00",78.874,0.000,224.000,0.000,0.000,0.000
"16:15",74.163,0.000,223.900,0.000,0.000,0.000
"16:30",67.661,0.000,223.800,0.000,0.000,0.000
"16:45",60.762,0.000,223.700,0.000,0.000,0.000
"17:00",53.363,0.000,223.500,0.000,0.000,0.000
"17:15",45.491,0.000,223.300,0.000,0.000,0.000
"17:30",36.787,0.000,222.900,0.000,0.000,0.000
"17:45",27.699,0.000,222.600,0.000,0.000,0.000
"18:00",10.150,0.000,222.100,0.000,0.000,0.051
"18:15",2.854,0.000,221.800,0.000,0.000,0.090
"18:30",0.563,0.000,221.500,0.000,0.000,0.026
"18:45",0.051,0.013,221.500,0.064,0.000,0.013
"19:00",0.000,0.038,221.600,0.128,0.000,0.000
"19:15",0.000,0.000,221.500,0.166,0.000,0.000
"19:30",0.000,0.000,221.500,0.179,0.000,0.000
"19:45",0.000,0.000,221.500,0.166,0.000,0.000
"20:00",0.000,0.000,221.600,0.179,0.000,0.000
"20:15",0.000,0.000,221.400,0.179,0.000,0.000
"20:30",0.000,0.000,221.400,0.166,0.000,0.000
"20:45",0.000,0.000,221.400,0.179,0.000,0.000
"21:00",0.000,0.000,221.400,0.166,0.000,0.000
"21:15",0.000,0.000,221.400,0.179,0.000,0.000
"21:30",0.000,0.000,221.400,0.179,0.000,0.000
"21:45",0.000,0.000,221.400,0.166,0.000,0.000
"22:00",0.000,0.000,221.300,0.179,0.000,0.000
"22:15",0.000,0.000,221.400,0.166,0.000,0.000
"22:30",0.000,0.000,221.500,0.179,0.000,0.000
"22:45",0.000,0.000,221.500,0.179,0.000,0.000
"23:00",0.000,0.000,221.500,0.166,0.000,0.000
"23:15",0.000,0.000,221.500,0.179,0.000,0.000
"23:30",0.000,0.000,221.500,0.166,0.000,0.000
"23:45",0.000,0.000,221.500,0.179,0.000,0.000
" 5/22/26 24:00",0.000,0.000,221.600,0.179,0.000,0.000
