"kwh"
"Time ","AGRIM02P","AGRIM02P","AGRIM02P","AGRIM02P","AGRIM02P","AGRIM02P"
" 8/28/26 00:15",0.000,0.000,221.300,0.179,0.000,0.000
" 8/28/26 00:30",0.000,0.000,221.300,0.166,0.000,0.000
"00:45",0.000,0.000,221.400,0.179,0.000,0.000
"01:00",0.000,0.000,221.400,0.166,0.000,0.000
"01:15",0.000,0.000,221.400,0.179,0.000,0.000
"01:30",0.000,0.000,221.300,0.166,0.000,0.000
"01:45",0.000,0.000,221.300,0.179,0.000,0.000
"02:00",0.000,0.000,221.200,0.166,0.000,0.000
"02:15",0.000,0.000,221.300,0.179,0.000,0.000
"02:30",0.000,0.000,221.200,0.166,0.000,0.000
"02:45",0.000,0.000,221.100,0.179,0.000,0.000
"03:00",0.000,0.000,221.200,0.166,0.000,0.000
"03:15",0.000,0.000,221.200,0.179,0.000,0.000
"03:30",0.000,0.000,221.200,0.166,0.000,0.000
"03:45",0.000,0.000,221.200,0.179,0.000,0.000
"04:00",0.000,0.000,221.200,0.166,0.000,0.000
"04:15",0.000,0.000,221.200,0.179,0.000,0.000
"04:30",0.000,0.000,221.100,0.166,0.000,0.000
"04:45",0.000,0.000,221.100,0.179,0.000,0.000
"05:00",0.000,0.000,221.100,0.166,0.000,0.000
"05:15",0.000,0.000,221.100,0.179,0.000,0.000
"05:30",0.000,0.000,221.100,0.166,0.000,0.000
"05:45",0.000,0.000,221.100,0.179,0.000,0.000
"06:00",0.000,0.000,221.100,0.179,0.000,0.000
"06:15",0.000,0.000,221.200,0.166,0.000,0.000
"06:30",0.000,0.000,221.200,0.179,0.000,0.000
"06:45",0.000,0.000,221.200,0.166,0.000,0.000
"07:00",0.000,0.000,221.300,0.166,0.000,0.000
"07:15",0.000,0.000,221.300,0.179,0.000,0.000
"07:30",0.000,0.000,221.300,0.179,0.000,0.000
"07:45",0.000,0.000,221.200,0.115,0.013,0.000
"08:00",0.410,0.000,221.300,0.000,0.000,0.064
"08:15",2.419,0.000,221.400,0.000,0.000,0.128
"08:30",10.266,0.000,221.700,0.000,0.000,0.013
"08:45",19.878,0.000,222.100,0.000,0.000,0.000
"09:00",28.045,0.000,222.500,0.000,0.000,0.000
"09:15",37.069,0.000,222.600,0.000,0.000,0.000
"09:30",45.811,0.000,222.900,0.000,0.000,0.000
"09:45",53.811,0.000,223.100,0.000,0.000,0.000
"10:00",61.606,0.000,223.300,0.000,0.000,0.000
"10:15",68.659,0.000,223.400,0.000,0.000,0.000
"10:30",75.123,0.000,223.500,0.000,0.000,0.000
"10:45",81.088,0.000,223.500,0.000,0.000,0.000
"11:00",86.464,0.000,223.700,0.000,0.000,0.000
"11:15",91.597,0.000,223.900,0.000,0.000,0.000
"11:30",95.872,0.000,223.900,0.000,0.000,0.000
"11:45",100.288,0.000,224.000,0.000,0.000,0.000
"12:00",104.397,0.000,224.100,0.000,0.000,0.000
"12:15",106.394,0.000,224.200,0.000,0.000,0.000
"12:30",108.723,0.000,224.200,0.000,0.000,0.000
"12:45",110.118,0.000,224.200,0.000,0.000,0.013
"13:00",111.155,0.000,224.200,0.000,0.000,0.013
"13:15",112.410,0.000,224.400,0.000,0.000,0.013
"13:30",112.717,0.000,224.400,0.000,0.000,0.051
"13:45",111.949,0.000,224.300,0.000,0.000,0.218
"14:00",111.565,0.000,224.200,0.000,0.000,0.742
"14:15",110.298,0.000,224.300,0.000,0.000,0.026
"14:30",108.173,0.000,224.300,0.000,0.000,0.013
"14:45",107.085,0.000,224.200,0.000,0.000,0.000
"15:00",104.205,0.000,224.200,0.000,0.000,0.013
"15:15",100.928,0.000,224.200,0.000,0.000,0.013
"15:30",96.934,0.000,224.200,0.000,0.000,0.013
"15:45",92.224,0.000,224.100,0.000,0.000,0.013
"16:00",87.270,0.000,224.100,0.000,0.000,0.013
"16:15",81.664,0.000,224.100,0.000,0.000,0.026
"16:30",76.506,0.000,224.200,0.000,0.000,0.026
"16:45",69.824,0.000,224.200,0.000,0.000,0.026
"17:00",62.886,0.000,224.100,0.000,0.000,0.013
"17:15",55.680,0.000,223.900,0.000,0.000,0.013
"17:30",46.042,0.000,223.700,0.000,0.000,0.013
"17:45",32.653,0.000,223.100,0.000,0.000,0.013
"18:00",19.008,0.000,222.600,0.000,0.000,0.026
"18:15",9.306,0.000,222.300,0.000,0.000,0.051
"18:30",9.293,0.000,221.900,0.000,0.000,0.038
"18:45",4.544,0.000,221.800,0.000,0.000,0.090
"19:00",0.730,0.000,221.800,0.000,0.000,0.013
"19:15",0.013,0.013,221.700,0.077,0.000,0.013
"19:30",0.000,0.038,221.600,0.128,0.000,0.000
"19:45",0.000,0.000,221.600,0.166,0.000,0.000
"20:00",0.000,0.000,221.600,0.179,0.000,0.000
"20:15",0.000,0.000,221.600,0.166,0.000,0.000
"20:30",0.000,0.000,221.600,0.166,0.000,0.000
"20:45",0.000,0.000,221.700,0.179,0.000,0.000
"21:00",0.000,0.000,221.700,0.166,0.000,0.000
"21:15",0.000,0.000,221.700,0.179,0.000,0.000
"21:30",0.000,0.000,221.700,0.166,0.000,0.000
"21:45",0.000,0.000,221.700,0.179,0.000,0.000
"22:00",0.000,0.000,221.700,0.179,0.000,0.000
"22:15",0.000,0.000,221.700,0.166,0.000,0.000
"22:30",0.000,0.000,221.700,0.179,0.000,0.000
"22:45",0.000,0.000,221.800,0.166,0.000,0.000
"23:00",0.000,0.000,221.800,0.179,0.000,0.000
"23:15",0.000,0.000,221.700,0.166,0.000,0.000
"23:30",0.000,0.000,221.700,0.179,0.000,0.000
"23:45",0.000,0.000,221.700,0.166,0.000,0.000
" 8/28/26 24:00",0.000,0.000,221.600,0.179,0.000,0.000
