"kwh"
"Time ","AGRIM02P","AGRIM02P","AGRIM02P","AGRIM02P","AGRIM02P","AGRIM02P"
" 3/09/26 00:15",0.000,0.000,221.800,0.179,0.000,0.000
" 3/09/26 00:30",0.000,0.000,221.800,0.192,0.000,0.000
"00:45",0.000,0.000,221.900,0.179,0.000,0.000
"01:00",0.000,0.000,221.800,0.192,0.000,0.000
"01:15",0.000,0.000,221.900,0.179,0.000,0.000
"01:30",0.000,0.000,221.800,0.192,0.000,0.000
"01:45",0.000,0.000,221.800,0.179,0.000,0.000
"02:00",0.000,0.000,221.800,0.179,0.000,0.000
"02:15",0.000,0.000,221.800,0.192,0.000,0.000
"02:30",0.000,0.000,221.800,0.179,0.000,0.000
"02:45",0.000,0.000,221.800,0.192,0.000,0.000
"03:00",0.000,0.000,221.800,0.179,0.000,0.000
"03:15",0.000,0.000,221.800,0.179,0.000,0.000
"03:30",0.000,0.000,221.800,0.192,0.000,0.000
"03:45",0.000,0.000,221.900,0.179,0.000,0.000
"04:00",0.000,0.000,221.800,0.192,0.000,0.000
"04:15",0.000,0.000,221.800,0.179,0.000,0.000
"04:30",0.000,0.000,221.800,0.179,0.000,0.000
"04:45",0.000,0.000,221.800,0.192,0.000,0.000
"05:00",0.000,0.000,221.800,0.179,0.000,0.000
"05:15",0.000,0.000,221.800,0.179,0.000,0.000
"05:30",0.000,0.000,221.700,0.192,0.000,0.000
"05:45",0.000,0.000,221.700,0.179,0.000,0.000
"06:00",0.000,0.000,221.700,0.192,0.000,0.000
"06:15",0.000,0.000,221.700,0.179,0.000,0.000
"06:30",0.000,0.000,221.800,0.192,0.000,0.000
"06:45",0.000,0.000,221.800,0.179,0.000,0.000
"07:00",0.000,0.000,221.800,0.192,0.000,0.000
"07:15",0.000,0.000,221.800,0.179,0.000,0.000
"07:30",0.128,0.000,221.800,0.038,0.000,0.000
"07:45",0.794,0.000,221.800,0.000,0.000,0.051
"08:00",2.790,0.000,222.100,0.000,0.000,0.166
"08:15",7.424,0.000,222.500,0.000,0.000,0.090
"08:30",14.822,0.000,222.900,0.000,0.000,0.090
"08:45",22.682,0.000,223.200,0.000,0.000,0.128
"09:00",30.720,0.000,223.600,0.000,0.000,0.013
"09:15",38.515,0.000,223.900,0.000,0.000,0.026
"09:30",46.080,0.000,224.000,0.000,0.000,0.026
"09:45",53.376,0.000,224.100,0.000,0.000,0.038
"10:00",59.955,0.000,224.200,0.000,0.000,0.038
"10:15",66.138,0.000,224.400,0.000,0.000,0.051
"10:30",71.872,0.000,224.500,0.000,0.000,0.026
"10:45",77.184,0.000,224.600,0.000,0.000,0.026
"11:00",82.189,0.000,224.700,0.000,0.000,0.051
"11:15",87.142,0.000,224.700,0.000,0.000,0.038
"11:30",90.688,0.000,224.700,0.000,0.000,0.026
"11:45",94.067,0.000,224.700,0.000,0.000,0.013
"12:00",96.832,0.000,224.800,0.000,0.000,0.051
"12:15",99.264,0.000,224.800,0.000,0.000,0.026
"12:30",99.059,0.000,225.000,0.000,0.000,0.038
"12:45",99.622,0.000,225.000,0.000,0.000,0.077
"13:00",100.237,0.000,225.000,0.000,0.000,0.077
"13:15",101.043,0.000,224.900,0.000,0.000,0.051
"13:30",98.906,0.000,224.900,0.000,0.000,0.102
"13:45",98.458,0.000,224.900,0.000,0.000,0.090
"14:00",98.637,0.000,224.900,0.000,0.000,0.115
"14:15",98.970,0.000,224.900,0.000,0.000,0.077
"14:30",101.120,0.000,224.900,0.000,0.000,0.090
"14:45",96.934,0.000,224.900,0.000,0.000,0.051
"15:00",73.434,0.000,224.200,0.000,0.000,0.115
"15:15",82.662,0.000,224.200,0.000,0.000,0.077
"15:30",80.371,0.000,224.300,0.000,0.000,0.026
"15:45",87.667,0.000,224.400,0.000,0.000,0.013
"16:00",75.226,0.000,224.400,0.000,0.000,0.102
"16:15",81.920,0.000,224.500,0.000,0.000,0.333
"16:30",78.272,0.000,224.500,0.000,0.000,0.013
"16:45",75.968,0.000,224.600,0.000,0.000,0.064
"17:00",61.734,0.000,224.300,0.000,0.000,0.090
"17:15",27.891,0.000,223.700,0.000,0.000,0.064
"17:30",39.718,0.000,223.200,0.000,0.000,0.000
"17:45",32.883,0.000,223.300,0.000,0.000,0.026
"18:00",37.645,0.000,223.200,0.000,0.000,0.013
"18:15",40.499,0.000,223.200,0.000,0.000,0.282
"18:30",22.323,0.000,223.200,0.000,0.000,0.038
"18:45",18.419,0.000,222.900,0.000,0.000,0.026
"19:00",13.747,0.000,222.300,0.000,0.000,0.000
"19:15",7.795,0.000,222.200,0.000,0.000,0.038
"19:30",3.661,0.000,222.000,0.000,0.000,0.051
"19:45",0.768,0.000,221.800,0.000,0.000,0.064
"20:00",0.051,0.013,221.700,0.064,0.000,0.000
"20:15",0.000,0.013,221.700,0.154,0.000,0.000
"20:30",0.000,0.000,221.600,0.179,0.000,0.000
"20:45",0.000,0.000,221.600,0.192,0.000,0.000
"21:00",0.000,0.000,221.700,0.179,0.000,0.000
"21:15",0.000,0.000,221.600,0.192,0.000,0.000
"21:30",0.000,0.000,221.600,0.179,0.000,0.000
"21:45",0.000,0.000,221.600,0.192,0.000,0.000
"22:00",0.000,0.000,221.600,0.179,0.000,0.000
"22:15",0.000,0.000,221.700,0.192,0.000,0.000
"22:30",0.000,0.000,221.700,0.179,0.000,0.000
"22:45",0.000,0.000,221.700,0.192,0.000,0.000
"23:00",0.000,0.000,221.700,0.179,0.000,0.000
"23:15",0.000,0.000,221.700,0.192,0.000,0.000
"23:30",0.000,0.000,221.700,0.179,0.000,0.000
"23:45",0.000,0.000,221.700,0.179,0.000,0.000
" 3/09/26 24:00",0.000,0.000,221.700,0.192,0.000,0.000
