"kwh"
"Time ","AGRIM02P","AGRIM02P","AGRIM02P","AGRIM02P","AGRIM02P","AGRIM02P"
" 6/28/26 00:15",0.000,0.000,221.700,0.179,0.000,0.000
" 6/28/26 00:30",0.000,0.000,221.700,0.179,0.000,0.000
"00:45",0.000,0.000,221.800,0.166,0.000,0.000
"01:00",0.000,0.000,221.800,0.179,0.000,0.000
"01:15",0.000,0.000,221.800,0.179,0.000,0.000
"01:30",0.000,0.000,221.700,0.166,0.000,0.000
"01:45",0.000,0.000,221.700,0.179,0.000,0.000
"02:00",0.000,0.000,221.700,0.179,0.000,0.000
"02:15",0.000,0.000,221.800,0.166,0.000,0.000
"02:30",0.000,0.000,221.800,0.179,0.000,0.000
"02:45",0.000,0.000,221.900,0.166,0.000,0.000
"03:00",0.000,0.000,221.900,0.179,0.000,0.000
"03:15",0.000,0.000,221.900,0.179,0.000,0.000
"03:30",0.000,0.000,221.900,0.166,0.000,0.000
"03:45",0.000,0.000,222.000,0.179,0.000,0.000
"04:00",0.000,0.000,221.900,0.166,0.000,0.000
"04:15",0.000,0.000,221.900,0.179,0.000,0.000
"04:30",0.000,0.000,221.800,0.179,0.000,0.000
"04:45",0.000,0.000,221.800,0.166,0.000,0.000
"05:00",0.000,0.000,221.800,0.179,0.000,0.000
"05:15",0.000,0.000,221.800,0.179,0.000,0.000
"05:30",0.000,0.000,221.800,0.166,0.000,0.000
"05:45",0.000,0.000,221.800,0.179,0.000,0.000
"06:00",0.000,0.000,221.800,0.166,0.000,0.000
"06:15",0.000,0.000,221.800,0.179,0.000,0.000
"06:30",0.000,0.000,221.900,0.179,0.000,0.000
"06:45",0.000,0.000,221.800,0.166,0.000,0.000
"07:00",0.000,0.000,221.800,0.179,0.000,0.000
"07:15",0.000,0.000,221.800,0.166,0.000,0.000
"07:30",0.000,0.000,221.800,0.179,0.000,0.000
"07:45",0.000,0.000,221.800,0.179,0.000,0.000
"08:00",0.000,0.000,221.800,0.166,0.000,0.000
"08:15",0.000,0.000,221.800,0.179,0.000,0.000
"08:30",0.038,0.013,221.800,0.051,0.013,0.000
"08:45",0.704,0.000,221.900,0.000,0.000,0.038
"09:00",5.594,0.000,222.100,0.000,0.000,0.026
"09:15",10.650,0.000,222.300,0.000,0.000,0.026
"09:30",27.584,0.000,222.900,0.000,0.000,0.000
"09:45",39.782,0.000,223.300,0.000,0.000,0.000
"10:00",47.603,0.000,223.600,0.000,0.000,0.000
"10:15",55.424,0.000,223.900,0.000,0.000,0.000
"10:30",62.835,0.000,224.000,0.000,0.000,0.000
"10:45",69.402,0.000,224.100,0.000,0.000,0.000
"11:00",75.482,0.000,224.200,0.000,0.000,0.000
"11:15",81.062,0.000,224.300,0.000,0.000,0.000
"11:30",85.798,0.000,224.300,0.000,0.000,0.000
"11:45",89.779,0.000,224.300,0.000,0.000,0.000
"12:00",93.517,0.000,224.300,0.000,0.000,0.000
"12:15",96.576,0.000,224.400,0.000,0.000,0.000
"12:30",98.714,0.000,224.500,0.000,0.000,0.000
"12:45",100.467,0.000,224.500,0.000,0.000,0.064
"13:00",101.990,0.000,224.500,0.000,0.000,0.000
"13:15",103.603,0.000,224.400,0.000,0.000,0.000
"13:30",103.718,0.000,224.400,0.000,0.000,0.000
"13:45",103.770,0.000,224.500,0.000,0.000,0.013
"14:00",103.232,0.000,224.500,0.000,0.000,0.000
"14:15",102.170,0.000,224.500,0.000,0.000,0.000
"14:30",100.864,0.000,224.500,0.000,0.000,0.256
"14:45",98.675,0.000,224.500,0.000,0.000,0.179
"15:00",95.002,0.000,224.400,0.000,0.000,0.000
"15:15",91.942,0.000,224.200,0.000,0.000,0.000
"15:30",88.474,0.000,224.300,0.000,0.000,0.013
"15:45",84.250,0.000,224.300,0.000,0.000,0.026
"16:00",79.104,0.000,224.200,0.000,0.000,0.000
"16:15",73.869,0.000,224.200,0.000,0.000,0.000
"16:30",67.802,0.000,224.200,0.000,0.000,0.038
"16:45",61.274,0.000,224.100,0.000,0.000,0.038
"17:00",54.528,0.000,223.900,0.000,0.000,0.038
"17:15",46.874,0.000,223.600,0.000,0.000,0.000
"17:30",38.541,0.000,223.200,0.000,0.000,0.000
"17:45",25.741,0.000,222.700,0.000,0.000,0.013
"18:00",7.693,0.000,222.100,0.000,0.000,0.102
"18:15",3.149,0.000,221.900,0.000,0.000,0.102
"18:30",0.307,0.000,221.700,0.000,0.000,0.000
"18:45",0.026,0.026,221.600,0.038,0.000,0.000
"19:00",0.000,0.038,221.500,0.128,0.000,0.000
"19:15",0.000,0.013,221.500,0.166,0.000,0.000
"19:30",0.000,0.000,221.500,0.166,0.000,0.000
"19:45",0.000,0.000,221.500,0.179,0.000,0.000
"20:00",0.000,0.000,221.500,0.166,0.000,0.000
"20:15",0.000,0.000,221.500,0.179,0.000,0.000
"20:30",0.000,0.000,221.400,0.179,0.000,0.000
"20:45",0.000,0.000,221.400,0.166,0.000,0.000
"21:00",0.000,0.000,221.400,0.179,0.000,0.000
"21:15",0.000,0.000,221.500,0.166,0.000,0.000
"21:30",0.000,0.000,221.500,0.179,0.000,0.000
"21:45",0.000,0.000,221.500,0.179,0.000,0.000
"22:00",0.000,0.000,221.600,0.166,0.000,0.000
"22:15",0.000,0.000,221.500,0.179,0.000,0.000
"22:30",0.000,0.000,221.500,0.179,0.000,0.000
"22:45",0.000,0.000,221.500,0.166,0.000,0.000
"23:00",0.000,0.000,221.600,0.179,0.000,0.000
"23:15",0.000,0.000,221.600,0.166,0.000,0.000
"23:30",0.000,0.000,221.600,0.179,0.000,0.000
"23:45",0.000,0.000,221.500,0.179,0.000,0.000
" 6/28/26 24:00",0.000,0.000,221.500,0.166,0.000,0.000
