"kwh"
"Time ","AGRIM02P","AGRIM02P","AGRIM02P","AGRIM02P","AGRIM02P","AGRIM02P"
" 3/20/26 00:15",0.000,0.000,221.300,0.179,0.000,0.000
" 3/20/26 00:30",0.000,0.000,221.300,0.192,0.000,0.000
"00:45",0.000,0.000,221.300,0.179,0.000,0.000
"01:00",0.000,0.000,221.300,0.179,0.000,0.000
"01:15",0.000,0.000,221.400,0.192,0.000,0.000
"01:30",0.000,0.000,221.400,0.179,0.000,0.000
"01:45",0.000,0.000,221.300,0.179,0.000,0.000
"02:00",0.000,0.000,221.400,0.192,0.000,0.000
"02:15",0.000,0.000,221.400,0.179,0.000,0.000
"02:30",0.000,0.000,221.400,0.179,0.000,0.000
"02:45",0.000,0.000,221.400,0.192,0.000,0.000
"03:00",0.000,0.000,221.300,0.179,0.000,0.000
"03:15",0.000,0.000,221.300,0.179,0.000,0.000
"03:30",0.000,0.000,221.300,0.192,0.000,0.000
"03:45",0.000,0.000,221.400,0.179,0.000,0.000
"04:00",0.000,0.000,221.300,0.179,0.000,0.000
"04:15",0.000,0.000,221.300,0.179,0.000,0.000
"04:30",0.000,0.000,221.300,0.192,0.000,0.000
"04:45",0.000,0.000,221.300,0.179,0.000,0.000
"05:00",0.000,0.000,221.300,0.179,0.000,0.000
"05:15",0.000,0.000,221.400,0.192,0.000,0.000
"05:30",0.000,0.000,221.400,0.179,0.000,0.000
"05:45",0.000,0.000,221.400,0.179,0.000,0.000
"06:00",0.000,0.000,221.400,0.179,0.000,0.000
"06:15",0.000,0.000,221.300,0.192,0.000,0.000
"06:30",0.000,0.000,221.300,0.179,0.000,0.000
"06:45",0.000,0.000,221.300,0.179,0.000,0.000
"07:00",0.000,0.000,221.200,0.192,0.000,0.000
"07:15",0.000,0.000,221.100,0.179,0.000,0.000
"07:30",0.000,0.000,221.100,0.179,0.000,0.000
"07:45",0.013,0.000,221.100,0.179,0.000,0.000
"08:00",0.077,0.000,221.100,0.000,0.000,0.013
"08:15",3.674,0.000,221.200,0.000,0.000,0.026
"08:30",7.002,0.000,221.300,0.000,0.000,0.000
"08:45",11.622,0.000,221.300,0.000,0.000,0.000
"09:00",22.374,0.000,221.800,0.000,0.000,0.013
"09:15",34.458,0.000,222.200,0.000,0.000,0.000
"09:30",27.379,0.000,222.500,0.000,0.000,0.026
"09:45",45.645,0.000,222.000,0.000,0.000,0.000
"10:00",38.861,0.000,222.100,0.000,0.000,0.000
"10:15",9.946,0.000,221.400,0.000,0.000,0.000
"10:30",8.179,0.000,221.300,0.000,0.000,0.000
"10:45",9.638,0.000,221.300,0.000,0.000,0.013
"11:00",10.381,0.000,221.500,0.000,0.000,0.000
"11:15",9.869,0.000,221.600,0.000,0.000,0.013
"11:30",25.024,0.000,221.800,0.000,0.000,0.000
"11:45",28.557,0.000,222.100,0.000,0.000,0.000
"12:00",17.638,0.000,221.700,0.000,0.000,0.000
"12:15",34.214,0.000,222.000,0.000,0.000,0.000
"12:30",68.787,0.000,222.900,0.000,0.000,0.000
"12:45",90.650,0.000,223.900,0.000,0.000,0.000
"13:00",75.994,0.000,223.500,0.000,0.000,0.000
"13:15",100.902,0.000,223.500,0.000,0.000,0.000
"13:30",100.979,0.000,223.300,0.000,0.000,0.013
"13:45",99.213,0.000,223.500,0.000,0.000,0.000
"14:00",98.752,0.000,223.600,0.000,0.000,0.000
"14:15",101.811,0.000,223.500,0.000,0.000,0.000
"14:30",79.757,0.000,223.300,0.000,0.000,0.000
"14:45",83.738,0.000,223.400,0.000,0.000,0.000
"15:00",95.629,0.000,223.600,0.000,0.000,0.000
"15:15",95.078,0.000,224.000,0.000,0.000,0.000
"15:30",91.686,0.000,223.600,0.000,0.000,0.013
"15:45",69.773,0.000,223.500,0.000,0.000,0.000
"16:00",81.408,0.000,223.800,0.000,0.000,0.013
"16:15",76.122,0.000,223.700,0.000,0.000,0.000
"16:30",74.918,0.000,223.600,0.000,0.000,0.000
"16:45",28.109,0.000,222.500,0.000,0.000,0.013
"17:00",59.597,0.000,223.300,0.000,0.000,0.000
"17:15",58.214,0.000,223.500,0.000,0.000,0.013
"17:30",34.701,0.000,222.700,0.000,0.000,0.013
"17:45",23.744,0.000,222.200,0.000,0.000,0.013
"18:00",19.251,0.000,221.900,0.000,0.000,0.000
"18:15",22.400,0.000,222.200,0.000,0.000,0.013
"18:30",19.226,0.000,222.000,0.000,0.000,0.013
"18:45",14.515,0.000,222.000,0.000,0.000,0.013
"19:00",8.666,0.000,221.600,0.000,0.000,0.013
"19:15",4.429,0.000,221.400,0.000,0.000,0.013
"19:30",0.461,0.000,221.200,0.038,0.000,0.038
"19:45",0.000,0.013,221.200,0.154,0.000,0.000
"20:00",0.000,0.013,221.200,0.154,0.000,0.000
"20:15",0.000,0.000,221.200,0.179,0.000,0.000
"20:30",0.000,0.000,221.200,0.179,0.000,0.000
"20:45",0.000,0.000,221.200,0.192,0.000,0.000
"21:00",0.000,0.000,221.200,0.179,0.000,0.000
"21:15",0.000,0.000,221.200,0.192,0.000,0.000
"21:30",0.000,0.000,221.100,0.179,0.000,0.000
"21:45",0.000,0.000,221.200,0.179,0.000,0.000
"22:00",0.000,0.000,221.200,0.192,0.000,0.000
"22:15",0.000,0.000,221.200,0.179,0.000,0.000
"22:30",0.000,0.000,221.300,0.179,0.000,0.000
"22:45",0.000,0.000,221.300,0.192,0.000,0.000
"23:00",0.000,0.000,220.800,0.179,0.000,0.000
"23:15",0.000,0.000,0.000,0.000,0.000,0.000
"23:30",0.000,0.000,0.000,0.000,0.000,0.000
"23:45",0.000,0.000,0.000,0.000,0.000,0.000
" 3/20/26 24:00",0.000,0.000,0.000,0.000,0.000,0.000
