"kwh"
"Time ","AGRIM02P","AGRIM02P","AGRIM02P","AGRIM02P","AGRIM02P","AGRIM02P"
" 6/07/26 00:15",0.000,0.000,221.700,0.179,0.000,0.000
" 6/07/26 00:30",0.000,0.000,221.700,0.166,0.000,0.000
"00:45",0.000,0.000,221.700,0.179,0.000,0.000
"01:00",0.000,0.000,221.700,0.166,0.000,0.000
"01:15",0.000,0.000,221.600,0.179,0.000,0.000
"01:30",0.000,0.000,221.600,0.179,0.000,0.000
"01:45",0.000,0.000,221.600,0.166,0.000,0.000
"02:00",0.000,0.000,221.700,0.179,0.000,0.000
"02:15",0.000,0.000,221.700,0.179,0.000,0.000
"02:30",0.000,0.000,221.700,0.166,0.000,0.000
"02:45",0.000,0.000,221.700,0.179,0.000,0.000
"03:00",0.000,0.000,221.800,0.166,0.000,0.000
"03:15",0.000,0.000,221.800,0.179,0.000,0.000
"03:30",0.000,0.000,221.800,0.166,0.000,0.000
"03:45",0.000,0.000,221.800,0.179,0.000,0.000
"04:00",0.000,0.000,221.800,0.179,0.000,0.000
"04:15",0.000,0.000,221.800,0.166,0.000,0.000
"04:30",0.000,0.000,221.800,0.179,0.000,0.000
"04:45",0.000,0.000,221.800,0.166,0.000,0.000
"05:00",0.000,0.000,221.800,0.179,0.000,0.000
"05:15",0.000,0.000,221.800,0.166,0.000,0.000
"05:30",0.000,0.000,221.800,0.179,0.000,0.000
"05:45",0.000,0.000,221.800,0.179,0.000,0.000
"06:00",0.000,0.000,221.800,0.166,0.000,0.000
"06:15",0.000,0.000,221.800,0.179,0.000,0.000
"06:30",0.000,0.000,221.700,0.166,0.000,0.000
"06:45",0.000,0.000,221.700,0.179,0.000,0.000
"07:00",0.000,0.000,221.700,0.166,0.000,0.000
"07:15",0.000,0.000,221.800,0.179,0.000,0.000
"07:30",0.000,0.000,221.700,0.179,0.000,0.000
"07:45",0.000,0.000,221.700,0.166,0.000,0.000
"08:00",0.000,0.000,221.700,0.179,0.000,0.000
"08:15",0.000,0.000,221.700,0.166,0.000,0.000
"08:30",0.000,0.000,221.600,0.166,0.000,0.000
"08:45",0.038,0.000,221.600,0.038,0.000,0.013
"09:00",0.294,0.000,221.600,0.000,0.000,0.026
"09:15",1.011,0.000,221.700,0.000,0.000,0.064
"09:30",3.046,0.000,221.800,0.000,0.000,0.090
"09:45",11.686,0.000,222.000,0.000,0.000,0.000
"10:00",9.472,0.000,221.900,0.000,0.000,0.013
"10:15",1.894,0.000,221.800,0.000,0.000,0.102
"10:30",5.683,0.000,221.800,0.000,0.000,0.038
"10:45",19.123,0.000,222.300,0.000,0.000,0.000
"11:00",14.298,0.000,222.200,0.000,0.000,0.013
"11:15",20.928,0.000,222.400,0.000,0.000,0.000
"11:30",22.349,0.000,222.500,0.000,0.000,0.000
"11:45",26.842,0.000,222.500,0.000,0.000,0.000
"12:00",43.264,0.000,223.100,0.000,0.000,0.000
"12:15",57.357,0.000,223.100,0.000,0.000,0.000
"12:30",19.891,0.000,222.400,0.000,0.000,0.000
"12:45",13.389,0.000,222.100,0.000,0.000,0.013
"13:00",12.838,0.000,222.200,0.000,0.000,0.013
"13:15",11.507,0.000,222.200,0.000,0.000,0.038
"13:30",8.486,0.000,222.300,0.000,0.000,0.102
"13:45",9.062,0.000,222.100,0.000,0.000,0.218
"14:00",15.296,0.000,222.200,0.000,0.000,0.026
"14:15",15.168,0.000,222.300,0.000,0.000,0.038
"14:30",15.923,0.000,222.400,0.000,0.000,0.026
"14:45",20.211,0.000,222.300,0.000,0.000,0.000
"15:00",19.853,0.000,222.400,0.000,0.000,0.000
"15:15",36.787,0.000,222.600,0.000,0.000,0.013
"15:30",30.374,0.000,222.600,0.000,0.000,0.000
"15:45",22.554,0.000,222.400,0.000,0.000,0.000
"16:00",20.634,0.000,222.400,0.000,0.000,0.000
"16:15",23.936,0.000,222.500,0.000,0.000,0.000
"16:30",14.797,0.000,222.100,0.000,0.000,0.000
"16:45",8.422,0.000,222.000,0.000,0.000,0.026
"17:00",6.067,0.000,221.800,0.000,0.000,0.090
"17:15",4.454,0.000,221.700,0.000,0.000,0.026
"17:30",2.125,0.000,221.700,0.000,0.000,0.077
"17:45",1.050,0.000,221.700,0.000,0.000,0.051
"18:00",0.794,0.000,221.700,0.000,0.000,0.026
"18:15",0.653,0.000,221.800,0.000,0.000,0.013
"18:30",0.166,0.000,221.800,0.000,0.000,0.000
"18:45",0.000,0.038,221.700,0.090,0.000,0.000
"19:00",0.000,0.038,221.600,0.128,0.000,0.000
"19:15",0.000,0.000,221.600,0.179,0.000,0.000
"19:30",0.000,0.000,221.500,0.179,0.000,0.000
"19:45",0.000,0.000,221.600,0.166,0.000,0.000
"20:00",0.000,0.000,221.700,0.179,0.000,0.000
"20:15",0.000,0.000,221.600,0.179,0.000,0.000
"20:30",0.000,0.000,221.600,0.166,0.000,0.000
"20:45",0.000,0.000,221.700,0.179,0.000,0.000
"21:00",0.000,0.000,221.700,0.166,0.000,0.000
"21:15",0.000,0.000,221.700,0.179,0.000,0.000
"21:30",0.000,0.000,221.600,0.166,0.000,0.000
"21:45",0.000,0.000,221.600,0.179,0.000,0.000
"22:00",0.000,0.000,221.600,0.179,0.000,0.000
"22:15",0.000,0.000,221.700,0.166,0.000,0.000
"22:30",0.000,0.000,221.800,0.179,0.000,0.000
"22:45",0.000,0.000,221.800,0.166,0.000,0.000
"23:00",0.000,0.000,221.800,0.179,0.000,0.000
"23:15",0.000,0.000,221.700,0.179,0.000,0.000
"23:30",0.000,0.000,221.700,0.166,0.000,0.000
"23:45",0.000,0.000,221.800,0.179,0.000,0.000
" 6/07/26 24:00",0.000,0.000,221.800,0.166,0.000,0.000
