"kwh"
"Time ","AGRIM02P","AGRIM02P","AGRIM02P","AGRIM02P","AGRIM02P","AGRIM02P"
" 9/14/26 00:15",0.000,0.000,223.800,0.179,0.000,0.000
" 9/14/26 00:30",0.000,0.000,223.800,0.179,0.000,0.000
"00:45",0.000,0.000,224.400,0.179,0.000,0.000
"01:00",0.000,0.000,222.900,0.179,0.000,0.000
"01:15",0.000,0.000,223.600,0.166,0.000,0.000
"01:30",0.000,0.000,224.100,0.179,0.000,0.000
"01:45",0.000,0.000,224.500,0.179,0.000,0.000
"02:00",0.000,0.000,223.600,0.179,0.000,0.000
"02:15",0.000,0.000,223.200,0.166,0.000,0.000
"02:30",0.000,0.000,223.400,0.179,0.000,0.000
"02:45",0.000,0.000,224.100,0.179,0.000,0.000
"03:00",0.000,0.000,224.200,0.179,0.000,0.000
"03:15",0.000,0.000,224.500,0.166,0.000,0.000
"03:30",0.000,0.000,224.700,0.179,0.000,0.000
"03:45",0.000,0.000,224.800,0.179,0.000,0.000
"04:00",0.000,0.000,224.900,0.179,0.000,0.000
"04:15",0.000,0.000,225.000,0.179,0.000,0.000
"04:30",0.000,0.000,225.000,0.179,0.000,0.000
"04:45",0.000,0.000,225.100,0.179,0.000,0.000
"05:00",0.000,0.000,225.000,0.179,0.000,0.000
"05:15",0.000,0.000,224.600,0.179,0.000,0.000
"05:30",0.000,0.000,224.300,0.166,0.000,0.000
"05:45",0.000,0.000,224.200,0.179,0.000,0.000
"06:00",0.000,0.000,223.900,0.179,0.000,0.000
"06:15",0.000,0.000,223.400,0.179,0.000,0.000
"06:30",0.000,0.000,222.400,0.166,0.000,0.000
"06:45",0.000,0.000,222.000,0.179,0.000,0.000
"07:00",0.000,0.000,221.500,0.166,0.000,0.000
"07:15",0.000,0.000,221.800,0.179,0.000,0.000
"07:30",0.000,0.000,221.700,0.166,0.000,0.000
"07:45",0.064,0.000,218.900,0.038,0.000,0.000
"08:00",0.422,0.000,218.600,0.000,0.000,0.038
"08:15",0.794,0.000,217.900,0.000,0.000,0.013
"08:30",1.114,0.000,217.000,0.000,0.000,0.000
"08:45",1.792,0.000,215.300,0.000,0.000,0.026
"09:00",3.955,0.000,215.400,0.000,0.000,0.000
"09:15",6.874,0.000,217.200,0.000,0.000,0.000
"09:30",10.765,0.000,216.500,0.000,0.000,0.000
"09:45",14.272,0.000,215.300,0.000,0.000,0.000
"10:00",21.107,0.000,215.300,0.000,0.000,0.000
"10:15",19.725,0.000,215.600,0.000,0.000,0.000
"10:30",24.768,0.000,216.000,0.000,0.000,0.000
"10:45",26.803,0.000,215.600,0.000,0.000,0.000
"11:00",28.608,0.000,215.500,0.000,0.000,0.000
"11:15",21.875,0.000,214.700,0.000,0.000,0.000
"11:30",22.221,0.000,215.100,0.000,0.000,0.000
"11:45",42.560,0.000,215.500,0.000,0.000,0.000
"12:00",42.816,0.000,216.300,0.000,0.000,0.000
"12:15",50.483,0.000,216.600,0.000,0.000,0.000
"12:30",46.029,0.000,215.600,0.000,0.000,0.000
"12:45",39.168,0.000,215.400,0.000,0.000,0.000
"13:00",45.696,0.000,216.000,0.000,0.000,0.000
"13:15",64.013,0.000,217.000,0.000,0.000,0.000
"13:30",42.189,0.000,216.300,0.000,0.000,0.000
"13:45",60.326,0.000,214.500,0.000,0.000,0.000
"14:00",58.470,0.000,214.500,0.000,0.000,0.000
"14:15",88.026,0.000,215.000,0.000,0.000,0.000
"14:30",97.216,0.000,215.000,0.000,0.000,0.000
"14:45",98.035,0.000,214.900,0.000,0.000,0.000
"15:00",69.786,0.000,215.300,0.000,0.000,0.000
"15:15",102.938,0.000,216.700,0.000,0.000,0.000
"15:30",84.851,0.000,216.400,0.000,0.000,0.000
"15:45",85.210,0.000,216.200,0.000,0.000,0.000
"16:00",87.501,0.000,216.700,0.000,0.000,0.000
"16:15",97.664,0.000,216.400,0.000,0.000,0.000
"16:30",88.026,0.000,216.800,0.000,0.000,0.000
"16:45",77.632,0.000,216.600,0.000,0.000,0.000
"17:00",72.307,0.000,216.900,0.000,0.000,0.000
"17:15",64.141,0.000,217.000,0.000,0.000,0.000
"17:30",55.590,0.000,215.600,0.000,0.000,0.000
"17:45",46.554,0.000,215.700,0.000,0.000,0.000
"18:00",37.184,0.000,218.200,0.000,0.000,0.000
"18:15",27.776,0.000,223.100,0.000,0.000,0.000
"18:30",18.394,0.000,222.600,0.000,0.000,0.000
"18:45",9.779,0.000,221.600,0.000,0.000,0.026
"19:00",3.405,0.000,221.100,0.000,0.000,0.051
"19:15",0.384,0.000,221.700,0.000,0.000,0.026
"19:30",0.013,0.026,221.300,0.102,0.000,0.000
"19:45",0.000,0.038,220.800,0.128,0.000,0.000
"20:00",0.000,0.000,220.400,0.166,0.000,0.000
"20:15",0.000,0.000,221.100,0.179,0.000,0.000
"20:30",0.000,0.000,221.700,0.166,0.000,0.000
"20:45",0.000,0.000,221.500,0.179,0.000,0.000
"21:00",0.000,0.000,221.000,0.166,0.000,0.000
"21:15",0.000,0.000,220.900,0.179,0.000,0.000
"21:30",0.000,0.000,220.800,0.166,0.000,0.000
"21:45",0.000,0.000,221.100,0.166,0.000,0.000
"22:00",0.000,0.000,221.800,0.179,0.000,0.000
"22:15",0.000,0.000,222.200,0.179,0.000,0.000
"22:30",0.000,0.000,222.300,0.166,0.000,0.000
"22:45",0.000,0.000,223.100,0.179,0.000,0.000
"23:00",0.000,0.000,223.100,0.179,0.000,0.000
"23:15",0.000,0.000,216.200,0.166,0.000,0.000
"23:30",0.000,0.000,214.200,0.154,0.000,0.000
"23:45",0.000,0.000,215.100,0.166,0.000,0.000
" 9/14/26 24:00",0.000,0.000,215.000,0.166,0.000,0.000
