"kwh"
"Time ","AGRIM02P","AGRIM02P","AGRIM02P","AGRIM02P","AGRIM02P","AGRIM02P"
" 1/29/26 00:15",0.000,0.000,221.100,0.179,0.000,0.000
" 1/29/26 00:30",0.000,0.000,221.100,0.192,0.000,0.000
"00:45",0.000,0.000,221.100,0.179,0.000,0.000
"01:00",0.000,0.000,221.200,0.179,0.000,0.000
"01:15",0.000,0.000,221.200,0.192,0.000,0.000
"01:30",0.000,0.000,221.200,0.179,0.000,0.000
"01:45",0.000,0.000,221.200,0.179,0.000,0.000
"02:00",0.000,0.000,221.200,0.192,0.000,0.000
"02:15",0.000,0.000,221.200,0.179,0.000,0.000
"02:30",0.000,0.000,221.100,0.192,0.000,0.000
"02:45",0.000,0.000,221.100,0.179,0.000,0.000
"03:00",0.000,0.000,221.200,0.179,0.000,0.000
"03:15",0.000,0.000,221.200,0.192,0.000,0.000
"03:30",0.000,0.000,221.100,0.179,0.000,0.000
"03:45",0.000,0.000,221.200,0.179,0.000,0.000
"04:00",0.000,0.000,221.200,0.192,0.000,0.000
"04:15",0.000,0.000,221.100,0.179,0.000,0.000
"04:30",0.000,0.000,221.100,0.179,0.000,0.000
"04:45",0.000,0.000,221.100,0.192,0.000,0.000
"05:00",0.000,0.000,221.200,0.179,0.000,0.000
"05:15",0.000,0.000,221.100,0.192,0.000,0.000
"05:30",0.000,0.000,221.200,0.179,0.000,0.000
"05:45",0.000,0.000,221.200,0.179,0.000,0.000
"06:00",0.000,0.000,221.200,0.192,0.000,0.000
"06:15",0.000,0.000,221.200,0.179,0.000,0.000
"06:30",0.000,0.000,221.200,0.179,0.000,0.000
"06:45",0.000,0.000,221.200,0.192,0.000,0.000
"07:00",0.166,0.000,221.200,0.026,0.000,0.051
"07:15",0.768,0.000,221.000,0.000,0.000,0.090
"07:30",1.920,0.000,221.100,0.000,0.000,0.064
"07:45",3.955,0.000,221.100,0.000,0.000,0.000
"08:00",8.230,0.000,221.200,0.000,0.000,0.000
"08:15",11.443,0.000,221.400,0.000,0.000,0.013
"08:30",20.365,0.000,222.000,0.000,0.000,0.000
"08:45",26.803,0.000,222.200,0.000,0.000,0.000
"09:00",33.792,0.000,222.300,0.000,0.000,0.013
"09:15",40.602,0.000,222.500,0.000,0.000,0.000
"09:30",47.219,0.000,222.600,0.000,0.000,0.000
"09:45",53.286,0.000,222.700,0.000,0.000,0.000
"10:00",61.414,0.000,222.900,0.000,0.000,0.000
"10:15",64.077,0.000,222.700,0.000,0.000,0.000
"10:30",67.712,0.000,223.000,0.000,0.000,0.000
"10:45",69.914,0.000,223.100,0.000,0.000,0.026
"11:00",79.731,0.000,223.300,0.000,0.000,0.000
"11:15",83.123,0.000,223.300,0.000,0.000,0.013
"11:30",86.822,0.000,223.200,0.000,0.000,0.000
"11:45",90.304,0.000,223.400,0.000,0.000,0.000
"12:00",93.632,0.000,223.500,0.000,0.000,0.000
"12:15",96.320,0.000,223.500,0.000,0.000,0.000
"12:30",98.330,0.000,223.500,0.000,0.000,0.000
"12:45",99.315,0.000,223.500,0.000,0.000,0.000
"13:00",100.339,0.000,223.500,0.000,0.000,0.000
"13:15",100.838,0.000,223.500,0.000,0.000,0.000
"13:30",101.888,0.000,223.900,0.000,0.000,0.000
"13:45",101.914,0.000,223.700,0.000,0.000,0.000
"14:00",101.965,0.000,223.700,0.000,0.000,0.000
"14:15",100.659,0.000,223.600,0.000,0.000,0.000
"14:30",100.954,0.000,223.600,0.000,0.000,0.000
"14:45",99.494,0.000,223.600,0.000,0.000,0.000
"15:00",97.498,0.000,223.600,0.000,0.000,0.000
"15:15",94.822,0.000,223.600,0.000,0.000,0.000
"15:30",92.826,0.000,223.600,0.000,0.000,0.000
"15:45",89.434,0.000,223.500,0.000,0.000,0.000
"16:00",86.029,0.000,223.400,0.000,0.000,0.000
"16:15",81.997,0.000,223.400,0.000,0.000,0.013
"16:30",78.157,0.000,223.300,0.000,0.000,0.000
"16:45",74.458,0.000,223.400,0.000,0.000,0.000
"17:00",69.158,0.000,223.200,0.000,0.000,0.000
"17:15",63.834,0.000,223.100,0.000,0.000,0.000
"17:30",58.266,0.000,223.100,0.000,0.000,0.000
"17:45",52.403,0.000,223.000,0.000,0.000,0.000
"18:00",46.054,0.000,223.100,0.000,0.000,0.000
"18:15",39.898,0.000,223.000,0.000,0.000,0.000
"18:30",32.870,0.000,222.900,0.000,0.000,0.000
"18:45",26.266,0.000,222.700,0.000,0.000,0.013
"19:00",19.571,0.000,222.400,0.000,0.000,0.000
"19:15",13.350,0.000,222.100,0.000,0.000,0.000
"19:30",8.000,0.000,221.800,0.000,0.000,0.077
"19:45",4.147,0.000,221.700,0.000,0.000,0.077
"20:00",1.933,0.000,221.500,0.000,0.000,0.090
"20:15",0.512,0.000,221.300,0.000,0.000,0.115
"20:30",0.038,0.000,221.300,0.013,0.013,0.026
"20:45",0.000,0.026,221.200,0.154,0.000,0.000
"21:00",0.000,0.026,221.200,0.166,0.000,0.000
"21:15",0.000,0.000,221.100,0.179,0.000,0.000
"21:30",0.000,0.000,220.900,0.192,0.000,0.000
"21:45",0.000,0.000,220.900,0.179,0.000,0.000
"22:00",0.000,0.000,220.900,0.179,0.000,0.000
"22:15",0.000,0.000,221.000,0.192,0.000,0.000
"22:30",0.000,0.000,221.000,0.179,0.000,0.000
"22:45",0.000,0.000,221.000,0.179,0.000,0.000
"23:00",0.000,0.000,221.100,0.179,0.000,0.000
"23:15",0.000,0.000,221.200,0.192,0.000,0.000
"23:30",0.000,0.000,221.100,0.179,0.000,0.000
"23:45",0.000,0.000,221.100,0.192,0.000,0.000
" 1/29/26 24:00",0.000,0.000,221.100,0.179,0.000,0.000
