"kwh"
"Time ","AGRIM02P","AGRIM02P","AGRIM02P","AGRIM02P","AGRIM02P","AGRIM02P"
" 3/17/26 00:15",0.000,0.000,221.700,0.192,0.000,0.000
" 3/17/26 00:30",0.000,0.000,221.700,0.179,0.000,0.000
"00:45",0.000,0.000,221.700,0.192,0.000,0.000
"01:00",0.000,0.000,221.700,0.179,0.000,0.000
"01:15",0.000,0.000,221.600,0.179,0.000,0.000
"01:30",0.000,0.000,221.600,0.192,0.000,0.000
"01:45",0.000,0.000,221.700,0.179,0.000,0.000
"02:00",0.000,0.000,221.700,0.192,0.000,0.000
"02:15",0.000,0.000,221.600,0.179,0.000,0.000
"02:30",0.000,0.000,221.600,0.179,0.000,0.000
"02:45",0.000,0.000,221.600,0.179,0.000,0.000
"03:00",0.000,0.000,221.600,0.192,0.000,0.000
"03:15",0.000,0.000,221.600,0.179,0.000,0.000
"03:30",0.000,0.000,221.600,0.192,0.000,0.000
"03:45",0.000,0.000,221.600,0.179,0.000,0.000
"04:00",0.000,0.000,221.500,0.179,0.000,0.000
"04:15",0.000,0.000,221.500,0.192,0.000,0.000
"04:30",0.000,0.000,221.500,0.179,0.000,0.000
"04:45",0.000,0.000,221.600,0.179,0.000,0.000
"05:00",0.000,0.000,221.600,0.192,0.000,0.000
"05:15",0.000,0.000,221.600,0.179,0.000,0.000
"05:30",0.000,0.000,221.600,0.179,0.000,0.000
"05:45",0.000,0.000,221.600,0.192,0.000,0.000
"06:00",0.000,0.000,221.600,0.179,0.000,0.000
"06:15",0.000,0.000,221.500,0.179,0.000,0.000
"06:30",0.000,0.000,221.500,0.192,0.000,0.000
"06:45",0.000,0.000,221.500,0.179,0.000,0.000
"07:00",0.000,0.000,221.500,0.192,0.000,0.000
"07:15",0.000,0.000,221.400,0.179,0.000,0.000
"07:30",0.000,0.000,221.400,0.179,0.000,0.000
"07:45",0.064,0.000,221.400,0.064,0.000,0.000
"08:00",0.422,0.000,221.300,0.000,0.000,0.013
"08:15",0.973,0.000,221.400,0.000,0.000,0.051
"08:30",3.955,0.000,221.500,0.000,0.000,0.077
"08:45",10.931,0.000,221.700,0.000,0.000,0.000
"09:00",10.304,0.000,222.200,0.000,0.000,0.013
"09:15",16.883,0.000,222.600,0.000,0.000,0.026
"09:30",28.813,0.000,223.000,0.000,0.000,0.013
"09:45",40.448,0.000,222.400,0.000,0.000,0.000
"10:00",22.413,0.000,222.000,0.000,0.000,0.038
"10:15",20.032,0.000,222.000,0.000,0.000,0.000
"10:30",16.410,0.000,222.000,0.000,0.000,0.000
"10:45",14.426,0.000,222.000,0.000,0.000,0.000
"11:00",10.086,0.000,222.300,0.000,0.000,0.026
"11:15",10.957,0.000,223.200,0.000,0.000,0.064
"11:30",20.979,0.000,223.300,0.000,0.000,0.038
"11:45",33.779,0.000,223.400,0.000,0.000,0.026
"12:00",96.934,0.000,224.400,0.000,0.000,0.000
"12:15",95.821,0.000,224.400,0.000,0.000,0.064
"12:30",95.437,0.000,224.400,0.000,0.000,0.026
"12:45",104.013,0.000,224.500,0.000,0.000,0.013
"13:00",90.419,0.000,224.200,0.000,0.000,0.013
"13:15",98.061,0.000,224.100,0.000,0.000,0.000
"13:30",102.848,0.000,224.100,0.000,0.000,0.000
"13:45",102.848,0.000,224.300,0.000,0.000,0.371
"14:00",80.448,0.000,223.900,0.000,0.000,0.358
"14:15",68.672,0.000,223.200,0.000,0.000,0.090
"14:30",61.299,0.000,223.500,0.000,0.000,0.051
"14:45",65.203,0.000,223.200,0.000,0.000,0.051
"15:00",98.893,0.000,223.900,0.000,0.000,0.256
"15:15",101.261,0.000,224.100,0.000,0.000,0.000
"15:30",99.546,0.000,224.600,0.000,0.000,0.026
"15:45",94.938,0.000,224.200,0.000,0.000,0.013
"16:00",90.496,0.000,224.500,0.000,0.000,0.038
"16:15",86.336,0.000,224.500,0.000,0.000,0.051
"16:30",81.190,0.000,224.300,0.000,0.000,0.038
"16:45",75.546,0.000,224.300,0.000,0.000,0.026
"17:00",69.082,0.000,224.100,0.000,0.000,0.026
"17:15",62.208,0.000,224.000,0.000,0.000,0.026
"17:30",55.270,0.000,224.000,0.000,0.000,0.026
"17:45",47.821,0.000,223.800,0.000,0.000,0.013
"18:00",40.333,0.000,223.600,0.000,0.000,0.026
"18:15",32.448,0.000,223.500,0.000,0.000,0.026
"18:30",24.538,0.000,223.200,0.000,0.000,0.013
"18:45",16.858,0.000,222.800,0.000,0.000,0.013
"19:00",9.958,0.000,222.400,0.000,0.000,0.038
"19:15",4.390,0.000,222.000,0.000,0.000,0.038
"19:30",0.845,0.000,221.800,0.000,0.000,0.064
"19:45",0.090,0.000,221.600,0.038,0.000,0.000
"20:00",0.000,0.013,221.500,0.166,0.000,0.000
"20:15",0.000,0.013,221.600,0.166,0.000,0.000
"20:30",0.000,0.000,221.500,0.179,0.000,0.000
"20:45",0.000,0.000,221.500,0.192,0.000,0.000
"21:00",0.000,0.000,221.400,0.179,0.000,0.000
"21:15",0.000,0.000,221.400,0.192,0.000,0.000
"21:30",0.000,0.000,221.400,0.179,0.000,0.000
"21:45",0.000,0.000,221.400,0.179,0.000,0.000
"22:00",0.000,0.000,221.400,0.192,0.000,0.000
"22:15",0.000,0.000,221.500,0.179,0.000,0.000
"22:30",0.000,0.000,221.600,0.192,0.000,0.000
"22:45",0.000,0.000,221.600,0.179,0.000,0.000
"23:00",0.000,0.000,221.600,0.179,0.000,0.000
"23:15",0.000,0.000,221.500,0.192,0.000,0.000
"23:30",0.000,0.000,221.500,0.179,0.000,0.000
"23:45",0.000,0.000,221.500,0.179,0.000,0.000
" 3/17/26 24:00",0.000,0.000,221.500,0.192,0.000,0.000
