"kwh"
"Time ","AGRIM02P","AGRIM02P","AGRIM02P","AGRIM02P","AGRIM02P","AGRIM02P"
" 1/10/26 00:15",0.000,0.000,219.200,0.179,0.000,0.000
" 1/10/26 00:30",0.000,0.000,219.200,0.179,0.000,0.000
"00:45",0.000,0.000,219.800,0.192,0.000,0.000
"01:00",0.000,0.000,220.600,0.179,0.000,0.000
"01:15",0.000,0.000,220.800,0.179,0.000,0.000
"01:30",0.000,0.000,220.600,0.179,0.000,0.000
"01:45",0.000,0.000,221.000,0.192,0.000,0.000
"02:00",0.000,0.000,221.200,0.179,0.000,0.000
"02:15",0.000,0.000,221.100,0.179,0.000,0.000
"02:30",0.000,0.000,219.700,0.192,0.000,0.000
"02:45",0.000,0.000,220.200,0.179,0.000,0.000
"03:00",0.000,0.000,220.500,0.179,0.000,0.000
"03:15",0.000,0.000,220.600,0.179,0.000,0.000
"03:30",0.000,0.000,220.700,0.192,0.000,0.000
"03:45",0.000,0.000,220.900,0.179,0.000,0.000
"04:00",0.000,0.000,221.100,0.179,0.000,0.000
"04:15",0.000,0.000,221.100,0.192,0.000,0.000
"04:30",0.000,0.000,221.200,0.179,0.000,0.000
"04:45",0.000,0.000,221.400,0.179,0.000,0.000
"05:00",0.000,0.000,221.400,0.192,0.000,0.000
"05:15",0.000,0.000,220.500,0.179,0.000,0.000
"05:30",0.000,0.000,220.600,0.179,0.000,0.000
"05:45",0.000,0.000,220.500,0.192,0.000,0.000
"06:00",0.000,0.000,220.500,0.179,0.000,0.000
"06:15",0.000,0.000,220.400,0.179,0.000,0.000
"06:30",0.013,0.000,220.600,0.128,0.000,0.000
"06:45",0.282,0.000,221.000,0.000,0.000,0.013
"07:00",0.730,0.000,221.800,0.000,0.000,0.013
"07:15",1.664,0.000,224.100,0.000,0.000,0.000
"07:30",3.328,0.000,226.900,0.000,0.000,0.000
"07:45",6.643,0.000,229.300,0.000,0.000,0.000
"08:00",12.211,0.000,230.800,0.000,0.000,0.000
"08:15",19.174,0.000,231.800,0.000,0.000,0.000
"08:30",26.944,0.000,232.000,0.000,0.000,0.000
"08:45",34.918,0.000,232.000,0.000,0.000,0.000
"09:00",42.854,0.000,232.600,0.000,0.000,0.000
"09:15",50.048,0.000,232.800,0.000,0.000,0.000
"09:30",56.845,0.000,232.500,0.000,0.000,0.000
"09:45",63.462,0.000,232.100,0.000,0.000,0.000
"10:00",69.683,0.000,232.100,0.000,0.000,0.000
"10:15",75.021,0.000,232.600,0.000,0.000,0.000
"10:30",80.371,0.000,234.100,0.000,0.000,0.000
"10:45",84.979,0.000,226.900,0.000,0.000,0.000
"11:00",89.638,0.000,224.700,0.000,0.000,0.013
"11:15",93.798,0.000,224.800,0.000,0.000,0.000
"11:30",97.126,0.000,224.900,0.000,0.000,0.013
"11:45",99.520,0.000,225.000,0.000,0.000,0.013
"12:00",102.144,0.000,225.100,0.000,0.000,0.051
"12:15",103.949,0.000,225.000,0.000,0.000,0.090
"12:30",104.307,0.000,224.900,0.000,0.000,0.013
"12:45",104.499,0.000,225.000,0.000,0.000,0.026
"13:00",104.717,0.000,224.800,0.000,0.000,0.013
"13:15",104.768,0.000,224.800,0.000,0.000,0.000
"13:30",104.896,0.000,224.700,0.000,0.000,0.013
"13:45",104.806,0.000,224.700,0.000,0.000,0.013
"14:00",104.730,0.000,224.700,0.000,0.000,0.026
"14:15",94.234,0.000,224.500,0.000,0.000,0.013
"14:30",104.320,0.000,224.700,0.000,0.000,0.026
"14:45",93.082,0.000,224.600,0.000,0.000,0.026
"15:00",102.157,0.000,224.600,0.000,0.000,0.000
"15:15",97.933,0.000,224.300,0.000,0.000,0.000
"15:30",101.888,0.000,224.900,0.000,0.000,0.013
"15:45",78.822,0.000,224.500,0.000,0.000,0.026
"16:00",89.485,0.000,224.700,0.000,0.000,0.013
"16:15",86.208,0.000,224.600,0.000,0.000,0.026
"16:30",84.365,0.000,223.900,0.000,0.000,0.000
"16:45",78.374,0.000,224.400,0.000,0.000,0.013
"17:00",73.075,0.000,224.400,0.000,0.000,0.013
"17:15",67.930,0.000,224.300,0.000,0.000,0.000
"17:30",61.542,0.000,224.200,0.000,0.000,0.013
"17:45",55.066,0.000,224.200,0.000,0.000,0.026
"18:00",48.538,0.000,224.000,0.000,0.000,0.013
"18:15",41.754,0.000,223.800,0.000,0.000,0.000
"18:30",34.688,0.000,223.600,0.000,0.000,0.013
"18:45",27.290,0.000,223.400,0.000,0.000,0.013
"19:00",20.275,0.000,223.100,0.000,0.000,0.000
"19:15",13.824,0.000,222.800,0.000,0.000,0.013
"19:30",8.384,0.000,222.500,0.000,0.000,0.026
"19:45",4.723,0.000,222.200,0.000,0.000,0.051
"20:00",2.701,0.000,221.900,0.000,0.000,0.090
"20:15",1.101,0.000,221.700,0.000,0.000,0.051
"20:30",0.141,0.000,221.600,0.000,0.000,0.013
"20:45",0.000,0.013,221.500,0.115,0.000,0.000
"21:00",0.000,0.026,221.400,0.154,0.000,0.000
"21:15",0.000,0.013,221.500,0.179,0.000,0.000
"21:30",0.000,0.000,221.500,0.192,0.000,0.000
"21:45",0.000,0.000,221.500,0.179,0.000,0.000
"22:00",0.000,0.000,221.500,0.192,0.000,0.000
"22:15",0.000,0.000,221.500,0.179,0.000,0.000
"22:30",0.000,0.000,221.500,0.192,0.000,0.000
"22:45",0.000,0.000,221.500,0.179,0.000,0.000
"23:00",0.000,0.000,221.600,0.192,0.000,0.000
"23:15",0.000,0.000,221.600,0.179,0.000,0.000
"23:30",0.000,0.000,221.600,0.192,0.000,0.000
"23:45",0.000,0.000,221.600,0.179,0.000,0.000
" 1/10/26 24:00",0.000,0.000,221.600,0.192,0.000,0.000
