"kwh"
"Time ","AGRIM02P","AGRIM02P","AGRIM02P","AGRIM02P","AGRIM02P","AGRIM02P"
" 4/28/26 00:15",0.000,0.000,221.700,0.192,0.000,0.000
" 4/28/26 00:30",0.000,0.000,221.600,0.179,0.000,0.000
"00:45",0.000,0.000,221.700,0.192,0.000,0.000
"01:00",0.000,0.000,221.700,0.179,0.000,0.000
"01:15",0.000,0.000,221.800,0.192,0.000,0.000
"01:30",0.000,0.000,221.700,0.179,0.000,0.000
"01:45",0.000,0.000,221.700,0.192,0.000,0.000
"02:00",0.000,0.000,221.800,0.179,0.000,0.000
"02:15",0.000,0.000,221.800,0.179,0.000,0.000
"02:30",0.000,0.000,221.800,0.192,0.000,0.000
"02:45",0.000,0.000,221.700,0.179,0.000,0.000
"03:00",0.000,0.000,221.700,0.192,0.000,0.000
"03:15",0.000,0.000,221.700,0.179,0.000,0.000
"03:30",0.000,0.000,221.700,0.179,0.000,0.000
"03:45",0.000,0.000,221.700,0.192,0.000,0.000
"04:00",0.000,0.000,221.700,0.179,0.000,0.000
"04:15",0.000,0.000,221.700,0.179,0.000,0.000
"04:30",0.000,0.000,221.800,0.192,0.000,0.000
"04:45",0.000,0.000,221.800,0.179,0.000,0.000
"05:00",0.000,0.000,221.700,0.192,0.000,0.000
"05:15",0.000,0.000,221.800,0.179,0.000,0.000
"05:30",0.000,0.000,221.700,0.179,0.000,0.000
"05:45",0.000,0.000,221.700,0.192,0.000,0.000
"06:00",0.000,0.000,221.700,0.179,0.000,0.000
"06:15",0.000,0.000,221.700,0.179,0.000,0.000
"06:30",0.000,0.000,221.700,0.192,0.000,0.000
"06:45",0.000,0.000,221.600,0.179,0.000,0.000
"07:00",0.000,0.000,221.600,0.192,0.000,0.000
"07:15",0.000,0.000,221.500,0.179,0.000,0.000
"07:30",0.000,0.000,221.500,0.179,0.000,0.000
"07:45",0.000,0.000,221.500,0.192,0.000,0.000
"08:00",0.000,0.000,221.500,0.179,0.000,0.000
"08:15",0.102,0.000,221.600,0.051,0.000,0.013
"08:30",1.011,0.000,221.500,0.000,0.000,0.026
"08:45",3.981,0.000,221.800,0.000,0.000,0.013
"09:00",9.395,0.000,222.000,0.000,0.000,0.013
"09:15",13.094,0.000,222.200,0.000,0.000,0.013
"09:30",14.477,0.000,222.200,0.000,0.000,0.013
"09:45",13.747,0.000,222.400,0.000,0.000,0.026
"10:00",37.632,0.000,223.200,0.000,0.000,0.000
"10:15",51.546,0.000,223.800,0.000,0.000,0.000
"10:30",57.318,0.000,224.000,0.000,0.000,0.000
"10:45",64.294,0.000,224.100,0.000,0.000,0.013
"11:00",68.736,0.000,224.100,0.000,0.000,0.000
"11:15",72.717,0.000,224.200,0.000,0.000,0.013
"11:30",76.352,0.000,224.300,0.000,0.000,0.013
"11:45",79.347,0.000,224.200,0.000,0.000,0.013
"12:00",82.522,0.000,224.300,0.000,0.000,0.000
"12:15",84.915,0.000,224.300,0.000,0.000,0.000
"12:30",87.002,0.000,224.300,0.000,0.000,0.000
"12:45",88.550,0.000,224.400,0.000,0.000,0.013
"13:00",89.805,0.000,224.400,0.000,0.000,0.000
"13:15",90.893,0.000,224.300,0.000,0.000,0.013
"13:30",90.906,0.000,224.400,0.000,0.000,0.013
"13:45",91.008,0.000,224.400,0.000,0.000,0.038
"14:00",90.125,0.000,224.400,0.000,0.000,0.013
"14:15",88.742,0.000,224.400,0.000,0.000,0.026
"14:30",86.822,0.000,224.300,0.000,0.000,0.000
"14:45",84.851,0.000,224.400,0.000,0.000,0.013
"15:00",82.765,0.000,224.400,0.000,0.000,0.026
"15:15",79.526,0.000,224.400,0.000,0.000,0.051
"15:30",76.032,0.000,224.400,0.000,0.000,0.064
"15:45",72.115,0.000,224.300,0.000,0.000,0.051
"16:00",68.134,0.000,224.200,0.000,0.000,0.051
"16:15",63.219,0.000,224.100,0.000,0.000,0.026
"16:30",58.253,0.000,224.100,0.000,0.000,0.026
"16:45",52.531,0.000,224.100,0.000,0.000,0.051
"17:00",50.035,0.000,224.000,0.000,0.000,0.026
"17:15",40.371,0.000,223.800,0.000,0.000,0.038
"17:30",35.187,0.000,223.500,0.000,0.000,0.026
"17:45",30.438,0.000,223.300,0.000,0.000,0.026
"18:00",22.093,0.000,222.800,0.000,0.000,0.026
"18:15",13.837,0.000,222.500,0.000,0.000,0.038
"18:30",4.992,0.000,222.100,0.000,0.000,0.090
"18:45",0.666,0.000,221.800,0.000,0.000,0.051
"19:00",0.090,0.013,221.700,0.051,0.000,0.000
"19:15",0.000,0.038,221.600,0.115,0.000,0.000
"19:30",0.000,0.026,221.600,0.154,0.000,0.000
"19:45",0.000,0.000,221.700,0.179,0.000,0.000
"20:00",0.000,0.000,221.700,0.179,0.000,0.000
"20:15",0.000,0.000,221.700,0.166,0.000,0.000
"20:30",0.000,0.000,221.600,0.179,0.000,0.000
"20:45",0.000,0.000,221.500,0.179,0.000,0.000
"21:00",0.000,0.000,221.500,0.166,0.000,0.000
"21:15",0.000,0.000,221.500,0.179,0.000,0.000
"21:30",0.000,0.000,221.500,0.166,0.000,0.000
"21:45",0.000,0.000,221.500,0.179,0.000,0.000
"22:00",0.000,0.000,221.600,0.179,0.000,0.000
"22:15",0.000,0.000,221.700,0.166,0.000,0.000
"22:30",0.000,0.000,221.700,0.179,0.000,0.000
"22:45",0.000,0.000,221.800,0.166,0.000,0.000
"23:00",0.000,0.000,221.700,0.179,0.000,0.000
"23:15",0.000,0.000,221.700,0.179,0.000,0.000
"23:30",0.000,0.000,221.700,0.166,0.000,0.000
"23:45",0.000,0.000,221.800,0.179,0.000,0.000
" 4/28/26 24:00",0.000,0.000,221.800,0.179,0.000,0.000
