"kwh"
"Time ","AGRIM02P","AGRIM02P","AGRIM02P","AGRIM02P","AGRIM02P","AGRIM02P"
" 1/30/26 00:15",0.000,0.000,221.100,0.179,0.000,0.000
" 1/30/26 00:30",0.000,0.000,221.100,0.192,0.000,0.000
"00:45",0.000,0.000,221.100,0.179,0.000,0.000
"01:00",0.000,0.000,221.100,0.179,0.000,0.000
"01:15",0.000,0.000,221.100,0.192,0.000,0.000
"01:30",0.000,0.000,221.100,0.179,0.000,0.000
"01:45",0.000,0.000,221.000,0.179,0.000,0.000
"02:00",0.000,0.000,220.800,0.192,0.000,0.000
"02:15",0.000,0.000,221.000,0.179,0.000,0.000
"02:30",0.000,0.000,221.100,0.179,0.000,0.000
"02:45",0.000,0.000,221.100,0.179,0.000,0.000
"03:00",0.000,0.000,221.100,0.192,0.000,0.000
"03:15",0.000,0.000,221.100,0.179,0.000,0.000
"03:30",0.000,0.000,221.100,0.192,0.000,0.000
"03:45",0.000,0.000,221.100,0.179,0.000,0.000
"04:00",0.000,0.000,221.100,0.179,0.000,0.000
"04:15",0.000,0.000,221.100,0.192,0.000,0.000
"04:30",0.000,0.000,221.100,0.179,0.000,0.000
"04:45",0.000,0.000,221.100,0.179,0.000,0.000
"05:00",0.000,0.000,221.000,0.192,0.000,0.000
"05:15",0.000,0.000,221.100,0.179,0.000,0.000
"05:30",0.000,0.000,221.100,0.179,0.000,0.000
"05:45",0.000,0.000,221.100,0.192,0.000,0.000
"06:00",0.000,0.000,221.100,0.179,0.000,0.000
"06:15",0.000,0.000,221.100,0.179,0.000,0.000
"06:30",0.000,0.000,221.100,0.192,0.000,0.000
"06:45",0.000,0.000,221.100,0.166,0.000,0.000
"07:00",0.282,0.000,221.100,0.013,0.000,0.051
"07:15",1.190,0.000,221.200,0.000,0.000,0.102
"07:30",2.470,0.000,221.300,0.000,0.000,0.013
"07:45",4.365,0.000,221.600,0.000,0.000,0.013
"08:00",7.987,0.000,221.900,0.000,0.000,0.000
"08:15",13.248,0.000,222.200,0.000,0.000,0.000
"08:30",19.379,0.000,222.600,0.000,0.000,0.000
"08:45",26.061,0.000,222.800,0.000,0.000,0.000
"09:00",32.691,0.000,223.000,0.000,0.000,0.000
"09:15",39.309,0.000,223.200,0.000,0.000,0.000
"09:30",46.221,0.000,223.400,0.000,0.000,0.000
"09:45",52.531,0.000,223.500,0.000,0.000,0.013
"10:00",58.240,0.000,223.600,0.000,0.000,0.013
"10:15",63.667,0.000,223.700,0.000,0.000,0.000
"10:30",68.915,0.000,223.800,0.000,0.000,0.013
"10:45",73.958,0.000,223.800,0.000,0.000,0.000
"11:00",78.886,0.000,224.000,0.000,0.000,0.000
"11:15",83.302,0.000,224.000,0.000,0.000,0.000
"11:30",86.746,0.000,224.100,0.000,0.000,0.013
"11:45",89.587,0.000,224.100,0.000,0.000,0.000
"12:00",92.710,0.000,224.300,0.000,0.000,0.013
"12:15",95.744,0.000,224.300,0.000,0.000,0.013
"12:30",97.843,0.000,224.300,0.000,0.000,0.000
"12:45",98.726,0.000,224.400,0.000,0.000,0.000
"13:00",99.341,0.000,224.300,0.000,0.000,0.013
"13:15",99.955,0.000,224.300,0.000,0.000,0.013
"13:30",100.493,0.000,224.300,0.000,0.000,0.000
"13:45",100.352,0.000,224.200,0.000,0.000,0.000
"14:00",101.210,0.000,224.300,0.000,0.000,0.000
"14:15",100.544,0.000,224.200,0.000,0.000,0.013
"14:30",99.379,0.000,224.300,0.000,0.000,0.013
"14:45",98.163,0.000,224.200,0.000,0.000,0.000
"15:00",96.614,0.000,224.100,0.000,0.000,0.000
"15:15",94.170,0.000,224.100,0.000,0.000,0.000
"15:30",91.200,0.000,224.000,0.000,0.000,0.000
"15:45",90.406,0.000,224.000,0.000,0.000,0.000
"16:00",84.442,0.000,223.700,0.000,0.000,0.000
"16:15",73.779,0.000,223.500,0.000,0.000,0.000
"16:30",59.853,0.000,223.000,0.000,0.000,0.000
"16:45",49.792,0.000,222.800,0.000,0.000,0.000
"17:00",54.618,0.000,223.000,0.000,0.000,0.000
"17:15",67.302,0.000,223.400,0.000,0.000,0.000
"17:30",59.776,0.000,223.300,0.000,0.000,0.000
"17:45",38.387,0.000,222.900,0.000,0.000,0.000
"18:00",38.080,0.000,222.800,0.000,0.000,0.000
"18:15",27.507,0.000,222.200,0.000,0.000,0.000
"18:30",17.229,0.000,221.800,0.000,0.000,0.000
"18:45",14.886,0.000,221.700,0.000,0.000,0.000
"19:00",12.454,0.000,221.600,0.000,0.000,0.000
"19:15",7.539,0.000,221.500,0.000,0.000,0.038
"19:30",3.930,0.000,221.400,0.000,0.000,0.077
"19:45",1.523,0.000,221.300,0.000,0.000,0.077
"20:00",0.358,0.000,221.300,0.000,0.000,0.077
"20:15",0.013,0.013,221.300,0.064,0.000,0.013
"20:30",0.000,0.026,221.200,0.154,0.000,0.000
"20:45",0.000,0.026,221.200,0.166,0.000,0.000
"21:00",0.000,0.000,221.200,0.179,0.000,0.000
"21:15",0.000,0.000,221.200,0.179,0.000,0.000
"21:30",0.000,0.000,221.100,0.192,0.000,0.000
"21:45",0.000,0.000,221.200,0.179,0.000,0.000
"22:00",0.000,0.000,221.200,0.179,0.000,0.000
"22:15",0.000,0.000,221.200,0.192,0.000,0.000
"22:30",0.000,0.000,221.200,0.179,0.000,0.000
"22:45",0.000,0.000,221.300,0.179,0.000,0.000
"23:00",0.000,0.000,221.300,0.192,0.000,0.000
"23:15",0.000,0.000,221.200,0.179,0.000,0.000
"23:30",0.000,0.000,221.000,0.179,0.000,0.000
"23:45",0.000,0.000,221.100,0.192,0.000,0.000
" 1/30/26 24:00",0.000,0.000,221.000,0.179,0.000,0.000
