"kwh"
"Time ","AGRIM02P","AGRIM02P","AGRIM02P","AGRIM02P","AGRIM02P","AGRIM02P"
" 1/24/26 00:15",0.000,0.000,218.700,0.179,0.000,0.000
" 1/24/26 00:30",0.000,0.000,218.600,0.179,0.000,0.000
"00:45",0.000,0.000,218.600,0.179,0.000,0.000
"01:00",0.000,0.000,218.700,0.179,0.000,0.000
"01:15",0.000,0.000,218.700,0.179,0.000,0.000
"01:30",0.000,0.000,218.700,0.179,0.000,0.000
"01:45",0.000,0.000,218.700,0.179,0.000,0.000
"02:00",0.000,0.000,218.800,0.192,0.000,0.000
"02:15",0.000,0.000,218.700,0.179,0.000,0.000
"02:30",0.000,0.000,218.700,0.179,0.000,0.000
"02:45",0.000,0.000,218.700,0.179,0.000,0.000
"03:00",0.000,0.000,218.700,0.179,0.000,0.000
"03:15",0.000,0.000,218.700,0.179,0.000,0.000
"03:30",0.000,0.000,218.700,0.179,0.000,0.000
"03:45",0.000,0.000,218.700,0.179,0.000,0.000
"04:00",0.000,0.000,218.700,0.192,0.000,0.000
"04:15",0.000,0.000,218.700,0.179,0.000,0.000
"04:30",0.000,0.000,218.700,0.179,0.000,0.000
"04:45",0.000,0.000,218.700,0.179,0.000,0.000
"05:00",0.000,0.000,218.700,0.179,0.000,0.000
"05:15",0.000,0.000,218.700,0.179,0.000,0.000
"05:30",0.000,0.000,218.700,0.179,0.000,0.000
"05:45",0.000,0.000,218.700,0.179,0.000,0.000
"06:00",0.000,0.000,218.700,0.192,0.000,0.000
"06:15",0.000,0.000,218.700,0.179,0.000,0.000
"06:30",0.000,0.000,218.700,0.179,0.000,0.000
"06:45",0.000,0.000,218.700,0.179,0.000,0.000
"07:00",0.000,0.000,218.800,0.141,0.000,0.000
"07:15",0.051,0.000,218.800,0.013,0.000,0.013
"07:30",0.474,0.000,218.900,0.000,0.000,0.000
"07:45",2.176,0.000,218.900,0.000,0.000,0.000
"08:00",4.006,0.000,218.900,0.000,0.000,0.000
"08:15",7.770,0.000,219.300,0.000,0.000,0.000
"08:30",15.808,0.000,219.900,0.000,0.000,0.000
"08:45",37.338,0.000,220.300,0.000,0.000,0.000
"09:00",25.510,0.000,220.100,0.000,0.000,0.051
"09:15",27.648,0.000,219.700,0.000,0.000,0.000
"09:30",35.149,0.000,219.900,0.000,0.000,0.000
"09:45",36.851,0.000,220.200,0.000,0.000,0.000
"10:00",39.155,0.000,220.400,0.000,0.000,0.000
"10:15",39.834,0.000,220.400,0.000,0.000,0.000
"10:30",50.470,0.000,220.700,0.000,0.000,0.000
"10:45",76.506,0.000,221.300,0.000,0.000,0.000
"11:00",85.312,0.000,221.500,0.000,0.000,0.000
"11:15",83.507,0.000,221.500,0.000,0.000,0.000
"11:30",89.203,0.000,221.500,0.000,0.000,0.000
"11:45",92.160,0.000,221.600,0.000,0.000,0.000
"12:00",91.661,0.000,221.700,0.000,0.000,0.000
"12:15",99.418,0.000,222.100,0.000,0.000,0.000
"12:30",86.157,0.000,222.000,0.000,0.000,0.000
"12:45",102.067,0.000,222.200,0.000,0.000,0.000
"13:00",95.744,0.000,221.900,0.000,0.000,0.000
"13:15",102.976,0.000,222.100,0.000,0.000,0.000
"13:30",98.790,0.000,222.100,0.000,0.000,0.000
"13:45",102.950,0.000,222.300,0.000,0.000,0.000
"14:00",102.989,0.000,222.300,0.000,0.000,0.000
"14:15",82.483,0.000,222.000,0.000,0.000,0.000
"14:30",103.296,0.000,222.100,0.000,0.000,0.000
"14:45",94.515,0.000,221.900,0.000,0.000,0.000
"15:00",78.528,0.000,221.800,0.000,0.000,0.000
"15:15",56.602,0.000,221.200,0.000,0.000,0.000
"15:30",75.648,0.000,221.600,0.000,0.000,0.000
"15:45",66.752,0.000,221.100,0.000,0.000,0.000
"16:00",58.253,0.000,220.900,0.000,0.000,0.000
"16:15",55.987,0.000,220.900,0.000,0.000,0.000
"16:30",46.400,0.000,220.700,0.000,0.000,0.000
"16:45",48.128,0.000,220.700,0.000,0.000,0.000
"17:00",45.696,0.000,220.700,0.000,0.000,0.000
"17:15",43.302,0.000,220.700,0.000,0.000,0.000
"17:30",40.154,0.000,220.700,0.000,0.000,0.000
"17:45",32.640,0.000,220.400,0.000,0.000,0.000
"18:00",27.494,0.000,220.300,0.000,0.000,0.000
"18:15",31.590,0.000,220.600,0.000,0.000,0.000
"18:30",30.886,0.000,220.800,0.000,0.000,0.000
"18:45",21.222,0.000,220.500,0.000,0.000,0.000
"19:00",14.733,0.000,220.100,0.000,0.000,0.000
"19:15",13.350,0.000,220.000,0.000,0.000,0.000
"19:30",12.275,0.000,220.000,0.000,0.000,0.013
"19:45",10.086,0.000,220.000,0.000,0.000,0.013
"20:00",6.067,0.000,219.700,0.000,0.000,0.102
"20:15",2.445,0.000,219.600,0.000,0.000,0.154
"20:30",0.282,0.013,219.500,0.000,0.026,0.115
"20:45",0.000,0.090,219.500,0.038,0.026,0.000
"21:00",0.000,0.026,219.400,0.154,0.000,0.000
"21:15",0.000,0.000,219.400,0.179,0.000,0.000
"21:30",0.000,0.000,219.400,0.179,0.000,0.000
"21:45",0.000,0.000,219.400,0.179,0.000,0.000
"22:00",0.000,0.000,219.400,0.179,0.000,0.000
"22:15",0.000,0.000,219.500,0.192,0.000,0.000
"22:30",0.000,0.000,219.500,0.179,0.000,0.000
"22:45",0.000,0.000,219.600,0.179,0.000,0.000
"23:00",0.000,0.000,219.600,0.179,0.000,0.000
"23:15",0.000,0.000,219.400,0.179,0.000,0.000
"23:30",0.000,0.000,219.300,0.179,0.000,0.000
"23:45",0.000,0.000,219.100,0.179,0.000,0.000
" 1/24/26 24:00",0.000,0.000,219.100,0.192,0.000,0.000
