"kwh"
"Time ","AGRIM02P","AGRIM02P","AGRIM02P","AGRIM02P","AGRIM02P","AGRIM02P"
" 3/23/26 00:15",0.000,0.000,221.600,0.192,0.000,0.000
" 3/23/26 00:30",0.000,0.000,221.700,0.179,0.000,0.000
"00:45",0.000,0.000,221.700,0.192,0.000,0.000
"01:00",0.000,0.000,221.700,0.179,0.000,0.000
"01:15",0.000,0.000,221.800,0.192,0.000,0.000
"01:30",0.000,0.000,221.800,0.179,0.000,0.000
"01:45",0.000,0.000,221.800,0.192,0.000,0.000
"02:00",0.000,0.000,221.800,0.179,0.000,0.000
"02:15",0.000,0.000,221.900,0.192,0.000,0.000
"02:30",0.000,0.000,221.800,0.179,0.000,0.000
"02:45",0.000,0.000,221.800,0.192,0.000,0.000
"03:00",0.000,0.000,221.800,0.179,0.000,0.000
"03:15",0.000,0.000,221.800,0.192,0.000,0.000
"03:30",0.000,0.000,221.800,0.179,0.000,0.000
"03:45",0.000,0.000,221.800,0.179,0.000,0.000
"04:00",0.000,0.000,221.800,0.192,0.000,0.000
"04:15",0.000,0.000,221.800,0.179,0.000,0.000
"04:30",0.000,0.000,221.800,0.179,0.000,0.000
"04:45",0.000,0.000,221.800,0.192,0.000,0.000
"05:00",0.000,0.000,221.700,0.179,0.000,0.000
"05:15",0.000,0.000,221.800,0.179,0.000,0.000
"05:30",0.000,0.000,221.800,0.192,0.000,0.000
"05:45",0.000,0.000,221.800,0.179,0.000,0.000
"06:00",0.000,0.000,221.800,0.192,0.000,0.000
"06:15",0.000,0.000,221.700,0.179,0.000,0.000
"06:30",0.000,0.000,221.700,0.179,0.000,0.000
"06:45",0.000,0.000,221.700,0.192,0.000,0.000
"07:00",0.000,0.000,221.700,0.179,0.000,0.000
"07:15",0.000,0.000,221.800,0.179,0.000,0.000
"07:30",0.000,0.000,221.900,0.179,0.000,0.000
"07:45",0.499,0.000,221.900,0.013,0.000,0.026
"08:00",2.598,0.000,222.100,0.000,0.000,0.051
"08:15",3.046,0.000,222.100,0.000,0.000,0.051
"08:30",3.738,0.000,222.000,0.000,0.000,0.026
"08:45",8.486,0.000,221.800,0.000,0.000,0.013
"09:00",14.221,0.000,222.000,0.000,0.000,0.038
"09:15",18.304,0.000,222.000,0.000,0.000,0.000
"09:30",35.213,0.000,222.400,0.000,0.000,0.000
"09:45",37.747,0.000,222.800,0.000,0.000,0.013
"10:00",61.696,0.000,223.900,0.000,0.000,0.013
"10:15",67.238,0.000,223.900,0.000,0.000,0.000
"10:30",73.126,0.000,224.000,0.000,0.000,0.013
"10:45",78.733,0.000,224.000,0.000,0.000,0.013
"11:00",83.840,0.000,224.000,0.000,0.000,0.000
"11:15",88.589,0.000,224.100,0.000,0.000,0.000
"11:30",93.043,0.000,224.200,0.000,0.000,0.000
"11:45",96.371,0.000,224.200,0.000,0.000,0.000
"12:00",99.494,0.000,224.200,0.000,0.000,0.000
"12:15",101.811,0.000,224.200,0.000,0.000,0.013
"12:30",103.014,0.000,224.200,0.000,0.000,0.000
"12:45",103.603,0.000,224.300,0.000,0.000,0.000
"13:00",104.026,0.000,224.400,0.000,0.000,0.038
"13:15",103.885,0.000,224.300,0.000,0.000,0.038
"13:30",104.192,0.000,224.300,0.000,0.000,0.013
"13:45",103.808,0.000,224.300,0.000,0.000,0.000
"14:00",103.488,0.000,224.300,0.000,0.000,0.000
"14:15",103.552,0.000,224.200,0.000,0.000,0.013
"14:30",102.413,0.000,224.100,0.000,0.000,0.038
"14:45",100.314,0.000,224.100,0.000,0.000,0.883
"15:00",97.613,0.000,224.100,0.000,0.000,0.000
"15:15",95.475,0.000,224.100,0.000,0.000,0.000
"15:30",93.542,0.000,224.100,0.000,0.000,0.038
"15:45",89.037,0.000,224.100,0.000,0.000,0.000
"16:00",84.864,0.000,224.000,0.000,0.000,0.013
"16:15",80.576,0.000,223.900,0.000,0.000,0.013
"16:30",75.328,0.000,223.800,0.000,0.000,0.000
"16:45",69.709,0.000,223.700,0.000,0.000,0.013
"17:00",64.205,0.000,223.600,0.000,0.000,0.013
"17:15",57.779,0.000,223.600,0.000,0.000,0.038
"17:30",50.995,0.000,223.500,0.000,0.000,0.038
"17:45",44.083,0.000,223.400,0.000,0.000,0.013
"18:00",36.762,0.000,223.200,0.000,0.000,0.013
"18:15",29.094,0.000,223.000,0.000,0.000,0.013
"18:30",21.581,0.000,222.600,0.000,0.000,0.026
"18:45",14.272,0.000,222.200,0.000,0.000,0.013
"19:00",7.680,0.000,221.800,0.000,0.000,0.013
"19:15",2.675,0.000,221.500,0.000,0.000,0.051
"19:30",0.320,0.000,221.300,0.000,0.000,0.013
"19:45",0.038,0.013,221.200,0.090,0.000,0.000
"20:00",0.000,0.026,221.100,0.166,0.000,0.000
"20:15",0.000,0.000,220.900,0.179,0.000,0.000
"20:30",0.000,0.000,220.900,0.179,0.000,0.000
"20:45",0.000,0.000,220.900,0.192,0.000,0.000
"21:00",0.000,0.000,221.000,0.179,0.000,0.000
"21:15",0.000,0.000,221.000,0.179,0.000,0.000
"21:30",0.000,0.000,221.000,0.192,0.000,0.000
"21:45",0.000,0.000,221.000,0.179,0.000,0.000
"22:00",0.000,0.000,221.000,0.179,0.000,0.000
"22:15",0.000,0.000,221.100,0.192,0.000,0.000
"22:30",0.000,0.000,221.100,0.179,0.000,0.000
"22:45",0.000,0.000,221.200,0.179,0.000,0.000
"23:00",0.000,0.000,221.200,0.192,0.000,0.000
"23:15",0.000,0.000,221.300,0.179,0.000,0.000
"23:30",0.000,0.000,221.200,0.192,0.000,0.000
"23:45",0.000,0.000,221.300,0.179,0.000,0.000
" 3/23/26 24:00",0.000,0.000,221.300,0.179,0.000,0.000
