"kwh"
"Time ","AGRIM02P","AGRIM02P","AGRIM02P","AGRIM02P","AGRIM02P","AGRIM02P"
" 9/18/26 00:15",0.000,0.000,211.700,0.166,0.000,0.000
" 9/18/26 00:30",0.000,0.000,211.800,0.154,0.000,0.000
"00:45",0.000,0.000,212.400,0.154,0.000,0.000
"01:00",0.000,0.000,212.300,0.166,0.000,0.000
"01:15",0.000,0.000,212.300,0.154,0.000,0.000
"01:30",0.000,0.000,212.400,0.154,0.000,0.000
"01:45",0.000,0.000,211.500,0.166,0.000,0.000
"02:00",0.000,0.000,211.900,0.154,0.000,0.000
"02:15",0.000,0.000,211.100,0.154,0.000,0.000
"02:30",0.000,0.000,211.100,0.154,0.000,0.000
"02:45",0.000,0.000,211.000,0.154,0.000,0.000
"03:00",0.000,0.000,211.900,0.166,0.000,0.000
"03:15",0.000,0.000,212.100,0.154,0.000,0.000
"03:30",0.000,0.000,212.100,0.154,0.000,0.000
"03:45",0.000,0.000,212.200,0.166,0.000,0.000
"04:00",0.000,0.000,212.200,0.154,0.000,0.000
"04:15",0.000,0.000,211.800,0.154,0.000,0.000
"04:30",0.000,0.000,211.900,0.166,0.000,0.000
"04:45",0.000,0.000,212.000,0.154,0.000,0.000
"05:00",0.000,0.000,212.200,0.154,0.000,0.000
"05:15",0.000,0.000,211.800,0.154,0.000,0.000
"05:30",0.000,0.000,211.600,0.166,0.000,0.000
"05:45",0.000,0.000,211.600,0.154,0.000,0.000
"06:00",0.000,0.000,211.300,0.154,0.000,0.000
"06:15",0.000,0.000,210.800,0.154,0.000,0.000
"06:30",0.000,0.000,211.700,0.166,0.000,0.000
"06:45",0.000,0.000,211.300,0.154,0.000,0.000
"07:00",0.000,0.000,211.300,0.154,0.000,0.000
"07:15",0.000,0.000,211.500,0.154,0.000,0.000
"07:30",0.000,0.000,211.400,0.154,0.000,0.000
"07:45",0.154,0.013,211.600,0.026,0.000,0.000
"08:00",0.666,0.000,211.700,0.000,0.000,0.000
"08:15",2.458,0.000,210.700,0.000,0.000,0.000
"08:30",5.926,0.000,208.100,0.000,0.000,0.000
"08:45",6.669,0.000,208.600,0.000,0.000,0.000
"09:00",7.040,0.000,207.900,0.000,0.000,0.000
"09:15",7.808,0.000,208.700,0.000,0.000,0.000
"09:30",10.253,0.000,209.400,0.000,0.000,0.102
"09:45",13.094,0.000,209.500,0.000,0.000,0.038
"10:00",19.443,0.000,209.500,0.000,0.000,0.000
"10:15",18.355,0.000,209.300,0.000,0.000,0.013
"10:30",14.157,0.000,208.900,0.000,0.000,0.051
"10:45",7.936,0.000,208.900,0.000,0.000,0.000
"11:00",4.608,0.000,209.200,0.000,0.000,0.026
"11:15",4.339,0.000,207.400,0.000,0.000,0.000
"11:30",9.664,0.000,208.200,0.000,0.000,0.000
"11:45",17.587,0.000,211.800,0.000,0.000,0.000
"12:00",34.470,0.000,213.000,0.000,0.000,0.000
"12:15",44.608,0.000,216.100,0.000,0.000,0.000
"12:30",42.176,0.000,214.900,0.000,0.000,0.000
"12:45",39.642,0.000,215.300,0.000,0.000,0.000
"13:00",27.507,0.000,213.000,0.000,0.000,0.000
"13:15",29.158,0.000,210.300,0.000,0.000,0.000
"13:30",33.754,0.000,209.800,0.000,0.000,0.051
"13:45",42.586,0.000,210.100,0.000,0.000,0.435
"14:00",39.488,0.000,215.400,0.000,0.000,0.000
"14:15",58.906,0.000,216.300,0.000,0.000,0.141
"14:30",55.194,0.000,210.700,0.000,0.000,0.000
"14:45",52.390,0.000,210.200,0.000,0.000,0.000
"15:00",60.928,0.000,210.500,0.000,0.000,0.064
"15:15",70.259,0.000,210.900,0.000,0.000,0.090
"15:30",81.498,0.000,211.300,0.000,0.000,0.000
"15:45",74.355,0.000,211.100,0.000,0.000,0.000
"16:00",60.314,0.000,211.000,0.000,0.000,0.256
"16:15",55.488,0.000,211.400,0.000,0.000,0.000
"16:30",87.347,0.000,212.000,0.000,0.000,0.141
"16:45",74.534,0.000,212.400,0.000,0.000,0.166
"17:00",52.672,0.000,212.600,0.000,0.000,0.166
"17:15",59.648,0.000,214.400,0.000,0.000,0.000
"17:30",50.573,0.000,215.100,0.000,0.000,0.294
"17:45",35.354,0.000,215.200,0.000,0.000,0.000
"18:00",34.330,0.000,217.300,0.000,0.000,0.090
"18:15",25.075,0.000,222.700,0.000,0.000,0.141
"18:30",13.632,0.000,222.100,0.000,0.000,0.115
"18:45",3.750,0.000,221.600,0.000,0.000,0.192
"19:00",2.854,0.000,221.400,0.000,0.000,0.128
"19:15",0.282,0.000,220.400,0.000,0.013,0.026
"19:30",0.000,0.026,220.200,0.102,0.000,0.000
"19:45",0.000,0.026,219.500,0.141,0.000,0.000
"20:00",0.000,0.000,219.100,0.166,0.000,0.000
"20:15",0.000,0.000,221.100,0.166,0.000,0.000
"20:30",0.000,0.000,221.200,0.179,0.000,0.000
"20:45",0.000,0.000,221.200,0.166,0.000,0.000
"21:00",0.000,0.000,221.400,0.179,0.000,0.000
"21:15",0.000,0.000,221.600,0.166,0.000,0.000
"21:30",0.000,0.000,221.800,0.179,0.000,0.000
"21:45",0.000,0.000,222.400,0.166,0.000,0.000
"22:00",0.000,0.000,222.500,0.179,0.000,0.000
"22:15",0.000,0.000,221.100,0.166,0.000,0.000
"22:30",0.000,0.000,221.600,0.179,0.000,0.000
"22:45",0.000,0.000,222.400,0.166,0.000,0.000
"23:00",0.000,0.000,222.700,0.179,0.000,0.000
"23:15",0.000,0.000,221.400,0.166,0.000,0.000
"23:30",0.000,0.000,218.900,0.166,0.000,0.000
"23:45",0.000,0.000,218.800,0.166,0.000,0.000
" 9/18/26 24:00",0.000,0.000,213.600,0.166,0.000,0.000
