"kwh"
"Time ","AGRIM02P","AGRIM02P","AGRIM02P","AGRIM02P","AGRIM02P","AGRIM02P"
" 9/29/26 00:15",0.000,0.000,220.700,0.166,0.000,0.000
" 9/29/26 00:30",0.000,0.000,220.700,0.179,0.000,0.000
"00:45",0.000,0.000,220.700,0.166,0.000,0.000
"01:00",0.000,0.000,220.700,0.179,0.000,0.000
"01:15",0.000,0.000,220.700,0.166,0.000,0.000
"01:30",0.000,0.000,220.700,0.179,0.000,0.000
"01:45",0.000,0.000,220.700,0.166,0.000,0.000
"02:00",0.000,0.000,220.700,0.166,0.000,0.000
"02:15",0.000,0.000,220.700,0.179,0.000,0.000
"02:30",0.000,0.000,220.700,0.166,0.000,0.000
"02:45",0.000,0.000,220.700,0.179,0.000,0.000
"03:00",0.000,0.000,220.700,0.166,0.000,0.000
"03:15",0.000,0.000,220.700,0.179,0.000,0.000
"03:30",0.000,0.000,220.700,0.166,0.000,0.000
"03:45",0.000,0.000,220.700,0.166,0.000,0.000
"04:00",0.000,0.000,220.700,0.179,0.000,0.000
"04:15",0.000,0.000,220.700,0.166,0.000,0.000
"04:30",0.000,0.000,220.700,0.179,0.000,0.000
"04:45",0.000,0.000,220.700,0.166,0.000,0.000
"05:00",0.000,0.000,220.700,0.166,0.000,0.000
"05:15",0.000,0.000,220.700,0.179,0.000,0.000
"05:30",0.000,0.000,220.700,0.166,0.000,0.000
"05:45",0.000,0.000,220.600,0.166,0.000,0.000
"06:00",0.000,0.000,220.600,0.179,0.000,0.000
"06:15",0.000,0.000,220.700,0.166,0.000,0.000
"06:30",0.000,0.000,220.700,0.179,0.000,0.000
"06:45",0.000,0.000,220.700,0.166,0.000,0.000
"07:00",0.000,0.000,220.600,0.166,0.000,0.000
"07:15",0.154,0.000,220.600,0.051,0.000,0.000
"07:30",1.869,0.000,220.700,0.000,0.000,0.090
"07:45",5.542,0.000,221.000,0.000,0.000,0.013
"08:00",12.058,0.000,221.300,0.000,0.000,0.000
"08:15",19.866,0.000,221.700,0.000,0.000,0.000
"08:30",29.376,0.000,222.200,0.000,0.000,0.000
"08:45",38.656,0.000,222.800,0.000,0.000,0.000
"09:00",48.320,0.000,223.200,0.000,0.000,0.000
"09:15",58.330,0.000,223.200,0.000,0.000,0.000
"09:30",68.262,0.000,223.200,0.000,0.000,0.000
"09:45",74.611,0.000,223.300,0.000,0.000,0.000
"10:00",81.101,0.000,223.100,0.000,0.000,0.000
"10:15",88.026,0.000,223.300,0.000,0.000,0.000
"10:30",94.848,0.000,223.400,0.000,0.000,0.000
"10:45",102.298,0.000,223.300,0.000,0.000,0.000
"11:00",103.693,0.000,222.900,0.000,0.000,0.000
"11:15",71.898,0.000,222.500,0.000,0.000,0.000
"11:30",107.008,0.000,223.100,0.000,0.000,0.000
"11:45",85.568,0.000,222.700,0.000,0.000,0.000
"12:00",82.035,0.000,223.000,0.000,0.000,0.051
"12:15",109.594,0.000,223.400,0.000,0.000,0.000
"12:30",75.648,0.000,223.000,0.000,0.000,0.013
"12:45",80.550,0.000,223.100,0.000,0.000,0.013
"13:00",103.232,0.000,223.500,0.000,0.000,0.026
"13:15",65.037,0.000,222.700,0.000,0.000,0.013
"13:30",94.758,0.000,222.900,0.000,0.000,0.000
"13:45",116.109,0.000,223.200,0.000,0.000,0.000
"14:00",116.352,0.000,223.600,0.000,0.000,0.013
"14:15",114.765,0.000,223.600,0.000,0.000,0.000
"14:30",115.981,0.000,223.600,0.000,0.000,0.000
"14:45",112.730,0.000,223.400,0.000,0.000,0.000
"15:00",102.861,0.000,223.100,0.000,0.000,0.013
"15:15",52.928,0.000,221.800,0.000,0.000,0.000
"15:30",99.571,0.000,222.900,0.000,0.000,0.013
"15:45",99.251,0.000,222.600,0.000,0.000,0.026
"16:00",95.872,0.000,222.900,0.000,0.000,0.038
"16:15",89.165,0.000,223.100,0.000,0.000,0.320
"16:30",85.811,0.000,223.100,0.000,0.000,0.013
"16:45",78.298,0.000,222.700,0.000,0.000,0.000
"17:00",69.453,0.000,222.800,0.000,0.000,0.013
"17:15",62.259,0.000,222.600,0.000,0.000,0.154
"17:30",54.490,0.000,222.600,0.000,0.000,0.282
"17:45",47.962,0.000,222.400,0.000,0.000,0.115
"18:00",37.581,0.000,222.200,0.000,0.000,0.026
"18:15",14.925,0.000,221.400,0.000,0.000,0.026
"18:30",10.650,0.000,221.100,0.000,0.000,0.026
"18:45",7.002,0.000,220.900,0.000,0.000,0.051
"19:00",2.022,0.000,220.700,0.000,0.000,0.064
"19:15",0.256,0.000,220.700,0.000,0.000,0.013
"19:30",0.013,0.026,220.600,0.064,0.000,0.000
"19:45",0.000,0.038,220.500,0.115,0.000,0.000
"20:00",0.000,0.000,220.500,0.166,0.000,0.000
"20:15",0.000,0.000,220.400,0.166,0.000,0.000
"20:30",0.000,0.000,220.500,0.179,0.000,0.000
"20:45",0.000,0.000,220.500,0.166,0.000,0.000
"21:00",0.000,0.000,220.500,0.166,0.000,0.000
"21:15",0.000,0.000,220.400,0.179,0.000,0.000
"21:30",0.000,0.000,220.400,0.166,0.000,0.000
"21:45",0.000,0.000,220.400,0.166,0.000,0.000
"22:00",0.000,0.000,220.500,0.179,0.000,0.000
"22:15",0.000,0.000,220.600,0.166,0.000,0.000
"22:30",0.000,0.000,220.600,0.179,0.000,0.000
"22:45",0.000,0.000,220.600,0.166,0.000,0.000
"23:00",0.000,0.000,220.700,0.166,0.000,0.000
"23:15",0.000,0.000,220.400,0.179,0.000,0.000
"23:30",0.000,0.000,220.400,0.166,0.000,0.000
"23:45",0.000,0.000,220.300,0.166,0.000,0.000
" 9/29/26 24:00",0.000,0.000,220.300,0.179,0.000,0.000
