"kwh"
"Time ","AGRIM02P","AGRIM02P","AGRIM02P","AGRIM02P","AGRIM02P","AGRIM02P"
" 9/05/26 00:15",0.000,0.000,219.800,0.179,0.000,0.000
" 9/05/26 00:30",0.000,0.000,219.700,0.166,0.000,0.000
"00:45",0.000,0.000,219.800,0.166,0.000,0.000
"01:00",0.000,0.000,219.800,0.179,0.000,0.000
"01:15",0.000,0.000,219.900,0.166,0.000,0.000
"01:30",0.000,0.000,219.900,0.166,0.000,0.000
"01:45",0.000,0.000,219.900,0.179,0.000,0.000
"02:00",0.000,0.000,220.000,0.166,0.000,0.000
"02:15",0.000,0.000,220.000,0.166,0.000,0.000
"02:30",0.000,0.000,220.000,0.179,0.000,0.000
"02:45",0.000,0.000,220.000,0.166,0.000,0.000
"03:00",0.000,0.000,220.000,0.166,0.000,0.000
"03:15",0.000,0.000,220.000,0.179,0.000,0.000
"03:30",0.000,0.000,220.100,0.166,0.000,0.000
"03:45",0.000,0.000,220.000,0.166,0.000,0.000
"04:00",0.000,0.000,220.100,0.179,0.000,0.000
"04:15",0.000,0.000,220.100,0.166,0.000,0.000
"04:30",0.000,0.000,220.100,0.166,0.000,0.000
"04:45",0.000,0.000,220.100,0.179,0.000,0.000
"05:00",0.000,0.000,220.200,0.166,0.000,0.000
"05:15",0.000,0.000,220.200,0.166,0.000,0.000
"05:30",0.000,0.000,220.200,0.179,0.000,0.000
"05:45",0.000,0.000,220.200,0.166,0.000,0.000
"06:00",0.000,0.000,220.200,0.166,0.000,0.000
"06:15",0.000,0.000,220.200,0.179,0.000,0.000
"06:30",0.000,0.000,220.500,0.166,0.000,0.000
"06:45",0.000,0.000,220.400,0.166,0.000,0.000
"07:00",0.000,0.000,220.400,0.179,0.000,0.000
"07:15",0.000,0.000,220.400,0.166,0.000,0.000
"07:30",0.000,0.000,220.400,0.166,0.000,0.000
"07:45",0.205,0.000,220.400,0.038,0.000,0.026
"08:00",1.754,0.000,220.500,0.000,0.000,0.051
"08:15",5.850,0.000,220.700,0.000,0.000,0.000
"08:30",4.864,0.000,220.800,0.000,0.000,0.013
"08:45",7.590,0.000,221.100,0.000,0.000,0.000
"09:00",24.666,0.000,221.600,0.000,0.000,0.000
"09:15",23.360,0.000,221.500,0.000,0.000,0.000
"09:30",29.555,0.000,220.600,0.000,0.000,0.000
"09:45",21.171,0.000,221.200,0.026,0.000,0.000
"10:00",22.810,0.000,219.800,0.000,0.000,0.000
"10:15",0.000,0.000,0.000,0.000,0.000,0.000
"10:30",0.000,0.000,209.100,0.013,0.000,0.000
"10:45",7.949,0.000,225.900,0.026,0.000,0.000
"11:00",6.874,0.000,226.200,0.026,0.000,0.000
"11:15",26.957,0.000,228.100,0.000,0.000,0.000
"11:30",21.210,0.000,228.100,0.000,0.000,0.000
"11:45",18.765,0.000,226.500,0.000,0.000,0.000
"12:00",20.685,0.000,224.900,0.000,0.000,0.000
"12:15",19.942,0.000,224.800,0.000,0.000,0.000
"12:30",21.312,0.000,225.700,0.000,0.000,0.000
"12:45",31.334,0.000,227.100,0.000,0.000,0.000
"13:00",42.880,0.000,226.900,0.000,0.000,0.000
"13:15",36.941,0.000,225.900,0.000,0.000,0.000
"13:30",30.157,0.000,225.000,0.000,0.000,0.000
"13:45",30.797,0.000,225.100,0.000,0.000,0.000
"14:00",33.037,0.000,226.300,0.000,0.000,0.000
"14:15",31.155,0.000,226.200,0.000,0.000,0.000
"14:30",28.838,0.000,225.200,0.000,0.000,0.000
"14:45",35.341,0.000,225.600,0.000,0.000,0.000
"15:00",42.982,0.000,223.400,0.000,0.000,0.000
"15:15",36.070,0.000,222.300,0.000,0.000,0.000
"15:30",39.949,0.000,222.400,0.000,0.000,0.000
"15:45",42.726,0.000,222.400,0.000,0.000,0.000
"16:00",48.691,0.000,222.500,0.000,0.000,0.000
"16:15",40.576,0.000,222.400,0.000,0.000,0.000
"16:30",37.466,0.000,222.200,0.000,0.000,0.000
"16:45",30.720,0.000,222.100,0.000,0.000,0.000
"17:00",25.101,0.000,221.900,0.000,0.000,0.000
"17:15",19.136,0.000,221.700,0.000,0.000,0.000
"17:30",15.757,0.000,221.600,0.000,0.000,0.000
"17:45",13.747,0.000,221.500,0.000,0.000,0.000
"18:00",9.600,0.000,221.600,0.000,0.000,0.013
"18:15",5.862,0.000,221.600,0.000,0.000,0.090
"18:30",3.456,0.000,221.400,0.000,0.000,0.077
"18:45",1.446,0.000,221.400,0.000,0.000,0.077
"19:00",0.230,0.000,221.300,0.000,0.000,0.000
"19:15",0.013,0.026,221.200,0.090,0.000,0.000
"19:30",0.000,0.051,221.100,0.128,0.000,0.000
"19:45",0.000,0.000,221.000,0.166,0.000,0.000
"20:00",0.000,0.000,221.000,0.166,0.000,0.000
"20:15",0.000,0.000,221.000,0.179,0.000,0.000
"20:30",0.000,0.000,221.200,0.166,0.000,0.000
"20:45",0.000,0.000,221.200,0.179,0.000,0.000
"21:00",0.000,0.000,221.200,0.179,0.000,0.000
"21:15",0.000,0.000,221.200,0.166,0.000,0.000
"21:30",0.000,0.000,221.100,0.179,0.000,0.000
"21:45",0.000,0.000,221.100,0.166,0.000,0.000
"22:00",0.000,0.000,221.100,0.179,0.000,0.000
"22:15",0.000,0.000,221.100,0.166,0.000,0.000
"22:30",0.000,0.000,221.000,0.179,0.000,0.000
"22:45",0.000,0.000,221.100,0.166,0.000,0.000
"23:00",0.000,0.000,220.800,0.179,0.000,0.000
"23:15",0.000,0.000,220.900,0.166,0.000,0.000
"23:30",0.000,0.000,220.800,0.179,0.000,0.000
"23:45",0.000,0.000,220.900,0.166,0.000,0.000
" 9/05/26 24:00",0.000,0.000,220.800,0.179,0.000,0.000
