"kwh"
"Time ","AGRIM02P","AGRIM02P","AGRIM02P","AGRIM02P","AGRIM02P","AGRIM02P"
" 5/17/26 00:15",0.000,0.000,221.200,0.166,0.000,0.000
" 5/17/26 00:30",0.000,0.000,221.200,0.179,0.000,0.000
"00:45",0.000,0.000,221.200,0.179,0.000,0.000
"01:00",0.000,0.000,221.300,0.166,0.000,0.000
"01:15",0.000,0.000,221.300,0.179,0.000,0.000
"01:30",0.000,0.000,221.200,0.166,0.000,0.000
"01:45",0.000,0.000,221.300,0.179,0.000,0.000
"02:00",0.000,0.000,221.200,0.166,0.000,0.000
"02:15",0.000,0.000,221.300,0.179,0.000,0.000
"02:30",0.000,0.000,221.300,0.179,0.000,0.000
"02:45",0.000,0.000,221.300,0.166,0.000,0.000
"03:00",0.000,0.000,221.200,0.179,0.000,0.000
"03:15",0.000,0.000,221.300,0.166,0.000,0.000
"03:30",0.000,0.000,221.300,0.179,0.000,0.000
"03:45",0.000,0.000,221.300,0.166,0.000,0.000
"04:00",0.000,0.000,221.300,0.179,0.000,0.000
"04:15",0.000,0.000,221.300,0.179,0.000,0.000
"04:30",0.000,0.000,221.300,0.166,0.000,0.000
"04:45",0.000,0.000,221.300,0.179,0.000,0.000
"05:00",0.000,0.000,221.300,0.179,0.000,0.000
"05:15",0.000,0.000,221.300,0.166,0.000,0.000
"05:30",0.000,0.000,221.400,0.179,0.000,0.000
"05:45",0.000,0.000,221.300,0.179,0.000,0.000
"06:00",0.000,0.000,221.400,0.166,0.000,0.000
"06:15",0.000,0.000,221.300,0.179,0.000,0.000
"06:30",0.000,0.000,221.300,0.166,0.000,0.000
"06:45",0.000,0.000,221.400,0.179,0.000,0.000
"07:00",0.000,0.000,221.500,0.179,0.000,0.000
"07:15",0.000,0.000,221.300,0.166,0.000,0.000
"07:30",0.000,0.000,221.300,0.179,0.000,0.000
"07:45",0.000,0.000,221.300,0.166,0.000,0.000
"08:00",0.000,0.000,221.500,0.179,0.000,0.000
"08:15",0.102,0.000,221.700,0.013,0.013,0.013
"08:30",1.254,0.000,221.800,0.000,0.000,0.026
"08:45",7.590,0.000,222.000,0.000,0.000,0.026
"09:00",21.594,0.000,222.400,0.000,0.000,0.000
"09:15",33.562,0.000,223.000,0.000,0.000,0.000
"09:30",42.624,0.000,223.400,0.000,0.000,0.000
"09:45",50.944,0.000,223.700,0.000,0.000,0.000
"10:00",58.752,0.000,223.900,0.000,0.000,0.000
"10:15",66.189,0.000,224.000,0.000,0.000,0.000
"10:30",72.998,0.000,224.200,0.000,0.000,0.000
"10:45",78.874,0.000,224.300,0.000,0.000,0.000
"11:00",84.237,0.000,224.200,0.000,0.000,0.000
"11:15",89.152,0.000,224.300,0.000,0.000,0.000
"11:30",94.963,0.000,224.400,0.000,0.000,0.000
"11:45",99.187,0.000,224.700,0.000,0.000,0.000
"12:00",103.680,0.000,224.600,0.000,0.000,0.000
"12:15",106.509,0.000,224.600,0.000,0.000,0.000
"12:30",107.917,0.000,224.500,0.000,0.000,0.000
"12:45",109.197,0.000,224.600,0.000,0.000,0.000
"13:00",110.016,0.000,224.600,0.000,0.000,0.000
"13:15",110.528,0.000,224.500,0.000,0.000,0.000
"13:30",110.925,0.000,224.700,0.000,0.000,0.000
"13:45",110.669,0.000,224.700,0.000,0.000,0.000
"14:00",110.554,0.000,224.600,0.000,0.000,0.000
"14:15",108.608,0.000,224.800,0.000,0.000,0.013
"14:30",106.214,0.000,224.700,0.000,0.000,0.013
"14:45",103.680,0.000,224.600,0.000,0.000,0.000
"15:00",101.965,0.000,224.600,0.000,0.000,0.000
"15:15",97.587,0.000,224.400,0.000,0.000,0.000
"15:30",93.530,0.000,224.500,0.000,0.000,0.000
"15:45",88.666,0.000,224.500,0.000,0.000,0.013
"16:00",83.136,0.000,224.400,0.000,0.000,0.013
"16:15",77.773,0.000,224.300,0.000,0.000,0.013
"16:30",71.424,0.000,224.100,0.000,0.000,0.013
"16:45",64.640,0.000,224.100,0.000,0.000,0.013
"17:00",57.114,0.000,223.900,0.000,0.000,0.013
"17:15",48.986,0.000,223.600,0.000,0.000,0.013
"17:30",40.397,0.000,223.300,0.000,0.000,0.000
"17:45",31.488,0.000,223.000,0.000,0.000,0.013
"18:00",16.806,0.000,222.500,0.000,0.000,0.026
"18:15",3.558,0.000,221.900,0.000,0.000,0.077
"18:30",0.640,0.000,221.700,0.000,0.000,0.038
"18:45",0.102,0.013,221.500,0.038,0.000,0.013
"19:00",0.000,0.038,221.400,0.115,0.000,0.000
"19:15",0.000,0.026,221.300,0.154,0.000,0.000
"19:30",0.000,0.000,221.300,0.179,0.000,0.000
"19:45",0.000,0.000,221.300,0.179,0.000,0.000
"20:00",0.000,0.000,221.300,0.166,0.000,0.000
"20:15",0.000,0.000,221.400,0.179,0.000,0.000
"20:30",0.000,0.000,221.400,0.166,0.000,0.000
"20:45",0.000,0.000,221.500,0.179,0.000,0.000
"21:00",0.000,0.000,221.500,0.179,0.000,0.000
"21:15",0.000,0.000,221.500,0.166,0.000,0.000
"21:30",0.000,0.000,221.500,0.179,0.000,0.000
"21:45",0.000,0.000,221.500,0.179,0.000,0.000
"22:00",0.000,0.000,221.500,0.166,0.000,0.000
"22:15",0.000,0.000,221.600,0.179,0.000,0.000
"22:30",0.000,0.000,221.600,0.179,0.000,0.000
"22:45",0.000,0.000,221.500,0.166,0.000,0.000
"23:00",0.000,0.000,221.500,0.179,0.000,0.000
"23:15",0.000,0.000,221.500,0.166,0.000,0.000
"23:30",0.000,0.000,221.400,0.179,0.000,0.000
"23:45",0.000,0.000,221.500,0.179,0.000,0.000
" 5/17/26 24:00",0.000,0.000,221.600,0.166,0.000,0.000
