"kwh"
"Time ","AGRIM02P","AGRIM02P","AGRIM02P","AGRIM02P","AGRIM02P","AGRIM02P"
" 7/27/26 00:15",0.000,0.000,221.800,0.166,0.000,0.000
" 7/27/26 00:30",0.000,0.000,221.800,0.179,0.000,0.000
"00:45",0.000,0.000,221.900,0.179,0.000,0.000
"01:00",0.000,0.000,221.900,0.166,0.000,0.000
"01:15",0.000,0.000,221.900,0.179,0.000,0.000
"01:30",0.000,0.000,222.000,0.166,0.000,0.000
"01:45",0.000,0.000,222.000,0.179,0.000,0.000
"02:00",0.000,0.000,222.000,0.166,0.000,0.000
"02:15",0.000,0.000,221.900,0.179,0.000,0.000
"02:30",0.000,0.000,221.900,0.166,0.000,0.000
"02:45",0.000,0.000,221.900,0.179,0.000,0.000
"03:00",0.000,0.000,221.900,0.166,0.000,0.000
"03:15",0.000,0.000,221.900,0.179,0.000,0.000
"03:30",0.000,0.000,221.900,0.179,0.000,0.000
"03:45",0.000,0.000,221.900,0.166,0.000,0.000
"04:00",0.000,0.000,221.900,0.179,0.000,0.000
"04:15",0.000,0.000,221.900,0.166,0.000,0.000
"04:30",0.000,0.000,221.900,0.179,0.000,0.000
"04:45",0.000,0.000,221.900,0.166,0.000,0.000
"05:00",0.000,0.000,221.900,0.179,0.000,0.000
"05:15",0.000,0.000,221.900,0.166,0.000,0.000
"05:30",0.000,0.000,221.900,0.179,0.000,0.000
"05:45",0.000,0.000,221.900,0.166,0.000,0.000
"06:00",0.000,0.000,221.900,0.179,0.000,0.000
"06:15",0.000,0.000,221.900,0.166,0.000,0.000
"06:30",0.000,0.000,221.900,0.179,0.000,0.000
"06:45",0.000,0.000,221.800,0.166,0.000,0.000
"07:00",0.000,0.000,221.800,0.179,0.000,0.000
"07:15",0.000,0.000,221.800,0.166,0.000,0.000
"07:30",0.000,0.000,221.700,0.179,0.000,0.000
"07:45",0.000,0.000,221.700,0.166,0.000,0.000
"08:00",0.000,0.000,221.700,0.179,0.000,0.000
"08:15",0.000,0.000,221.700,0.166,0.000,0.000
"08:30",0.128,0.000,221.600,0.038,0.000,0.000
"08:45",0.883,0.000,221.600,0.000,0.000,0.026
"09:00",5.786,0.000,221.800,0.000,0.000,0.000
"09:15",15.526,0.000,222.200,0.000,0.000,0.000
"09:30",19.187,0.000,222.300,0.000,0.000,0.077
"09:45",40.000,0.000,222.800,0.000,0.000,0.230
"10:00",51.264,0.000,223.300,0.000,0.000,0.666
"10:15",60.646,0.000,223.700,0.000,0.000,0.000
"10:30",68.134,0.000,224.000,0.000,0.000,0.000
"10:45",63.706,0.000,223.500,0.000,0.000,0.000
"11:00",41.830,0.000,222.900,0.000,0.000,0.000
"11:15",49.088,0.000,223.100,0.000,0.000,0.000
"11:30",90.483,0.000,224.000,0.000,0.000,0.013
"11:45",106.906,0.000,224.200,0.000,0.000,0.000
"12:00",95.206,0.000,223.800,0.000,0.000,0.000
"12:15",55.053,0.000,223.000,0.000,0.000,0.000
"12:30",68.326,0.000,223.300,0.000,0.000,0.000
"12:45",57.805,0.000,223.100,0.000,0.000,0.000
"13:00",61.555,0.000,223.200,0.000,0.000,0.000
"13:15",70.528,0.000,223.600,0.000,0.000,0.000
"13:30",83.610,0.000,223.800,0.000,0.000,0.000
"13:45",62.797,0.000,223.400,0.000,0.000,0.000
"14:00",74.432,0.000,223.900,0.000,0.000,0.000
"14:15",59.955,0.000,223.600,0.000,0.000,0.000
"14:30",58.291,0.000,223.500,0.000,0.000,0.000
"14:45",92.992,0.000,224.400,0.000,0.000,0.000
"15:00",97.382,0.000,224.400,0.000,0.000,0.192
"15:15",93.261,0.000,224.400,0.000,0.000,0.064
"15:30",89.587,0.000,224.300,0.000,0.000,0.013
"15:45",85.645,0.000,224.200,0.000,0.000,0.013
"16:00",81.050,0.000,224.200,0.000,0.000,0.026
"16:15",75.546,0.000,224.100,0.000,0.000,0.294
"16:30",69.786,0.000,224.000,0.000,0.000,0.218
"16:45",63.514,0.000,223.900,0.000,0.000,0.064
"17:00",57.024,0.000,223.800,0.000,0.000,0.026
"17:15",49.536,0.000,223.600,0.000,0.000,0.013
"17:30",41.792,0.000,223.300,0.000,0.000,0.000
"17:45",32.755,0.000,223.000,0.000,0.000,0.013
"18:00",23.782,0.000,222.600,0.000,0.000,0.026
"18:15",10.970,0.000,222.300,0.000,0.000,0.038
"18:30",3.110,0.000,221.900,0.000,0.000,0.077
"18:45",0.525,0.000,221.800,0.000,0.000,0.038
"19:00",0.013,0.026,221.700,0.077,0.000,0.000
"19:15",0.000,0.038,221.600,0.128,0.000,0.000
"19:30",0.000,0.000,221.500,0.166,0.000,0.000
"19:45",0.000,0.000,221.500,0.179,0.000,0.000
"20:00",0.000,0.000,221.500,0.179,0.000,0.000
"20:15",0.000,0.000,221.400,0.166,0.000,0.000
"20:30",0.000,0.000,221.500,0.179,0.000,0.000
"20:45",0.000,0.000,221.500,0.166,0.000,0.000
"21:00",0.000,0.000,221.600,0.179,0.000,0.000
"21:15",0.000,0.000,221.600,0.166,0.000,0.000
"21:30",0.000,0.000,221.600,0.179,0.000,0.000
"21:45",0.000,0.000,221.600,0.179,0.000,0.000
"22:00",0.000,0.000,221.600,0.166,0.000,0.000
"22:15",0.000,0.000,221.700,0.179,0.000,0.000
"22:30",0.000,0.000,221.700,0.166,0.000,0.000
"22:45",0.000,0.000,221.700,0.179,0.000,0.000
"23:00",0.000,0.000,221.700,0.179,0.000,0.000
"23:15",0.000,0.000,221.500,0.166,0.000,0.000
"23:30",0.000,0.000,221.500,0.179,0.000,0.000
"23:45",0.000,0.000,221.500,0.166,0.000,0.000
" 7/27/26 24:00",0.000,0.000,221.500,0.179,0.000,0.000
