"kwh"
"Time ","AGRIM02P","AGRIM02P","AGRIM02P","AGRIM02P","AGRIM02P","AGRIM02P"
" 7/02/26 00:15",0.000,0.000,221.000,0.179,0.000,0.000
" 7/02/26 00:30",0.000,0.000,221.000,0.166,0.000,0.000
"00:45",0.000,0.000,221.100,0.179,0.000,0.000
"01:00",0.000,0.000,221.100,0.179,0.000,0.000
"01:15",0.000,0.000,221.100,0.166,0.000,0.000
"01:30",0.000,0.000,221.100,0.179,0.000,0.000
"01:45",0.000,0.000,221.100,0.179,0.000,0.000
"02:00",0.000,0.000,221.100,0.166,0.000,0.000
"02:15",0.000,0.000,221.100,0.179,0.000,0.000
"02:30",0.000,0.000,221.200,0.166,0.000,0.000
"02:45",0.000,0.000,221.200,0.179,0.000,0.000
"03:00",0.000,0.000,221.200,0.179,0.000,0.000
"03:15",0.000,0.000,221.200,0.166,0.000,0.000
"03:30",0.000,0.000,221.200,0.179,0.000,0.000
"03:45",0.000,0.000,221.300,0.166,0.000,0.000
"04:00",0.000,0.000,221.300,0.179,0.000,0.000
"04:15",0.000,0.000,221.200,0.179,0.000,0.000
"04:30",0.000,0.000,221.200,0.166,0.000,0.000
"04:45",0.000,0.000,221.200,0.179,0.000,0.000
"05:00",0.000,0.000,221.300,0.179,0.000,0.000
"05:15",0.000,0.000,221.200,0.166,0.000,0.000
"05:30",0.000,0.000,221.200,0.179,0.000,0.000
"05:45",0.000,0.000,221.200,0.166,0.000,0.000
"06:00",0.000,0.000,221.200,0.179,0.000,0.000
"06:15",0.000,0.000,221.300,0.179,0.000,0.000
"06:30",0.000,0.000,221.300,0.166,0.000,0.000
"06:45",0.000,0.000,221.200,0.179,0.000,0.000
"07:00",0.000,0.000,221.300,0.166,0.000,0.000
"07:15",0.000,0.000,221.200,0.179,0.000,0.000
"07:30",0.000,0.000,221.000,0.166,0.000,0.000
"07:45",0.000,0.000,221.100,0.179,0.000,0.000
"08:00",0.000,0.000,221.100,0.179,0.000,0.000
"08:15",0.000,0.000,221.100,0.166,0.000,0.000
"08:30",0.000,0.000,221.500,0.179,0.000,0.000
"08:45",0.090,0.013,221.500,0.064,0.000,0.026
"09:00",0.525,0.000,221.500,0.000,0.000,0.026
"09:15",1.766,0.000,221.500,0.000,0.000,0.064
"09:30",3.290,0.000,221.600,0.000,0.000,0.090
"09:45",4.608,0.000,221.600,0.000,0.000,0.090
"10:00",4.570,0.000,221.500,0.000,0.000,0.090
"10:15",7.872,0.000,221.600,0.000,0.000,0.077
"10:30",9.126,0.000,221.600,0.000,0.000,0.038
"10:45",16.806,0.000,221.900,0.000,0.000,0.000
"11:00",16.346,0.000,222.000,0.000,0.000,0.000
"11:15",16.755,0.000,222.000,0.000,0.000,0.000
"11:30",16.333,0.000,222.000,0.000,0.000,0.000
"11:45",25.728,0.000,222.200,0.000,0.000,0.000
"12:00",27.571,0.000,222.300,0.000,0.000,0.000
"12:15",26.483,0.000,222.300,0.000,0.000,0.000
"12:30",27.302,0.000,222.400,0.000,0.000,0.000
"12:45",28.608,0.000,222.400,0.000,0.000,0.000
"13:00",29.466,0.000,222.300,0.000,0.000,0.000
"13:15",30.720,0.000,222.300,0.000,0.000,0.000
"13:30",28.134,0.000,222.300,0.000,0.000,0.000
"13:45",27.226,0.000,222.300,0.000,0.000,0.000
"14:00",24.653,0.000,222.300,0.000,0.000,0.000
"14:15",29.978,0.000,222.300,0.000,0.000,0.000
"14:30",26.061,0.000,222.300,0.000,0.000,0.000
"14:45",39.770,0.000,222.500,0.000,0.000,0.000
"15:00",35.699,0.000,222.500,0.000,0.000,0.000
"15:15",25.805,0.000,222.300,0.000,0.000,0.000
"15:30",22.195,0.000,222.000,0.000,0.000,0.000
"15:45",22.605,0.000,222.100,0.000,0.000,0.000
"16:00",21.786,0.000,222.000,0.000,0.000,0.000
"16:15",17.267,0.000,222.000,0.000,0.000,0.000
"16:30",17.318,0.000,221.900,0.000,0.000,0.000
"16:45",17.037,0.000,222.000,0.000,0.000,0.000
"17:00",15.744,0.000,222.000,0.000,0.000,0.000
"17:15",12.480,0.000,221.900,0.000,0.000,0.000
"17:30",11.930,0.000,222.000,0.000,0.000,0.000
"17:45",5.798,0.000,221.700,0.000,0.000,0.064
"18:00",2.662,0.000,221.600,0.000,0.000,0.051
"18:15",0.781,0.000,221.600,0.000,0.000,0.013
"18:30",0.230,0.000,221.500,0.000,0.000,0.000
"18:45",0.000,0.026,221.400,0.115,0.000,0.000
"19:00",0.000,0.026,221.400,0.141,0.000,0.000
"19:15",0.000,0.000,221.300,0.179,0.000,0.000
"19:30",0.000,0.000,221.300,0.179,0.000,0.000
"19:45",0.000,0.000,221.300,0.166,0.000,0.000
"20:00",0.000,0.000,221.400,0.179,0.000,0.000
"20:15",0.000,0.000,221.400,0.179,0.000,0.000
"20:30",0.000,0.000,221.400,0.166,0.000,0.000
"20:45",0.000,0.000,221.500,0.179,0.000,0.000
"21:00",0.000,0.000,221.500,0.179,0.000,0.000
"21:15",0.000,0.000,221.400,0.166,0.000,0.000
"21:30",0.000,0.000,221.400,0.179,0.000,0.000
"21:45",0.000,0.000,221.400,0.179,0.000,0.000
"22:00",0.000,0.000,221.400,0.166,0.000,0.000
"22:15",0.000,0.000,221.500,0.179,0.000,0.000
"22:30",0.000,0.000,221.500,0.179,0.000,0.000
"22:45",0.000,0.000,221.400,0.166,0.000,0.000
"23:00",0.000,0.000,221.400,0.179,0.000,0.000
"23:15",0.000,0.000,221.500,0.179,0.000,0.000
"23:30",0.000,0.000,221.600,0.166,0.000,0.000
"23:45",0.000,0.000,221.100,0.179,0.000,0.000
" 7/02/26 24:00",0.000,0.000,221.000,0.166,0.000,0.000
