"kwh"
"Time ","AGRIM02P","AGRIM02P","AGRIM02P","AGRIM02P","AGRIM02P","AGRIM02P"
" 6/02/26 00:15",0.000,0.000,221.500,0.179,0.000,0.000
" 6/02/26 00:30",0.000,0.000,221.600,0.166,0.000,0.000
"00:45",0.000,0.000,221.600,0.179,0.000,0.000
"01:00",0.000,0.000,221.600,0.166,0.000,0.000
"01:15",0.000,0.000,221.500,0.166,0.000,0.000
"01:30",0.000,0.000,221.500,0.179,0.000,0.000
"01:45",0.000,0.000,221.600,0.166,0.000,0.000
"02:00",0.000,0.000,221.500,0.179,0.000,0.000
"02:15",0.000,0.000,221.600,0.179,0.000,0.000
"02:30",0.000,0.000,221.600,0.166,0.000,0.000
"02:45",0.000,0.000,221.600,0.166,0.000,0.000
"03:00",0.000,0.000,221.600,0.179,0.000,0.000
"03:15",0.000,0.000,221.600,0.166,0.000,0.000
"03:30",0.000,0.000,221.600,0.179,0.000,0.000
"03:45",0.000,0.000,221.600,0.166,0.000,0.000
"04:00",0.000,0.000,221.600,0.179,0.000,0.000
"04:15",0.000,0.000,221.600,0.166,0.000,0.000
"04:30",0.000,0.000,221.600,0.179,0.000,0.000
"04:45",0.000,0.000,221.600,0.166,0.000,0.000
"05:00",0.000,0.000,221.600,0.179,0.000,0.000
"05:15",0.000,0.000,221.600,0.166,0.000,0.000
"05:30",0.000,0.000,221.600,0.179,0.000,0.000
"05:45",0.000,0.000,221.600,0.166,0.000,0.000
"06:00",0.000,0.000,221.600,0.166,0.000,0.000
"06:15",0.000,0.000,221.700,0.179,0.000,0.000
"06:30",0.000,0.000,221.600,0.166,0.000,0.000
"06:45",0.000,0.000,221.600,0.179,0.000,0.000
"07:00",0.000,0.000,221.600,0.166,0.000,0.000
"07:15",0.000,0.000,221.600,0.179,0.000,0.000
"07:30",0.000,0.000,221.500,0.166,0.000,0.000
"07:45",0.000,0.000,221.500,0.179,0.000,0.000
"08:00",0.000,0.000,221.500,0.166,0.000,0.000
"08:15",0.000,0.000,221.500,0.179,0.000,0.000
"08:30",0.000,0.000,221.400,0.166,0.000,0.000
"08:45",0.115,0.000,221.300,0.051,0.000,0.000
"09:00",0.448,0.000,221.200,0.000,0.000,0.013
"09:15",1.075,0.000,221.200,0.000,0.000,0.026
"09:30",2.150,0.000,221.200,0.000,0.000,0.013
"09:45",4.570,0.000,221.200,0.000,0.000,0.013
"10:00",7.066,0.000,221.300,0.000,0.000,0.026
"10:15",6.195,0.000,221.300,0.000,0.000,0.026
"10:30",7.565,0.000,221.400,0.000,0.000,0.013
"10:45",6.669,0.000,221.400,0.000,0.000,0.077
"11:00",7.987,0.000,221.400,0.000,0.000,0.038
"11:15",11.046,0.000,221.600,0.000,0.000,0.000
"11:30",20.378,0.000,222.000,0.000,0.000,0.000
"11:45",29.837,0.000,222.200,0.000,0.000,0.000
"12:00",25.574,0.000,222.100,0.000,0.000,0.000
"12:15",21.043,0.000,222.000,0.000,0.000,0.013
"12:30",27.942,0.000,222.300,0.000,0.000,0.000
"12:45",42.688,0.000,222.800,0.000,0.000,0.000
"13:00",32.333,0.000,222.300,0.000,0.000,0.000
"13:15",38.067,0.000,222.500,0.000,0.000,0.000
"13:30",63.309,0.000,223.000,0.000,0.000,0.000
"13:45",36.096,0.000,222.600,0.000,0.000,0.000
"14:00",30.016,0.000,222.400,0.000,0.000,0.000
"14:15",24.422,0.000,222.300,0.000,0.000,0.090
"14:30",25.728,0.000,222.300,0.000,0.000,0.000
"14:45",20.070,0.000,222.200,0.000,0.000,0.013
"15:00",25.664,0.000,222.600,0.000,0.000,0.026
"15:15",19.187,0.000,222.400,0.000,0.000,0.026
"15:30",10.906,0.000,222.200,0.000,0.000,0.013
"15:45",21.440,0.000,222.400,0.000,0.000,0.000
"16:00",18.867,0.000,222.500,0.000,0.000,0.000
"16:15",15.245,0.000,222.300,0.000,0.000,0.013
"16:30",15.872,0.000,222.200,0.000,0.000,0.000
"16:45",23.872,0.000,222.400,0.000,0.000,0.000
"17:00",16.704,0.000,222.300,0.000,0.000,0.000
"17:15",11.200,0.000,222.000,0.000,0.000,0.000
"17:30",6.208,0.000,221.800,0.000,0.000,0.026
"17:45",0.858,0.000,221.700,0.000,0.000,0.013
"18:00",1.011,0.000,221.800,0.000,0.000,0.051
"18:15",0.870,0.000,221.800,0.000,0.000,0.026
"18:30",0.179,0.013,221.800,0.000,0.000,0.000
"18:45",0.000,0.038,221.700,0.128,0.000,0.000
"19:00",0.000,0.026,221.700,0.141,0.000,0.000
"19:15",0.000,0.000,221.600,0.179,0.000,0.000
"19:30",0.000,0.000,221.500,0.166,0.000,0.000
"19:45",0.000,0.000,221.600,0.179,0.000,0.000
"20:00",0.000,0.000,221.700,0.166,0.000,0.000
"20:15",0.000,0.000,221.700,0.179,0.000,0.000
"20:30",0.000,0.000,221.700,0.166,0.000,0.000
"20:45",0.000,0.000,221.600,0.179,0.000,0.000
"21:00",0.000,0.000,221.700,0.179,0.000,0.000
"21:15",0.000,0.000,221.600,0.166,0.000,0.000
"21:30",0.000,0.000,221.600,0.179,0.000,0.000
"21:45",0.000,0.000,221.600,0.166,0.000,0.000
"22:00",0.000,0.000,221.500,0.179,0.000,0.000
"22:15",0.000,0.000,221.600,0.166,0.000,0.000
"22:30",0.000,0.000,221.600,0.179,0.000,0.000
"22:45",0.000,0.000,221.700,0.179,0.000,0.000
"23:00",0.000,0.000,221.600,0.166,0.000,0.000
"23:15",0.000,0.000,221.600,0.179,0.000,0.000
"23:30",0.000,0.000,221.600,0.166,0.000,0.000
"23:45",0.000,0.000,221.600,0.179,0.000,0.000
" 6/02/26 24:00",0.000,0.000,221.600,0.166,0.000,0.000
