"kwh"
"Time ","AGRIM02P","AGRIM02P","AGRIM02P","AGRIM02P","AGRIM02P","AGRIM02P"
" 6/15/26 00:15",0.000,0.000,221.800,0.166,0.000,0.000
" 6/15/26 00:30",0.000,0.000,221.700,0.179,0.000,0.000
"00:45",0.000,0.000,221.600,0.166,0.000,0.000
"01:00",0.000,0.000,221.600,0.179,0.000,0.000
"01:15",0.000,0.000,221.600,0.179,0.000,0.000
"01:30",0.000,0.000,221.700,0.166,0.000,0.000
"01:45",0.000,0.000,221.800,0.179,0.000,0.000
"02:00",0.000,0.000,221.800,0.179,0.000,0.000
"02:15",0.000,0.000,221.800,0.166,0.000,0.000
"02:30",0.000,0.000,221.800,0.179,0.000,0.000
"02:45",0.000,0.000,221.800,0.166,0.000,0.000
"03:00",0.000,0.000,221.900,0.179,0.000,0.000
"03:15",0.000,0.000,221.800,0.179,0.000,0.000
"03:30",0.000,0.000,221.800,0.166,0.000,0.000
"03:45",0.000,0.000,221.800,0.179,0.000,0.000
"04:00",0.000,0.000,221.800,0.166,0.000,0.000
"04:15",0.000,0.000,221.800,0.179,0.000,0.000
"04:30",0.000,0.000,221.800,0.179,0.000,0.000
"04:45",0.000,0.000,221.800,0.166,0.000,0.000
"05:00",0.000,0.000,221.800,0.179,0.000,0.000
"05:15",0.000,0.000,221.700,0.166,0.000,0.000
"05:30",0.000,0.000,221.700,0.179,0.000,0.000
"05:45",0.000,0.000,221.700,0.179,0.000,0.000
"06:00",0.000,0.000,221.700,0.166,0.000,0.000
"06:15",0.000,0.000,221.700,0.179,0.000,0.000
"06:30",0.000,0.000,221.700,0.179,0.000,0.000
"06:45",0.000,0.000,221.700,0.166,0.000,0.000
"07:00",0.000,0.000,221.700,0.179,0.000,0.000
"07:15",0.000,0.000,221.700,0.166,0.000,0.000
"07:30",0.000,0.000,221.800,0.179,0.000,0.000
"07:45",0.000,0.000,221.700,0.179,0.000,0.000
"08:00",0.000,0.000,221.700,0.166,0.000,0.000
"08:15",0.000,0.000,221.700,0.179,0.000,0.000
"08:30",0.000,0.000,221.700,0.166,0.000,0.000
"08:45",0.051,0.000,221.700,0.090,0.000,0.013
"09:00",0.307,0.000,221.700,0.000,0.000,0.026
"09:15",0.998,0.000,221.800,0.000,0.000,0.051
"09:30",1.715,0.000,221.900,0.000,0.000,0.026
"09:45",3.418,0.000,221.800,0.000,0.000,0.051
"10:00",4.518,0.000,221.900,0.000,0.000,0.064
"10:15",5.286,0.000,221.900,0.000,0.000,0.064
"10:30",7.437,0.000,222.000,0.000,0.000,0.013
"10:45",8.141,0.000,222.100,0.000,0.000,0.026
"11:00",8.832,0.000,222.000,0.000,0.000,0.026
"11:15",11.814,0.000,222.100,0.000,0.000,0.000
"11:30",11.725,0.000,222.100,0.000,0.000,0.000
"11:45",11.712,0.000,222.100,0.000,0.000,0.000
"12:00",11.610,0.000,222.200,0.000,0.000,0.000
"12:15",12.058,0.000,222.200,0.000,0.000,0.013
"12:30",13.363,0.000,222.200,0.000,0.000,0.013
"12:45",12.186,0.000,222.200,0.000,0.000,0.000
"13:00",13.952,0.000,222.200,0.000,0.000,0.013
"13:15",12.506,0.000,222.300,0.000,0.000,0.013
"13:30",13.043,0.000,222.300,0.000,0.000,0.013
"13:45",12.672,0.000,222.300,0.000,0.000,0.013
"14:00",11.507,0.000,222.300,0.000,0.000,0.013
"14:15",10.342,0.000,222.200,0.000,0.000,0.026
"14:30",9.984,0.000,222.200,0.000,0.000,0.013
"14:45",11.379,0.000,222.300,0.000,0.000,0.013
"15:00",9.459,0.000,222.300,0.000,0.000,0.038
"15:15",7.424,0.000,222.200,0.000,0.000,0.064
"15:30",6.771,0.000,222.200,0.000,0.000,0.051
"15:45",9.306,0.000,222.200,0.000,0.000,0.026
"16:00",10.445,0.000,222.100,0.000,0.000,0.051
"16:15",10.150,0.000,222.200,0.000,0.000,0.090
"16:30",8.166,0.000,222.200,0.000,0.000,0.051
"16:45",7.117,0.000,222.100,0.000,0.000,0.064
"17:00",8.243,0.000,222.000,0.000,0.000,0.038
"17:15",9.971,0.000,221.900,0.000,0.000,0.013
"17:30",7.872,0.000,221.900,0.000,0.000,0.038
"17:45",4.621,0.000,221.800,0.000,0.000,0.102
"18:00",1.920,0.000,221.700,0.000,0.000,0.077
"18:15",0.845,0.000,221.800,0.000,0.000,0.026
"18:30",0.064,0.013,221.600,0.051,0.013,0.013
"18:45",0.000,0.051,221.500,0.128,0.000,0.000
"19:00",0.000,0.026,221.500,0.154,0.000,0.000
"19:15",0.000,0.000,221.500,0.166,0.000,0.000
"19:30",0.000,0.000,221.400,0.179,0.000,0.000
"19:45",0.000,0.000,221.500,0.179,0.000,0.000
"20:00",0.000,0.000,221.500,0.166,0.000,0.000
"20:15",0.000,0.000,221.500,0.179,0.000,0.000
"20:30",0.000,0.000,221.500,0.179,0.000,0.000
"20:45",0.000,0.000,221.500,0.166,0.000,0.000
"21:00",0.000,0.000,221.500,0.179,0.000,0.000
"21:15",0.000,0.000,221.500,0.166,0.000,0.000
"21:30",0.000,0.000,221.500,0.179,0.000,0.000
"21:45",0.000,0.000,221.600,0.179,0.000,0.000
"22:00",0.000,0.000,221.600,0.166,0.000,0.000
"22:15",0.000,0.000,221.600,0.179,0.000,0.000
"22:30",0.000,0.000,221.600,0.179,0.000,0.000
"22:45",0.000,0.000,221.600,0.166,0.000,0.000
"23:00",0.000,0.000,221.500,0.179,0.000,0.000
"23:15",0.000,0.000,221.500,0.179,0.000,0.000
"23:30",0.000,0.000,221.600,0.166,0.000,0.000
"23:45",0.000,0.000,221.600,0.179,0.000,0.000
" 6/15/26 24:00",0.000,0.000,221.600,0.179,0.000,0.000
