"kwh"
"Time ","AGRIM02P","AGRIM02P","AGRIM02P","AGRIM02P","AGRIM02P","AGRIM02P"
"10/06/26 00:15",0.000,0.000,219.700,0.166,0.000,0.000
"10/06/26 00:30",0.000,0.000,219.700,0.166,0.000,0.000
"00:45",0.000,0.000,219.700,0.179,0.000,0.000
"01:00",0.000,0.000,219.700,0.166,0.000,0.000
"01:15",0.000,0.000,219.700,0.166,0.000,0.000
"01:30",0.000,0.000,219.700,0.179,0.000,0.000
"01:45",0.000,0.000,219.700,0.166,0.000,0.000
"02:00",0.000,0.000,219.700,0.166,0.000,0.000
"02:15",0.000,0.000,219.800,0.166,0.000,0.000
"02:30",0.000,0.000,219.700,0.179,0.000,0.000
"02:45",0.000,0.000,219.700,0.166,0.000,0.000
"03:00",0.000,0.000,219.700,0.166,0.000,0.000
"03:15",0.000,0.000,219.700,0.179,0.000,0.000
"03:30",0.000,0.000,219.800,0.166,0.000,0.000
"03:45",0.000,0.000,219.800,0.166,0.000,0.000
"04:00",0.000,0.000,219.800,0.179,0.000,0.000
"04:15",0.000,0.000,219.800,0.166,0.000,0.000
"04:30",0.000,0.000,219.800,0.166,0.000,0.000
"04:45",0.000,0.000,219.800,0.166,0.000,0.000
"05:00",0.000,0.000,219.800,0.179,0.000,0.000
"05:15",0.000,0.000,219.800,0.166,0.000,0.000
"05:30",0.000,0.000,219.900,0.166,0.000,0.000
"05:45",0.000,0.000,219.900,0.179,0.000,0.000
"06:00",0.000,0.000,219.800,0.166,0.000,0.000
"06:15",0.000,0.000,219.800,0.166,0.000,0.000
"06:30",0.000,0.000,219.800,0.179,0.000,0.000
"06:45",0.000,0.000,219.800,0.166,0.000,0.000
"07:00",0.013,0.013,219.900,0.128,0.000,0.000
"07:15",0.717,0.000,220.300,0.000,0.000,0.064
"07:30",1.933,0.000,220.300,0.000,0.000,0.038
"07:45",6.285,0.000,220.400,0.000,0.000,0.000
"08:00",12.429,0.000,220.400,0.000,0.000,0.128
"08:15",12.045,0.000,220.500,0.000,0.000,0.077
"08:30",13.350,0.000,220.600,0.000,0.000,0.218
"08:45",28.838,0.000,221.000,0.000,0.000,0.422
"09:00",45.606,0.000,222.200,0.000,0.000,0.102
"09:15",43.853,0.000,221.800,0.000,0.000,0.000
"09:30",54.349,0.000,222.100,0.000,0.000,0.000
"09:45",60.134,0.000,222.100,0.000,0.000,0.038
"10:00",76.134,0.000,222.600,0.000,0.000,0.000
"10:15",68.544,0.000,222.300,0.000,0.000,0.000
"10:30",69.837,0.000,222.200,0.000,0.000,0.000
"10:45",87.424,0.000,222.800,0.000,0.000,0.000
"11:00",89.766,0.000,222.800,0.000,0.000,0.000
"11:15",107.174,0.000,223.100,0.000,0.000,0.000
"11:30",58.048,0.000,221.900,0.000,0.000,0.013
"11:45",54.963,0.000,222.000,0.000,0.000,0.000
"12:00",35.546,0.000,221.400,0.000,0.000,0.000
"12:15",27.763,0.000,221.300,0.000,0.000,0.000
"12:30",45.760,0.000,221.400,0.000,0.000,0.000
"12:45",73.216,0.000,222.200,0.000,0.000,0.000
"13:00",49.562,0.000,222.300,0.000,0.000,0.000
"13:15",64.909,0.000,222.100,0.000,0.000,0.000
"13:30",66.074,0.000,222.300,0.000,0.000,0.000
"13:45",73.946,0.000,222.300,0.000,0.000,0.000
"14:00",96.346,0.000,222.700,0.000,0.000,0.000
"14:15",87.744,0.000,223.000,0.000,0.000,0.000
"14:30",92.032,0.000,223.000,0.000,0.000,0.000
"14:45",86.861,0.000,222.900,0.000,0.000,0.013
"15:00",106.112,0.000,223.300,0.000,0.000,0.000
"15:15",76.531,0.000,222.800,0.000,0.000,0.000
"15:30",66.790,0.000,222.200,0.000,0.000,0.000
"15:45",98.637,0.000,222.400,0.000,0.000,0.000
"16:00",98.022,0.000,222.500,0.000,0.000,0.000
"16:15",66.675,0.000,221.400,0.000,0.000,0.000
"16:30",40.768,0.000,221.500,0.000,0.000,0.013
"16:45",43.021,0.000,221.200,0.000,0.000,0.000
"17:00",57.715,0.000,221.500,0.000,0.000,0.000
"17:15",55.117,0.000,221.500,0.000,0.000,0.000
"17:30",26.253,0.000,221.900,0.000,0.000,0.154
"17:45",36.224,0.000,222.000,0.000,0.000,0.026
"18:00",20.390,0.000,221.800,0.000,0.000,0.026
"18:15",10.624,0.000,221.800,0.000,0.000,0.128
"18:30",10.317,0.000,221.600,0.000,0.000,0.013
"18:45",9.690,0.000,221.500,0.000,0.000,0.013
"19:00",5.466,0.000,221.400,0.000,0.000,0.026
"19:15",1.523,0.000,221.300,0.000,0.000,0.038
"19:30",0.870,0.000,221.100,0.000,0.000,0.038
"19:45",0.333,0.000,221.000,0.000,0.000,0.026
"20:00",0.013,0.026,221.000,0.090,0.000,0.013
"20:15",0.000,0.026,221.000,0.154,0.000,0.000
"20:30",0.000,0.000,221.000,0.166,0.000,0.000
"20:45",0.000,0.000,221.000,0.179,0.000,0.000
"21:00",0.000,0.000,221.000,0.166,0.000,0.000
"21:15",0.000,0.000,221.000,0.166,0.000,0.000
"21:30",0.000,0.000,221.000,0.179,0.000,0.000
"21:45",0.000,0.000,221.000,0.166,0.000,0.000
"22:00",0.000,0.000,221.000,0.179,0.000,0.000
"22:15",0.000,0.000,221.000,0.166,0.000,0.000
"22:30",0.000,0.000,221.000,0.179,0.000,0.000
"22:45",0.000,0.000,221.100,0.166,0.000,0.000
"23:00",0.000,0.000,221.100,0.166,0.000,0.000
"23:15",0.000,0.000,221.100,0.179,0.000,0.000
"23:30",0.000,0.000,220.800,0.166,0.000,0.000
"23:45",0.000,0.000,220.700,0.179,0.000,0.000
"10/06/26 24:00",0.000,0.000,220.700,0.166,0.000,0.000
