"kwh"
"Time ","AGRIM02P","AGRIM02P","AGRIM02P","AGRIM02P","AGRIM02P","AGRIM02P"
" 4/11/26 00:15",0.000,0.000,221.600,0.192,0.000,0.000
" 4/11/26 00:30",0.000,0.000,221.700,0.179,0.000,0.000
"00:45",0.000,0.000,221.700,0.192,0.000,0.000
"01:00",0.000,0.000,221.800,0.179,0.000,0.000
"01:15",0.000,0.000,221.800,0.192,0.000,0.000
"01:30",0.000,0.000,221.800,0.179,0.000,0.000
"01:45",0.000,0.000,221.800,0.192,0.000,0.000
"02:00",0.000,0.000,221.800,0.179,0.000,0.000
"02:15",0.000,0.000,221.800,0.179,0.000,0.000
"02:30",0.000,0.000,221.800,0.192,0.000,0.000
"02:45",0.000,0.000,221.800,0.179,0.000,0.000
"03:00",0.000,0.000,221.800,0.192,0.000,0.000
"03:15",0.000,0.000,221.800,0.179,0.000,0.000
"03:30",0.000,0.000,221.800,0.179,0.000,0.000
"03:45",0.000,0.000,221.800,0.192,0.000,0.000
"04:00",0.000,0.000,221.800,0.179,0.000,0.000
"04:15",0.000,0.000,221.700,0.192,0.000,0.000
"04:30",0.000,0.000,221.800,0.179,0.000,0.000
"04:45",0.000,0.000,221.800,0.192,0.000,0.000
"05:00",0.000,0.000,221.800,0.179,0.000,0.000
"05:15",0.000,0.000,221.800,0.192,0.000,0.000
"05:30",0.000,0.000,221.800,0.179,0.000,0.000
"05:45",0.000,0.000,221.900,0.179,0.000,0.000
"06:00",0.000,0.000,221.900,0.192,0.000,0.000
"06:15",0.000,0.000,221.900,0.179,0.000,0.000
"06:30",0.000,0.000,221.800,0.192,0.000,0.000
"06:45",0.000,0.000,221.800,0.179,0.000,0.000
"07:00",0.000,0.000,221.800,0.179,0.000,0.000
"07:15",0.000,0.000,221.800,0.192,0.000,0.000
"07:30",0.000,0.000,221.800,0.179,0.000,0.000
"07:45",0.000,0.000,221.800,0.179,0.000,0.000
"08:00",0.000,0.000,221.800,0.166,0.000,0.000
"08:15",0.013,0.000,221.800,0.090,0.000,0.000
"08:30",0.115,0.000,221.900,0.000,0.000,0.000
"08:45",0.640,0.000,221.900,0.000,0.000,0.000
"09:00",0.333,0.000,221.900,0.000,0.000,0.013
"09:15",0.640,0.000,221.500,0.000,0.000,0.000
"09:30",0.563,0.000,221.500,0.000,0.000,0.000
"09:45",0.627,0.000,221.400,0.000,0.000,0.013
"10:00",0.128,0.000,221.100,0.000,0.000,0.000
"10:15",0.064,0.000,221.200,0.013,0.000,0.000
"10:30",2.957,0.000,221.400,0.000,0.000,0.013
"10:45",12.237,0.000,221.600,0.000,0.000,0.000
"11:00",9.741,0.000,221.600,0.000,0.000,0.000
"11:15",15.949,0.000,221.800,0.000,0.000,0.026
"11:30",16.179,0.000,221.800,0.000,0.000,0.013
"11:45",6.016,0.000,221.600,0.000,0.000,0.064
"12:00",3.290,0.000,221.500,0.000,0.000,0.102
"12:15",3.917,0.000,221.500,0.000,0.000,0.051
"12:30",9.242,0.000,221.600,0.000,0.000,0.013
"12:45",3.648,0.000,221.600,0.000,0.000,0.051
"13:00",0.960,0.000,221.500,0.000,0.000,0.064
"13:15",0.307,0.000,221.400,0.000,0.000,0.000
"13:30",0.461,0.000,221.400,0.000,0.000,0.000
"13:45",3.635,0.000,221.500,0.000,0.000,0.013
"14:00",10.995,0.000,221.800,0.000,0.000,0.013
"14:15",17.715,0.000,222.000,0.000,0.000,0.000
"14:30",21.773,0.000,222.100,0.000,0.000,0.000
"14:45",16.371,0.000,222.000,0.000,0.000,0.000
"15:00",14.118,0.000,221.900,0.000,0.000,0.000
"15:15",18.560,0.000,222.000,0.000,0.000,0.000
"15:30",35.418,0.000,222.300,0.000,0.000,0.000
"15:45",22.694,0.000,222.200,0.000,0.000,0.013
"16:00",7.386,0.000,222.100,0.000,0.000,0.064
"16:15",45.414,0.000,222.500,0.000,0.000,0.000
"16:30",75.059,0.000,223.000,0.000,0.000,0.000
"16:45",59.379,0.000,222.900,0.000,0.000,0.000
"17:00",54.195,0.000,222.800,0.000,0.000,0.000
"17:15",46.451,0.000,222.500,0.000,0.000,0.000
"17:30",41.344,0.000,222.500,0.000,0.000,0.000
"17:45",37.094,0.000,222.500,0.000,0.000,0.000
"18:00",27.750,0.000,222.400,0.000,0.000,0.000
"18:15",19.520,0.000,222.000,0.000,0.000,0.013
"18:30",12.224,0.000,221.900,0.000,0.000,0.013
"18:45",7.014,0.000,221.600,0.000,0.000,0.013
"19:00",1.293,0.000,221.300,0.000,0.000,0.051
"19:15",0.102,0.013,221.200,0.026,0.000,0.013
"19:30",0.000,0.013,221.200,0.154,0.000,0.000
"19:45",0.000,0.013,221.200,0.179,0.000,0.000
"20:00",0.000,0.000,221.300,0.179,0.000,0.000
"20:15",0.000,0.000,221.300,0.179,0.000,0.000
"20:30",0.000,0.000,221.200,0.192,0.000,0.000
"20:45",0.000,0.000,221.300,0.179,0.000,0.000
"21:00",0.000,0.000,221.200,0.192,0.000,0.000
"21:15",0.000,0.000,221.200,0.179,0.000,0.000
"21:30",0.000,0.000,221.300,0.192,0.000,0.000
"21:45",0.000,0.000,221.300,0.179,0.000,0.000
"22:00",0.000,0.000,221.300,0.192,0.000,0.000
"22:15",0.000,0.000,221.300,0.179,0.000,0.000
"22:30",0.000,0.000,221.300,0.179,0.000,0.000
"22:45",0.000,0.000,221.300,0.192,0.000,0.000
"23:00",0.000,0.000,221.300,0.179,0.000,0.000
"23:15",0.000,0.000,221.300,0.192,0.000,0.000
"23:30",0.000,0.000,221.400,0.179,0.000,0.000
"23:45",0.000,0.000,221.500,0.192,0.000,0.000
" 4/11/26 24:00",0.000,0.000,221.500,0.179,0.000,0.000
