"kwh"
"Time ","AGRIM02P","AGRIM02P","AGRIM02P","AGRIM02P","AGRIM02P","AGRIM02P"
"04/20/26 00:15",0.000,0.000,221.500,0.000,0.000,0.000
"00:30",0.000,0.000,221.500,0.000,0.000,0.000
"00:45",0.000,0.000,221.500,0.000,0.000,0.000
"01:00",0.000,0.000,221.500,0.000,0.000,0.000
"01:15",0.000,0.000,221.500,0.000,0.000,0.000
"01:30",0.000,0.000,221.500,0.000,0.000,0.000
"01:45",0.000,0.000,221.500,0.000,0.000,0.000
"02:00",0.000,0.000,221.500,0.000,0.000,0.000
"02:15",0.000,0.000,221.500,0.000,0.000,0.000
"02:30",0.000,0.000,221.500,0.000,0.000,0.000
"02:45",0.000,0.000,221.500,0.000,0.000,0.000
"03:00",0.000,0.000,221.500,0.000,0.000,0.000
"03:15",0.000,0.000,221.500,0.000,0.000,0.000
"03:30",0.000,0.000,221.500,0.000,0.000,0.000
"03:45",0.000,0.000,221.500,0.000,0.000,0.000
"04:00",0.000,0.000,221.500,0.000,0.000,0.000
"04:15",0.000,0.000,221.500,0.000,0.000,0.000
"04:30",0.000,0.000,221.500,0.000,0.000,0.000
"04:45",0.000,0.000,221.500,0.000,0.000,0.000
"05:00",0.000,0.000,221.500,0.000,0.000,0.000
"05:15",0.000,0.000,221.500,0.000,0.000,0.000
"05:30",0.000,0.000,221.500,0.000,0.000,0.000
"05:45",0.000,0.000,221.500,0.000,0.000,0.000
"06:00",0.000,0.000,221.500,0.000,0.000,0.000
"06:15",0.000,0.000,221.500,0.000,0.000,0.000
"06:30",0.000,0.000,221.500,0.000,0.000,0.000
"06:45",0.000,0.000,221.500,0.000,0.000,0.000
"07:00",0.000,0.000,221.500,0.000,0.000,0.000
"07:15",0.000,0.000,221.500,0.000,0.000,0.000
"07:30",0.000,0.000,221.500,0.000,0.000,0.000
"07:45",0.000,0.000,221.500,0.000,0.000,0.000
"08:00",0.000,0.000,221.500,0.000,0.000,0.000
"08:15",0.515,0.000,221.500,0.000,0.000,0.000
"08:30",0.515,0.000,221.500,0.000,0.000,0.000
"08:45",0.515,0.000,221.500,0.000,0.000,0.000
"09:00",0.515,0.000,221.500,0.000,0.000,0.000
"09:15",7.133,0.000,221.500,0.000,0.000,0.000
"09:30",7.133,0.000,221.500,0.000,0.000,0.000
"09:45",7.133,0.000,221.500,0.000,0.000,0.000
"10:00",7.133,0.000,221.500,0.000,0.000,0.000
"10:15",14.318,0.000,221.500,0.000,0.000,0.000
"10:30",14.318,0.000,221.500,0.000,0.000,0.000
"10:45",14.318,0.000,221.500,0.000,0.000,0.000
"11:00",14.318,0.000,221.500,0.000,0.000,0.000
"11:15",12.832,0.000,221.500,0.000,0.000,0.000
"11:30",12.832,0.000,221.500,0.000,0.000,0.000
"11:45",12.832,0.000,221.500,0.000,0.000,0.000
"12:00",12.832,0.000,221.500,0.000,0.000,0.000
"12:15",15.877,0.000,221.500,0.000,0.000,0.000
"12:30",15.877,0.000,221.500,0.000,0.000,0.000
"12:45",15.877,0.000,221.500,0.000,0.000,0.000
"13:00",15.877,0.000,221.500,0.000,0.000,0.000
"13:15",21.215,0.000,221.500,0.000,0.000,0.000
"13:30",21.215,0.000,221.500,0.000,0.000,0.000
"13:45",21.215,0.000,221.500,0.000,0.000,0.000
"14:00",21.215,0.000,221.500,0.000,0.000,0.000
"14:15",23.438,0.000,221.500,0.000,0.000,0.000
"14:30",23.438,0.000,221.500,0.000,0.000,0.000
"14:45",23.438,0.000,221.500,0.000,0.000,0.000
"15:00",23.438,0.000,221.500,0.000,0.000,0.000
"15:15",27.973,0.000,221.500,0.000,0.000,0.000
"15:30",27.973,0.000,221.500,0.000,0.000,0.000
"15:45",27.973,0.000,221.500,0.000,0.000,0.000
"16:00",27.973,0.000,221.500,0.000,0.000,0.000
"16:15",11.602,0.000,221.500,0.000,0.000,0.000
"16:30",11.602,0.000,221.500,0.000,0.000,0.000
"16:45",11.602,0.000,221.500,0.000,0.000,0.000
"17:00",11.602,0.000,221.500,0.000,0.000,0.000
"17:15",7.790,0.000,221.500,0.000,0.000,0.000
"17:30",7.790,0.000,221.500,0.000,0.000,0.000
"17:45",7.790,0.000,221.500,0.000,0.000,0.000
"18:00",7.790,0.000,221.500,0.000,0.000,0.000
"18:15",2.002,0.000,221.500,0.000,0.000,0.000
"18:30",2.002,0.000,221.500,0.000,0.000,0.000
"18:45",2.002,0.000,221.500,0.000,0.000,0.000
"19:00",2.002,0.000,221.500,0.000,0.000,0.000
"19:15",0.003,0.000,221.500,0.000,0.000,0.000
"19:30",0.003,0.000,221.500,0.000,0.000,0.000
"19:45",0.003,0.000,221.500,0.000,0.000,0.000
"20:00",0.003,0.000,221.500,0.000,0.000,0.000
"20:15",0.000,0.000,221.500,0.000,0.000,0.000
"20:30",0.000,0.000,221.500,0.000,0.000,0.000
"20:45",0.000,0.000,221.500,0.000,0.000,0.000
"21:00",0.000,0.000,221.500,0.000,0.000,0.000
"21:15",0.000,0.000,221.500,0.000,0.000,0.000
"21:30",0.000,0.000,221.500,0.000,0.000,0.000
"21:45",0.000,0.000,221.500,0.000,0.000,0.000
"22:00",0.000,0.000,221.500,0.000,0.000,0.000
"22:15",0.000,0.000,221.500,0.000,0.000,0.000
"22:30",0.000,0.000,221.500,0.000,0.000,0.000
"22:45",0.000,0.000,221.500,0.000,0.000,0.000
"23:00",0.000,0.000,221.500,0.000,0.000,0.000
"23:15",0.000,0.000,221.500,0.000,0.000,0.000
"23:30",0.000,0.000,221.500,0.000,0.000,0.000
"23:45",0.000,0.000,221.500,0.000,0.000,0.000
"04/20/26 24:00",0.000,0.000,221.500,0.000,0.000,0.000
