"kwh"
"Time ","AGRIM02P","AGRIM02P","AGRIM02P","AGRIM02P","AGRIM02P","AGRIM02P"
" 3/22/26 00:15",0.000,0.000,221.500,0.192,0.000,0.000
" 3/22/26 00:30",0.000,0.000,221.600,0.179,0.000,0.000
"00:45",0.000,0.000,221.600,0.179,0.000,0.000
"01:00",0.000,0.000,221.600,0.192,0.000,0.000
"01:15",0.000,0.000,221.700,0.179,0.000,0.000
"01:30",0.000,0.000,221.700,0.192,0.000,0.000
"01:45",0.000,0.000,221.700,0.179,0.000,0.000
"02:00",0.000,0.000,221.800,0.192,0.000,0.000
"02:15",0.000,0.000,221.800,0.179,0.000,0.000
"02:30",0.000,0.000,221.800,0.192,0.000,0.000
"02:45",0.000,0.000,221.800,0.179,0.000,0.000
"03:00",0.000,0.000,221.800,0.192,0.000,0.000
"03:15",0.000,0.000,221.800,0.179,0.000,0.000
"03:30",0.000,0.000,221.800,0.192,0.000,0.000
"03:45",0.000,0.000,221.900,0.179,0.000,0.000
"04:00",0.000,0.000,221.900,0.179,0.000,0.000
"04:15",0.000,0.000,221.900,0.192,0.000,0.000
"04:30",0.000,0.000,221.900,0.179,0.000,0.000
"04:45",0.000,0.000,221.900,0.192,0.000,0.000
"05:00",0.000,0.000,221.900,0.179,0.000,0.000
"05:15",0.000,0.000,221.800,0.192,0.000,0.000
"05:30",0.000,0.000,221.900,0.179,0.000,0.000
"05:45",0.000,0.000,221.800,0.179,0.000,0.000
"06:00",0.000,0.000,221.900,0.192,0.000,0.000
"06:15",0.000,0.000,221.800,0.179,0.000,0.000
"06:30",0.000,0.000,221.800,0.192,0.000,0.000
"06:45",0.000,0.000,221.800,0.179,0.000,0.000
"07:00",0.000,0.000,221.800,0.179,0.000,0.000
"07:15",0.000,0.000,221.800,0.192,0.000,0.000
"07:30",0.000,0.000,221.900,0.179,0.000,0.000
"07:45",0.013,0.000,221.900,0.166,0.000,0.000
"08:00",0.192,0.000,221.800,0.000,0.000,0.013
"08:15",0.614,0.000,221.600,0.000,0.000,0.051
"08:30",0.832,0.000,221.600,0.000,0.000,0.026
"08:45",2.560,0.000,221.600,0.000,0.000,0.000
"09:00",4.954,0.000,221.700,0.000,0.000,0.013
"09:15",8.205,0.000,221.700,0.000,0.000,0.000
"09:30",10.611,0.000,221.700,0.000,0.000,0.000
"09:45",16.256,0.000,221.900,0.000,0.000,0.000
"10:00",39.539,0.000,222.400,0.000,0.000,0.000
"10:15",67.853,0.000,222.900,0.000,0.000,0.000
"10:30",67.789,0.000,223.800,0.000,0.000,0.000
"10:45",75.610,0.000,224.100,0.000,0.000,0.000
"11:00",80.346,0.000,224.200,0.000,0.000,0.026
"11:15",84.352,0.000,224.400,0.000,0.000,0.026
"11:30",88.205,0.000,224.400,0.000,0.000,0.038
"11:45",92.403,0.000,224.400,0.000,0.000,0.038
"12:00",95.411,0.000,224.500,0.000,0.000,0.077
"12:15",97.344,0.000,224.500,0.000,0.000,0.064
"12:30",96.410,0.000,224.500,0.000,0.000,0.090
"12:45",97.741,0.000,224.500,0.000,0.000,0.102
"13:00",98.189,0.000,224.700,0.000,0.000,0.102
"13:15",98.406,0.000,224.900,0.000,0.000,0.307
"13:30",98.061,0.000,225.000,0.000,0.000,0.090
"13:45",97.907,0.000,225.000,0.000,0.000,0.077
"14:00",97.523,0.000,224.900,0.000,0.000,0.038
"14:15",97.536,0.000,224.900,0.000,0.000,0.102
"14:30",96.998,0.000,224.900,0.000,0.000,0.115
"14:45",95.910,0.000,224.900,0.000,0.000,0.051
"15:00",95.322,0.000,224.900,0.000,0.000,0.064
"15:15",94.221,0.000,224.900,0.000,0.000,0.038
"15:30",94.170,0.000,224.900,0.000,0.000,0.026
"15:45",90.918,0.000,224.900,0.000,0.000,0.026
"16:00",86.413,0.000,224.800,0.000,0.000,0.038
"16:15",81.600,0.000,224.800,0.000,0.000,0.026
"16:30",76.211,0.000,224.700,0.000,0.000,0.013
"16:45",70.707,0.000,224.600,0.000,0.000,0.038
"17:00",64.742,0.000,224.400,0.000,0.000,0.026
"17:15",58.573,0.000,224.300,0.000,0.000,0.064
"17:30",51.802,0.000,224.200,0.000,0.000,0.090
"17:45",44.429,0.000,224.000,0.000,0.000,0.064
"18:00",36.979,0.000,223.800,0.000,0.000,0.051
"18:15",29.389,0.000,223.400,0.000,0.000,0.051
"18:30",21.683,0.000,223.000,0.000,0.000,0.026
"18:45",14.413,0.000,222.700,0.000,0.000,0.026
"19:00",7.910,0.000,222.300,0.000,0.000,0.026
"19:15",2.893,0.000,222.000,0.000,0.000,0.026
"19:30",0.371,0.000,221.800,0.000,0.000,0.026
"19:45",0.026,0.013,221.700,0.102,0.000,0.000
"20:00",0.000,0.013,221.600,0.166,0.000,0.000
"20:15",0.000,0.000,221.600,0.179,0.000,0.000
"20:30",0.000,0.000,221.600,0.192,0.000,0.000
"20:45",0.000,0.000,221.600,0.179,0.000,0.000
"21:00",0.000,0.000,221.600,0.192,0.000,0.000
"21:15",0.000,0.000,221.600,0.179,0.000,0.000
"21:30",0.000,0.000,221.500,0.179,0.000,0.000
"21:45",0.000,0.000,221.500,0.192,0.000,0.000
"22:00",0.000,0.000,221.500,0.192,0.000,0.000
"22:15",0.000,0.000,221.600,0.179,0.000,0.000
"22:30",0.000,0.000,221.600,0.179,0.000,0.000
"22:45",0.000,0.000,221.500,0.192,0.000,0.000
"23:00",0.000,0.000,221.600,0.192,0.000,0.000
"23:15",0.000,0.000,221.600,0.179,0.000,0.000
"23:30",0.000,0.000,221.600,0.179,0.000,0.000
"23:45",0.000,0.000,221.600,0.192,0.000,0.000
" 3/22/26 24:00",0.000,0.000,221.600,0.179,0.000,0.000
