"kwh"
"Time ","AGRIM02P","AGRIM02P","AGRIM02P","AGRIM02P","AGRIM02P","AGRIM02P"
" 7/25/26 00:15",0.000,0.000,221.600,0.179,0.000,0.000
" 7/25/26 00:30",0.000,0.000,221.600,0.166,0.000,0.000
"00:45",0.000,0.000,221.700,0.179,0.000,0.000
"01:00",0.000,0.000,221.700,0.166,0.000,0.000
"01:15",0.000,0.000,221.700,0.179,0.000,0.000
"01:30",0.000,0.000,221.700,0.166,0.000,0.000
"01:45",0.000,0.000,221.800,0.179,0.000,0.000
"02:00",0.000,0.000,221.700,0.179,0.000,0.000
"02:15",0.000,0.000,221.700,0.166,0.000,0.000
"02:30",0.000,0.000,221.800,0.166,0.000,0.000
"02:45",0.000,0.000,221.700,0.179,0.000,0.000
"03:00",0.000,0.000,221.700,0.166,0.000,0.000
"03:15",0.000,0.000,221.700,0.179,0.000,0.000
"03:30",0.000,0.000,221.700,0.166,0.000,0.000
"03:45",0.000,0.000,221.700,0.179,0.000,0.000
"04:00",0.000,0.000,221.700,0.166,0.000,0.000
"04:15",0.000,0.000,221.700,0.179,0.000,0.000
"04:30",0.000,0.000,221.700,0.179,0.000,0.000
"04:45",0.000,0.000,221.800,0.166,0.000,0.000
"05:00",0.000,0.000,221.800,0.179,0.000,0.000
"05:15",0.000,0.000,221.700,0.166,0.000,0.000
"05:30",0.000,0.000,221.800,0.179,0.000,0.000
"05:45",0.000,0.000,221.700,0.166,0.000,0.000
"06:00",0.000,0.000,221.800,0.179,0.000,0.000
"06:15",0.000,0.000,221.800,0.166,0.000,0.000
"06:30",0.000,0.000,221.800,0.179,0.000,0.000
"06:45",0.000,0.000,221.800,0.166,0.000,0.000
"07:00",0.000,0.000,221.800,0.179,0.000,0.000
"07:15",0.000,0.000,221.700,0.166,0.000,0.000
"07:30",0.000,0.000,221.700,0.179,0.000,0.000
"07:45",0.000,0.000,221.700,0.166,0.000,0.000
"08:00",0.000,0.000,221.800,0.179,0.000,0.000
"08:15",0.000,0.000,221.700,0.166,0.000,0.000
"08:30",0.000,0.000,221.700,0.166,0.000,0.000
"08:45",0.051,0.000,221.800,0.064,0.000,0.013
"09:00",0.755,0.000,221.800,0.000,0.000,0.013
"09:15",2.560,0.000,221.800,0.000,0.000,0.090
"09:30",4.096,0.000,221.900,0.000,0.000,0.115
"09:45",5.901,0.000,222.100,0.000,0.000,0.256
"10:00",10.675,0.000,222.200,0.000,0.000,0.320
"10:15",18.509,0.000,222.400,0.000,0.000,0.307
"10:30",14.349,0.000,222.300,0.000,0.000,0.179
"10:45",16.461,0.000,222.400,0.000,0.000,0.128
"11:00",41.254,0.000,223.100,0.000,0.000,0.320
"11:15",38.618,0.000,223.100,0.000,0.000,0.205
"11:30",43.392,0.000,223.200,0.000,0.000,0.128
"11:45",34.854,0.000,223.000,0.000,0.000,0.307
"12:00",41.293,0.000,223.100,0.000,0.000,0.000
"12:15",39.578,0.000,223.200,0.000,0.000,0.000
"12:30",46.323,0.000,223.400,0.000,0.000,0.026
"12:45",64.486,0.000,223.700,0.000,0.000,0.627
"13:00",50.816,0.000,223.400,0.000,0.000,0.179
"13:15",48.192,0.000,223.500,0.000,0.000,0.102
"13:30",78.925,0.000,224.200,0.000,0.000,1.178
"13:45",102.490,0.000,224.400,0.000,0.000,0.717
"14:00",101.210,0.000,224.400,0.000,0.000,1.165
"14:15",100.160,0.000,224.400,0.000,0.000,1.203
"14:30",101.325,0.000,224.500,0.000,0.000,0.397
"14:45",98.726,0.000,224.500,0.000,0.000,0.269
"15:00",96.730,0.000,224.400,0.000,0.000,0.000
"15:15",93.069,0.000,224.500,0.000,0.000,0.051
"15:30",89.152,0.000,224.300,0.000,0.000,1.280
"15:45",85.248,0.000,224.300,0.000,0.000,0.090
"16:00",80.768,0.000,224.300,0.000,0.000,0.038
"16:15",75.981,0.000,224.100,0.000,0.000,0.102
"16:30",69.850,0.000,224.100,0.000,0.000,0.013
"16:45",63.462,0.000,223.900,0.000,0.000,0.013
"17:00",56.704,0.000,223.700,0.000,0.000,0.000
"17:15",49.562,0.000,223.600,0.000,0.000,0.000
"17:30",41.984,0.000,223.300,0.000,0.000,0.000
"17:45",33.882,0.000,222.900,0.000,0.000,0.000
"18:00",25.216,0.000,222.600,0.000,0.000,0.000
"18:15",9.088,0.000,222.000,0.000,0.000,0.051
"18:30",2.381,0.000,221.700,0.000,0.000,0.051
"18:45",0.269,0.000,221.600,0.000,0.000,0.000
"19:00",0.000,0.026,221.500,0.115,0.000,0.000
"19:15",0.000,0.051,221.500,0.115,0.000,0.000
"19:30",0.000,0.000,221.500,0.179,0.000,0.000
"19:45",0.000,0.000,221.400,0.179,0.000,0.000
"20:00",0.000,0.000,221.400,0.166,0.000,0.000
"20:15",0.000,0.000,221.400,0.179,0.000,0.000
"20:30",0.000,0.000,221.400,0.166,0.000,0.000
"20:45",0.000,0.000,221.400,0.179,0.000,0.000
"21:00",0.000,0.000,221.400,0.166,0.000,0.000
"21:15",0.000,0.000,221.400,0.179,0.000,0.000
"21:30",0.000,0.000,221.300,0.179,0.000,0.000
"21:45",0.000,0.000,221.300,0.166,0.000,0.000
"22:00",0.000,0.000,221.300,0.179,0.000,0.000
"22:15",0.000,0.000,221.300,0.179,0.000,0.000
"22:30",0.000,0.000,221.400,0.166,0.000,0.000
"22:45",0.000,0.000,221.500,0.179,0.000,0.000
"23:00",0.000,0.000,221.500,0.166,0.000,0.000
"23:15",0.000,0.000,221.400,0.179,0.000,0.000
"23:30",0.000,0.000,221.400,0.179,0.000,0.000
"23:45",0.000,0.000,221.400,0.166,0.000,0.000
" 7/25/26 24:00",0.000,0.000,221.400,0.179,0.000,0.000
