"kwh"
"Time ","AGRIM02P","AGRIM02P","AGRIM02P","AGRIM02P","AGRIM02P","AGRIM02P"
" 7/13/26 00:15",0.000,0.000,221.800,0.166,0.000,0.000
" 7/13/26 00:30",0.000,0.000,221.800,0.179,0.000,0.000
"00:45",0.000,0.000,221.900,0.166,0.000,0.000
"01:00",0.000,0.000,221.900,0.179,0.000,0.000
"01:15",0.000,0.000,221.900,0.179,0.000,0.000
"01:30",0.000,0.000,221.900,0.166,0.000,0.000
"01:45",0.000,0.000,221.900,0.179,0.000,0.000
"02:00",0.000,0.000,221.800,0.166,0.000,0.000
"02:15",0.000,0.000,221.800,0.179,0.000,0.000
"02:30",0.000,0.000,221.800,0.166,0.000,0.000
"02:45",0.000,0.000,221.900,0.179,0.000,0.000
"03:00",0.000,0.000,221.900,0.179,0.000,0.000
"03:15",0.000,0.000,221.900,0.166,0.000,0.000
"03:30",0.000,0.000,221.900,0.179,0.000,0.000
"03:45",0.000,0.000,221.900,0.166,0.000,0.000
"04:00",0.000,0.000,221.900,0.179,0.000,0.000
"04:15",0.000,0.000,221.800,0.179,0.000,0.000
"04:30",0.000,0.000,221.900,0.166,0.000,0.000
"04:45",0.000,0.000,221.900,0.179,0.000,0.000
"05:00",0.000,0.000,221.900,0.179,0.000,0.000
"05:15",0.000,0.000,221.900,0.166,0.000,0.000
"05:30",0.000,0.000,221.900,0.179,0.000,0.000
"05:45",0.000,0.000,221.800,0.166,0.000,0.000
"06:00",0.000,0.000,221.900,0.179,0.000,0.000
"06:15",0.000,0.000,221.900,0.179,0.000,0.000
"06:30",0.000,0.000,221.900,0.166,0.000,0.000
"06:45",0.000,0.000,221.900,0.179,0.000,0.000
"07:00",0.000,0.000,221.800,0.166,0.000,0.000
"07:15",0.000,0.000,221.800,0.179,0.000,0.000
"07:30",0.000,0.000,221.800,0.166,0.000,0.000
"07:45",0.000,0.000,221.800,0.179,0.000,0.000
"08:00",0.000,0.000,221.700,0.179,0.000,0.000
"08:15",0.000,0.000,221.700,0.166,0.000,0.000
"08:30",0.013,0.013,221.600,0.141,0.000,0.000
"08:45",0.256,0.000,221.600,0.000,0.000,0.026
"09:00",0.691,0.000,221.600,0.000,0.000,0.013
"09:15",2.048,0.000,221.100,0.000,0.000,0.026
"09:30",4.621,0.000,221.200,0.000,0.000,0.051
"09:45",3.776,0.000,221.200,0.000,0.000,0.051
"10:00",3.942,0.000,221.200,0.000,0.000,0.051
"10:15",9.779,0.000,221.300,0.000,0.000,0.000
"10:30",9.331,0.000,221.300,0.000,0.000,0.013
"10:45",14.208,0.000,221.400,0.000,0.000,0.000
"11:00",15.219,0.000,221.500,0.000,0.000,0.000
"11:15",19.264,0.000,221.800,0.000,0.000,0.000
"11:30",21.606,0.000,221.900,0.000,0.000,0.000
"11:45",26.470,0.000,222.000,0.000,0.000,0.000
"12:00",36.992,0.000,222.300,0.000,0.000,0.000
"12:15",54.618,0.000,222.900,0.000,0.000,0.000
"12:30",90.342,0.000,223.400,0.000,0.000,0.000
"12:45",73.459,0.000,223.100,0.000,0.000,0.000
"13:00",68.147,0.000,223.000,0.000,0.000,0.000
"13:15",54.886,0.000,222.700,0.000,0.000,0.000
"13:30",47.731,0.000,222.600,0.000,0.000,0.000
"13:45",62.157,0.000,222.900,0.000,0.000,0.000
"14:00",72.794,0.000,223.200,0.000,0.000,0.000
"14:15",73.242,0.000,223.200,0.000,0.000,0.000
"14:30",83.226,0.000,223.200,0.000,0.000,0.000
"14:45",69.478,0.000,223.100,0.000,0.000,0.000
"15:00",80.525,0.000,223.400,0.000,0.000,0.000
"15:15",84.634,0.000,223.500,0.000,0.000,0.000
"15:30",86.221,0.000,223.700,0.000,0.000,0.000
"15:45",81.024,0.000,224.000,0.000,0.000,0.000
"16:00",69.862,0.000,223.700,0.000,0.000,0.000
"16:15",73.664,0.000,223.700,0.000,0.000,0.000
"16:30",67.891,0.000,223.600,0.000,0.000,0.000
"16:45",60.211,0.000,223.600,0.000,0.000,0.000
"17:00",53.402,0.000,223.500,0.000,0.000,0.000
"17:15",46.080,0.000,223.200,0.000,0.000,0.000
"17:30",38.349,0.000,223.000,0.000,0.000,0.000
"17:45",30.413,0.000,222.600,0.000,0.000,0.000
"18:00",14.912,0.000,222.200,0.000,0.000,0.026
"18:15",3.418,0.000,222.000,0.000,0.000,0.077
"18:30",1.114,0.000,221.800,0.000,0.000,0.013
"18:45",0.179,0.000,221.700,0.013,0.000,0.000
"19:00",0.000,0.038,221.600,0.102,0.000,0.000
"19:15",0.000,0.026,221.600,0.141,0.000,0.000
"19:30",0.000,0.000,221.500,0.166,0.000,0.000
"19:45",0.000,0.000,221.500,0.179,0.000,0.000
"20:00",0.000,0.000,221.500,0.166,0.000,0.000
"20:15",0.000,0.000,221.500,0.179,0.000,0.000
"20:30",0.000,0.000,221.400,0.179,0.000,0.000
"20:45",0.000,0.000,221.400,0.166,0.000,0.000
"21:00",0.000,0.000,221.500,0.179,0.000,0.000
"21:15",0.000,0.000,221.500,0.179,0.000,0.000
"21:30",0.000,0.000,221.500,0.166,0.000,0.000
"21:45",0.000,0.000,221.500,0.179,0.000,0.000
"22:00",0.000,0.000,221.500,0.166,0.000,0.000
"22:15",0.000,0.000,221.500,0.179,0.000,0.000
"22:30",0.000,0.000,221.600,0.166,0.000,0.000
"22:45",0.000,0.000,221.600,0.179,0.000,0.000
"23:00",0.000,0.000,221.500,0.179,0.000,0.000
"23:15",0.000,0.000,221.400,0.166,0.000,0.000
"23:30",0.000,0.000,221.300,0.179,0.000,0.000
"23:45",0.000,0.000,221.300,0.166,0.000,0.000
" 7/13/26 24:00",0.000,0.000,221.400,0.179,0.000,0.000
