"kwh"
"Time ","AGRIM02P","AGRIM02P","AGRIM02P","AGRIM02P","AGRIM02P","AGRIM02P"
" 1/03/26 00:15",0.000,0.000,219.500,0.179,0.000,0.000
" 1/03/26 00:30",0.000,0.000,219.500,0.179,0.000,0.000
"00:45",0.000,0.000,219.600,0.179,0.000,0.000
"01:00",0.000,0.000,219.600,0.179,0.000,0.000
"01:15",0.000,0.000,219.600,0.192,0.000,0.000
"01:30",0.000,0.000,219.600,0.179,0.000,0.000
"01:45",0.000,0.000,219.600,0.179,0.000,0.000
"02:00",0.000,0.000,219.700,0.179,0.000,0.000
"02:15",0.000,0.000,219.700,0.179,0.000,0.000
"02:30",0.000,0.000,219.700,0.179,0.000,0.000
"02:45",0.000,0.000,219.700,0.179,0.000,0.000
"03:00",0.000,0.000,219.700,0.192,0.000,0.000
"03:15",0.000,0.000,219.800,0.179,0.000,0.000
"03:30",0.000,0.000,219.800,0.179,0.000,0.000
"03:45",0.000,0.000,219.800,0.179,0.000,0.000
"04:00",0.000,0.000,219.800,0.179,0.000,0.000
"04:15",0.000,0.000,219.800,0.179,0.000,0.000
"04:30",0.000,0.000,219.800,0.192,0.000,0.000
"04:45",0.000,0.000,219.800,0.179,0.000,0.000
"05:00",0.000,0.000,219.800,0.179,0.000,0.000
"05:15",0.000,0.000,219.800,0.179,0.000,0.000
"05:30",0.000,0.000,219.800,0.179,0.000,0.000
"05:45",0.000,0.000,219.900,0.192,0.000,0.000
"06:00",0.000,0.000,219.900,0.179,0.000,0.000
"06:15",0.000,0.000,219.900,0.179,0.000,0.000
"06:30",0.077,0.000,219.900,0.090,0.000,0.013
"06:45",0.550,0.000,220.000,0.000,0.000,0.026
"07:00",1.280,0.000,220.100,0.000,0.000,0.064
"07:15",2.099,0.000,220.100,0.000,0.000,0.038
"07:30",3.930,0.000,220.000,0.000,0.000,0.026
"07:45",8.115,0.000,220.400,0.000,0.000,0.051
"08:00",14.080,0.000,220.700,0.000,0.000,0.064
"08:15",20.826,0.000,220.800,0.000,0.000,0.000
"08:30",28.442,0.000,221.100,0.000,0.000,0.000
"08:45",35.776,0.000,221.300,0.000,0.000,0.000
"09:00",43.853,0.000,221.200,0.000,0.000,0.000
"09:15",51.251,0.000,221.100,0.000,0.000,0.000
"09:30",58.317,0.000,221.100,0.000,0.000,0.000
"09:45",64.678,0.000,220.900,0.000,0.000,0.000
"10:00",71.142,0.000,221.000,0.000,0.000,0.000
"10:15",77.478,0.000,221.100,0.000,0.000,0.000
"10:30",83.341,0.000,221.100,0.000,0.000,0.000
"10:45",88.282,0.000,221.200,0.000,0.000,0.000
"11:00",93.133,0.000,221.300,0.000,0.000,0.000
"11:15",97.152,0.000,221.300,0.000,0.000,0.000
"11:30",100.211,0.000,221.100,0.000,0.000,0.000
"11:45",102.451,0.000,221.100,0.000,0.000,0.000
"12:00",103.437,0.000,221.300,0.000,0.000,0.000
"12:15",103.782,0.000,221.400,0.000,0.000,0.000
"12:30",103.885,0.000,221.600,0.000,0.000,0.013
"12:45",103.949,0.000,221.800,0.000,0.000,0.000
"13:00",103.974,0.000,221.800,0.000,0.000,0.000
"13:15",103.872,0.000,221.800,0.000,0.000,0.000
"13:30",103.872,0.000,221.900,0.000,0.000,0.000
"13:45",103.872,0.000,221.800,0.000,0.000,0.000
"14:00",103.846,0.000,221.800,0.000,0.000,0.000
"14:15",103.808,0.000,221.800,0.000,0.000,0.000
"14:30",103.898,0.000,221.800,0.000,0.000,0.000
"14:45",103.910,0.000,221.800,0.000,0.000,0.000
"15:00",103.757,0.000,221.800,0.000,0.000,0.000
"15:15",103.206,0.000,221.800,0.000,0.000,0.000
"15:30",101.299,0.000,221.800,0.000,0.000,0.000
"15:45",97.894,0.000,221.800,0.000,0.000,0.000
"16:00",94.502,0.000,222.000,0.000,0.000,0.000
"16:15",89.958,0.000,222.000,0.000,0.000,0.000
"16:30",85.197,0.000,221.900,0.000,0.000,0.000
"16:45",80.077,0.000,221.900,0.000,0.000,0.000
"17:00",74.624,0.000,221.800,0.000,0.000,0.000
"17:15",68.646,0.000,221.700,0.000,0.000,0.000
"17:30",62.310,0.000,221.600,0.000,0.000,0.000
"17:45",55.731,0.000,221.600,0.000,0.000,0.013
"18:00",48.755,0.000,221.800,0.000,0.000,0.000
"18:15",41.677,0.000,221.800,0.000,0.000,0.013
"18:30",34.227,0.000,221.600,0.000,0.000,0.013
"18:45",26.918,0.000,221.300,0.000,0.000,0.000
"19:00",19.635,0.000,221.100,0.000,0.000,0.000
"19:15",13.107,0.000,220.700,0.000,0.000,0.000
"19:30",7.821,0.000,220.400,0.000,0.000,0.038
"19:45",4.403,0.000,220.200,0.000,0.000,0.013
"20:00",2.650,0.000,219.900,0.000,0.000,0.090
"20:15",1.395,0.000,219.700,0.000,0.000,0.090
"20:30",0.461,0.000,219.600,0.000,0.000,0.128
"20:45",0.013,0.026,219.500,0.051,0.000,0.000
"21:00",0.000,0.026,219.500,0.166,0.000,0.000
"21:15",0.000,0.013,219.400,0.166,0.000,0.000
"21:30",0.000,0.000,219.500,0.179,0.000,0.000
"21:45",0.000,0.000,219.500,0.179,0.000,0.000
"22:00",0.000,0.000,219.500,0.192,0.000,0.000
"22:15",0.000,0.000,219.500,0.179,0.000,0.000
"22:30",0.000,0.000,219.500,0.179,0.000,0.000
"22:45",0.000,0.000,219.500,0.179,0.000,0.000
"23:00",0.000,0.000,219.400,0.179,0.000,0.000
"23:15",0.000,0.000,219.400,0.179,0.000,0.000
"23:30",0.000,0.000,219.400,0.179,0.000,0.000
"23:45",0.000,0.000,219.300,0.192,0.000,0.000
" 1/03/26 24:00",0.000,0.000,219.300,0.179,0.000,0.000
