"kwh"
"Time ","AGRIM02P","AGRIM02P","AGRIM02P","AGRIM02P","AGRIM02P","AGRIM02P"
" 2/07/26 00:15",0.000,0.000,221.200,0.179,0.000,0.000
" 2/07/26 00:30",0.000,0.000,221.200,0.179,0.000,0.000
"00:45",0.000,0.000,221.200,0.192,0.000,0.000
"01:00",0.000,0.000,221.200,0.179,0.000,0.000
"01:15",0.000,0.000,221.300,0.192,0.000,0.000
"01:30",0.000,0.000,221.200,0.179,0.000,0.000
"01:45",0.000,0.000,221.300,0.192,0.000,0.000
"02:00",0.000,0.000,221.200,0.179,0.000,0.000
"02:15",0.000,0.000,221.200,0.192,0.000,0.000
"02:30",0.000,0.000,221.200,0.179,0.000,0.000
"02:45",0.000,0.000,221.200,0.179,0.000,0.000
"03:00",0.000,0.000,221.200,0.192,0.000,0.000
"03:15",0.000,0.000,221.300,0.179,0.000,0.000
"03:30",0.000,0.000,221.300,0.179,0.000,0.000
"03:45",0.000,0.000,221.300,0.192,0.000,0.000
"04:00",0.000,0.000,221.300,0.179,0.000,0.000
"04:15",0.000,0.000,221.400,0.192,0.000,0.000
"04:30",0.000,0.000,221.300,0.179,0.000,0.000
"04:45",0.000,0.000,221.400,0.179,0.000,0.000
"05:00",0.000,0.000,221.400,0.192,0.000,0.000
"05:15",0.000,0.000,221.400,0.179,0.000,0.000
"05:30",0.000,0.000,221.400,0.192,0.000,0.000
"05:45",0.000,0.000,221.300,0.179,0.000,0.000
"06:00",0.000,0.000,221.300,0.192,0.000,0.000
"06:15",0.000,0.000,221.300,0.179,0.000,0.000
"06:30",0.000,0.000,221.300,0.179,0.000,0.000
"06:45",0.000,0.000,221.300,0.192,0.000,0.000
"07:00",0.026,0.000,221.300,0.102,0.000,0.000
"07:15",0.512,0.000,221.300,0.000,0.000,0.038
"07:30",1.562,0.000,221.400,0.000,0.000,0.038
"07:45",3.174,0.000,221.700,0.000,0.000,0.077
"08:00",6.618,0.000,222.100,0.000,0.000,0.102
"08:15",15.283,0.000,222.200,0.000,0.000,0.000
"08:30",15.731,0.000,222.400,0.000,0.000,0.026
"08:45",12.493,0.000,222.300,0.000,0.000,0.000
"09:00",14.131,0.000,222.300,0.000,0.000,0.000
"09:15",17.011,0.000,222.400,0.000,0.000,0.000
"09:30",20.122,0.000,222.500,0.000,0.000,0.000
"09:45",23.258,0.000,222.800,0.000,0.000,0.179
"10:00",27.494,0.000,222.900,0.000,0.000,0.038
"10:15",36.506,0.000,223.000,0.000,0.000,0.000
"10:30",45.261,0.000,223.100,0.000,0.000,0.000
"10:45",48.243,0.000,223.100,0.000,0.000,0.000
"11:00",41.318,0.000,223.200,0.000,0.000,0.000
"11:15",41.984,0.000,223.200,0.000,0.000,0.013
"11:30",43.840,0.000,223.600,0.000,0.000,0.000
"11:45",47.245,0.000,223.500,0.000,0.000,0.013
"12:00",74.035,0.000,223.900,0.000,0.000,0.000
"12:15",77.952,0.000,223.800,0.000,0.000,0.000
"12:30",47.334,0.000,223.600,0.000,0.000,0.013
"12:45",80.742,0.000,224.000,0.000,0.000,0.000
"13:00",71.514,0.000,224.400,0.000,0.000,0.026
"13:15",89.920,0.000,224.300,0.000,0.000,0.013
"13:30",69.491,0.000,224.100,0.000,0.000,0.013
"13:45",84.058,0.000,224.300,0.000,0.000,0.038
"14:00",82.189,0.000,224.400,0.000,0.000,0.051
"14:15",72.090,0.000,224.400,0.000,0.000,0.090
"14:30",76.787,0.000,224.300,0.000,0.000,0.026
"14:45",95.424,0.000,224.600,0.000,0.000,0.026
"15:00",102.515,0.000,224.300,0.000,0.000,0.000
"15:15",102.950,0.000,224.500,0.000,0.000,0.026
"15:30",100.749,0.000,224.100,0.000,0.000,0.013
"15:45",88.576,0.000,224.300,0.000,0.000,0.013
"16:00",90.816,0.000,224.500,0.000,0.000,0.013
"16:15",70.554,0.000,224.000,0.000,0.000,0.026
"16:30",77.504,0.000,223.600,0.000,0.000,0.000
"16:45",59.187,0.000,223.900,0.000,0.000,0.026
"17:00",63.437,0.000,223.600,0.000,0.000,0.026
"17:15",66.099,0.000,223.600,0.000,0.000,0.013
"17:30",60.685,0.000,224.300,0.000,0.000,0.026
"17:45",43.213,0.000,223.900,0.000,0.000,0.064
"18:00",51.456,0.000,224.000,0.000,0.000,0.154
"18:15",44.160,0.000,223.700,0.000,0.000,0.013
"18:30",30.118,0.000,223.000,0.000,0.000,0.013
"18:45",27.136,0.000,223.400,0.000,0.000,0.000
"19:00",17.203,0.000,223.000,0.000,0.000,0.026
"19:15",13.542,0.000,222.700,0.000,0.000,0.013
"19:30",7.731,0.000,222.400,0.000,0.000,0.077
"19:45",3.750,0.000,222.100,0.000,0.000,0.115
"20:00",1.523,0.000,221.900,0.000,0.000,0.038
"20:15",0.576,0.000,221.700,0.000,0.000,0.013
"20:30",0.038,0.000,221.700,0.064,0.000,0.000
"20:45",0.000,0.013,221.600,0.154,0.000,0.000
"21:00",0.000,0.013,221.600,0.179,0.000,0.000
"21:15",0.000,0.000,221.600,0.179,0.000,0.000
"21:30",0.000,0.000,221.600,0.192,0.000,0.000
"21:45",0.000,0.000,221.600,0.179,0.000,0.000
"22:00",0.000,0.000,221.600,0.192,0.000,0.000
"22:15",0.000,0.000,221.700,0.179,0.000,0.000
"22:30",0.000,0.000,221.700,0.179,0.000,0.000
"22:45",0.000,0.000,221.700,0.192,0.000,0.000
"23:00",0.000,0.000,221.700,0.179,0.000,0.000
"23:15",0.000,0.000,221.700,0.192,0.000,0.000
"23:30",0.000,0.000,221.700,0.179,0.000,0.000
"23:45",0.000,0.000,221.700,0.192,0.000,0.000
" 2/07/26 24:00",0.000,0.000,221.700,0.179,0.000,0.000
