"kwh"
"Time ","AGRIM02P","AGRIM02P","AGRIM02P","AGRIM02P","AGRIM02P","AGRIM02P"
" 3/31/26 00:15",0.000,0.000,220.700,0.179,0.000,0.000
" 3/31/26 00:30",0.000,0.000,220.700,0.179,0.000,0.000
"00:45",0.000,0.000,220.800,0.192,0.000,0.000
"01:00",0.000,0.000,220.800,0.179,0.000,0.000
"01:15",0.000,0.000,220.800,0.179,0.000,0.000
"01:30",0.000,0.000,220.800,0.192,0.000,0.000
"01:45",0.000,0.000,220.900,0.179,0.000,0.000
"02:00",0.000,0.000,220.800,0.179,0.000,0.000
"02:15",0.000,0.000,220.800,0.192,0.000,0.000
"02:30",0.000,0.000,220.900,0.179,0.000,0.000
"02:45",0.000,0.000,220.900,0.179,0.000,0.000
"03:00",0.000,0.000,220.900,0.179,0.000,0.000
"03:15",0.000,0.000,220.900,0.192,0.000,0.000
"03:30",0.000,0.000,220.900,0.179,0.000,0.000
"03:45",0.000,0.000,220.900,0.179,0.000,0.000
"04:00",0.000,0.000,220.900,0.192,0.000,0.000
"04:15",0.000,0.000,220.900,0.179,0.000,0.000
"04:30",0.000,0.000,220.900,0.179,0.000,0.000
"04:45",0.000,0.000,220.900,0.192,0.000,0.000
"05:00",0.000,0.000,221.000,0.179,0.000,0.000
"05:15",0.000,0.000,220.900,0.179,0.000,0.000
"05:30",0.000,0.000,220.900,0.192,0.000,0.000
"05:45",0.000,0.000,221.000,0.179,0.000,0.000
"06:00",0.000,0.000,221.000,0.179,0.000,0.000
"06:15",0.000,0.000,220.900,0.192,0.000,0.000
"06:30",0.000,0.000,220.900,0.179,0.000,0.000
"06:45",0.000,0.000,220.900,0.179,0.000,0.000
"07:00",0.000,0.000,220.800,0.192,0.000,0.000
"07:15",0.000,0.000,220.800,0.179,0.000,0.000
"07:30",0.000,0.000,220.800,0.179,0.000,0.000
"07:45",0.154,0.000,220.700,0.051,0.000,0.000
"08:00",1.357,0.000,220.800,0.000,0.000,0.000
"08:15",5.146,0.000,220.900,0.000,0.000,0.000
"08:30",10.739,0.000,221.300,0.000,0.000,0.000
"08:45",17.510,0.000,221.300,0.000,0.000,0.000
"09:00",24.845,0.000,221.600,0.000,0.000,0.000
"09:15",30.656,0.000,221.800,0.000,0.000,0.000
"09:30",35.328,0.000,222.100,0.000,0.000,0.000
"09:45",40.755,0.000,222.200,0.000,0.000,0.000
"10:00",43.942,0.000,222.200,0.000,0.000,0.000
"10:15",45.888,0.000,222.400,0.000,0.000,0.000
"10:30",50.304,0.000,222.400,0.000,0.000,0.000
"10:45",61.888,0.000,222.600,0.000,0.000,0.000
"11:00",66.368,0.000,222.900,0.000,0.000,0.000
"11:15",72.845,0.000,222.900,0.000,0.000,0.000
"11:30",77.709,0.000,223.000,0.000,0.000,0.000
"11:45",71.910,0.000,222.900,0.000,0.000,0.013
"12:00",83.750,0.000,223.100,0.000,0.000,0.000
"12:15",78.963,0.000,223.000,0.000,0.000,0.013
"12:30",87.245,0.000,222.800,0.000,0.000,0.000
"12:45",58.304,0.000,222.200,0.000,0.000,0.000
"13:00",66.381,0.000,222.500,0.000,0.000,0.000
"13:15",54.643,0.000,222.400,0.000,0.000,0.013
"13:30",50.867,0.000,222.400,0.000,0.000,0.000
"13:45",81.574,0.000,222.300,0.000,0.000,0.000
"14:00",86.694,0.000,222.800,0.000,0.000,0.000
"14:15",90.086,0.000,223.000,0.000,0.000,0.013
"14:30",80.346,0.000,222.800,0.000,0.000,0.000
"14:45",84.915,0.000,223.100,0.000,0.000,0.000
"15:00",92.006,0.000,223.100,0.000,0.000,0.000
"15:15",91.123,0.000,222.700,0.000,0.000,0.000
"15:30",86.438,0.000,222.800,0.000,0.000,0.000
"15:45",75.725,0.000,223.000,0.000,0.000,0.000
"16:00",65.088,0.000,222.400,0.000,0.000,0.000
"16:15",76.800,0.000,222.400,0.000,0.000,0.000
"16:30",68.838,0.000,222.500,0.000,0.000,0.000
"16:45",60.941,0.000,222.500,0.000,0.000,0.000
"17:00",58.522,0.000,222.500,0.000,0.000,0.000
"17:15",51.904,0.000,222.300,0.000,0.000,0.000
"17:30",35.904,0.000,222.300,0.000,0.000,0.013
"17:45",22.515,0.000,222.000,0.000,0.000,0.038
"18:00",24.781,0.000,222.200,0.000,0.000,0.000
"18:15",22.208,0.000,222.000,0.000,0.000,0.013
"18:30",19.392,0.000,221.700,0.000,0.000,0.000
"18:45",9.306,0.000,221.300,0.000,0.000,0.013
"19:00",3.840,0.000,221.000,0.000,0.000,0.077
"19:15",0.627,0.000,220.800,0.000,0.000,0.051
"19:30",0.013,0.013,220.800,0.064,0.000,0.000
"19:45",0.000,0.038,220.700,0.166,0.000,0.000
"20:00",0.000,0.000,220.700,0.179,0.000,0.000
"20:15",0.000,0.000,220.800,0.179,0.000,0.000
"20:30",0.000,0.000,220.800,0.179,0.000,0.000
"20:45",0.000,0.000,220.800,0.179,0.000,0.000
"21:00",0.000,0.000,220.800,0.192,0.000,0.000
"21:15",0.000,0.000,220.900,0.179,0.000,0.000
"21:30",0.000,0.000,220.900,0.179,0.000,0.000
"21:45",0.000,0.000,220.900,0.192,0.000,0.000
"22:00",0.000,0.000,220.900,0.179,0.000,0.000
"22:15",0.000,0.000,220.900,0.179,0.000,0.000
"22:30",0.000,0.000,220.900,0.192,0.000,0.000
"22:45",0.000,0.000,220.900,0.179,0.000,0.000
"23:00",0.000,0.000,221.000,0.179,0.000,0.000
"23:15",0.000,0.000,221.000,0.179,0.000,0.000
"23:30",0.000,0.000,220.900,0.192,0.000,0.000
"23:45",0.000,0.000,221.000,0.179,0.000,0.000
" 3/31/26 24:00",0.000,0.000,221.000,0.179,0.000,0.000
