"kwh"
"Time ","AGRIM02P","AGRIM02P","AGRIM02P","AGRIM02P","AGRIM02P","AGRIM02P"
"10/05/26 00:15",0.000,0.000,221.900,0.179,0.000,0.000
"10/05/26 00:30",0.000,0.000,221.900,0.166,0.000,0.000
"00:45",0.000,0.000,221.800,0.179,0.000,0.000
"01:00",0.000,0.000,221.900,0.166,0.000,0.000
"01:15",0.000,0.000,221.900,0.166,0.000,0.000
"01:30",0.000,0.000,221.900,0.179,0.000,0.000
"01:45",0.000,0.000,221.800,0.179,0.000,0.000
"02:00",0.000,0.000,221.900,0.166,0.000,0.000
"02:15",0.000,0.000,221.900,0.166,0.000,0.000
"02:30",0.000,0.000,222.000,0.179,0.000,0.000
"02:45",0.000,0.000,222.000,0.166,0.000,0.000
"03:00",0.000,0.000,222.000,0.179,0.000,0.000
"03:15",0.000,0.000,222.000,0.166,0.000,0.000
"03:30",0.000,0.000,222.000,0.179,0.000,0.000
"03:45",0.000,0.000,222.000,0.166,0.000,0.000
"04:00",0.000,0.000,222.000,0.179,0.000,0.000
"04:15",0.000,0.000,221.900,0.166,0.000,0.000
"04:30",0.000,0.000,221.900,0.179,0.000,0.000
"04:45",0.000,0.000,221.900,0.166,0.000,0.000
"05:00",0.000,0.000,221.900,0.179,0.000,0.000
"05:15",0.000,0.000,221.900,0.166,0.000,0.000
"05:30",0.000,0.000,221.900,0.179,0.000,0.000
"05:45",0.000,0.000,221.800,0.166,0.000,0.000
"06:00",0.000,0.000,221.900,0.179,0.000,0.000
"06:15",0.000,0.000,221.800,0.166,0.000,0.000
"06:30",0.000,0.000,221.800,0.166,0.000,0.000
"06:45",0.000,0.000,221.800,0.179,0.000,0.000
"07:00",0.000,0.000,221.800,0.166,0.000,0.000
"07:15",0.064,0.000,221.800,0.064,0.000,0.026
"07:30",0.717,0.000,222.000,0.000,0.000,0.038
"07:45",6.618,0.000,222.000,0.000,0.000,0.051
"08:00",17.037,0.000,222.300,0.000,0.000,0.000
"08:15",19.558,0.000,222.300,0.000,0.000,0.013
"08:30",32.614,0.000,222.500,0.000,0.000,0.000
"08:45",32.090,0.000,222.800,0.000,0.000,0.013
"09:00",29.184,0.000,222.700,0.000,0.000,0.000
"09:15",31.322,0.000,222.400,0.000,0.000,0.000
"09:30",70.259,0.000,223.100,0.000,0.000,0.000
"09:45",63.130,0.000,222.800,0.000,0.000,0.000
"10:00",70.682,0.000,222.700,0.000,0.000,0.000
"10:15",57.139,0.000,222.200,0.000,0.000,0.000
"10:30",43.840,0.000,221.900,0.000,0.000,0.000
"10:45",65.472,0.000,222.800,0.000,0.000,0.000
"11:00",89.869,0.000,223.400,0.000,0.000,0.000
"11:15",95.974,0.000,223.300,0.000,0.000,0.000
"11:30",82.534,0.000,222.700,0.000,0.000,0.000
"11:45",89.510,0.000,223.000,0.000,0.000,0.000
"12:00",110.784,0.000,223.400,0.000,0.000,0.000
"12:15",107.699,0.000,223.300,0.000,0.000,0.000
"12:30",104.909,0.000,223.200,0.000,0.000,0.013
"12:45",101.901,0.000,223.400,0.000,0.000,0.000
"13:00",113.178,0.000,224.000,0.000,0.000,0.013
"13:15",111.552,0.000,224.100,0.000,0.000,0.026
"13:30",81.254,0.000,223.200,0.000,0.000,0.038
"13:45",76.378,0.000,222.800,0.000,0.000,0.000
"14:00",64.179,0.000,222.400,0.000,0.000,0.090
"14:15",52.326,0.000,221.900,0.000,0.000,0.000
"14:30",85.530,0.000,222.700,0.000,0.000,0.000
"14:45",98.803,0.000,223.200,0.000,0.000,0.000
"15:00",60.070,0.000,222.400,0.000,0.000,0.000
"15:15",49.421,0.000,222.000,0.000,0.000,0.000
"15:30",52.698,0.000,222.000,0.000,0.000,0.000
"15:45",34.547,0.000,221.300,0.000,0.000,0.000
"16:00",39.219,0.000,221.500,0.000,0.000,0.000
"16:15",35.955,0.000,221.500,0.000,0.000,0.000
"16:30",25.216,0.000,221.100,0.000,0.000,0.000
"16:45",31.014,0.000,221.200,0.000,0.000,0.000
"17:00",29.619,0.000,221.100,0.000,0.000,0.000
"17:15",26.445,0.000,220.700,0.000,0.000,0.000
"17:30",19.085,0.000,220.200,0.000,0.000,0.000
"17:45",7.693,0.000,219.400,0.000,0.000,0.000
"18:00",8.205,0.000,219.800,0.000,0.000,0.013
"18:15",9.280,0.000,220.300,0.000,0.000,0.013
"18:30",9.498,0.000,220.300,0.000,0.000,0.013
"18:45",6.003,0.000,220.200,0.000,0.000,0.064
"19:00",2.086,0.000,220.000,0.000,0.000,0.077
"19:15",1.318,0.000,220.000,0.000,0.000,0.038
"19:30",0.051,0.013,219.900,0.064,0.000,0.000
"19:45",0.000,0.038,219.900,0.115,0.000,0.000
"20:00",0.000,0.013,219.900,0.154,0.000,0.000
"20:15",0.000,0.000,219.900,0.179,0.000,0.000
"20:30",0.000,0.000,219.900,0.166,0.000,0.000
"20:45",0.000,0.000,219.900,0.166,0.000,0.000
"21:00",0.000,0.000,219.900,0.166,0.000,0.000
"21:15",0.000,0.000,219.900,0.179,0.000,0.000
"21:30",0.000,0.000,219.900,0.166,0.000,0.000
"21:45",0.000,0.000,219.900,0.166,0.000,0.000
"22:00",0.000,0.000,219.900,0.179,0.000,0.000
"22:15",0.000,0.000,219.900,0.166,0.000,0.000
"22:30",0.000,0.000,219.900,0.166,0.000,0.000
"22:45",0.000,0.000,219.900,0.166,0.000,0.000
"23:00",0.000,0.000,219.900,0.179,0.000,0.000
"23:15",0.000,0.000,219.800,0.166,0.000,0.000
"23:30",0.000,0.000,219.600,0.166,0.000,0.000
"23:45",0.000,0.000,219.600,0.166,0.000,0.000
"10/05/26 24:00",0.000,0.000,219.600,0.179,0.000,0.000
