"kwh"
"Time ","AGRIM02P","AGRIM02P","AGRIM02P","AGRIM02P","AGRIM02P","AGRIM02P"
" 3/19/26 00:15",0.000,0.000,220.900,0.179,0.000,0.000
" 3/19/26 00:30",0.000,0.000,220.900,0.192,0.000,0.000
"00:45",0.000,0.000,220.900,0.179,0.000,0.000
"01:00",0.000,0.000,220.900,0.179,0.000,0.000
"01:15",0.000,0.000,220.900,0.192,0.000,0.000
"01:30",0.000,0.000,220.900,0.179,0.000,0.000
"01:45",0.000,0.000,221.000,0.179,0.000,0.000
"02:00",0.000,0.000,221.000,0.179,0.000,0.000
"02:15",0.000,0.000,221.000,0.192,0.000,0.000
"02:30",0.000,0.000,220.900,0.179,0.000,0.000
"02:45",0.000,0.000,220.900,0.179,0.000,0.000
"03:00",0.000,0.000,220.900,0.192,0.000,0.000
"03:15",0.000,0.000,220.900,0.179,0.000,0.000
"03:30",0.000,0.000,220.900,0.179,0.000,0.000
"03:45",0.000,0.000,220.900,0.192,0.000,0.000
"04:00",0.000,0.000,220.900,0.179,0.000,0.000
"04:15",0.000,0.000,221.000,0.179,0.000,0.000
"04:30",0.000,0.000,220.900,0.192,0.000,0.000
"04:45",0.000,0.000,220.900,0.179,0.000,0.000
"05:00",0.000,0.000,220.900,0.179,0.000,0.000
"05:15",0.000,0.000,220.900,0.179,0.000,0.000
"05:30",0.000,0.000,221.000,0.192,0.000,0.000
"05:45",0.000,0.000,221.000,0.179,0.000,0.000
"06:00",0.000,0.000,220.900,0.179,0.000,0.000
"06:15",0.000,0.000,221.000,0.192,0.000,0.000
"06:30",0.000,0.000,221.000,0.179,0.000,0.000
"06:45",0.000,0.000,221.000,0.179,0.000,0.000
"07:00",0.000,0.000,220.900,0.192,0.000,0.000
"07:15",0.000,0.000,220.900,0.179,0.000,0.000
"07:30",0.013,0.000,220.900,0.141,0.000,0.000
"07:45",0.371,0.000,221.000,0.000,0.000,0.013
"08:00",2.509,0.000,221.100,0.000,0.000,0.026
"08:15",6.426,0.000,221.400,0.000,0.000,0.013
"08:30",12.608,0.000,221.700,0.000,0.000,0.000
"08:45",19.533,0.000,222.100,0.000,0.000,0.013
"09:00",26.803,0.000,222.400,0.000,0.000,0.154
"09:15",34.150,0.000,222.700,0.000,0.000,0.026
"09:30",41.050,0.000,222.900,0.000,0.000,0.013
"09:45",47.923,0.000,223.100,0.000,0.000,0.013
"10:00",54.592,0.000,223.200,0.000,0.000,0.013
"10:15",60.813,0.000,223.800,0.000,0.000,0.013
"10:30",66.406,0.000,223.900,0.000,0.000,0.038
"10:45",71.130,0.000,223.900,0.000,0.000,0.038
"11:00",76.134,0.000,223.900,0.000,0.000,0.013
"11:15",80.922,0.000,224.000,0.000,0.000,0.026
"11:30",85.274,0.000,224.000,0.000,0.000,0.026
"11:45",89.907,0.000,224.200,0.000,0.000,0.026
"12:00",74.829,0.000,223.900,0.000,0.000,0.051
"12:15",97.574,0.000,224.000,0.000,0.000,0.064
"12:30",96.435,0.000,224.200,0.000,0.000,0.026
"12:45",75.085,0.000,223.600,0.000,0.000,0.013
"13:00",78.579,0.000,223.900,0.000,0.000,0.026
"13:15",95.962,0.000,224.000,0.000,0.000,0.038
"13:30",103.578,0.000,224.200,0.000,0.000,0.000
"13:45",92.787,0.000,224.100,0.000,0.000,0.038
"14:00",92.736,0.000,224.000,0.000,0.000,0.038
"14:15",101.850,0.000,224.300,0.000,0.000,0.077
"14:30",100.442,0.000,224.200,0.000,0.000,0.051
"14:45",97.421,0.000,224.100,0.000,0.000,0.013
"15:00",79.040,0.000,223.900,0.000,0.000,0.026
"15:15",46.938,0.000,223.200,0.000,0.000,0.026
"15:30",80.282,0.000,223.900,0.000,0.000,0.013
"15:45",69.286,0.000,223.700,0.000,0.000,0.026
"16:00",77.030,0.000,223.700,0.000,0.000,0.013
"16:15",70.618,0.000,223.800,0.000,0.000,0.013
"16:30",68.122,0.000,223.600,0.000,0.000,0.013
"16:45",69.581,0.000,223.700,0.000,0.000,0.013
"17:00",64.435,0.000,223.600,0.000,0.000,0.013
"17:15",56.077,0.000,223.500,0.000,0.000,0.026
"17:30",51.085,0.000,223.000,0.000,0.000,0.000
"17:45",44.275,0.000,223.000,0.000,0.000,0.013
"18:00",35.341,0.000,223.100,0.000,0.000,0.000
"18:15",28.378,0.000,222.900,0.000,0.000,0.013
"18:30",21.850,0.000,222.500,0.000,0.000,0.000
"18:45",14.733,0.000,222.200,0.000,0.000,0.013
"19:00",8.627,0.000,221.800,0.000,0.000,0.026
"19:15",3.558,0.000,221.600,0.000,0.000,0.013
"19:30",0.614,0.000,221.300,0.000,0.000,0.038
"19:45",0.064,0.000,221.300,0.064,0.000,0.000
"20:00",0.000,0.026,221.200,0.154,0.000,0.000
"20:15",0.000,0.013,221.100,0.179,0.000,0.000
"20:30",0.000,0.000,221.200,0.179,0.000,0.000
"20:45",0.000,0.000,221.100,0.192,0.000,0.000
"21:00",0.000,0.000,221.100,0.179,0.000,0.000
"21:15",0.000,0.000,221.100,0.179,0.000,0.000
"21:30",0.000,0.000,221.100,0.192,0.000,0.000
"21:45",0.000,0.000,221.100,0.179,0.000,0.000
"22:00",0.000,0.000,221.200,0.179,0.000,0.000
"22:15",0.000,0.000,221.200,0.192,0.000,0.000
"22:30",0.000,0.000,221.300,0.179,0.000,0.000
"22:45",0.000,0.000,221.300,0.179,0.000,0.000
"23:00",0.000,0.000,221.200,0.192,0.000,0.000
"23:15",0.000,0.000,221.200,0.179,0.000,0.000
"23:30",0.000,0.000,221.200,0.179,0.000,0.000
"23:45",0.000,0.000,221.200,0.192,0.000,0.000
" 3/19/26 24:00",0.000,0.000,221.300,0.179,0.000,0.000
