"kwh"
"Time ","AGRIM02P","AGRIM02P","AGRIM02P","AGRIM02P","AGRIM02P","AGRIM02P"
" 4/21/26 00:15",0.000,0.000,221.600,0.192,0.000,0.000
" 4/21/26 00:30",0.000,0.000,221.600,0.179,0.000,0.000
"00:45",0.000,0.000,221.600,0.192,0.000,0.000
"01:00",0.000,0.000,221.600,0.179,0.000,0.000
"01:15",0.000,0.000,221.700,0.192,0.000,0.000
"01:30",0.000,0.000,221.700,0.179,0.000,0.000
"01:45",0.000,0.000,221.700,0.192,0.000,0.000
"02:00",0.000,0.000,221.800,0.179,0.000,0.000
"02:15",0.000,0.000,221.800,0.192,0.000,0.000
"02:30",0.000,0.000,221.800,0.179,0.000,0.000
"02:45",0.000,0.000,221.800,0.192,0.000,0.000
"03:00",0.000,0.000,221.800,0.179,0.000,0.000
"03:15",0.000,0.000,221.700,0.192,0.000,0.000
"03:30",0.000,0.000,221.800,0.179,0.000,0.000
"03:45",0.000,0.000,221.800,0.192,0.000,0.000
"04:00",0.000,0.000,221.800,0.179,0.000,0.000
"04:15",0.000,0.000,221.700,0.179,0.000,0.000
"04:30",0.000,0.000,221.700,0.192,0.000,0.000
"04:45",0.000,0.000,221.800,0.179,0.000,0.000
"05:00",0.000,0.000,221.800,0.192,0.000,0.000
"05:15",0.000,0.000,221.800,0.179,0.000,0.000
"05:30",0.000,0.000,221.800,0.192,0.000,0.000
"05:45",0.000,0.000,221.800,0.179,0.000,0.000
"06:00",0.000,0.000,221.800,0.192,0.000,0.000
"06:15",0.000,0.000,221.700,0.179,0.000,0.000
"06:30",0.000,0.000,221.700,0.179,0.000,0.000
"06:45",0.000,0.000,221.700,0.192,0.000,0.000
"07:00",0.000,0.000,221.600,0.179,0.000,0.000
"07:15",0.000,0.000,221.600,0.179,0.000,0.000
"07:30",0.000,0.000,221.600,0.192,0.000,0.000
"07:45",0.000,0.000,221.600,0.179,0.000,0.000
"08:00",0.000,0.000,221.500,0.192,0.000,0.000
"08:15",0.038,0.000,221.600,0.038,0.000,0.000
"08:30",0.410,0.000,221.600,0.000,0.000,0.013
"08:45",0.704,0.000,220.900,0.026,0.000,0.051
"09:00",1.382,0.000,221.700,0.000,0.000,0.013
"09:15",1.331,0.000,221.700,0.000,0.000,0.077
"09:30",1.664,0.000,221.800,0.000,0.000,0.000
"09:45",8.448,0.000,222.200,0.000,0.000,0.026
"10:00",9.818,0.000,222.200,0.000,0.000,0.038
"10:15",7.642,0.000,222.300,0.000,0.000,0.077
"10:30",13.619,0.000,222.600,0.000,0.000,0.013
"10:45",17.152,0.000,223.100,0.000,0.000,0.013
"11:00",40.960,0.000,223.500,0.000,0.000,0.013
"11:15",46.950,0.000,223.100,0.000,0.000,0.000
"11:30",63.539,0.000,223.400,0.000,0.000,0.000
"11:45",70.374,0.000,223.600,0.000,0.000,0.000
"12:00",50.150,0.000,223.100,0.000,0.000,0.000
"12:15",35.674,0.000,222.500,0.000,0.000,0.038
"12:30",50.253,0.000,222.900,0.000,0.000,0.000
"12:45",73.434,0.000,223.400,0.000,0.000,0.000
"13:00",87.859,0.000,223.700,0.000,0.000,0.013
"13:15",57.293,0.000,223.300,0.000,0.000,0.013
"13:30",95.488,0.000,223.700,0.000,0.000,0.000
"13:45",26.765,0.000,222.800,0.000,0.000,0.026
"14:00",46.579,0.000,223.000,0.000,0.000,0.000
"14:15",94.515,0.000,223.900,0.000,0.000,0.013
"14:30",80.358,0.000,223.500,0.000,0.000,0.000
"14:45",37.056,0.000,223.100,0.000,0.000,0.000
"15:00",50.995,0.000,223.200,0.000,0.000,0.013
"15:15",70.400,0.000,223.400,0.000,0.000,0.000
"15:30",50.522,0.000,222.600,0.000,0.000,0.000
"15:45",34.701,0.000,222.200,0.000,0.000,0.000
"16:00",67.085,0.000,222.900,0.000,0.000,0.000
"16:15",59.955,0.000,223.200,0.000,0.000,0.013
"16:30",19.200,0.000,222.600,0.000,0.000,0.026
"16:45",13.133,0.000,222.600,0.000,0.000,0.038
"17:00",21.069,0.000,222.200,0.000,0.000,0.013
"17:15",25.037,0.000,222.000,0.000,0.000,0.013
"17:30",36.288,0.000,222.000,0.000,0.000,0.000
"17:45",36.442,0.000,222.100,0.000,0.000,0.000
"18:00",14.490,0.000,221.900,0.000,0.000,0.026
"18:15",11.085,0.000,221.700,0.000,0.000,0.026
"18:30",8.346,0.000,221.400,0.000,0.000,0.000
"18:45",1.613,0.000,221.000,0.000,0.000,0.038
"19:00",0.128,0.000,220.900,0.013,0.000,0.000
"19:15",0.000,0.026,220.900,0.154,0.000,0.000
"19:30",0.000,0.013,220.900,0.166,0.000,0.000
"19:45",0.000,0.000,220.900,0.192,0.000,0.000
"20:00",0.000,0.000,220.900,0.179,0.000,0.000
"20:15",0.000,0.000,220.800,0.179,0.000,0.000
"20:30",0.000,0.000,220.900,0.192,0.000,0.000
"20:45",0.000,0.000,220.900,0.179,0.000,0.000
"21:00",0.000,0.000,220.900,0.179,0.000,0.000
"21:15",0.000,0.000,220.900,0.179,0.000,0.000
"21:30",0.000,0.000,220.900,0.192,0.000,0.000
"21:45",0.000,0.000,220.900,0.179,0.000,0.000
"22:00",0.000,0.000,220.900,0.192,0.000,0.000
"22:15",0.000,0.000,220.900,0.179,0.000,0.000
"22:30",0.000,0.000,220.900,0.179,0.000,0.000
"22:45",0.000,0.000,220.800,0.179,0.000,0.000
"23:00",0.000,0.000,220.900,0.192,0.000,0.000
"23:15",0.000,0.000,220.800,0.179,0.000,0.000
"23:30",0.000,0.000,220.900,0.192,0.000,0.000
"23:45",0.000,0.000,220.900,0.179,0.000,0.000
" 4/21/26 24:00",0.000,0.000,220.900,0.179,0.000,0.000
