"kwh"
"Time ","AGRIM02P","AGRIM02P","AGRIM02P","AGRIM02P","AGRIM02P","AGRIM02P"
" 8/16/26 00:15",0.000,0.000,221.100,0.166,0.000,0.000
" 8/16/26 00:30",0.000,0.000,221.100,0.179,0.000,0.000
"00:45",0.000,0.000,221.100,0.166,0.000,0.000
"01:00",0.000,0.000,221.100,0.179,0.000,0.000
"01:15",0.000,0.000,221.100,0.166,0.000,0.000
"01:30",0.000,0.000,221.100,0.179,0.000,0.000
"01:45",0.000,0.000,221.200,0.166,0.000,0.000
"02:00",0.000,0.000,221.100,0.179,0.000,0.000
"02:15",0.000,0.000,221.100,0.166,0.000,0.000
"02:30",0.000,0.000,221.200,0.179,0.000,0.000
"02:45",0.000,0.000,221.200,0.166,0.000,0.000
"03:00",0.000,0.000,221.200,0.179,0.000,0.000
"03:15",0.000,0.000,221.200,0.166,0.000,0.000
"03:30",0.000,0.000,221.200,0.179,0.000,0.000
"03:45",0.000,0.000,221.200,0.166,0.000,0.000
"04:00",0.000,0.000,221.100,0.179,0.000,0.000
"04:15",0.000,0.000,221.100,0.166,0.000,0.000
"04:30",0.000,0.000,221.100,0.179,0.000,0.000
"04:45",0.000,0.000,221.100,0.166,0.000,0.000
"05:00",0.000,0.000,221.200,0.179,0.000,0.000
"05:15",0.000,0.000,221.200,0.166,0.000,0.000
"05:30",0.000,0.000,221.200,0.179,0.000,0.000
"05:45",0.000,0.000,221.200,0.166,0.000,0.000
"06:00",0.000,0.000,221.200,0.179,0.000,0.000
"06:15",0.000,0.000,221.200,0.179,0.000,0.000
"06:30",0.000,0.000,221.300,0.166,0.000,0.000
"06:45",0.000,0.000,221.300,0.179,0.000,0.000
"07:00",0.000,0.000,221.300,0.166,0.000,0.000
"07:15",0.000,0.000,221.300,0.179,0.000,0.000
"07:30",0.000,0.000,221.300,0.166,0.000,0.000
"07:45",0.000,0.000,221.300,0.179,0.000,0.000
"08:00",0.026,0.000,221.300,0.102,0.000,0.026
"08:15",0.755,0.000,221.400,0.000,0.000,0.026
"08:30",4.826,0.000,221.600,0.000,0.000,0.038
"08:45",14.451,0.000,221.900,0.000,0.000,0.000
"09:00",24.320,0.000,222.200,0.000,0.000,0.000
"09:15",33.216,0.000,222.700,0.000,0.000,0.000
"09:30",41.459,0.000,223.000,0.000,0.000,0.000
"09:45",49.946,0.000,223.300,0.000,0.000,0.000
"10:00",57.613,0.000,223.400,0.000,0.000,0.000
"10:15",64.870,0.000,223.600,0.000,0.000,0.000
"10:30",71.437,0.000,223.800,0.000,0.000,0.000
"10:45",77.696,0.000,223.900,0.000,0.000,0.000
"11:00",83.264,0.000,224.000,0.000,0.000,0.000
"11:15",87.885,0.000,224.100,0.000,0.000,0.000
"11:30",92.186,0.000,224.100,0.000,0.000,0.000
"11:45",96.384,0.000,224.200,0.000,0.000,0.000
"12:00",99.546,0.000,224.300,0.000,0.000,0.000
"12:15",103.194,0.000,224.400,0.000,0.000,0.000
"12:30",99.507,0.000,224.300,0.000,0.000,0.000
"12:45",91.610,0.000,224.200,0.000,0.000,0.000
"13:00",97.229,0.000,224.200,0.000,0.000,0.000
"13:15",98.317,0.000,224.300,0.000,0.000,0.000
"13:30",99.456,0.000,224.200,0.000,0.000,0.000
"13:45",86.464,0.000,224.000,0.000,0.000,0.000
"14:00",86.963,0.000,224.100,0.000,0.000,0.000
"14:15",91.328,0.000,224.100,0.000,0.000,0.000
"14:30",101.056,0.000,224.300,0.000,0.000,0.000
"14:45",106.086,0.000,224.400,0.000,0.000,0.000
"15:00",104.141,0.000,224.400,0.000,0.000,0.000
"15:15",101.965,0.000,224.400,0.000,0.000,0.000
"15:30",95.962,0.000,224.300,0.000,0.000,0.000
"15:45",88.192,0.000,224.200,0.000,0.000,0.000
"16:00",74.048,0.000,223.900,0.000,0.000,0.000
"16:15",66.189,0.000,223.700,0.000,0.000,0.013
"16:30",54.016,0.000,223.300,0.000,0.000,0.000
"16:45",38.336,0.000,222.900,0.000,0.000,0.000
"17:00",33.830,0.000,222.700,0.000,0.000,0.000
"17:15",31.360,0.000,222.600,0.000,0.000,0.000
"17:30",31.130,0.000,222.800,0.000,0.000,0.000
"17:45",20.224,0.000,222.400,0.000,0.000,0.000
"18:00",15.667,0.000,222.300,0.000,0.000,0.000
"18:15",9.843,0.000,222.300,0.000,0.000,0.051
"18:30",5.696,0.000,222.100,0.000,0.000,0.077
"18:45",1.946,0.000,222.000,0.000,0.000,0.038
"19:00",0.179,0.000,221.800,0.000,0.000,0.013
"19:15",0.013,0.026,221.700,0.102,0.000,0.000
"19:30",0.000,0.026,221.600,0.154,0.000,0.000
"19:45",0.000,0.000,221.600,0.166,0.000,0.000
"20:00",0.000,0.000,221.600,0.179,0.000,0.000
"20:15",0.000,0.000,221.500,0.166,0.000,0.000
"20:30",0.000,0.000,221.500,0.179,0.000,0.000
"20:45",0.000,0.000,221.500,0.166,0.000,0.000
"21:00",0.000,0.000,221.400,0.179,0.000,0.000
"21:15",0.000,0.000,221.400,0.166,0.000,0.000
"21:30",0.000,0.000,221.500,0.179,0.000,0.000
"21:45",0.000,0.000,221.400,0.166,0.000,0.000
"22:00",0.000,0.000,221.400,0.179,0.000,0.000
"22:15",0.000,0.000,221.600,0.179,0.000,0.000
"22:30",0.000,0.000,221.500,0.166,0.000,0.000
"22:45",0.000,0.000,221.600,0.179,0.000,0.000
"23:00",0.000,0.000,221.600,0.179,0.000,0.000
"23:15",0.000,0.000,221.400,0.166,0.000,0.000
"23:30",0.000,0.000,221.300,0.179,0.000,0.000
"23:45",0.000,0.000,221.300,0.166,0.000,0.000
" 8/16/26 24:00",0.000,0.000,221.300,0.179,0.000,0.000
