"kwh"
"Time ","AGRIM02P","AGRIM02P","AGRIM02P","AGRIM02P","AGRIM02P","AGRIM02P"
" 8/09/26 00:15",0.000,0.000,221.600,0.166,0.000,0.000
" 8/09/26 00:30",0.000,0.000,221.700,0.179,0.000,0.000
"00:45",0.000,0.000,221.700,0.166,0.000,0.000
"01:00",0.000,0.000,221.700,0.179,0.000,0.000
"01:15",0.000,0.000,221.700,0.166,0.000,0.000
"01:30",0.000,0.000,221.700,0.179,0.000,0.000
"01:45",0.000,0.000,221.700,0.179,0.000,0.000
"02:00",0.000,0.000,221.800,0.166,0.000,0.000
"02:15",0.000,0.000,221.800,0.179,0.000,0.000
"02:30",0.000,0.000,221.800,0.166,0.000,0.000
"02:45",0.000,0.000,221.800,0.179,0.000,0.000
"03:00",0.000,0.000,221.700,0.166,0.000,0.000
"03:15",0.000,0.000,221.700,0.179,0.000,0.000
"03:30",0.000,0.000,221.700,0.179,0.000,0.000
"03:45",0.000,0.000,221.700,0.166,0.000,0.000
"04:00",0.000,0.000,221.700,0.179,0.000,0.000
"04:15",0.000,0.000,221.700,0.166,0.000,0.000
"04:30",0.000,0.000,221.700,0.179,0.000,0.000
"04:45",0.000,0.000,221.700,0.166,0.000,0.000
"05:00",0.000,0.000,221.700,0.179,0.000,0.000
"05:15",0.000,0.000,221.700,0.179,0.000,0.000
"05:30",0.000,0.000,221.700,0.166,0.000,0.000
"05:45",0.000,0.000,221.700,0.179,0.000,0.000
"06:00",0.000,0.000,221.700,0.166,0.000,0.000
"06:15",0.000,0.000,221.600,0.179,0.000,0.000
"06:30",0.000,0.000,221.600,0.166,0.000,0.000
"06:45",0.000,0.000,221.600,0.179,0.000,0.000
"07:00",0.000,0.000,221.600,0.179,0.000,0.000
"07:15",0.000,0.000,221.600,0.166,0.000,0.000
"07:30",0.000,0.000,221.600,0.179,0.000,0.000
"07:45",0.000,0.000,221.600,0.166,0.000,0.000
"08:00",0.000,0.000,221.700,0.179,0.000,0.000
"08:15",0.090,0.013,221.800,0.013,0.013,0.000
"08:30",1.549,0.000,221.800,0.000,0.000,0.115
"08:45",6.989,0.000,222.000,0.000,0.000,0.064
"09:00",19.469,0.000,222.300,0.000,0.000,0.026
"09:15",29.478,0.000,222.600,0.000,0.000,0.077
"09:30",38.490,0.000,223.000,0.000,0.000,0.000
"09:45",47.002,0.000,223.300,0.000,0.000,0.000
"10:00",55.142,0.000,223.500,0.000,0.000,0.000
"10:15",62.643,0.000,223.700,0.000,0.000,0.000
"10:30",69.645,0.000,223.800,0.000,0.000,0.000
"10:45",76.186,0.000,224.000,0.000,0.000,0.026
"11:00",82.342,0.000,224.200,0.000,0.000,0.128
"11:15",87.757,0.000,224.200,0.000,0.000,0.333
"11:30",92.634,0.000,224.300,0.000,0.000,0.000
"11:45",96.819,0.000,224.400,0.000,0.000,0.230
"12:00",100.838,0.000,224.500,0.000,0.000,0.384
"12:15",103.386,0.000,224.500,0.000,0.000,0.973
"12:30",106.406,0.000,224.600,0.000,0.000,1.139
"12:45",108.442,0.000,224.700,0.000,0.000,0.384
"13:00",110.042,0.000,224.700,0.000,0.000,0.666
"13:15",111.194,0.000,224.700,0.000,0.000,0.461
"13:30",111.590,0.000,224.700,0.000,0.000,0.371
"13:45",111.334,0.000,224.700,0.000,0.000,0.563
"14:00",111.181,0.000,224.800,0.000,0.000,0.051
"14:15",110.451,0.000,224.800,0.000,0.000,0.051
"14:30",109.248,0.000,224.700,0.000,0.000,0.051
"14:45",107.482,0.000,224.700,0.000,0.000,0.013
"15:00",103.706,0.000,224.600,0.000,0.000,0.000
"15:15",101.158,0.000,224.500,0.000,0.000,0.128
"15:30",97.267,0.000,224.400,0.000,0.000,0.064
"15:45",92.851,0.000,224.300,0.000,0.000,0.038
"16:00",88.218,0.000,224.100,0.000,0.000,0.064
"16:15",82.816,0.000,223.900,0.000,0.000,0.000
"16:30",76.979,0.000,223.800,0.000,0.000,0.000
"16:45",70.400,0.000,224.200,0.000,0.000,0.000
"17:00",63.424,0.000,224.100,0.000,0.000,0.051
"17:15",55.949,0.000,224.000,0.000,0.000,0.026
"17:30",48.179,0.000,223.900,0.000,0.000,0.026
"17:45",39.680,0.000,223.600,0.000,0.000,0.026
"18:00",30.822,0.000,223.100,0.000,0.000,0.000
"18:15",21.440,0.000,222.800,0.000,0.000,0.013
"18:30",9.331,0.000,222.300,0.000,0.000,0.064
"18:45",1.651,0.000,222.000,0.000,0.000,0.064
"19:00",0.179,0.000,221.800,0.013,0.000,0.000
"19:15",0.000,0.038,221.600,0.115,0.000,0.000
"19:30",0.000,0.026,221.500,0.154,0.000,0.000
"19:45",0.000,0.000,221.500,0.166,0.000,0.000
"20:00",0.000,0.000,221.500,0.179,0.000,0.000
"20:15",0.000,0.000,221.400,0.166,0.000,0.000
"20:30",0.000,0.000,221.400,0.179,0.000,0.000
"20:45",0.000,0.000,221.400,0.179,0.000,0.000
"21:00",0.000,0.000,221.400,0.166,0.000,0.000
"21:15",0.000,0.000,221.400,0.179,0.000,0.000
"21:30",0.000,0.000,221.400,0.166,0.000,0.000
"21:45",0.000,0.000,221.400,0.179,0.000,0.000
"22:00",0.000,0.000,221.500,0.166,0.000,0.000
"22:15",0.000,0.000,221.500,0.179,0.000,0.000
"22:30",0.000,0.000,221.500,0.179,0.000,0.000
"22:45",0.000,0.000,221.500,0.166,0.000,0.000
"23:00",0.000,0.000,221.500,0.179,0.000,0.000
"23:15",0.000,0.000,221.600,0.166,0.000,0.000
"23:30",0.000,0.000,221.600,0.179,0.000,0.000
"23:45",0.000,0.000,221.700,0.179,0.000,0.000
" 8/09/26 24:00",0.000,0.000,221.800,0.166,0.000,0.000
