"kwh"
"Time ","AGRIM02P","AGRIM02P","AGRIM02P","AGRIM02P","AGRIM02P","AGRIM02P"
" 6/01/26 00:15",0.000,0.000,221.800,0.179,0.000,0.000
" 6/01/26 00:30",0.000,0.000,221.900,0.166,0.000,0.000
"00:45",0.000,0.000,221.800,0.179,0.000,0.000
"01:00",0.000,0.000,221.900,0.166,0.000,0.000
"01:15",0.000,0.000,221.900,0.179,0.000,0.000
"01:30",0.000,0.000,221.900,0.166,0.000,0.000
"01:45",0.000,0.000,221.900,0.179,0.000,0.000
"02:00",0.000,0.000,222.000,0.179,0.000,0.000
"02:15",0.000,0.000,221.900,0.166,0.000,0.000
"02:30",0.000,0.000,221.900,0.179,0.000,0.000
"02:45",0.000,0.000,221.900,0.166,0.000,0.000
"03:00",0.000,0.000,222.000,0.179,0.000,0.000
"03:15",0.000,0.000,222.000,0.166,0.000,0.000
"03:30",0.000,0.000,221.900,0.179,0.000,0.000
"03:45",0.000,0.000,222.000,0.166,0.000,0.000
"04:00",0.000,0.000,221.900,0.179,0.000,0.000
"04:15",0.000,0.000,221.900,0.179,0.000,0.000
"04:30",0.000,0.000,221.900,0.166,0.000,0.000
"04:45",0.000,0.000,221.900,0.179,0.000,0.000
"05:00",0.000,0.000,221.900,0.166,0.000,0.000
"05:15",0.000,0.000,221.800,0.179,0.000,0.000
"05:30",0.000,0.000,221.800,0.166,0.000,0.000
"05:45",0.000,0.000,221.800,0.179,0.000,0.000
"06:00",0.000,0.000,221.800,0.166,0.000,0.000
"06:15",0.000,0.000,221.800,0.179,0.000,0.000
"06:30",0.000,0.000,221.800,0.166,0.000,0.000
"06:45",0.000,0.000,221.200,0.166,0.000,0.000
"07:00",0.000,0.000,220.700,0.128,0.000,0.000
"07:15",0.000,0.000,220.600,0.179,0.000,0.000
"07:30",0.000,0.000,220.700,0.166,0.000,0.000
"07:45",0.000,0.000,221.500,0.179,0.000,0.000
"08:00",0.000,0.000,221.700,0.166,0.000,0.000
"08:15",0.000,0.000,220.700,0.166,0.000,0.000
"08:30",0.000,0.000,219.600,0.179,0.000,0.000
"08:45",0.000,0.000,220.200,0.128,0.000,0.000
"09:00",0.141,0.000,221.700,0.000,0.000,0.013
"09:15",0.640,0.000,221.600,0.000,0.000,0.026
"09:30",1.254,0.000,221.600,0.000,0.000,0.102
"09:45",2.150,0.000,221.600,0.000,0.000,0.000
"10:00",4.301,0.000,221.600,0.000,0.000,0.077
"10:15",2.931,0.000,221.600,0.000,0.000,0.102
"10:30",3.418,0.000,221.500,0.000,0.000,0.102
"10:45",4.979,0.000,221.400,0.000,0.000,0.077
"11:00",4.787,0.000,221.400,0.000,0.000,0.090
"11:15",6.554,0.000,221.100,0.000,0.000,0.051
"11:30",10.842,0.000,221.200,0.000,0.000,0.000
"11:45",12.646,0.000,221.300,0.000,0.000,0.000
"12:00",13.606,0.000,221.300,0.000,0.000,0.038
"12:15",14.042,0.000,221.300,0.000,0.000,0.000
"12:30",15.885,0.000,221.400,0.000,0.000,0.000
"12:45",16.755,0.000,221.400,0.000,0.000,0.000
"13:00",16.883,0.000,221.600,0.000,0.000,0.000
"13:15",15.642,0.000,221.600,0.000,0.000,0.000
"13:30",19.328,0.000,221.600,0.000,0.000,0.000
"13:45",20.557,0.000,221.600,0.000,0.000,0.000
"14:00",19.750,0.000,221.600,0.000,0.000,0.000
"14:15",20.544,0.000,221.600,0.000,0.000,0.026
"14:30",19.610,0.000,221.600,0.000,0.000,0.000
"14:45",19.469,0.000,221.500,0.000,0.000,0.000
"15:00",17.523,0.000,221.500,0.000,0.000,0.000
"15:15",15.450,0.000,221.300,0.000,0.000,0.000
"15:30",15.424,0.000,221.200,0.000,0.000,0.000
"15:45",12.915,0.000,221.100,0.000,0.000,0.000
"16:00",8.576,0.000,221.100,0.000,0.000,0.038
"16:15",8.845,0.000,221.400,0.000,0.000,0.026
"16:30",8.269,0.000,221.300,0.000,0.000,0.026
"16:45",10.253,0.000,221.300,0.000,0.000,0.013
"17:00",10.112,0.000,221.400,0.000,0.000,0.026
"17:15",12.416,0.000,221.400,0.000,0.000,0.000
"17:30",8.256,0.000,221.300,0.000,0.000,0.026
"17:45",5.709,0.000,221.300,0.000,0.000,0.038
"18:00",3.200,0.000,221.200,0.000,0.000,0.077
"18:15",0.346,0.000,221.300,0.000,0.000,0.013
"18:30",0.038,0.013,221.500,0.051,0.000,0.000
"18:45",0.000,0.038,221.600,0.128,0.000,0.000
"19:00",0.000,0.013,221.500,0.154,0.000,0.000
"19:15",0.000,0.000,221.500,0.179,0.000,0.000
"19:30",0.000,0.000,221.500,0.166,0.000,0.000
"19:45",0.000,0.000,221.600,0.179,0.000,0.000
"20:00",0.000,0.000,221.600,0.166,0.000,0.000
"20:15",0.000,0.000,221.600,0.179,0.000,0.000
"20:30",0.000,0.000,221.600,0.166,0.000,0.000
"20:45",0.000,0.000,221.500,0.179,0.000,0.000
"21:00",0.000,0.000,221.600,0.166,0.000,0.000
"21:15",0.000,0.000,221.600,0.179,0.000,0.000
"21:30",0.000,0.000,221.500,0.179,0.000,0.000
"21:45",0.000,0.000,221.500,0.166,0.000,0.000
"22:00",0.000,0.000,221.600,0.179,0.000,0.000
"22:15",0.000,0.000,221.600,0.166,0.000,0.000
"22:30",0.000,0.000,221.600,0.179,0.000,0.000
"22:45",0.000,0.000,221.700,0.166,0.000,0.000
"23:00",0.000,0.000,221.700,0.179,0.000,0.000
"23:15",0.000,0.000,221.700,0.179,0.000,0.000
"23:30",0.000,0.000,221.600,0.166,0.000,0.000
"23:45",0.000,0.000,221.500,0.179,0.000,0.000
" 6/01/26 24:00",0.000,0.000,221.500,0.166,0.000,0.000
