"kwh"
"Time ","AGRIM02P","AGRIM02P","AGRIM02P","AGRIM02P","AGRIM02P","AGRIM02P"
" 2/27/26 00:15",0.000,0.000,219.400,0.179,0.000,0.000
" 2/27/26 00:30",0.000,0.000,219.500,0.179,0.000,0.000
"00:45",0.000,0.000,219.500,0.179,0.000,0.000
"01:00",0.000,0.000,219.500,0.192,0.000,0.000
"01:15",0.000,0.000,219.500,0.179,0.000,0.000
"01:30",0.000,0.000,219.500,0.179,0.000,0.000
"01:45",0.000,0.000,219.500,0.179,0.000,0.000
"02:00",0.000,0.000,219.500,0.179,0.000,0.000
"02:15",0.000,0.000,219.500,0.179,0.000,0.000
"02:30",0.000,0.000,219.500,0.192,0.000,0.000
"02:45",0.000,0.000,219.600,0.179,0.000,0.000
"03:00",0.000,0.000,219.600,0.179,0.000,0.000
"03:15",0.000,0.000,219.600,0.179,0.000,0.000
"03:30",0.000,0.000,219.600,0.179,0.000,0.000
"03:45",0.000,0.000,219.600,0.179,0.000,0.000
"04:00",0.000,0.000,219.600,0.192,0.000,0.000
"04:15",0.000,0.000,219.600,0.179,0.000,0.000
"04:30",0.000,0.000,219.600,0.179,0.000,0.000
"04:45",0.000,0.000,219.600,0.179,0.000,0.000
"05:00",0.000,0.000,219.600,0.179,0.000,0.000
"05:15",0.000,0.000,219.600,0.192,0.000,0.000
"05:30",0.000,0.000,219.600,0.179,0.000,0.000
"05:45",0.000,0.000,219.600,0.179,0.000,0.000
"06:00",0.000,0.000,219.600,0.179,0.000,0.000
"06:15",0.000,0.000,219.500,0.179,0.000,0.000
"06:30",0.000,0.000,219.500,0.179,0.000,0.000
"06:45",0.000,0.000,219.500,0.192,0.000,0.000
"07:00",0.000,0.000,219.400,0.179,0.000,0.000
"07:15",0.000,0.000,219.800,0.179,0.000,0.000
"07:30",0.154,0.000,220.200,0.051,0.000,0.026
"07:45",0.563,0.000,220.200,0.000,0.000,0.102
"08:00",0.870,0.000,220.300,0.000,0.000,0.051
"08:15",5.811,0.000,220.400,0.000,0.000,0.051
"08:30",9.856,0.000,220.500,0.000,0.000,0.013
"08:45",19.686,0.000,221.000,0.000,0.000,0.000
"09:00",17.293,0.000,221.200,0.000,0.000,0.000
"09:15",20.147,0.000,221.100,0.000,0.000,0.000
"09:30",27.162,0.000,221.100,0.000,0.000,0.000
"09:45",43.110,0.000,221.500,0.000,0.000,0.000
"10:00",45.030,0.000,221.800,0.000,0.000,0.000
"10:15",34.419,0.000,221.600,0.000,0.000,0.000
"10:30",46.451,0.000,222.100,0.000,0.000,0.000
"10:45",78.899,0.000,223.000,0.000,0.000,0.000
"11:00",70.630,0.000,222.900,0.000,0.000,0.000
"11:15",86.490,0.000,222.900,0.000,0.000,0.000
"11:30",90.752,0.000,222.900,0.000,0.000,0.000
"11:45",89.280,0.000,222.900,0.000,0.000,0.000
"12:00",91.840,0.000,222.800,0.000,0.000,0.000
"12:15",64.704,0.000,222.300,0.000,0.000,0.000
"12:30",81.408,0.000,222.600,0.000,0.000,0.000
"12:45",62.848,0.000,222.300,0.000,0.000,0.000
"13:00",49.139,0.000,221.800,0.000,0.000,0.000
"13:15",56.077,0.000,222.000,0.000,0.000,0.000
"13:30",73.830,0.000,222.500,0.000,0.000,0.000
"13:45",78.259,0.000,222.700,0.000,0.000,0.000
"14:00",95.283,0.000,223.100,0.000,0.000,0.000
"14:15",93.850,0.000,223.000,0.000,0.000,0.000
"14:30",66.560,0.000,222.500,0.000,0.000,0.000
"14:45",78.310,0.000,222.400,0.000,0.000,0.000
"15:00",73.037,0.000,222.200,0.000,0.000,0.000
"15:15",92.467,0.000,222.600,0.000,0.000,0.000
"15:30",99.123,0.000,222.800,0.000,0.000,0.000
"15:45",81.728,0.000,222.100,0.000,0.000,0.000
"16:00",84.979,0.000,222.100,0.000,0.000,0.000
"16:15",62.310,0.000,221.500,0.000,0.000,0.000
"16:30",80.320,0.000,221.400,0.000,0.000,0.013
"16:45",74.432,0.000,221.500,0.000,0.000,0.000
"17:00",63.757,0.000,221.500,0.000,0.000,0.013
"17:15",55.245,0.000,221.400,0.000,0.000,0.013
"17:30",58.893,0.000,221.200,0.000,0.000,0.000
"17:45",54.157,0.000,221.100,0.000,0.000,0.000
"18:00",47.565,0.000,221.300,0.000,0.000,0.000
"18:15",36.966,0.000,220.900,0.000,0.000,0.000
"18:30",27.635,0.000,221.200,0.000,0.000,0.000
"18:45",21.952,0.000,221.000,0.000,0.000,0.000
"19:00",15.194,0.000,220.600,0.000,0.000,0.026
"19:15",8.627,0.000,220.300,0.000,0.000,0.000
"19:30",4.224,0.000,220.100,0.000,0.000,0.051
"19:45",1.651,0.000,219.900,0.000,0.000,0.090
"20:00",0.474,0.000,219.800,0.000,0.000,0.090
"20:15",0.013,0.013,219.700,0.064,0.000,0.013
"20:30",0.000,0.026,219.700,0.154,0.000,0.000
"20:45",0.000,0.000,219.700,0.179,0.000,0.000
"21:00",0.000,0.000,219.600,0.179,0.000,0.000
"21:15",0.000,0.000,219.500,0.192,0.000,0.000
"21:30",0.000,0.000,219.600,0.179,0.000,0.000
"21:45",0.000,0.000,219.600,0.179,0.000,0.000
"22:00",0.000,0.000,219.600,0.179,0.000,0.000
"22:15",0.000,0.000,219.700,0.179,0.000,0.000
"22:30",0.000,0.000,219.700,0.179,0.000,0.000
"22:45",0.000,0.000,219.700,0.192,0.000,0.000
"23:00",0.000,0.000,219.700,0.179,0.000,0.000
"23:15",0.000,0.000,219.800,0.179,0.000,0.000
"23:30",0.000,0.000,219.800,0.179,0.000,0.000
"23:45",0.000,0.000,219.800,0.179,0.000,0.000
" 2/27/26 24:00",0.000,0.000,219.700,0.192,0.000,0.000
