"kwh"
"Time ","AGRIM02P","AGRIM02P","AGRIM02P","AGRIM02P","AGRIM02P","AGRIM02P"
" 3/04/26 00:15",0.000,0.000,221.700,0.179,0.000,0.000
" 3/04/26 00:30",0.000,0.000,221.700,0.192,0.000,0.000
"00:45",0.000,0.000,221.800,0.179,0.000,0.000
"01:00",0.000,0.000,221.800,0.192,0.000,0.000
"01:15",0.000,0.000,221.800,0.179,0.000,0.000
"01:30",0.000,0.000,221.800,0.192,0.000,0.000
"01:45",0.000,0.000,221.800,0.179,0.000,0.000
"02:00",0.000,0.000,221.800,0.192,0.000,0.000
"02:15",0.000,0.000,221.800,0.179,0.000,0.000
"02:30",0.000,0.000,221.800,0.192,0.000,0.000
"02:45",0.000,0.000,221.800,0.179,0.000,0.000
"03:00",0.000,0.000,221.800,0.192,0.000,0.000
"03:15",0.000,0.000,221.800,0.179,0.000,0.000
"03:30",0.000,0.000,221.800,0.192,0.000,0.000
"03:45",0.000,0.000,221.800,0.179,0.000,0.000
"04:00",0.000,0.000,221.800,0.179,0.000,0.000
"04:15",0.000,0.000,221.800,0.192,0.000,0.000
"04:30",0.000,0.000,221.700,0.179,0.000,0.000
"04:45",0.000,0.000,221.800,0.192,0.000,0.000
"05:00",0.000,0.000,221.800,0.179,0.000,0.000
"05:15",0.000,0.000,221.800,0.192,0.000,0.000
"05:30",0.000,0.000,221.800,0.179,0.000,0.000
"05:45",0.000,0.000,221.800,0.192,0.000,0.000
"06:00",0.000,0.000,221.800,0.179,0.000,0.000
"06:15",0.000,0.000,221.700,0.192,0.000,0.000
"06:30",0.000,0.000,221.700,0.179,0.000,0.000
"06:45",0.000,0.000,221.700,0.192,0.000,0.000
"07:00",0.000,0.000,221.700,0.179,0.000,0.000
"07:15",0.000,0.000,221.600,0.179,0.000,0.000
"07:30",0.000,0.000,221.600,0.192,0.000,0.000
"07:45",0.064,0.000,221.700,0.013,0.000,0.000
"08:00",0.294,0.000,221.700,0.000,0.000,0.000
"08:15",0.614,0.000,221.700,0.000,0.000,0.013
"08:30",0.845,0.000,221.600,0.000,0.000,0.000
"08:45",1.178,0.000,221.600,0.000,0.000,0.000
"09:00",2.509,0.000,221.700,0.000,0.000,0.026
"09:15",4.992,0.000,221.700,0.000,0.000,0.026
"09:30",6.221,0.000,221.800,0.000,0.000,0.013
"09:45",8.000,0.000,221.800,0.000,0.000,0.013
"10:00",8.627,0.000,221.900,0.000,0.000,0.013
"10:15",11.008,0.000,221.900,0.000,0.000,0.000
"10:30",14.746,0.000,222.000,0.000,0.000,0.000
"10:45",20.493,0.000,222.100,0.000,0.000,0.000
"11:00",21.030,0.000,222.200,0.000,0.000,0.000
"11:15",21.786,0.000,222.200,0.000,0.000,0.000
"11:30",24.845,0.000,222.300,0.000,0.000,0.000
"11:45",32.090,0.000,222.400,0.000,0.000,0.000
"12:00",49.229,0.000,222.900,0.000,0.000,0.000
"12:15",78.080,0.000,223.500,0.000,0.000,0.000
"12:30",73.472,0.000,223.700,0.000,0.000,0.000
"12:45",55.923,0.000,223.100,0.000,0.000,0.000
"13:00",62.912,0.000,224.000,0.000,0.000,0.013
"13:15",98.880,0.000,224.500,0.000,0.000,0.013
"13:30",103.462,0.000,224.600,0.000,0.000,0.013
"13:45",94.848,0.000,224.100,0.000,0.000,0.000
"14:00",89.510,0.000,224.000,0.000,0.000,0.000
"14:15",72.730,0.000,223.800,0.000,0.000,0.000
"14:30",101.133,0.000,223.900,0.000,0.000,0.000
"14:45",103.680,0.000,224.000,0.000,0.000,0.000
"15:00",88.141,0.000,223.800,0.000,0.000,0.000
"15:15",46.285,0.000,222.900,0.000,0.000,0.000
"15:30",50.982,0.000,223.000,0.000,0.000,0.000
"15:45",46.848,0.000,223.000,0.000,0.000,0.000
"16:00",35.597,0.000,222.600,0.000,0.000,0.000
"16:15",30.746,0.000,222.300,0.000,0.000,0.000
"16:30",36.557,0.000,222.500,0.000,0.000,0.000
"16:45",32.499,0.000,222.400,0.000,0.000,0.000
"17:00",24.371,0.000,222.200,0.000,0.000,0.000
"17:15",14.374,0.000,221.900,0.000,0.000,0.000
"17:30",8.986,0.000,221.800,0.000,0.000,0.000
"17:45",7.590,0.000,221.800,0.000,0.000,0.013
"18:00",12.237,0.000,222.000,0.000,0.000,0.000
"18:15",18.944,0.000,222.200,0.000,0.000,0.000
"18:30",16.346,0.000,222.100,0.000,0.000,0.000
"18:45",14.131,0.000,222.100,0.000,0.000,0.013
"19:00",13.734,0.000,222.300,0.000,0.000,0.026
"19:15",6.272,0.000,221.900,0.000,0.000,0.026
"19:30",3.866,0.000,221.800,0.000,0.000,0.064
"19:45",1.114,0.000,221.600,0.000,0.000,0.064
"20:00",0.038,0.013,221.600,0.064,0.000,0.000
"20:15",0.000,0.013,221.600,0.154,0.000,0.000
"20:30",0.000,0.013,221.500,0.179,0.000,0.000
"20:45",0.000,0.000,221.500,0.179,0.000,0.000
"21:00",0.000,0.000,221.500,0.192,0.000,0.000
"21:15",0.000,0.000,221.500,0.179,0.000,0.000
"21:30",0.000,0.000,221.500,0.179,0.000,0.000
"21:45",0.000,0.000,221.500,0.192,0.000,0.000
"22:00",0.000,0.000,221.500,0.179,0.000,0.000
"22:15",0.000,0.000,221.500,0.179,0.000,0.000
"22:30",0.000,0.000,221.500,0.192,0.000,0.000
"22:45",0.000,0.000,221.600,0.179,0.000,0.000
"23:00",0.000,0.000,221.600,0.192,0.000,0.000
"23:15",0.000,0.000,221.600,0.179,0.000,0.000
"23:30",0.000,0.000,221.600,0.192,0.000,0.000
"23:45",0.000,0.000,221.600,0.179,0.000,0.000
" 3/04/26 24:00",0.000,0.000,221.600,0.179,0.000,0.000
