"kwh"
"Time ","AGRIM02P","AGRIM02P","AGRIM02P","AGRIM02P","AGRIM02P","AGRIM02P"
" 7/11/26 00:15",0.000,0.000,221.400,0.166,0.000,0.000
" 7/11/26 00:30",0.000,0.000,221.500,0.179,0.000,0.000
"00:45",0.000,0.000,221.500,0.166,0.000,0.000
"01:00",0.000,0.000,221.600,0.179,0.000,0.000
"01:15",0.000,0.000,221.600,0.179,0.000,0.000
"01:30",0.000,0.000,221.600,0.166,0.000,0.000
"01:45",0.000,0.000,221.700,0.179,0.000,0.000
"02:00",0.000,0.000,221.700,0.179,0.000,0.000
"02:15",0.000,0.000,221.700,0.166,0.000,0.000
"02:30",0.000,0.000,221.600,0.179,0.000,0.000
"02:45",0.000,0.000,221.600,0.166,0.000,0.000
"03:00",0.000,0.000,221.600,0.179,0.000,0.000
"03:15",0.000,0.000,221.600,0.179,0.000,0.000
"03:30",0.000,0.000,221.600,0.166,0.000,0.000
"03:45",0.000,0.000,221.600,0.179,0.000,0.000
"04:00",0.000,0.000,221.600,0.166,0.000,0.000
"04:15",0.000,0.000,221.600,0.179,0.000,0.000
"04:30",0.000,0.000,221.600,0.179,0.000,0.000
"04:45",0.000,0.000,221.600,0.166,0.000,0.000
"05:00",0.000,0.000,221.600,0.179,0.000,0.000
"05:15",0.000,0.000,221.600,0.166,0.000,0.000
"05:30",0.000,0.000,221.700,0.179,0.000,0.000
"05:45",0.000,0.000,221.700,0.179,0.000,0.000
"06:00",0.000,0.000,221.700,0.166,0.000,0.000
"06:15",0.000,0.000,221.700,0.179,0.000,0.000
"06:30",0.000,0.000,221.700,0.166,0.000,0.000
"06:45",0.000,0.000,221.700,0.179,0.000,0.000
"07:00",0.000,0.000,221.600,0.166,0.000,0.000
"07:15",0.000,0.000,221.600,0.179,0.000,0.000
"07:30",0.000,0.000,221.600,0.166,0.000,0.000
"07:45",0.000,0.000,221.600,0.179,0.000,0.000
"08:00",0.000,0.000,221.500,0.179,0.000,0.000
"08:15",0.000,0.000,221.500,0.166,0.000,0.000
"08:30",0.090,0.000,221.500,0.038,0.000,0.000
"08:45",1.574,0.000,221.500,0.000,0.000,0.051
"09:00",6.118,0.000,221.500,0.000,0.000,0.051
"09:15",8.461,0.000,221.500,0.000,0.000,0.038
"09:30",16.051,0.000,221.800,0.000,0.000,0.000
"09:45",31.731,0.000,222.300,0.000,0.000,0.000
"10:00",32.384,0.000,222.600,0.000,0.000,0.000
"10:15",43.162,0.000,222.700,0.000,0.000,0.000
"10:30",34.138,0.000,222.300,0.000,0.000,0.000
"10:45",39.373,0.000,222.500,0.000,0.000,0.000
"11:00",63.168,0.000,223.100,0.000,0.000,0.013
"11:15",78.093,0.000,223.400,0.000,0.000,0.000
"11:30",81.754,0.000,223.500,0.000,0.000,0.000
"11:45",85.722,0.000,223.500,0.000,0.000,0.000
"12:00",89.050,0.000,223.600,0.000,0.000,0.000
"12:15",92.173,0.000,223.600,0.000,0.000,0.000
"12:30",94.630,0.000,223.600,0.000,0.000,0.000
"12:45",96.653,0.000,223.600,0.000,0.000,0.000
"13:00",98.022,0.000,223.600,0.000,0.000,0.000
"13:15",99.238,0.000,223.600,0.000,0.000,0.013
"13:30",99.853,0.000,223.700,0.000,0.000,0.000
"13:45",99.917,0.000,223.700,0.000,0.000,0.000
"14:00",99.622,0.000,223.700,0.000,0.000,0.000
"14:15",98.726,0.000,223.700,0.000,0.000,0.000
"14:30",97.280,0.000,223.700,0.000,0.000,0.000
"14:45",95.373,0.000,223.700,0.000,0.000,0.000
"15:00",93.158,0.000,223.600,0.000,0.000,0.000
"15:15",89.792,0.000,223.500,0.000,0.000,0.000
"15:30",85.107,0.000,223.400,0.000,0.000,0.000
"15:45",81.830,0.000,223.400,0.000,0.000,0.000
"16:00",76.992,0.000,223.400,0.000,0.000,0.000
"16:15",71.782,0.000,223.200,0.000,0.000,0.000
"16:30",65.754,0.000,223.200,0.000,0.000,0.000
"16:45",59.699,0.000,223.100,0.000,0.000,0.000
"17:00",53.120,0.000,222.900,0.000,0.000,0.000
"17:15",45.606,0.000,222.900,0.000,0.000,0.000
"17:30",37.683,0.000,222.800,0.000,0.000,0.000
"17:45",29.325,0.000,222.600,0.000,0.000,0.000
"18:00",12.467,0.000,222.100,0.000,0.000,0.051
"18:15",3.405,0.000,221.800,0.000,0.000,0.077
"18:30",0.973,0.000,221.600,0.000,0.000,0.013
"18:45",0.141,0.000,221.500,0.026,0.000,0.000
"19:00",0.000,0.051,221.400,0.115,0.000,0.000
"19:15",0.000,0.026,221.500,0.154,0.000,0.000
"19:30",0.000,0.000,221.400,0.166,0.000,0.000
"19:45",0.000,0.000,221.400,0.179,0.000,0.000
"20:00",0.000,0.000,221.500,0.166,0.000,0.000
"20:15",0.000,0.000,221.400,0.179,0.000,0.000
"20:30",0.000,0.000,221.400,0.179,0.000,0.000
"20:45",0.000,0.000,221.400,0.166,0.000,0.000
"21:00",0.000,0.000,221.400,0.179,0.000,0.000
"21:15",0.000,0.000,221.300,0.179,0.000,0.000
"21:30",0.000,0.000,221.300,0.166,0.000,0.000
"21:45",0.000,0.000,221.400,0.179,0.000,0.000
"22:00",0.000,0.000,221.600,0.166,0.000,0.000
"22:15",0.000,0.000,221.600,0.179,0.000,0.000
"22:30",0.000,0.000,221.500,0.179,0.000,0.000
"22:45",0.000,0.000,221.400,0.166,0.000,0.000
"23:00",0.000,0.000,221.400,0.179,0.000,0.000
"23:15",0.000,0.000,221.400,0.179,0.000,0.000
"23:30",0.000,0.000,221.500,0.166,0.000,0.000
"23:45",0.000,0.000,221.500,0.179,0.000,0.000
" 7/11/26 24:00",0.000,0.000,221.500,0.179,0.000,0.000
