"kwh"
"Time ","AGRIM02P","AGRIM02P","AGRIM02P","AGRIM02P","AGRIM02P","AGRIM02P"
" 3/18/26 00:15",0.000,0.000,221.600,0.179,0.000,0.000
" 3/18/26 00:30",0.000,0.000,221.500,0.192,0.000,0.000
"00:45",0.000,0.000,221.600,0.179,0.000,0.000
"01:00",0.000,0.000,221.600,0.179,0.000,0.000
"01:15",0.000,0.000,221.600,0.192,0.000,0.000
"01:30",0.000,0.000,221.600,0.179,0.000,0.000
"01:45",0.000,0.000,221.600,0.179,0.000,0.000
"02:00",0.000,0.000,221.600,0.192,0.000,0.000
"02:15",0.000,0.000,221.600,0.179,0.000,0.000
"02:30",0.000,0.000,221.600,0.179,0.000,0.000
"02:45",0.000,0.000,221.600,0.192,0.000,0.000
"03:00",0.000,0.000,221.600,0.179,0.000,0.000
"03:15",0.000,0.000,221.600,0.192,0.000,0.000
"03:30",0.000,0.000,221.700,0.179,0.000,0.000
"03:45",0.000,0.000,221.700,0.179,0.000,0.000
"04:00",0.000,0.000,221.700,0.192,0.000,0.000
"04:15",0.000,0.000,221.700,0.179,0.000,0.000
"04:30",0.000,0.000,221.700,0.192,0.000,0.000
"04:45",0.000,0.000,221.700,0.179,0.000,0.000
"05:00",0.000,0.000,221.700,0.179,0.000,0.000
"05:15",0.000,0.000,221.700,0.192,0.000,0.000
"05:30",0.000,0.000,221.700,0.179,0.000,0.000
"05:45",0.000,0.000,221.700,0.179,0.000,0.000
"06:00",0.000,0.000,221.700,0.192,0.000,0.000
"06:15",0.000,0.000,221.700,0.179,0.000,0.000
"06:30",0.000,0.000,221.700,0.192,0.000,0.000
"06:45",0.000,0.000,221.500,0.179,0.000,0.000
"07:00",0.000,0.000,221.500,0.179,0.000,0.000
"07:15",0.000,0.000,221.500,0.192,0.000,0.000
"07:30",0.000,0.000,221.500,0.166,0.000,0.000
"07:45",0.269,0.000,221.500,0.013,0.000,0.026
"08:00",1.946,0.000,221.600,0.000,0.000,0.051
"08:15",4.672,0.000,221.700,0.000,0.000,0.038
"08:30",6.592,0.000,221.900,0.000,0.000,0.013
"08:45",5.862,0.000,221.800,0.000,0.000,0.026
"09:00",10.995,0.000,221.600,0.000,0.000,0.013
"09:15",16.294,0.000,221.400,0.000,0.000,0.000
"09:30",19.251,0.000,221.500,0.000,0.000,0.000
"09:45",20.288,0.000,221.500,0.000,0.000,0.000
"10:00",29.056,0.000,221.700,0.000,0.000,0.000
"10:15",25.651,0.000,221.700,0.000,0.000,0.000
"10:30",30.067,0.000,221.700,0.000,0.000,0.000
"10:45",35.661,0.000,221.900,0.000,0.000,0.000
"11:00",50.586,0.000,222.200,0.000,0.000,0.000
"11:15",0.000,0.000,53.900,0.000,0.000,0.000
"11:30",0.000,0.000,0.000,0.000,0.000,0.000
"11:45",10.022,0.000,221.600,0.026,0.000,0.000
"12:00",60.634,0.000,223.100,0.000,0.000,0.000
"12:15",48.410,0.000,223.100,0.000,0.000,0.026
"12:30",67.149,0.000,223.300,0.000,0.000,0.000
"12:45",92.531,0.000,223.800,0.000,0.000,0.000
"13:00",99.712,0.000,224.200,0.000,0.000,0.026
"13:15",101.670,0.000,224.000,0.000,0.000,0.013
"13:30",100.467,0.000,224.100,0.000,0.000,0.026
"13:45",99.981,0.000,224.200,0.000,0.000,0.038
"14:00",94.554,0.000,224.100,0.000,0.000,0.051
"14:15",100.672,0.000,224.300,0.000,0.000,0.038
"14:30",97.242,0.000,224.200,0.000,0.000,0.051
"14:45",94.106,0.000,224.200,0.000,0.000,0.051
"15:00",94.336,0.000,224.100,0.000,0.000,0.064
"15:15",88.602,0.000,224.000,0.000,0.000,0.051
"15:30",91.571,0.000,223.800,0.000,0.000,0.026
"15:45",88.947,0.000,223.600,0.000,0.000,0.026
"16:00",86.298,0.000,223.600,0.000,0.000,0.026
"16:15",78.003,0.000,223.400,0.000,0.000,0.038
"16:30",72.960,0.000,223.400,0.000,0.000,0.038
"16:45",67.750,0.000,223.300,0.000,0.000,0.026
"17:00",61.811,0.000,223.200,0.000,0.000,0.038
"17:15",55.347,0.000,223.100,0.000,0.000,0.026
"17:30",50.189,0.000,223.000,0.000,0.000,0.013
"17:45",41.050,0.000,222.700,0.000,0.000,0.026
"18:00",36.275,0.000,222.700,0.000,0.000,0.026
"18:15",29.107,0.000,222.600,0.000,0.000,0.026
"18:30",21.734,0.000,222.300,0.000,0.000,0.026
"18:45",14.861,0.000,221.900,0.000,0.000,0.013
"19:00",8.678,0.000,221.600,0.000,0.000,0.026
"19:15",3.725,0.000,221.300,0.000,0.000,0.026
"19:30",0.717,0.000,221.100,0.000,0.000,0.038
"19:45",0.077,0.000,220.900,0.051,0.000,0.000
"20:00",0.000,0.026,220.800,0.154,0.000,0.000
"20:15",0.000,0.000,220.800,0.179,0.000,0.000
"20:30",0.000,0.000,220.800,0.179,0.000,0.000
"20:45",0.000,0.000,220.800,0.179,0.000,0.000
"21:00",0.000,0.000,220.800,0.192,0.000,0.000
"21:15",0.000,0.000,220.800,0.179,0.000,0.000
"21:30",0.000,0.000,220.800,0.179,0.000,0.000
"21:45",0.000,0.000,220.800,0.192,0.000,0.000
"22:00",0.000,0.000,220.800,0.179,0.000,0.000
"22:15",0.000,0.000,220.900,0.179,0.000,0.000
"22:30",0.000,0.000,220.800,0.179,0.000,0.000
"22:45",0.000,0.000,220.800,0.192,0.000,0.000
"23:00",0.000,0.000,220.800,0.179,0.000,0.000
"23:15",0.000,0.000,220.800,0.179,0.000,0.000
"23:30",0.000,0.000,220.800,0.179,0.000,0.000
"23:45",0.000,0.000,220.800,0.192,0.000,0.000
" 3/18/26 24:00",0.000,0.000,220.900,0.179,0.000,0.000
