"kwh"
"Time ","AGRIM02P","AGRIM02P","AGRIM02P","AGRIM02P","AGRIM02P","AGRIM02P"
" 5/31/26 00:15",0.000,0.000,221.800,0.179,0.000,0.000
"00:30",0.000,0.000,221.900,0.166,0.000,0.000
"00:45",0.000,0.000,221.900,0.179,0.000,0.000
"01:00",0.000,0.000,221.900,0.166,0.000,0.000
"01:15",0.000,0.000,221.900,0.179,0.000,0.000
"01:30",0.000,0.000,221.900,0.166,0.000,0.000
"01:45",0.000,0.000,221.900,0.179,0.000,0.000
"02:00",0.000,0.000,222.000,0.179,0.000,0.000
"02:15",0.000,0.000,222.000,0.166,0.000,0.000
"02:30",0.000,0.000,222.000,0.179,0.000,0.000
"02:45",0.000,0.000,222.000,0.166,0.000,0.000
"03:00",0.000,0.000,222.000,0.179,0.000,0.000
"03:15",0.000,0.000,222.000,0.166,0.000,0.000
"03:30",0.000,0.000,222.000,0.179,0.000,0.000
"03:45",0.000,0.000,222.000,0.179,0.000,0.000
"04:00",0.000,0.000,222.000,0.166,0.000,0.000
"04:15",0.000,0.000,222.000,0.179,0.000,0.000
"04:30",0.000,0.000,222.000,0.166,0.000,0.000
"04:45",0.000,0.000,222.000,0.179,0.000,0.000
"05:00",0.000,0.000,221.900,0.179,0.000,0.000
"05:15",0.000,0.000,222.000,0.166,0.000,0.000
"05:30",0.000,0.000,222.000,0.179,0.000,0.000
"05:45",0.000,0.000,222.000,0.166,0.000,0.000
"06:00",0.000,0.000,222.000,0.179,0.000,0.000
"06:15",0.000,0.000,222.000,0.166,0.000,0.000
"06:30",0.000,0.000,222.000,0.179,0.000,0.000
"06:45",0.000,0.000,222.000,0.166,0.000,0.000
"07:00",0.000,0.000,222.000,0.179,0.000,0.000
"07:15",0.000,0.000,221.900,0.166,0.000,0.000
"07:30",0.000,0.000,221.900,0.179,0.000,0.000
"07:45",0.000,0.000,222.000,0.166,0.000,0.000
"08:00",0.000,0.000,222.000,0.179,0.000,0.000
"08:15",0.000,0.000,222.000,0.166,0.000,0.000
"08:30",0.000,0.000,222.000,0.179,0.000,0.000
"08:45",0.000,0.013,222.000,0.102,0.013,0.000
"09:00",0.064,0.000,222.000,0.013,0.000,0.026
"09:15",0.230,0.000,222.100,0.000,0.000,0.026
"09:30",0.819,0.000,221.900,0.000,0.000,0.064
"09:45",4.083,0.000,222.000,0.000,0.000,0.026
"10:00",11.571,0.000,222.200,0.000,0.000,0.013
"10:15",12.378,0.000,222.300,0.000,0.000,0.026
"10:30",19.354,0.000,222.500,0.000,0.000,0.000
"10:45",21.722,0.000,222.500,0.000,0.000,0.013
"11:00",22.093,0.000,222.600,0.000,0.000,0.000
"11:15",25.574,0.000,222.700,0.000,0.000,0.000
"11:30",18.918,0.000,222.600,0.000,0.000,0.013
"11:45",24.960,0.000,222.700,0.000,0.000,0.000
"12:00",27.238,0.000,222.800,0.000,0.000,0.000
"12:15",33.792,0.000,223.000,0.000,0.000,0.000
"12:30",31.846,0.000,222.900,0.000,0.000,0.013
"12:45",38.579,0.000,223.100,0.000,0.000,0.000
"13:00",44.710,0.000,223.100,0.000,0.000,0.000
"13:15",59.968,0.000,223.600,0.000,0.000,0.000
"13:30",42.189,0.000,223.100,0.000,0.000,0.000
"13:45",53.632,0.000,223.200,0.000,0.000,0.000
"14:00",32.781,0.000,223.000,0.000,0.000,0.000
"14:15",47.770,0.000,223.100,0.000,0.000,0.000
"14:30",26.253,0.000,222.800,0.000,0.000,0.013
"14:45",15.373,0.000,222.500,0.000,0.000,0.026
"15:00",33.421,0.000,222.700,0.000,0.000,0.013
"15:15",18.176,0.000,222.700,0.000,0.000,0.026
"15:30",33.894,0.000,222.800,0.000,0.000,0.013
"15:45",22.822,0.000,222.700,0.000,0.000,0.013
"16:00",22.029,0.000,222.700,0.000,0.000,0.000
"16:15",15.987,0.000,222.600,0.000,0.000,0.026
"16:30",18.586,0.000,222.500,0.000,0.000,0.000
"16:45",13.261,0.000,222.400,0.000,0.000,0.026
"17:00",14.157,0.000,222.300,0.000,0.000,0.013
"17:15",12.403,0.000,222.400,0.000,0.000,0.051
"17:30",7.450,0.000,222.200,0.000,0.000,0.077
"17:45",5.722,0.000,222.100,0.000,0.000,0.051
"18:00",3.059,0.000,222.000,0.000,0.000,0.064
"18:15",1.715,0.000,222.000,0.000,0.000,0.102
"18:30",0.256,0.000,221.800,0.038,0.000,0.000
"18:45",0.000,0.038,221.800,0.115,0.000,0.000
"19:00",0.000,0.026,221.700,0.154,0.000,0.000
"19:15",0.000,0.000,221.600,0.166,0.000,0.000
"19:30",0.000,0.000,221.500,0.179,0.000,0.000
"19:45",0.000,0.000,221.600,0.166,0.000,0.000
"20:00",0.000,0.000,221.500,0.179,0.000,0.000
"20:15",0.000,0.000,221.500,0.166,0.000,0.000
"20:30",0.000,0.000,221.500,0.179,0.000,0.000
"20:45",0.000,0.000,221.600,0.166,0.000,0.000
"21:00",0.000,0.000,221.600,0.179,0.000,0.000
"21:15",0.000,0.000,221.600,0.166,0.000,0.000
"21:30",0.000,0.000,221.500,0.179,0.000,0.000
"21:45",0.000,0.000,221.600,0.179,0.000,0.000
"22:00",0.000,0.000,221.700,0.166,0.000,0.000
"22:15",0.000,0.000,221.700,0.179,0.000,0.000
"22:30",0.000,0.000,221.700,0.179,0.000,0.000
"22:45",0.000,0.000,221.700,0.166,0.000,0.000
"23:00",0.000,0.000,221.800,0.179,0.000,0.000
"23:15",0.000,0.000,221.800,0.166,0.000,0.000
"23:30",0.000,0.000,221.800,0.179,0.000,0.000
"23:45",0.000,0.000,221.800,0.166,0.000,0.000
" 5/31/26 24:00",0.000,0.000,221.800,0.179,0.000,0.000
