"kwh"
"Time ","AGRIM02P","AGRIM02P","AGRIM02P","AGRIM02P","AGRIM02P","AGRIM02P"
" 8/12/26 00:15",0.000,0.000,221.600,0.166,0.000,0.000
" 8/12/26 00:30",0.000,0.000,221.700,0.179,0.000,0.000
"00:45",0.000,0.000,221.700,0.166,0.000,0.000
"01:00",0.000,0.000,221.700,0.179,0.000,0.000
"01:15",0.000,0.000,221.700,0.179,0.000,0.000
"01:30",0.000,0.000,221.700,0.166,0.000,0.000
"01:45",0.000,0.000,221.700,0.179,0.000,0.000
"02:00",0.000,0.000,221.700,0.166,0.000,0.000
"02:15",0.000,0.000,221.800,0.179,0.000,0.000
"02:30",0.000,0.000,221.800,0.166,0.000,0.000
"02:45",0.000,0.000,221.800,0.179,0.000,0.000
"03:00",0.000,0.000,221.700,0.166,0.000,0.000
"03:15",0.000,0.000,221.700,0.179,0.000,0.000
"03:30",0.000,0.000,221.800,0.166,0.000,0.000
"03:45",0.000,0.000,221.900,0.179,0.000,0.000
"04:00",0.000,0.000,221.800,0.166,0.000,0.000
"04:15",0.000,0.000,221.800,0.179,0.000,0.000
"04:30",0.000,0.000,221.800,0.166,0.000,0.000
"04:45",0.000,0.000,221.800,0.179,0.000,0.000
"05:00",0.000,0.000,221.800,0.166,0.000,0.000
"05:15",0.000,0.000,221.800,0.179,0.000,0.000
"05:30",0.000,0.000,221.800,0.166,0.000,0.000
"05:45",0.000,0.000,221.800,0.179,0.000,0.000
"06:00",0.000,0.000,221.800,0.166,0.000,0.000
"06:15",0.000,0.000,221.800,0.179,0.000,0.000
"06:30",0.000,0.000,221.600,0.166,0.000,0.000
"06:45",0.000,0.000,221.500,0.179,0.000,0.000
"07:00",0.000,0.000,221.500,0.166,0.000,0.000
"07:15",0.000,0.000,221.400,0.179,0.000,0.000
"07:30",0.000,0.000,221.400,0.166,0.000,0.000
"07:45",0.000,0.000,221.300,0.179,0.000,0.000
"08:00",0.000,0.000,221.300,0.179,0.000,0.000
"08:15",0.448,0.000,221.500,0.000,0.000,0.051
"08:30",1.062,0.000,221.500,0.000,0.000,0.102
"08:45",2.125,0.000,221.500,0.000,0.000,0.026
"09:00",10.931,0.000,221.600,0.000,0.000,0.013
"09:15",31.616,0.000,222.500,0.000,0.000,0.000
"09:30",36.173,0.000,222.800,0.000,0.000,0.000
"09:45",23.693,0.000,222.100,0.000,0.000,0.000
"10:00",30.170,0.000,222.200,0.000,0.000,0.000
"10:15",57.408,0.000,222.500,0.000,0.000,0.000
"10:30",47.424,0.000,222.500,0.000,0.000,0.000
"10:45",24.192,0.000,221.900,0.000,0.000,0.000
"11:00",27.366,0.000,222.000,0.000,0.000,0.000
"11:15",37.146,0.000,222.200,0.000,0.000,0.000
"11:30",32.640,0.000,222.100,0.000,0.000,0.000
"11:45",27.110,0.000,221.900,0.000,0.000,0.000
"12:00",22.131,0.000,221.800,0.000,0.000,0.000
"12:15",28.749,0.000,222.000,0.000,0.000,0.000
"12:30",34.842,0.000,222.100,0.000,0.000,0.000
"12:45",42.355,0.000,222.400,0.000,0.000,0.000
"13:00",55.104,0.000,222.800,0.000,0.000,0.000
"13:15",78.874,0.000,223.300,0.000,0.000,0.000
"13:30",96.051,0.000,224.000,0.000,0.000,0.000
"13:45",88.077,0.000,223.800,0.000,0.000,0.000
"14:00",60.480,0.000,223.100,0.000,0.000,0.000
"14:15",56.563,0.000,222.900,0.000,0.000,0.000
"14:30",47.603,0.000,222.700,0.000,0.000,0.000
"14:45",43.674,0.000,222.700,0.000,0.000,0.000
"15:00",38.080,0.000,222.400,0.000,0.000,0.000
"15:15",47.270,0.000,222.500,0.000,0.000,0.000
"15:30",47.078,0.000,222.600,0.000,0.000,0.000
"15:45",32.781,0.000,222.300,0.000,0.000,0.000
"16:00",19.174,0.000,221.800,0.000,0.000,0.000
"16:15",12.237,0.000,221.600,0.000,0.000,0.026
"16:30",8.499,0.000,221.600,0.000,0.000,0.077
"16:45",15.718,0.000,221.700,0.000,0.000,0.013
"17:00",13.286,0.000,222.000,0.000,0.000,0.051
"17:15",8.934,0.000,221.800,0.000,0.000,0.077
"17:30",9.306,0.000,222.000,0.000,0.000,0.090
"17:45",7.078,0.000,221.900,0.000,0.000,0.102
"18:00",4.954,0.000,221.900,0.000,0.000,0.090
"18:15",2.944,0.000,222.000,0.000,0.000,0.064
"18:30",1.421,0.000,221.900,0.000,0.000,0.077
"18:45",0.205,0.000,221.800,0.013,0.000,0.000
"19:00",0.000,0.026,221.700,0.128,0.000,0.000
"19:15",0.000,0.051,221.600,0.115,0.000,0.000
"19:30",0.000,0.000,221.600,0.166,0.000,0.000
"19:45",0.000,0.000,221.600,0.179,0.000,0.000
"20:00",0.000,0.000,221.600,0.179,0.000,0.000
"20:15",0.000,0.000,221.500,0.166,0.000,0.000
"20:30",0.000,0.000,221.500,0.179,0.000,0.000
"20:45",0.000,0.000,221.500,0.166,0.000,0.000
"21:00",0.000,0.000,221.500,0.179,0.000,0.000
"21:15",0.000,0.000,221.500,0.166,0.000,0.000
"21:30",0.000,0.000,221.500,0.179,0.000,0.000
"21:45",0.000,0.000,221.500,0.179,0.000,0.000
"22:00",0.000,0.000,221.500,0.166,0.000,0.000
"22:15",0.000,0.000,221.600,0.179,0.000,0.000
"22:30",0.000,0.000,221.600,0.166,0.000,0.000
"22:45",0.000,0.000,221.500,0.179,0.000,0.000
"23:00",0.000,0.000,221.600,0.179,0.000,0.000
"23:15",0.000,0.000,221.400,0.166,0.000,0.000
"23:30",0.000,0.000,221.200,0.179,0.000,0.000
"23:45",0.000,0.000,221.200,0.166,0.000,0.000
" 8/12/26 24:00",0.000,0.000,221.200,0.179,0.000,0.000
