"kwh"
"Time ","AGRIM02P","AGRIM02P","AGRIM02P","AGRIM02P","AGRIM02P","AGRIM02P"
" 1/02/26 00:15",0.000,0.000,221.400,0.192,0.000,0.000
" 1/02/26 00:30",0.000,0.000,221.500,0.179,0.000,0.000
"00:45",0.000,0.000,221.400,0.179,0.000,0.000
"01:00",0.000,0.000,221.500,0.192,0.000,0.000
"01:15",0.000,0.000,221.500,0.179,0.000,0.000
"01:30",0.000,0.000,221.500,0.192,0.000,0.000
"01:45",0.000,0.000,221.500,0.179,0.000,0.000
"02:00",0.000,0.000,221.500,0.179,0.000,0.000
"02:15",0.000,0.000,221.500,0.192,0.000,0.000
"02:30",0.000,0.000,221.500,0.179,0.000,0.000
"02:45",0.000,0.000,221.600,0.179,0.000,0.000
"03:00",0.000,0.000,221.500,0.192,0.000,0.000
"03:15",0.000,0.000,221.500,0.179,0.000,0.000
"03:30",0.000,0.000,221.500,0.179,0.000,0.000
"03:45",0.000,0.000,221.600,0.192,0.000,0.000
"04:00",0.000,0.000,221.500,0.179,0.000,0.000
"04:15",0.000,0.000,221.600,0.192,0.000,0.000
"04:30",0.000,0.000,221.600,0.179,0.000,0.000
"04:45",0.000,0.000,221.600,0.179,0.000,0.000
"05:00",0.000,0.000,221.600,0.192,0.000,0.000
"05:15",0.000,0.000,221.600,0.179,0.000,0.000
"05:30",0.000,0.000,221.700,0.179,0.000,0.000
"05:45",0.000,0.000,221.600,0.192,0.000,0.000
"06:00",0.000,0.000,221.600,0.179,0.000,0.000
"06:15",0.000,0.000,221.600,0.192,0.000,0.000
"06:30",0.038,0.000,221.700,0.090,0.000,0.000
"06:45",0.627,0.000,221.700,0.000,0.000,0.026
"07:00",1.280,0.000,221.800,0.000,0.000,0.013
"07:15",2.022,0.000,222.000,0.000,0.000,0.000
"07:30",3.776,0.000,222.100,0.000,0.000,0.000
"07:45",7.782,0.000,222.400,0.000,0.000,0.000
"08:00",13.658,0.000,222.600,0.000,0.000,0.000
"08:15",20.493,0.000,222.600,0.000,0.000,0.000
"08:30",27.866,0.000,222.800,0.000,0.000,0.000
"08:45",35.110,0.000,222.900,0.000,0.000,0.000
"09:00",42.214,0.000,222.800,0.000,0.000,0.000
"09:15",48.998,0.000,222.500,0.000,0.000,0.000
"09:30",55.539,0.000,222.400,0.000,0.000,0.000
"09:45",61.875,0.000,222.500,0.000,0.000,0.000
"10:00",67.955,0.000,222.600,0.000,0.000,0.000
"10:15",73.254,0.000,222.700,0.000,0.000,0.000
"10:30",78.003,0.000,222.800,0.000,0.000,0.000
"10:45",82.547,0.000,222.900,0.000,0.000,0.000
"11:00",86.438,0.000,222.900,0.000,0.000,0.000
"11:15",90.266,0.000,222.900,0.000,0.000,0.000
"11:30",93.376,0.000,222.900,0.000,0.000,0.000
"11:45",96.179,0.000,223.000,0.000,0.000,0.000
"12:00",98.701,0.000,223.000,0.000,0.000,0.000
"12:15",100.621,0.000,223.000,0.000,0.000,0.000
"12:30",102.579,0.000,223.100,0.000,0.000,0.000
"12:45",103.219,0.000,223.000,0.000,0.000,0.000
"13:00",103.450,0.000,223.000,0.000,0.000,0.000
"13:15",103.245,0.000,223.000,0.000,0.000,0.000
"13:30",103.398,0.000,223.100,0.000,0.000,0.000
"13:45",103.078,0.000,223.100,0.000,0.000,0.000
"14:00",103.040,0.000,223.000,0.000,0.000,0.000
"14:15",102.502,0.000,223.000,0.000,0.000,0.000
"14:30",102.374,0.000,223.000,0.000,0.000,0.000
"14:45",100.429,0.000,223.000,0.000,0.000,0.000
"15:00",99.213,0.000,223.100,0.000,0.000,0.000
"15:15",97.536,0.000,223.000,0.000,0.000,0.013
"15:30",95.232,0.000,223.000,0.000,0.000,0.000
"15:45",91.494,0.000,222.900,0.000,0.000,0.000
"16:00",87.770,0.000,222.800,0.000,0.000,0.000
"16:15",84.378,0.000,222.800,0.000,0.000,0.000
"16:30",80.486,0.000,222.600,0.000,0.000,0.000
"16:45",75.379,0.000,222.700,0.000,0.000,0.000
"17:00",70.182,0.000,222.700,0.000,0.000,0.000
"17:15",65.152,0.000,222.500,0.000,0.000,0.000
"17:30",59.469,0.000,222.100,0.000,0.000,0.000
"17:45",53.658,0.000,222.100,0.000,0.000,0.013
"18:00",51.174,0.000,221.200,0.000,0.000,0.013
"18:15",47.322,0.000,221.700,0.000,0.000,0.000
"18:30",35.328,0.000,221.700,0.000,0.000,0.000
"18:45",25.920,0.000,221.500,0.000,0.000,0.000
"19:00",18.880,0.000,221.300,0.000,0.000,0.026
"19:15",12.416,0.000,220.900,0.000,0.000,0.013
"19:30",7.322,0.000,220.300,0.000,0.000,0.051
"19:45",4.173,0.000,220.100,0.000,0.000,0.077
"20:00",2.611,0.000,220.000,0.000,0.000,0.090
"20:15",1.536,0.000,219.900,0.000,0.000,0.128
"20:30",0.474,0.000,219.900,0.000,0.000,0.154
"20:45",0.026,0.026,219.800,0.051,0.000,0.013
"21:00",0.000,0.026,219.800,0.166,0.000,0.000
"21:15",0.000,0.000,219.800,0.166,0.000,0.000
"21:30",0.000,0.000,219.700,0.179,0.000,0.000
"21:45",0.000,0.000,219.700,0.179,0.000,0.000
"22:00",0.000,0.000,219.700,0.192,0.000,0.000
"22:15",0.000,0.000,219.800,0.179,0.000,0.000
"22:30",0.000,0.000,219.800,0.179,0.000,0.000
"22:45",0.000,0.000,219.800,0.179,0.000,0.000
"23:00",0.000,0.000,219.900,0.179,0.000,0.000
"23:15",0.000,0.000,219.800,0.179,0.000,0.000
"23:30",0.000,0.000,219.600,0.192,0.000,0.000
"23:45",0.000,0.000,219.600,0.179,0.000,0.000
" 1/02/26 24:00",0.000,0.000,219.600,0.179,0.000,0.000
