"kwh"
"Time ","AGRIM02P","AGRIM02P","AGRIM02P","AGRIM02P","AGRIM02P","AGRIM02P"
" 5/03/26 00:15",0.000,0.000,221.200,0.179,0.000,0.000
" 5/03/26 00:30",0.000,0.000,221.200,0.166,0.000,0.000
"00:45",0.000,0.000,221.300,0.179,0.000,0.000
"01:00",0.000,0.000,221.300,0.166,0.000,0.000
"01:15",0.000,0.000,221.300,0.179,0.000,0.000
"01:30",0.000,0.000,221.400,0.166,0.000,0.000
"01:45",0.000,0.000,221.400,0.179,0.000,0.000
"02:00",0.000,0.000,221.300,0.166,0.000,0.000
"02:15",0.000,0.000,221.300,0.179,0.000,0.000
"02:30",0.000,0.000,221.400,0.166,0.000,0.000
"02:45",0.000,0.000,221.400,0.179,0.000,0.000
"03:00",0.000,0.000,221.400,0.166,0.000,0.000
"03:15",0.000,0.000,221.500,0.179,0.000,0.000
"03:30",0.000,0.000,221.400,0.166,0.000,0.000
"03:45",0.000,0.000,221.400,0.166,0.000,0.000
"04:00",0.000,0.000,221.400,0.179,0.000,0.000
"04:15",0.000,0.000,221.500,0.179,0.000,0.000
"04:30",0.000,0.000,221.500,0.166,0.000,0.000
"04:45",0.000,0.000,221.500,0.166,0.000,0.000
"05:00",0.000,0.000,221.400,0.179,0.000,0.000
"05:15",0.000,0.000,221.500,0.166,0.000,0.000
"05:30",0.000,0.000,221.500,0.179,0.000,0.000
"05:45",0.000,0.000,221.500,0.166,0.000,0.000
"06:00",0.000,0.000,221.500,0.179,0.000,0.000
"06:15",0.000,0.000,221.500,0.166,0.000,0.000
"06:30",0.000,0.000,221.500,0.179,0.000,0.000
"06:45",0.000,0.000,221.400,0.179,0.000,0.000
"07:00",0.000,0.000,221.500,0.166,0.000,0.000
"07:15",0.000,0.000,221.400,0.179,0.000,0.000
"07:30",0.000,0.000,221.400,0.166,0.000,0.000
"07:45",0.000,0.000,221.400,0.179,0.000,0.000
"08:00",0.013,0.000,221.500,0.077,0.013,0.000
"08:15",0.691,0.000,221.500,0.000,0.000,0.038
"08:30",4.006,0.000,221.600,0.000,0.000,0.051
"08:45",13.350,0.000,222.000,0.000,0.000,0.000
"09:00",22.989,0.000,222.500,0.000,0.000,0.000
"09:15",31.514,0.000,222.700,0.000,0.000,0.000
"09:30",39.782,0.000,223.000,0.000,0.000,0.000
"09:45",47.693,0.000,223.800,0.000,0.000,0.000
"10:00",55.130,0.000,224.000,0.000,0.000,0.000
"10:15",61.978,0.000,224.000,0.000,0.000,0.000
"10:30",68.378,0.000,224.000,0.000,0.000,0.000
"10:45",74.112,0.000,224.100,0.000,0.000,0.000
"11:00",79.437,0.000,224.200,0.000,0.000,0.000
"11:15",84.506,0.000,224.400,0.000,0.000,0.000
"11:30",88.704,0.000,224.400,0.000,0.000,0.000
"11:45",92.493,0.000,224.500,0.000,0.000,0.000
"12:00",95.910,0.000,224.600,0.000,0.000,0.000
"12:15",98.752,0.000,224.600,0.000,0.000,0.000
"12:30",101.376,0.000,224.600,0.000,0.000,0.013
"12:45",103.757,0.000,224.700,0.000,0.000,0.000
"13:00",105.216,0.000,224.600,0.000,0.000,0.000
"13:15",105.766,0.000,224.600,0.000,0.000,0.000
"13:30",106.368,0.000,224.600,0.000,0.000,0.000
"13:45",106.278,0.000,224.600,0.000,0.000,0.000
"14:00",105.293,0.000,224.700,0.000,0.000,0.000
"14:15",103.539,0.000,224.700,0.000,0.000,0.000
"14:30",100.954,0.000,224.700,0.000,0.000,0.000
"14:45",99.520,0.000,224.600,0.000,0.000,0.000
"15:00",97.344,0.000,224.700,0.000,0.000,0.000
"15:15",93.658,0.000,224.700,0.000,0.000,0.000
"15:30",89.574,0.000,224.700,0.000,0.000,0.013
"15:45",85.222,0.000,224.600,0.000,0.000,0.013
"16:00",79.923,0.000,224.400,0.000,0.000,0.013
"16:15",74.432,0.000,224.400,0.000,0.000,0.013
"16:30",68.390,0.000,224.300,0.000,0.000,0.013
"16:45",61.658,0.000,224.200,0.000,0.000,0.026
"17:00",54.477,0.000,224.100,0.000,0.000,0.013
"17:15",46.784,0.000,223.800,0.000,0.000,0.013
"17:30",38.925,0.000,223.500,0.000,0.000,0.000
"17:45",30.605,0.000,223.100,0.000,0.000,0.013
"18:00",22.080,0.000,222.800,0.000,0.000,0.013
"18:15",12.173,0.000,222.400,0.000,0.000,0.038
"18:30",2.714,0.000,222.000,0.000,0.000,0.090
"18:45",0.358,0.000,221.700,0.000,0.000,0.026
"19:00",0.013,0.026,221.600,0.090,0.000,0.013
"19:15",0.000,0.038,221.600,0.128,0.000,0.000
"19:30",0.000,0.000,221.600,0.166,0.000,0.000
"19:45",0.000,0.000,221.500,0.179,0.000,0.000
"20:00",0.000,0.000,221.500,0.179,0.000,0.000
"20:15",0.000,0.000,221.600,0.166,0.000,0.000
"20:30",0.000,0.000,221.500,0.179,0.000,0.000
"20:45",0.000,0.000,221.500,0.166,0.000,0.000
"21:00",0.000,0.000,221.600,0.179,0.000,0.000
"21:15",0.000,0.000,221.500,0.179,0.000,0.000
"21:30",0.000,0.000,221.600,0.166,0.000,0.000
"21:45",0.000,0.000,221.600,0.179,0.000,0.000
"22:00",0.000,0.000,221.600,0.166,0.000,0.000
"22:15",0.000,0.000,221.600,0.179,0.000,0.000
"22:30",0.000,0.000,221.600,0.179,0.000,0.000
"22:45",0.000,0.000,221.700,0.166,0.000,0.000
"23:00",0.000,0.000,221.800,0.179,0.000,0.000
"23:15",0.000,0.000,221.800,0.179,0.000,0.000
"23:30",0.000,0.000,221.800,0.166,0.000,0.000
"23:45",0.000,0.000,221.800,0.179,0.000,0.000
" 5/03/26 24:00",0.000,0.000,221.800,0.166,0.000,0.000
