"kwh"
"Time ","AGRIM02P","AGRIM02P","AGRIM02P","AGRIM02P","AGRIM02P","AGRIM02P"
" 5/28/26 00:15",0.000,0.000,221.500,0.179,0.000,0.000
"00:30",0.000,0.000,221.500,0.166,0.000,0.000
"00:45",0.000,0.000,221.500,0.179,0.000,0.000
"01:00",0.000,0.000,221.500,0.166,0.000,0.000
"01:15",0.000,0.000,221.600,0.179,0.000,0.000
"01:30",0.000,0.000,221.600,0.166,0.000,0.000
"01:45",0.000,0.000,221.600,0.179,0.000,0.000
"02:00",0.000,0.000,221.600,0.179,0.000,0.000
"02:15",0.000,0.000,221.600,0.166,0.000,0.000
"02:30",0.000,0.000,221.600,0.179,0.000,0.000
"02:45",0.000,0.000,221.600,0.166,0.000,0.000
"03:00",0.000,0.000,221.600,0.166,0.000,0.000
"03:15",0.000,0.000,221.600,0.179,0.000,0.000
"03:30",0.000,0.000,221.600,0.166,0.000,0.000
"03:45",0.000,0.000,221.500,0.179,0.000,0.000
"04:00",0.000,0.000,221.500,0.166,0.000,0.000
"04:15",0.000,0.000,221.500,0.179,0.000,0.000
"04:30",0.000,0.000,221.500,0.166,0.000,0.000
"04:45",0.000,0.000,221.500,0.179,0.000,0.000
"05:00",0.000,0.000,221.600,0.166,0.000,0.000
"05:15",0.000,0.000,221.500,0.179,0.000,0.000
"05:30",0.000,0.000,221.600,0.166,0.000,0.000
"05:45",0.000,0.000,221.600,0.179,0.000,0.000
"06:00",0.000,0.000,221.600,0.166,0.000,0.000
"06:15",0.000,0.000,221.600,0.179,0.000,0.000
"06:30",0.000,0.000,221.600,0.166,0.000,0.000
"06:45",0.000,0.000,221.500,0.179,0.000,0.000
"07:00",0.000,0.000,221.500,0.166,0.000,0.000
"07:15",0.000,0.000,221.500,0.179,0.000,0.000
"07:30",0.000,0.000,221.400,0.166,0.000,0.000
"07:45",0.000,0.000,221.400,0.179,0.000,0.000
"08:00",0.000,0.000,221.500,0.166,0.000,0.000
"08:15",0.000,0.000,221.400,0.128,0.000,0.000
"08:30",0.486,0.000,221.500,0.000,0.000,0.038
"08:45",3.443,0.000,221.600,0.000,0.000,0.064
"09:00",6.029,0.000,221.900,0.000,0.000,0.051
"09:15",21.978,0.000,222.300,0.000,0.000,0.000
"09:30",34.752,0.000,222.800,0.000,0.000,0.000
"09:45",46.285,0.000,222.900,0.000,0.000,0.000
"10:00",32.115,0.000,222.800,0.000,0.000,0.000
"10:15",19.136,0.000,222.500,0.000,0.000,0.000
"10:30",15.334,0.000,222.300,0.000,0.000,0.000
"10:45",22.387,0.000,222.400,0.000,0.000,0.000
"11:00",27.315,0.000,222.600,0.000,0.000,0.000
"11:15",41.856,0.000,222.800,0.000,0.000,0.000
"11:30",55.206,0.000,223.400,0.000,0.000,0.000
"11:45",84.749,0.000,223.800,0.000,0.000,0.000
"12:00",91.302,0.000,223.800,0.000,0.000,0.000
"12:15",93.645,0.000,223.900,0.000,0.000,0.000
"12:30",96.128,0.000,223.900,0.000,0.000,0.000
"12:45",99.213,0.000,224.000,0.000,0.000,0.000
"13:00",102.682,0.000,224.200,0.000,0.000,0.000
"13:15",103.616,0.000,224.200,0.000,0.000,0.000
"13:30",102.259,0.000,224.200,0.000,0.000,0.000
"13:45",101.722,0.000,224.200,0.000,0.000,0.000
"14:00",101.709,0.000,224.300,0.000,0.000,0.000
"14:15",100.390,0.000,224.100,0.000,0.000,0.000
"14:30",101.235,0.000,224.100,0.000,0.000,0.000
"14:45",67.354,0.000,223.700,0.000,0.000,0.000
"15:00",35.072,0.000,223.000,0.000,0.000,0.000
"15:15",65.306,0.000,223.200,0.000,0.000,0.000
"15:30",74.253,0.000,223.300,0.000,0.000,0.000
"15:45",64.704,0.000,223.000,0.000,0.000,0.000
"16:00",20.224,0.000,222.100,0.000,0.000,0.000
"16:15",21.773,0.000,222.100,0.000,0.000,0.000
"16:30",24.422,0.000,222.300,0.000,0.000,0.000
"16:45",38.733,0.000,222.600,0.000,0.000,0.000
"17:00",34.534,0.000,222.600,0.000,0.000,0.000
"17:15",20.352,0.000,222.200,0.000,0.000,0.013
"17:30",9.421,0.000,221.900,0.000,0.000,0.013
"17:45",7.104,0.000,221.700,0.000,0.000,0.077
"18:00",5.056,0.000,221.700,0.000,0.000,0.077
"18:15",3.328,0.000,221.600,0.000,0.000,0.026
"18:30",0.499,0.000,221.400,0.000,0.000,0.013
"18:45",0.026,0.026,221.300,0.064,0.013,0.000
"19:00",0.000,0.000,219.700,0.166,0.000,0.000
"19:15",0.000,0.000,220.600,0.166,0.000,0.000
"19:30",0.000,0.000,220.700,0.179,0.000,0.000
"19:45",0.000,0.000,220.100,0.166,0.000,0.000
"20:00",0.000,0.000,219.900,0.166,0.000,0.000
"20:15",0.000,0.000,219.700,0.179,0.000,0.000
"20:30",0.000,0.000,219.600,0.166,0.000,0.000
"20:45",0.000,0.000,219.800,0.166,0.000,0.000
"21:00",0.000,0.000,221.500,0.179,0.000,0.000
"21:15",0.000,0.000,221.700,0.166,0.000,0.000
"21:30",0.000,0.000,221.800,0.179,0.000,0.000
"21:45",0.000,0.000,222.200,0.179,0.000,0.000
"22:00",0.000,0.000,222.700,0.166,0.000,0.000
"22:15",0.000,0.000,221.700,0.179,0.000,0.000
"22:30",0.000,0.000,221.000,0.166,0.000,0.000
"22:45",0.000,0.000,221.700,0.179,0.000,0.000
"23:00",0.000,0.000,222.900,0.179,0.000,0.000
"23:15",0.000,0.000,223.600,0.166,0.000,0.000
"23:30",0.000,0.000,221.900,0.179,0.000,0.000
"23:45",0.000,0.000,220.400,0.166,0.000,0.000
" 5/28/26 24:00",0.000,0.000,220.300,0.179,0.000,0.000
