"kwh"
"Time ","AGRIM02P","AGRIM02P","AGRIM02P","AGRIM02P","AGRIM02P","AGRIM02P"
" 8/04/26 00:15",0.000,0.000,221.300,0.166,0.000,0.000
" 8/04/26 00:30",0.000,0.000,221.400,0.179,0.000,0.000
"00:45",0.000,0.000,221.400,0.166,0.000,0.000
"01:00",0.000,0.000,221.400,0.179,0.000,0.000
"01:15",0.000,0.000,221.400,0.166,0.000,0.000
"01:30",0.000,0.000,221.400,0.179,0.000,0.000
"01:45",0.000,0.000,221.400,0.166,0.000,0.000
"02:00",0.000,0.000,221.500,0.179,0.000,0.000
"02:15",0.000,0.000,221.500,0.166,0.000,0.000
"02:30",0.000,0.000,221.500,0.179,0.000,0.000
"02:45",0.000,0.000,221.500,0.179,0.000,0.000
"03:00",0.000,0.000,221.500,0.166,0.000,0.000
"03:15",0.000,0.000,221.500,0.166,0.000,0.000
"03:30",0.000,0.000,221.500,0.179,0.000,0.000
"03:45",0.000,0.000,221.500,0.166,0.000,0.000
"04:00",0.000,0.000,221.400,0.179,0.000,0.000
"04:15",0.000,0.000,221.400,0.166,0.000,0.000
"04:30",0.000,0.000,221.500,0.179,0.000,0.000
"04:45",0.000,0.000,221.400,0.166,0.000,0.000
"05:00",0.000,0.000,221.400,0.179,0.000,0.000
"05:15",0.000,0.000,221.400,0.166,0.000,0.000
"05:30",0.000,0.000,221.400,0.179,0.000,0.000
"05:45",0.000,0.000,221.400,0.166,0.000,0.000
"06:00",0.000,0.000,221.400,0.179,0.000,0.000
"06:15",0.000,0.000,221.400,0.166,0.000,0.000
"06:30",0.000,0.000,221.400,0.179,0.000,0.000
"06:45",0.000,0.000,221.300,0.166,0.000,0.000
"07:00",0.000,0.000,221.400,0.179,0.000,0.000
"07:15",0.000,0.000,221.300,0.166,0.000,0.000
"07:30",0.000,0.000,221.300,0.179,0.000,0.000
"07:45",0.000,0.000,221.200,0.166,0.000,0.000
"08:00",0.000,0.000,221.200,0.179,0.000,0.000
"08:15",0.000,0.000,221.200,0.166,0.000,0.000
"08:30",0.038,0.000,221.200,0.102,0.000,0.013
"08:45",0.653,0.000,221.200,0.000,0.000,0.026
"09:00",2.368,0.000,221.300,0.000,0.000,0.102
"09:15",5.683,0.000,221.100,0.000,0.000,0.038
"09:30",4.595,0.000,221.000,0.000,0.000,0.064
"09:45",7.066,0.000,221.100,0.000,0.000,0.077
"10:00",11.251,0.000,221.200,0.000,0.000,0.013
"10:15",18.253,0.000,221.400,0.000,0.000,0.000
"10:30",30.272,0.000,221.600,0.000,0.000,0.000
"10:45",38.131,0.000,221.700,0.000,0.000,0.000
"11:00",44.941,0.000,222.200,0.000,0.000,0.000
"11:15",64.090,0.000,223.000,0.000,0.000,0.000
"11:30",57.293,0.000,222.800,0.000,0.000,0.000
"11:45",65.549,0.000,222.900,0.000,0.000,0.000
"12:00",44.800,0.000,222.200,0.000,0.000,0.000
"12:15",46.195,0.000,222.500,0.000,0.000,0.000
"12:30",75.418,0.000,222.900,0.000,0.000,0.000
"12:45",35.290,0.000,222.500,0.000,0.000,0.013
"13:00",57.485,0.000,222.700,0.000,0.000,0.000
"13:15",71.053,0.000,223.000,0.000,0.000,0.000
"13:30",62.182,0.000,223.000,0.000,0.000,0.000
"13:45",67.763,0.000,222.800,0.000,0.000,0.000
"14:00",81.216,0.000,223.600,0.000,0.000,0.013
"14:15",67.469,0.000,223.200,0.000,0.000,0.000
"14:30",50.176,0.000,222.700,0.000,0.000,0.038
"14:45",48.563,0.000,222.600,0.000,0.000,0.090
"15:00",57.408,0.000,223.000,0.000,0.000,0.000
"15:15",35.981,0.000,222.400,0.000,0.000,0.000
"15:30",33.344,0.000,222.400,0.000,0.000,0.000
"15:45",84.403,0.000,223.500,0.000,0.000,0.038
"16:00",42.112,0.000,222.700,0.000,0.000,0.013
"16:15",27.507,0.000,222.200,0.000,0.000,0.282
"16:30",25.920,0.000,222.000,0.000,0.000,0.000
"16:45",25.805,0.000,222.300,0.000,0.000,0.000
"17:00",32.947,0.000,222.700,0.000,0.000,0.000
"17:15",22.938,0.000,222.400,0.000,0.000,0.013
"17:30",14.029,0.000,222.100,0.000,0.000,0.013
"17:45",8.960,0.000,221.900,0.000,0.000,0.051
"18:00",4.800,0.000,221.800,0.000,0.000,0.064
"18:15",3.738,0.000,222.000,0.000,0.000,0.038
"18:30",2.010,0.000,221.800,0.000,0.000,0.115
"18:45",0.627,0.000,221.500,0.000,0.000,0.038
"19:00",0.038,0.013,221.400,0.077,0.000,0.013
"19:15",0.000,0.038,221.300,0.128,0.000,0.000
"19:30",0.000,0.000,221.200,0.166,0.000,0.000
"19:45",0.000,0.000,221.200,0.179,0.000,0.000
"20:00",0.000,0.000,221.100,0.166,0.000,0.000
"20:15",0.000,0.000,221.100,0.179,0.000,0.000
"20:30",0.000,0.000,221.000,0.166,0.000,0.000
"20:45",0.000,0.000,221.100,0.179,0.000,0.000
"21:00",0.000,0.000,221.100,0.166,0.000,0.000
"21:15",0.000,0.000,221.200,0.179,0.000,0.000
"21:30",0.000,0.000,221.100,0.166,0.000,0.000
"21:45",0.000,0.000,221.200,0.179,0.000,0.000
"22:00",0.000,0.000,221.100,0.166,0.000,0.000
"22:15",0.000,0.000,221.200,0.179,0.000,0.000
"22:30",0.000,0.000,221.200,0.166,0.000,0.000
"22:45",0.000,0.000,221.200,0.179,0.000,0.000
"23:00",0.000,0.000,221.300,0.166,0.000,0.000
"23:15",0.000,0.000,221.200,0.179,0.000,0.000
"23:30",0.000,0.000,221.000,0.166,0.000,0.000
"23:45",0.000,0.000,221.100,0.179,0.000,0.000
" 8/04/26 24:00",0.000,0.000,221.100,0.166,0.000,0.000
