"kwh"
"Time ","AGRIM02P","AGRIM02P","AGRIM02P","AGRIM02P","AGRIM02P","AGRIM02P"
" 3/14/26 00:15",0.000,0.000,221.700,0.179,0.000,0.000
" 3/14/26 00:30",0.000,0.000,221.700,0.192,0.000,0.000
"00:45",0.000,0.000,221.700,0.179,0.000,0.000
"01:00",0.000,0.000,221.800,0.192,0.000,0.000
"01:15",0.000,0.000,221.800,0.179,0.000,0.000
"01:30",0.000,0.000,221.800,0.179,0.000,0.000
"01:45",0.000,0.000,221.700,0.192,0.000,0.000
"02:00",0.000,0.000,221.700,0.192,0.000,0.000
"02:15",0.000,0.000,221.900,0.179,0.000,0.000
"02:30",0.000,0.000,221.800,0.179,0.000,0.000
"02:45",0.000,0.000,221.900,0.192,0.000,0.000
"03:00",0.000,0.000,221.800,0.179,0.000,0.000
"03:15",0.000,0.000,221.800,0.192,0.000,0.000
"03:30",0.000,0.000,221.800,0.179,0.000,0.000
"03:45",0.000,0.000,221.800,0.192,0.000,0.000
"04:00",0.000,0.000,221.900,0.179,0.000,0.000
"04:15",0.000,0.000,221.900,0.192,0.000,0.000
"04:30",0.000,0.000,221.900,0.179,0.000,0.000
"04:45",0.000,0.000,221.900,0.179,0.000,0.000
"05:00",0.000,0.000,221.900,0.192,0.000,0.000
"05:15",0.000,0.000,222.000,0.179,0.000,0.000
"05:30",0.000,0.000,221.900,0.192,0.000,0.000
"05:45",0.000,0.000,221.900,0.179,0.000,0.000
"06:00",0.000,0.000,221.900,0.192,0.000,0.000
"06:15",0.000,0.000,222.000,0.179,0.000,0.000
"06:30",0.000,0.000,221.900,0.192,0.000,0.000
"06:45",0.000,0.000,221.900,0.179,0.000,0.000
"07:00",0.000,0.000,221.900,0.192,0.000,0.000
"07:15",0.000,0.000,221.900,0.179,0.000,0.000
"07:30",0.000,0.000,221.900,0.179,0.000,0.000
"07:45",0.166,0.000,221.900,0.000,0.000,0.013
"08:00",1.894,0.000,221.900,0.000,0.000,0.038
"08:15",6.694,0.000,222.300,0.000,0.000,0.077
"08:30",14.630,0.000,222.700,0.000,0.000,0.026
"08:45",24.973,0.000,223.000,0.000,0.000,0.000
"09:00",37.504,0.000,223.600,0.000,0.000,0.051
"09:15",37.850,0.000,223.000,0.000,0.000,0.013
"09:30",38.400,0.000,222.600,0.000,0.000,0.000
"09:45",32.154,0.000,222.500,0.000,0.000,0.000
"10:00",20.544,0.000,222.100,0.000,0.000,0.026
"10:15",40.896,0.000,222.900,0.000,0.000,0.550
"10:30",63.872,0.000,223.900,0.000,0.000,0.320
"10:45",62.720,0.000,224.100,0.000,0.000,0.038
"11:00",78.298,0.000,224.300,0.000,0.000,0.090
"11:15",85.645,0.000,224.700,0.000,0.000,0.282
"11:30",87.347,0.000,224.900,0.000,0.000,0.064
"11:45",74.854,0.000,224.300,0.000,0.000,0.013
"12:00",85.414,0.000,224.700,0.000,0.000,0.026
"12:15",95.974,0.000,224.900,0.000,0.000,0.013
"12:30",98.304,0.000,224.700,0.000,0.000,0.013
"12:45",99.827,0.000,224.900,0.000,0.000,0.026
"13:00",100.634,0.000,224.800,0.000,0.000,0.038
"13:15",102.579,0.000,225.000,0.000,0.000,0.141
"13:30",98.611,0.000,224.900,0.000,0.000,0.051
"13:45",99.213,0.000,224.800,0.000,0.000,0.038
"14:00",100.365,0.000,224.900,0.000,0.000,0.077
"14:15",99.789,0.000,225.000,0.000,0.000,0.038
"14:30",100.160,0.000,224.900,0.000,0.000,0.026
"14:45",98.470,0.000,224.900,0.000,0.000,0.038
"15:00",96.717,0.000,225.000,0.000,0.000,0.038
"15:15",94.451,0.000,224.900,0.000,0.000,0.051
"15:30",91.738,0.000,224.800,0.000,0.000,0.051
"15:45",88.653,0.000,224.800,0.000,0.000,0.064
"16:00",84.518,0.000,224.700,0.000,0.000,0.051
"16:15",80.422,0.000,224.600,0.000,0.000,0.038
"16:30",75.712,0.000,224.500,0.000,0.000,0.026
"16:45",70.490,0.000,224.400,0.000,0.000,0.013
"17:00",64.730,0.000,224.300,0.000,0.000,0.038
"17:15",58.778,0.000,224.200,0.000,0.000,0.051
"17:30",52.659,0.000,224.000,0.000,0.000,0.038
"17:45",46.067,0.000,223.900,0.000,0.000,0.026
"18:00",38.925,0.000,223.700,0.000,0.000,0.026
"18:15",31.475,0.000,223.500,0.000,0.000,0.026
"18:30",24.115,0.000,223.200,0.000,0.000,0.026
"18:45",17.088,0.000,222.900,0.000,0.000,0.013
"19:00",10.496,0.000,222.400,0.000,0.000,0.026
"19:15",4.992,0.000,222.200,0.000,0.000,0.051
"19:30",1.203,0.000,221.900,0.000,0.000,0.064
"19:45",0.166,0.000,221.900,0.000,0.000,0.000
"20:00",0.000,0.013,221.800,0.141,0.000,0.000
"20:15",0.000,0.013,221.800,0.166,0.000,0.000
"20:30",0.000,0.000,221.700,0.192,0.000,0.000
"20:45",0.000,0.000,221.700,0.179,0.000,0.000
"21:00",0.000,0.000,221.700,0.192,0.000,0.000
"21:15",0.000,0.000,221.700,0.179,0.000,0.000
"21:30",0.000,0.000,221.800,0.192,0.000,0.000
"21:45",0.000,0.000,221.900,0.179,0.000,0.000
"22:00",0.000,0.000,221.900,0.179,0.000,0.000
"22:15",0.000,0.000,221.700,0.192,0.000,0.000
"22:30",0.000,0.000,221.800,0.179,0.000,0.000
"22:45",0.000,0.000,221.700,0.192,0.000,0.000
"23:00",0.000,0.000,221.800,0.179,0.000,0.000
"23:15",0.000,0.000,221.800,0.192,0.000,0.000
"23:30",0.000,0.000,221.800,0.179,0.000,0.000
"23:45",0.000,0.000,221.800,0.192,0.000,0.000
" 3/14/26 24:00",0.000,0.000,221.800,0.179,0.000,0.000
