"kwh"
"Time ","AGRIM02P","AGRIM02P","AGRIM02P","AGRIM02P","AGRIM02P","AGRIM02P"
" 2/02/26 00:15",0.000,0.000,221.200,0.179,0.000,0.000
" 2/02/26 00:30",0.000,0.000,221.200,0.192,0.000,0.000
"00:45",0.000,0.000,221.300,0.179,0.000,0.000
"01:00",0.000,0.000,221.300,0.192,0.000,0.000
"01:15",0.000,0.000,221.400,0.179,0.000,0.000
"01:30",0.000,0.000,221.400,0.179,0.000,0.000
"01:45",0.000,0.000,221.400,0.192,0.000,0.000
"02:00",0.000,0.000,221.400,0.179,0.000,0.000
"02:15",0.000,0.000,221.400,0.179,0.000,0.000
"02:30",0.000,0.000,221.500,0.192,0.000,0.000
"02:45",0.000,0.000,221.500,0.179,0.000,0.000
"03:00",0.000,0.000,221.500,0.192,0.000,0.000
"03:15",0.000,0.000,221.500,0.179,0.000,0.000
"03:30",0.000,0.000,221.400,0.179,0.000,0.000
"03:45",0.000,0.000,221.400,0.192,0.000,0.000
"04:00",0.000,0.000,221.400,0.179,0.000,0.000
"04:15",0.000,0.000,221.400,0.179,0.000,0.000
"04:30",0.000,0.000,221.400,0.192,0.000,0.000
"04:45",0.000,0.000,221.400,0.179,0.000,0.000
"05:00",0.000,0.000,221.300,0.192,0.000,0.000
"05:15",0.000,0.000,221.300,0.179,0.000,0.000
"05:30",0.000,0.000,221.300,0.179,0.000,0.000
"05:45",0.000,0.000,221.300,0.192,0.000,0.000
"06:00",0.000,0.000,221.300,0.179,0.000,0.000
"06:15",0.000,0.000,221.200,0.179,0.000,0.000
"06:30",0.000,0.000,221.200,0.192,0.000,0.000
"06:45",0.000,0.000,221.300,0.179,0.000,0.000
"07:00",0.064,0.000,221.300,0.102,0.000,0.013
"07:15",0.461,0.000,221.300,0.000,0.000,0.090
"07:30",1.190,0.000,221.400,0.000,0.000,0.064
"07:45",2.611,0.000,221.500,0.000,0.000,0.013
"08:00",6.310,0.000,221.900,0.000,0.000,0.038
"08:15",12.634,0.000,222.200,0.000,0.000,0.013
"08:30",19.635,0.000,222.500,0.000,0.000,0.013
"08:45",26.867,0.000,222.800,0.000,0.000,0.013
"09:00",34.240,0.000,223.100,0.000,0.000,0.013
"09:15",41.395,0.000,223.200,0.000,0.000,0.051
"09:30",48.166,0.000,223.300,0.000,0.000,0.013
"09:45",54.387,0.000,223.500,0.000,0.000,0.000
"10:00",60.467,0.000,223.600,0.000,0.000,0.026
"10:15",66.317,0.000,223.800,0.000,0.000,0.026
"10:30",72.013,0.000,223.800,0.000,0.000,0.000
"10:45",77.261,0.000,223.800,0.000,0.000,0.013
"11:00",79.923,0.000,223.900,0.000,0.000,0.051
"11:15",48.819,0.000,223.400,0.000,0.000,0.026
"11:30",63.642,0.000,223.500,0.000,0.000,0.000
"11:45",74.176,0.000,223.800,0.000,0.000,0.013
"12:00",69.171,0.000,223.600,0.000,0.000,0.026
"12:15",102.477,0.000,224.200,0.000,0.000,0.000
"12:30",80.410,0.000,223.600,0.000,0.000,0.013
"12:45",92.352,0.000,223.800,0.000,0.000,0.000
"13:00",103.962,0.000,224.100,0.000,0.000,0.013
"13:15",82.637,0.000,223.400,0.000,0.000,0.013
"13:30",104.678,0.000,224.000,0.000,0.000,0.013
"13:45",101.286,0.000,223.900,0.000,0.000,0.013
"14:00",93.619,0.000,223.700,0.000,0.000,0.013
"14:15",72.461,0.000,223.400,0.000,0.000,0.026
"14:30",104.371,0.000,223.600,0.000,0.000,0.000
"14:45",102.528,0.000,224.100,0.000,0.000,0.026
"15:00",100.826,0.000,224.000,0.000,0.000,0.000
"15:15",69.734,0.000,223.500,0.000,0.000,0.026
"15:30",97.280,0.000,224.000,0.000,0.000,0.013
"15:45",90.125,0.000,223.800,0.000,0.000,0.000
"16:00",88.947,0.000,223.900,0.000,0.000,0.013
"16:15",84.928,0.000,223.600,0.000,0.000,0.013
"16:30",80.294,0.000,223.700,0.000,0.000,0.026
"16:45",75.200,0.000,223.600,0.000,0.000,0.000
"17:00",70.234,0.000,223.100,0.000,0.000,0.013
"17:15",65.408,0.000,223.000,0.000,0.000,0.000
"17:30",59.738,0.000,222.700,0.000,0.000,0.013
"17:45",54.042,0.000,222.600,0.000,0.000,0.000
"18:00",47.322,0.000,222.600,0.000,0.000,0.000
"18:15",40.858,0.000,222.300,0.000,0.000,0.013
"18:30",34.099,0.000,222.600,0.000,0.000,0.000
"18:45",26.957,0.000,222.400,0.000,0.000,0.000
"19:00",19.866,0.000,222.200,0.000,0.000,0.000
"19:15",13.389,0.000,221.900,0.000,0.000,0.013
"19:30",7.821,0.000,221.600,0.000,0.000,0.051
"19:45",3.712,0.000,221.200,0.000,0.000,0.102
"20:00",1.459,0.000,221.000,0.000,0.000,0.064
"20:15",0.614,0.000,220.900,0.000,0.000,0.115
"20:30",0.102,0.000,220.800,0.000,0.000,0.013
"20:45",0.000,0.077,220.700,0.090,0.000,0.000
"21:00",0.000,0.026,220.700,0.141,0.000,0.000
"21:15",0.000,0.000,220.600,0.179,0.000,0.000
"21:30",0.000,0.000,220.700,0.192,0.000,0.000
"21:45",0.000,0.000,220.700,0.179,0.000,0.000
"22:00",0.000,0.000,220.800,0.179,0.000,0.000
"22:15",0.000,0.000,220.700,0.192,0.000,0.000
"22:30",0.000,0.000,220.700,0.179,0.000,0.000
"22:45",0.000,0.000,220.700,0.179,0.000,0.000
"23:00",0.000,0.000,220.800,0.179,0.000,0.000
"23:15",0.000,0.000,220.800,0.192,0.000,0.000
"23:30",0.000,0.000,220.800,0.179,0.000,0.000
"23:45",0.000,0.000,220.800,0.179,0.000,0.000
" 2/02/26 24:00",0.000,0.000,220.800,0.192,0.000,0.000
