"kwh"
"Time ","AGRIM02P","AGRIM02P","AGRIM02P","AGRIM02P","AGRIM02P","AGRIM02P"
" 2/06/26 00:15",0.000,0.000,220.900,0.179,0.000,0.000
" 2/06/26 00:30",0.000,0.000,220.900,0.179,0.000,0.000
"00:45",0.000,0.000,221.000,0.179,0.000,0.000
"01:00",0.000,0.000,221.000,0.192,0.000,0.000
"01:15",0.000,0.000,221.000,0.179,0.000,0.000
"01:30",0.000,0.000,221.000,0.179,0.000,0.000
"01:45",0.000,0.000,221.100,0.192,0.000,0.000
"02:00",0.000,0.000,221.100,0.179,0.000,0.000
"02:15",0.000,0.000,221.100,0.179,0.000,0.000
"02:30",0.000,0.000,221.000,0.192,0.000,0.000
"02:45",0.000,0.000,221.000,0.179,0.000,0.000
"03:00",0.000,0.000,221.000,0.179,0.000,0.000
"03:15",0.000,0.000,221.000,0.192,0.000,0.000
"03:30",0.000,0.000,221.000,0.179,0.000,0.000
"03:45",0.000,0.000,221.000,0.179,0.000,0.000
"04:00",0.000,0.000,221.000,0.192,0.000,0.000
"04:15",0.000,0.000,221.000,0.179,0.000,0.000
"04:30",0.000,0.000,221.000,0.179,0.000,0.000
"04:45",0.000,0.000,221.000,0.192,0.000,0.000
"05:00",0.000,0.000,221.000,0.179,0.000,0.000
"05:15",0.000,0.000,221.000,0.179,0.000,0.000
"05:30",0.000,0.000,221.000,0.192,0.000,0.000
"05:45",0.000,0.000,221.000,0.179,0.000,0.000
"06:00",0.000,0.000,221.000,0.179,0.000,0.000
"06:15",0.000,0.000,220.900,0.192,0.000,0.000
"06:30",0.000,0.000,220.900,0.179,0.000,0.000
"06:45",0.000,0.000,220.900,0.179,0.000,0.000
"07:00",0.000,0.000,220.900,0.179,0.000,0.000
"07:15",0.064,0.000,221.000,0.051,0.000,0.000
"07:30",0.435,0.000,221.000,0.000,0.000,0.000
"07:45",0.307,0.000,221.000,0.000,0.000,0.000
"08:00",0.883,0.000,221.000,0.000,0.000,0.013
"08:15",3.200,0.000,221.200,0.000,0.000,0.000
"08:30",6.694,0.000,221.900,0.000,0.000,0.013
"08:45",9.587,0.000,221.900,0.000,0.000,0.000
"09:00",20.147,0.000,222.300,0.000,0.000,0.000
"09:15",28.416,0.000,222.700,0.000,0.000,0.000
"09:30",23.027,0.000,222.200,0.000,0.000,0.000
"09:45",17.677,0.000,221.900,0.000,0.000,0.000
"10:00",11.302,0.000,221.700,0.000,0.000,0.090
"10:15",12.710,0.000,221.800,0.000,0.000,0.013
"10:30",17.574,0.000,221.800,0.000,0.000,0.000
"10:45",13.914,0.000,221.800,0.000,0.000,0.000
"11:00",13.325,0.000,221.800,0.000,0.000,0.000
"11:15",14.451,0.000,221.800,0.000,0.000,0.000
"11:30",18.598,0.000,221.800,0.000,0.000,0.000
"11:45",21.146,0.000,221.800,0.000,0.000,0.000
"12:00",27.891,0.000,222.100,0.000,0.000,0.256
"12:15",34.701,0.000,222.300,0.000,0.000,0.269
"12:30",30.042,0.000,222.300,0.000,0.000,0.000
"12:45",37.696,0.000,222.500,0.000,0.000,0.000
"13:00",58.624,0.000,223.100,0.000,0.000,0.000
"13:15",41.203,0.000,222.600,0.000,0.000,0.000
"13:30",28.442,0.000,222.300,0.000,0.000,0.000
"13:45",25.741,0.000,222.100,0.000,0.000,0.000
"14:00",38.106,0.000,222.700,0.000,0.000,0.013
"14:15",56.077,0.000,223.200,0.000,0.000,0.000
"14:30",72.128,0.000,223.800,0.000,0.000,0.051
"14:45",91.955,0.000,224.100,0.000,0.000,0.026
"15:00",95.078,0.000,224.100,0.000,0.000,0.026
"15:15",89.357,0.000,224.200,0.000,0.000,0.013
"15:30",96.730,0.000,224.400,0.000,0.000,0.013
"15:45",94.451,0.000,224.300,0.000,0.000,0.000
"16:00",86.298,0.000,224.100,0.000,0.000,0.013
"16:15",86.336,0.000,224.100,0.000,0.000,0.000
"16:30",78.234,0.000,224.000,0.000,0.000,0.013
"16:45",50.637,0.000,223.500,0.000,0.000,0.026
"17:00",75.354,0.000,224.000,0.000,0.000,0.026
"17:15",66.790,0.000,223.600,0.000,0.000,0.000
"17:30",62.400,0.000,223.800,0.000,0.000,0.026
"17:45",53.798,0.000,223.700,0.000,0.000,0.051
"18:00",46.733,0.000,223.400,0.000,0.000,0.128
"18:15",32.653,0.000,223.000,0.000,0.000,0.026
"18:30",22.656,0.000,222.700,0.000,0.000,0.000
"18:45",16.730,0.000,222.600,0.000,0.000,0.026
"19:00",19.661,0.000,222.500,0.000,0.000,0.000
"19:15",15.360,0.000,221.800,0.000,0.000,0.000
"19:30",9.126,0.000,221.700,0.000,0.000,0.013
"19:45",3.814,0.000,221.400,0.000,0.000,0.051
"20:00",2.022,0.000,221.300,0.000,0.000,0.077
"20:15",0.602,0.000,221.200,0.000,0.000,0.077
"20:30",0.064,0.013,221.100,0.038,0.000,0.013
"20:45",0.000,0.026,221.100,0.154,0.000,0.000
"21:00",0.000,0.013,221.100,0.179,0.000,0.000
"21:15",0.000,0.000,221.200,0.179,0.000,0.000
"21:30",0.000,0.000,221.100,0.192,0.000,0.000
"21:45",0.000,0.000,221.100,0.179,0.000,0.000
"22:00",0.000,0.000,221.200,0.179,0.000,0.000
"22:15",0.000,0.000,221.200,0.192,0.000,0.000
"22:30",0.000,0.000,221.200,0.179,0.000,0.000
"22:45",0.000,0.000,221.200,0.192,0.000,0.000
"23:00",0.000,0.000,221.200,0.179,0.000,0.000
"23:15",0.000,0.000,221.200,0.179,0.000,0.000
"23:30",0.000,0.000,221.100,0.192,0.000,0.000
"23:45",0.000,0.000,221.200,0.179,0.000,0.000
" 2/06/26 24:00",0.000,0.000,221.200,0.192,0.000,0.000
