"kwh"
"Time ","AGRIM02P","AGRIM02P","AGRIM02P","AGRIM02P","AGRIM02P","AGRIM02P"
" 5/24/26 00:15",0.000,0.000,221.600,0.179,0.000,0.000
" 5/24/26 00:30",0.000,0.000,221.600,0.179,0.000,0.000
"00:45",0.000,0.000,221.600,0.166,0.000,0.000
"01:00",0.000,0.000,221.700,0.179,0.000,0.000
"01:15",0.000,0.000,221.800,0.179,0.000,0.000
"01:30",0.000,0.000,221.700,0.166,0.000,0.000
"01:45",0.000,0.000,221.800,0.179,0.000,0.000
"02:00",0.000,0.000,221.800,0.166,0.000,0.000
"02:15",0.000,0.000,221.800,0.179,0.000,0.000
"02:30",0.000,0.000,221.800,0.179,0.000,0.000
"02:45",0.000,0.000,221.900,0.166,0.000,0.000
"03:00",0.000,0.000,221.900,0.179,0.000,0.000
"03:15",0.000,0.000,221.800,0.166,0.000,0.000
"03:30",0.000,0.000,221.800,0.179,0.000,0.000
"03:45",0.000,0.000,221.800,0.179,0.000,0.000
"04:00",0.000,0.000,221.800,0.166,0.000,0.000
"04:15",0.000,0.000,221.800,0.179,0.000,0.000
"04:30",0.000,0.000,221.800,0.166,0.000,0.000
"04:45",0.000,0.000,221.900,0.179,0.000,0.000
"05:00",0.000,0.000,221.900,0.179,0.000,0.000
"05:15",0.000,0.000,221.900,0.166,0.000,0.000
"05:30",0.000,0.000,221.900,0.179,0.000,0.000
"05:45",0.000,0.000,221.900,0.166,0.000,0.000
"06:00",0.000,0.000,221.900,0.179,0.000,0.000
"06:15",0.000,0.000,221.900,0.179,0.000,0.000
"06:30",0.000,0.000,221.900,0.166,0.000,0.000
"06:45",0.000,0.000,221.900,0.179,0.000,0.000
"07:00",0.000,0.000,221.900,0.179,0.000,0.000
"07:15",0.000,0.000,221.800,0.166,0.000,0.000
"07:30",0.000,0.000,221.800,0.179,0.000,0.000
"07:45",0.000,0.000,221.700,0.166,0.000,0.000
"08:00",0.000,0.000,221.800,0.179,0.000,0.000
"08:15",0.000,0.000,221.700,0.166,0.000,0.000
"08:30",0.077,0.000,221.700,0.051,0.000,0.026
"08:45",0.755,0.000,221.800,0.000,0.000,0.038
"09:00",1.907,0.000,221.900,0.000,0.000,0.026
"09:15",4.685,0.000,221.900,0.000,0.000,0.026
"09:30",6.413,0.000,222.000,0.000,0.000,0.000
"09:45",8.538,0.000,222.100,0.000,0.000,0.000
"10:00",10.010,0.000,222.000,0.000,0.000,0.000
"10:15",11.738,0.000,222.200,0.000,0.000,0.000
"10:30",14.682,0.000,222.200,0.000,0.000,0.000
"10:45",18.445,0.000,222.200,0.000,0.000,0.000
"11:00",20.582,0.000,222.300,0.000,0.000,0.000
"11:15",21.222,0.000,222.300,0.000,0.000,0.000
"11:30",30.170,0.000,222.500,0.000,0.000,0.000
"11:45",29.926,0.000,222.500,0.000,0.000,0.000
"12:00",28.480,0.000,222.500,0.000,0.000,0.000
"12:15",25.741,0.000,222.500,0.000,0.000,0.038
"12:30",30.874,0.000,222.700,0.000,0.000,0.000
"12:45",34.432,0.000,222.900,0.000,0.000,0.000
"13:00",34.624,0.000,223.000,0.000,0.000,0.000
"13:15",43.699,0.000,223.000,0.000,0.000,0.000
"13:30",60.211,0.000,223.500,0.000,0.000,0.000
"13:45",64.896,0.000,223.600,0.000,0.000,0.179
"14:00",83.123,0.000,223.800,0.000,0.000,0.077
"14:15",67.622,0.000,223.400,0.000,0.000,0.102
"14:30",56.333,0.000,223.100,0.000,0.000,0.000
"14:45",47.706,0.000,223.100,0.000,0.000,0.038
"15:00",72.627,0.000,223.800,0.000,0.000,0.026
"15:15",90.150,0.000,224.500,0.000,0.000,0.000
"15:30",35.763,0.000,223.600,0.000,0.000,0.026
"15:45",22.093,0.000,223.000,0.000,0.000,0.026
"16:00",26.176,0.000,222.800,0.000,0.000,0.013
"16:15",30.630,0.000,222.800,0.000,0.000,0.000
"16:30",55.629,0.000,223.400,0.000,0.000,0.000
"16:45",43.072,0.000,223.300,0.000,0.000,0.000
"17:00",54.093,0.000,223.500,0.000,0.000,0.000
"17:15",43.392,0.000,223.300,0.000,0.000,0.000
"17:30",32.486,0.000,223.000,0.000,0.000,0.000
"17:45",4.646,0.000,222.000,0.000,0.000,0.115
"18:00",2.918,0.000,221.700,0.000,0.000,0.051
"18:15",1.037,0.000,221.600,0.000,0.000,0.000
"18:30",0.192,0.000,221.600,0.000,0.000,0.000
"18:45",0.000,0.038,221.600,0.102,0.000,0.000
"19:00",0.000,0.038,221.400,0.128,0.000,0.000
"19:15",0.000,0.000,221.300,0.179,0.000,0.000
"19:30",0.000,0.000,221.400,0.166,0.000,0.000
"19:45",0.000,0.000,221.400,0.179,0.000,0.000
"20:00",0.000,0.000,221.400,0.179,0.000,0.000
"20:15",0.000,0.000,221.300,0.166,0.000,0.000
"20:30",0.000,0.000,221.300,0.179,0.000,0.000
"20:45",0.000,0.000,221.400,0.166,0.000,0.000
"21:00",0.000,0.000,221.300,0.179,0.000,0.000
"21:15",0.000,0.000,221.300,0.179,0.000,0.000
"21:30",0.000,0.000,221.200,0.166,0.000,0.000
"21:45",0.000,0.000,221.300,0.179,0.000,0.000
"22:00",0.000,0.000,221.300,0.166,0.000,0.000
"22:15",0.000,0.000,221.300,0.179,0.000,0.000
"22:30",0.000,0.000,221.400,0.179,0.000,0.000
"22:45",0.000,0.000,221.400,0.166,0.000,0.000
"23:00",0.000,0.000,221.400,0.179,0.000,0.000
"23:15",0.000,0.000,221.500,0.179,0.000,0.000
"23:30",0.000,0.000,221.600,0.166,0.000,0.000
"23:45",0.000,0.000,221.600,0.179,0.000,0.000
" 5/24/26 24:00",0.000,0.000,221.600,0.179,0.000,0.000
