"kwh"
"Time ","AGRIM02P","AGRIM02P","AGRIM02P","AGRIM02P","AGRIM02P","AGRIM02P"
" 5/10/26 00:15",0.000,0.000,221.300,0.179,0.000,0.000
" 5/10/26 00:30",0.000,0.000,221.400,0.166,0.000,0.000
"00:45",0.000,0.000,221.400,0.179,0.000,0.000
"01:00",0.000,0.000,221.500,0.166,0.000,0.000
"01:15",0.000,0.000,221.500,0.179,0.000,0.000
"01:30",0.000,0.000,221.500,0.179,0.000,0.000
"01:45",0.000,0.000,221.600,0.166,0.000,0.000
"02:00",0.000,0.000,221.600,0.179,0.000,0.000
"02:15",0.000,0.000,221.600,0.179,0.000,0.000
"02:30",0.000,0.000,221.600,0.166,0.000,0.000
"02:45",0.000,0.000,221.600,0.179,0.000,0.000
"03:00",0.000,0.000,221.600,0.166,0.000,0.000
"03:15",0.000,0.000,221.600,0.179,0.000,0.000
"03:30",0.000,0.000,221.600,0.179,0.000,0.000
"03:45",0.000,0.000,221.500,0.166,0.000,0.000
"04:00",0.000,0.000,221.500,0.179,0.000,0.000
"04:15",0.000,0.000,221.600,0.179,0.000,0.000
"04:30",0.000,0.000,221.600,0.166,0.000,0.000
"04:45",0.000,0.000,221.600,0.179,0.000,0.000
"05:00",0.000,0.000,221.500,0.166,0.000,0.000
"05:15",0.000,0.000,221.500,0.179,0.000,0.000
"05:30",0.000,0.000,221.600,0.166,0.000,0.000
"05:45",0.000,0.000,221.500,0.179,0.000,0.000
"06:00",0.000,0.000,221.600,0.179,0.000,0.000
"06:15",0.000,0.000,221.600,0.166,0.000,0.000
"06:30",0.000,0.000,221.600,0.179,0.000,0.000
"06:45",0.000,0.000,221.600,0.179,0.000,0.000
"07:00",0.000,0.000,221.500,0.166,0.000,0.000
"07:15",0.000,0.000,221.600,0.179,0.000,0.000
"07:30",0.000,0.000,221.500,0.166,0.000,0.000
"07:45",0.000,0.000,221.500,0.179,0.000,0.000
"08:00",0.000,0.000,221.500,0.128,0.013,0.000
"08:15",0.256,0.000,221.700,0.000,0.000,0.026
"08:30",3.264,0.000,221.900,0.000,0.000,0.064
"08:45",11.622,0.000,222.100,0.000,0.000,0.051
"09:00",26.048,0.000,222.600,0.000,0.000,0.000
"09:15",35.290,0.000,223.100,0.000,0.000,0.000
"09:30",43.968,0.000,223.400,0.000,0.000,0.000
"09:45",52.224,0.000,223.700,0.000,0.000,0.000
"10:00",60.250,0.000,223.800,0.000,0.000,0.000
"10:15",67.430,0.000,223.900,0.000,0.000,0.000
"10:30",73.971,0.000,224.000,0.000,0.000,0.013
"10:45",80.282,0.000,224.100,0.000,0.000,0.000
"11:00",86.131,0.000,224.100,0.000,0.000,0.000
"11:15",91.034,0.000,224.100,0.000,0.000,0.000
"11:30",95.398,0.000,224.200,0.000,0.000,0.000
"11:45",99.290,0.000,224.200,0.000,0.000,0.000
"12:00",102.797,0.000,224.200,0.000,0.000,0.000
"12:15",105.805,0.000,224.300,0.000,0.000,0.000
"12:30",108.454,0.000,224.400,0.000,0.000,0.013
"12:45",109.696,0.000,224.400,0.000,0.000,0.000
"13:00",110.336,0.000,224.300,0.000,0.000,0.000
"13:15",111.014,0.000,224.300,0.000,0.000,0.000
"13:30",111.168,0.000,224.300,0.000,0.000,0.000
"13:45",110.746,0.000,224.300,0.000,0.000,0.000
"14:00",109.926,0.000,224.200,0.000,0.000,0.000
"14:15",108.890,0.000,224.300,0.000,0.000,0.013
"14:30",107.008,0.000,224.300,0.000,0.000,0.000
"14:45",104.653,0.000,224.300,0.000,0.000,0.000
"15:00",101.427,0.000,224.200,0.000,0.000,0.000
"15:15",97.830,0.000,224.200,0.000,0.000,0.013
"15:30",93.850,0.000,224.200,0.000,0.000,0.000
"15:45",89.190,0.000,224.100,0.000,0.000,0.026
"16:00",84.070,0.000,224.000,0.000,0.000,0.013
"16:15",78.618,0.000,223.900,0.000,0.000,0.013
"16:30",72.307,0.000,223.700,0.000,0.000,0.000
"16:45",65.408,0.000,223.600,0.000,0.000,0.013
"17:00",58.048,0.000,223.500,0.000,0.000,0.000
"17:15",50.138,0.000,223.300,0.000,0.000,0.013
"17:30",41.754,0.000,223.000,0.000,0.000,0.000
"17:45",32.934,0.000,222.900,0.000,0.000,0.000
"18:00",23.347,0.000,222.500,0.000,0.000,0.000
"18:15",6.771,0.000,222.000,0.000,0.000,0.038
"18:30",1.357,0.000,221.700,0.000,0.000,0.051
"18:45",0.166,0.000,221.500,0.013,0.000,0.013
"19:00",0.000,0.038,221.500,0.128,0.000,0.000
"19:15",0.000,0.038,221.400,0.128,0.000,0.000
"19:30",0.000,0.000,221.400,0.179,0.000,0.000
"19:45",0.000,0.000,221.400,0.179,0.000,0.000
"20:00",0.000,0.000,221.400,0.166,0.000,0.000
"20:15",0.000,0.000,221.400,0.179,0.000,0.000
"20:30",0.000,0.000,221.400,0.166,0.000,0.000
"20:45",0.000,0.000,221.400,0.179,0.000,0.000
"21:00",0.000,0.000,221.500,0.166,0.000,0.000
"21:15",0.000,0.000,221.500,0.179,0.000,0.000
"21:30",0.000,0.000,221.500,0.179,0.000,0.000
"21:45",0.000,0.000,221.500,0.166,0.000,0.000
"22:00",0.000,0.000,221.600,0.179,0.000,0.000
"22:15",0.000,0.000,221.500,0.179,0.000,0.000
"22:30",0.000,0.000,221.400,0.166,0.000,0.000
"22:45",0.000,0.000,221.300,0.179,0.000,0.000
"23:00",0.000,0.000,221.400,0.179,0.000,0.000
"23:15",0.000,0.000,221.300,0.166,0.000,0.000
"23:30",0.000,0.000,221.400,0.179,0.000,0.000
"23:45",0.000,0.000,221.400,0.166,0.000,0.000
" 5/10/26 24:00",0.000,0.000,221.400,0.179,0.000,0.000
