"kwh"
"Time ","AGRIM02P","AGRIM02P","AGRIM02P","AGRIM02P","AGRIM02P","AGRIM02P"
" 3/06/26 00:15",0.000,0.000,221.900,0.179,0.000,0.000
" 3/06/26 00:30",0.000,0.000,222.000,0.192,0.000,0.000
"00:45",0.000,0.000,222.000,0.192,0.000,0.000
"01:00",0.000,0.000,221.900,0.179,0.000,0.000
"01:15",0.000,0.000,221.900,0.192,0.000,0.000
"01:30",0.000,0.000,221.900,0.179,0.000,0.000
"01:45",0.000,0.000,221.900,0.179,0.000,0.000
"02:00",0.000,0.000,221.900,0.192,0.000,0.000
"02:15",0.000,0.000,221.900,0.179,0.000,0.000
"02:30",0.000,0.000,221.900,0.192,0.000,0.000
"02:45",0.000,0.000,221.900,0.179,0.000,0.000
"03:00",0.000,0.000,221.900,0.192,0.000,0.000
"03:15",0.000,0.000,221.900,0.179,0.000,0.000
"03:30",0.000,0.000,221.900,0.192,0.000,0.000
"03:45",0.000,0.000,221.900,0.179,0.000,0.000
"04:00",0.000,0.000,221.900,0.192,0.000,0.000
"04:15",0.000,0.000,221.900,0.179,0.000,0.000
"04:30",0.000,0.000,221.900,0.192,0.000,0.000
"04:45",0.000,0.000,221.900,0.179,0.000,0.000
"05:00",0.000,0.000,221.900,0.192,0.000,0.000
"05:15",0.000,0.000,221.900,0.179,0.000,0.000
"05:30",0.000,0.000,221.900,0.192,0.000,0.000
"05:45",0.000,0.000,221.900,0.179,0.000,0.000
"06:00",0.000,0.000,221.800,0.192,0.000,0.000
"06:15",0.000,0.000,221.900,0.179,0.000,0.000
"06:30",0.000,0.000,221.900,0.179,0.000,0.000
"06:45",0.000,0.000,221.800,0.192,0.000,0.000
"07:00",0.000,0.000,221.700,0.179,0.000,0.000
"07:15",0.000,0.000,221.700,0.192,0.000,0.000
"07:30",0.000,0.000,221.800,0.179,0.000,0.000
"07:45",0.077,0.000,221.800,0.077,0.000,0.000
"08:00",0.858,0.000,221.900,0.000,0.000,0.000
"08:15",2.522,0.000,221.900,0.000,0.000,0.000
"08:30",5.248,0.000,222.000,0.000,0.000,0.000
"08:45",6.810,0.000,222.000,0.000,0.000,0.026
"09:00",12.570,0.000,222.200,0.000,0.000,0.013
"09:15",21.594,0.000,222.500,0.000,0.000,0.000
"09:30",35.277,0.000,223.000,0.000,0.000,0.000
"09:45",47.885,0.000,223.700,0.000,0.000,0.000
"10:00",49.997,0.000,223.800,0.000,0.000,0.000
"10:15",39.334,0.000,223.400,0.000,0.000,0.013
"10:30",66.637,0.000,224.200,0.000,0.000,0.013
"10:45",77.594,0.000,224.600,0.000,0.000,0.026
"11:00",85.709,0.000,224.700,0.000,0.000,0.051
"11:15",90.688,0.000,224.600,0.000,0.000,0.013
"11:30",86.054,0.000,224.300,0.000,0.000,0.026
"11:45",55.834,0.000,223.500,0.000,0.000,0.000
"12:00",43.494,0.000,223.400,0.000,0.000,0.026
"12:15",56.589,0.000,223.800,0.000,0.000,0.051
"12:30",76.954,0.000,224.200,0.000,0.000,0.013
"12:45",75.174,0.000,224.000,0.000,0.000,0.013
"13:00",82.662,0.000,224.200,0.000,0.000,0.013
"13:15",98.714,0.000,224.500,0.000,0.000,0.038
"13:30",95.245,0.000,224.600,0.000,0.000,0.051
"13:45",100.954,0.000,224.800,0.000,0.000,0.013
"14:00",100.826,0.000,224.200,0.000,0.000,0.000
"14:15",43.674,0.000,223.800,0.000,0.000,0.077
"14:30",33.024,0.000,223.600,0.000,0.000,0.051
"14:45",23.398,0.000,223.100,0.000,0.000,0.038
"15:00",32.256,0.000,223.600,0.000,0.000,0.051
"15:15",87.770,0.000,224.300,0.000,0.000,0.051
"15:30",85.222,0.000,224.500,0.000,0.000,0.026
"15:45",65.677,0.000,224.300,0.000,0.000,0.038
"16:00",26.394,0.000,223.300,0.000,0.000,0.026
"16:15",29.197,0.000,223.500,0.000,0.000,0.102
"16:30",41.690,0.000,224.000,0.000,0.000,0.026
"16:45",20.698,0.000,223.000,0.000,0.000,0.038
"17:00",55.360,0.000,223.900,0.000,0.000,0.038
"17:15",64.090,0.000,224.400,0.000,0.000,0.026
"17:30",52.301,0.000,224.000,0.000,0.000,0.013
"17:45",27.520,0.000,223.700,0.000,0.000,0.038
"18:00",43.136,0.000,223.500,0.000,0.000,0.026
"18:15",9.408,0.000,222.800,0.000,0.000,0.064
"18:30",11.674,0.000,222.800,0.000,0.000,0.064
"18:45",21.210,0.000,222.800,0.000,0.000,0.000
"19:00",13.645,0.000,222.600,0.000,0.000,0.051
"19:15",7.475,0.000,222.300,0.000,0.000,0.077
"19:30",3.200,0.000,222.000,0.000,0.000,0.090
"19:45",1.101,0.000,221.900,0.000,0.000,0.026
"20:00",0.090,0.000,221.800,0.026,0.013,0.000
"20:15",0.000,0.026,221.700,0.154,0.000,0.000
"20:30",0.000,0.000,221.600,0.179,0.000,0.000
"20:45",0.000,0.000,221.700,0.179,0.000,0.000
"21:00",0.000,0.000,221.600,0.192,0.000,0.000
"21:15",0.000,0.000,221.500,0.179,0.000,0.000
"21:30",0.000,0.000,221.600,0.192,0.000,0.000
"21:45",0.000,0.000,221.700,0.179,0.000,0.000
"22:00",0.000,0.000,221.700,0.192,0.000,0.000
"22:15",0.000,0.000,221.800,0.179,0.000,0.000
"22:30",0.000,0.000,221.800,0.192,0.000,0.000
"22:45",0.000,0.000,221.700,0.179,0.000,0.000
"23:00",0.000,0.000,221.700,0.192,0.000,0.000
"23:15",0.000,0.000,221.700,0.179,0.000,0.000
"23:30",0.000,0.000,221.700,0.192,0.000,0.000
"23:45",0.000,0.000,221.800,0.179,0.000,0.000
" 3/06/26 24:00",0.000,0.000,221.800,0.192,0.000,0.000
