"kwh"
"Time ","AGRIM02P","AGRIM02P","AGRIM02P","AGRIM02P","AGRIM02P","AGRIM02P"
" 6/09/26 00:15",0.000,0.000,221.800,0.179,0.000,0.000
" 6/09/26 00:30",0.000,0.000,221.800,0.166,0.000,0.000
"00:45",0.000,0.000,221.800,0.179,0.000,0.000
"01:00",0.000,0.000,221.800,0.179,0.000,0.000
"01:15",0.000,0.000,221.800,0.166,0.000,0.000
"01:30",0.000,0.000,221.800,0.179,0.000,0.000
"01:45",0.000,0.000,221.800,0.166,0.000,0.000
"02:00",0.000,0.000,221.800,0.179,0.000,0.000
"02:15",0.000,0.000,221.700,0.179,0.000,0.000
"02:30",0.000,0.000,221.800,0.166,0.000,0.000
"02:45",0.000,0.000,221.800,0.179,0.000,0.000
"03:00",0.000,0.000,221.800,0.179,0.000,0.000
"03:15",0.000,0.000,221.800,0.166,0.000,0.000
"03:30",0.000,0.000,221.800,0.179,0.000,0.000
"03:45",0.000,0.000,221.800,0.179,0.000,0.000
"04:00",0.000,0.000,221.800,0.166,0.000,0.000
"04:15",0.000,0.000,221.800,0.179,0.000,0.000
"04:30",0.000,0.000,221.800,0.179,0.000,0.000
"04:45",0.000,0.000,221.900,0.166,0.000,0.000
"05:00",0.000,0.000,221.900,0.179,0.000,0.000
"05:15",0.000,0.000,221.900,0.166,0.000,0.000
"05:30",0.000,0.000,221.900,0.179,0.000,0.000
"05:45",0.000,0.000,222.000,0.179,0.000,0.000
"06:00",0.000,0.000,222.000,0.166,0.000,0.000
"06:15",0.000,0.000,221.900,0.179,0.000,0.000
"06:30",0.000,0.000,221.900,0.179,0.000,0.000
"06:45",0.000,0.000,221.900,0.166,0.000,0.000
"07:00",0.000,0.000,221.800,0.179,0.000,0.000
"07:15",0.000,0.000,221.900,0.166,0.000,0.000
"07:30",0.000,0.000,221.800,0.179,0.000,0.000
"07:45",0.000,0.000,221.800,0.179,0.000,0.000
"08:00",0.000,0.000,221.800,0.166,0.000,0.000
"08:15",0.128,0.000,221.900,0.102,0.000,0.000
"08:30",0.154,0.000,221.800,0.000,0.000,0.026
"08:45",0.794,0.000,221.900,0.000,0.000,0.026
"09:00",2.163,0.000,221.900,0.000,0.000,0.026
"09:15",6.912,0.000,222.000,0.000,0.000,0.013
"09:30",10.189,0.000,222.100,0.000,0.000,0.000
"09:45",11.622,0.000,222.100,0.000,0.000,0.000
"10:00",13.875,0.000,222.200,0.000,0.000,0.000
"10:15",17.344,0.000,222.200,0.000,0.000,0.000
"10:30",23.053,0.000,222.300,0.000,0.000,0.000
"10:45",27.878,0.000,222.700,0.000,0.000,0.000
"11:00",41.421,0.000,223.000,0.000,0.000,0.000
"11:15",64.192,0.000,223.400,0.000,0.000,0.000
"11:30",44.646,0.000,223.100,0.000,0.000,0.000
"11:45",34.227,0.000,222.700,0.000,0.000,0.000
"12:00",35.174,0.000,222.700,0.000,0.000,0.000
"12:15",32.461,0.000,222.700,0.000,0.000,0.000
"12:30",28.160,0.000,222.500,0.000,0.000,0.000
"12:45",29.786,0.000,222.600,0.000,0.000,0.000
"13:00",31.104,0.000,222.600,0.000,0.000,0.000
"13:15",40.704,0.000,222.800,0.000,0.000,0.000
"13:30",37.158,0.000,222.800,0.000,0.000,0.000
"13:45",32.410,0.000,222.600,0.000,0.000,0.000
"14:00",32.192,0.000,222.600,0.000,0.000,0.000
"14:15",35.187,0.000,222.700,0.000,0.000,0.000
"14:30",33.587,0.000,222.800,0.000,0.000,0.000
"14:45",32.051,0.000,222.900,0.000,0.000,0.000
"15:00",40.256,0.000,223.000,0.000,0.000,0.000
"15:15",56.461,0.000,223.400,0.000,0.000,0.000
"15:30",42.752,0.000,223.100,0.000,0.000,0.000
"15:45",34.560,0.000,223.000,0.000,0.000,0.000
"16:00",33.408,0.000,222.900,0.000,0.000,0.000
"16:15",24.205,0.000,222.700,0.000,0.000,0.000
"16:30",18.944,0.000,222.500,0.000,0.000,0.013
"16:45",14.656,0.000,222.400,0.000,0.000,0.013
"17:00",14.810,0.000,222.300,0.000,0.000,0.000
"17:15",10.445,0.000,222.300,0.000,0.000,0.038
"17:30",7.168,0.000,222.100,0.000,0.000,0.077
"17:45",5.389,0.000,222.100,0.000,0.000,0.038
"18:00",3.494,0.000,222.000,0.000,0.000,0.051
"18:15",0.486,0.000,221.900,0.000,0.000,0.000
"18:30",0.064,0.013,221.800,0.064,0.000,0.013
"18:45",0.000,0.038,221.700,0.115,0.000,0.000
"19:00",0.000,0.013,221.600,0.166,0.000,0.000
"19:15",0.000,0.000,221.500,0.166,0.000,0.000
"19:30",0.000,0.000,221.400,0.179,0.000,0.000
"19:45",0.000,0.000,221.400,0.166,0.000,0.000
"20:00",0.000,0.000,221.400,0.179,0.000,0.000
"20:15",0.000,0.000,221.500,0.166,0.000,0.000
"20:30",0.000,0.000,221.500,0.179,0.000,0.000
"20:45",0.000,0.000,221.500,0.179,0.000,0.000
"21:00",0.000,0.000,221.500,0.166,0.000,0.000
"21:15",0.000,0.000,221.500,0.179,0.000,0.000
"21:30",0.000,0.000,221.500,0.166,0.000,0.000
"21:45",0.000,0.000,221.600,0.179,0.000,0.000
"22:00",0.000,0.000,221.700,0.179,0.000,0.000
"22:15",0.000,0.000,221.600,0.166,0.000,0.000
"22:30",0.000,0.000,221.600,0.179,0.000,0.000
"22:45",0.000,0.000,221.600,0.166,0.000,0.000
"23:00",0.000,0.000,221.600,0.179,0.000,0.000
"23:15",0.000,0.000,221.600,0.179,0.000,0.000
"23:30",0.000,0.000,221.600,0.166,0.000,0.000
"23:45",0.000,0.000,221.600,0.179,0.000,0.000
" 6/09/26 24:00",0.000,0.000,221.700,0.166,0.000,0.000
