"kwh"
"Time ","AGRIM02P","AGRIM02P","AGRIM02P","AGRIM02P","AGRIM02P","AGRIM02P"
" 9/28/26 00:15",0.000,0.000,221.200,0.166,0.000,0.000
" 9/28/26 00:30",0.000,0.000,221.200,0.166,0.000,0.000
"00:45",0.000,0.000,221.300,0.179,0.000,0.000
"01:00",0.000,0.000,221.300,0.166,0.000,0.000
"01:15",0.000,0.000,221.200,0.179,0.000,0.000
"01:30",0.000,0.000,221.200,0.166,0.000,0.000
"01:45",0.000,0.000,221.200,0.166,0.000,0.000
"02:00",0.000,0.000,221.200,0.179,0.000,0.000
"02:15",0.000,0.000,221.200,0.166,0.000,0.000
"02:30",0.000,0.000,221.300,0.179,0.000,0.000
"02:45",0.000,0.000,221.300,0.166,0.000,0.000
"03:00",0.000,0.000,221.300,0.166,0.000,0.000
"03:15",0.000,0.000,221.400,0.179,0.000,0.000
"03:30",0.000,0.000,221.400,0.166,0.000,0.000
"03:45",0.000,0.000,221.400,0.179,0.000,0.000
"04:00",0.000,0.000,221.400,0.166,0.000,0.000
"04:15",0.000,0.000,221.400,0.179,0.000,0.000
"04:30",0.000,0.000,221.400,0.166,0.000,0.000
"04:45",0.000,0.000,221.400,0.166,0.000,0.000
"05:00",0.000,0.000,221.400,0.179,0.000,0.000
"05:15",0.000,0.000,221.400,0.166,0.000,0.000
"05:30",0.000,0.000,221.400,0.179,0.000,0.000
"05:45",0.000,0.000,221.400,0.166,0.000,0.000
"06:00",0.000,0.000,221.400,0.166,0.000,0.000
"06:15",0.000,0.000,221.400,0.179,0.000,0.000
"06:30",0.000,0.000,221.400,0.166,0.000,0.000
"06:45",0.000,0.000,221.400,0.179,0.000,0.000
"07:00",0.000,0.000,221.400,0.166,0.000,0.000
"07:15",0.026,0.000,221.300,0.102,0.000,0.000
"07:30",0.691,0.000,221.300,0.000,0.000,0.013
"07:45",3.021,0.000,221.100,0.000,0.000,0.026
"08:00",5.914,0.000,221.000,0.000,0.000,0.000
"08:15",5.530,0.000,221.000,0.000,0.000,0.000
"08:30",23.680,0.000,221.400,0.000,0.000,0.000
"08:45",32.346,0.000,221.800,0.000,0.000,0.000
"09:00",42.547,0.000,222.100,0.000,0.000,0.000
"09:15",48.013,0.000,222.300,0.000,0.000,0.000
"09:30",54.592,0.000,222.200,0.000,0.000,0.000
"09:45",51.149,0.000,221.900,0.000,0.000,0.000
"10:00",61.696,0.000,221.500,0.000,0.000,0.000
"10:15",66.918,0.000,221.900,0.000,0.000,0.000
"10:30",83.584,0.000,222.500,0.000,0.000,0.000
"10:45",89.933,0.000,222.700,0.000,0.000,0.000
"11:00",95.078,0.000,222.800,0.000,0.000,0.000
"11:15",97.920,0.000,222.600,0.000,0.000,0.000
"11:30",99.712,0.000,222.900,0.000,0.000,0.000
"11:45",62.554,0.000,222.100,0.000,0.000,0.000
"12:00",83.802,0.000,222.400,0.000,0.000,0.000
"12:15",54.669,0.000,221.800,0.000,0.000,0.000
"12:30",78.195,0.000,222.000,0.000,0.000,0.000
"12:45",91.290,0.000,222.500,0.000,0.000,0.000
"13:00",95.283,0.000,222.700,0.000,0.000,0.000
"13:15",92.902,0.000,222.800,0.000,0.000,0.000
"13:30",111.437,0.000,223.000,0.000,0.000,0.000
"13:45",115.302,0.000,223.200,0.000,0.000,0.000
"14:00",114.227,0.000,223.100,0.000,0.000,0.000
"14:15",112.768,0.000,222.900,0.000,0.000,0.000
"14:30",108.198,0.000,222.600,0.000,0.000,0.000
"14:45",110.899,0.000,223.300,0.000,0.000,0.000
"15:00",80.922,0.000,222.400,0.000,0.000,0.038
"15:15",113.293,0.000,223.400,0.000,0.000,0.000
"15:30",108.378,0.000,222.700,0.000,0.000,0.000
"15:45",40.819,0.000,222.300,0.000,0.000,0.026
"16:00",83.763,0.000,222.600,0.000,0.000,0.000
"16:15",91.354,0.000,223.000,0.000,0.000,0.000
"16:30",76.736,0.000,222.400,0.000,0.000,0.000
"16:45",83.955,0.000,223.300,0.000,0.000,0.000
"17:00",52.774,0.000,222.200,0.000,0.000,0.000
"17:15",29.094,0.000,222.300,0.000,0.000,0.013
"17:30",39.462,0.000,222.100,0.000,0.000,0.013
"17:45",21.850,0.000,222.300,0.000,0.000,0.051
"18:00",39.949,0.000,222.400,0.000,0.000,0.000
"18:15",21.504,0.000,222.200,0.000,0.000,0.128
"18:30",14.400,0.000,221.600,0.000,0.000,0.026
"18:45",5.645,0.000,221.400,0.000,0.000,0.115
"19:00",5.120,0.000,221.200,0.000,0.000,0.090
"19:15",2.266,0.000,220.900,0.000,0.000,0.064
"19:30",0.294,0.000,220.700,0.000,0.000,0.026
"19:45",0.000,0.051,220.700,0.115,0.000,0.000
"20:00",0.000,0.013,220.700,0.141,0.000,0.000
"20:15",0.000,0.000,220.800,0.179,0.000,0.000
"20:30",0.000,0.000,220.800,0.166,0.000,0.000
"20:45",0.000,0.000,220.800,0.179,0.000,0.000
"21:00",0.000,0.000,220.800,0.166,0.000,0.000
"21:15",0.000,0.000,220.800,0.166,0.000,0.000
"21:30",0.000,0.000,220.800,0.179,0.000,0.000
"21:45",0.000,0.000,220.800,0.166,0.000,0.000
"22:00",0.000,0.000,220.800,0.179,0.000,0.000
"22:15",0.000,0.000,220.800,0.166,0.000,0.000
"22:30",0.000,0.000,220.900,0.179,0.000,0.000
"22:45",0.000,0.000,221.000,0.166,0.000,0.000
"23:00",0.000,0.000,221.000,0.166,0.000,0.000
"23:15",0.000,0.000,220.700,0.179,0.000,0.000
"23:30",0.000,0.000,220.500,0.166,0.000,0.000
"23:45",0.000,0.000,220.600,0.179,0.000,0.000
" 9/28/26 24:00",0.000,0.000,220.700,0.166,0.000,0.000
