"kwh"
"Time ","AGRIM02P","AGRIM02P","AGRIM02P","AGRIM02P","AGRIM02P","AGRIM02P"
" 2/14/26 00:15",0.000,0.000,220.100,0.179,0.000,0.000
" 2/14/26 00:30",0.000,0.000,220.100,0.192,0.000,0.000
"00:45",0.000,0.000,220.100,0.179,0.000,0.000
"01:00",0.000,0.000,220.100,0.179,0.000,0.000
"01:15",0.000,0.000,220.100,0.179,0.000,0.000
"01:30",0.000,0.000,220.200,0.179,0.000,0.000
"01:45",0.000,0.000,220.200,0.192,0.000,0.000
"02:00",0.000,0.000,220.200,0.179,0.000,0.000
"02:15",0.000,0.000,220.200,0.179,0.000,0.000
"02:30",0.000,0.000,220.200,0.192,0.000,0.000
"02:45",0.000,0.000,220.200,0.179,0.000,0.000
"03:00",0.000,0.000,220.300,0.179,0.000,0.000
"03:15",0.000,0.000,220.300,0.179,0.000,0.000
"03:30",0.000,0.000,220.300,0.179,0.000,0.000
"03:45",0.000,0.000,220.300,0.192,0.000,0.000
"04:00",0.000,0.000,220.300,0.179,0.000,0.000
"04:15",0.000,0.000,220.200,0.179,0.000,0.000
"04:30",0.000,0.000,220.200,0.179,0.000,0.000
"04:45",0.000,0.000,220.200,0.179,0.000,0.000
"05:00",0.000,0.000,220.200,0.192,0.000,0.000
"05:15",0.000,0.000,220.200,0.179,0.000,0.000
"05:30",0.000,0.000,220.300,0.179,0.000,0.000
"05:45",0.000,0.000,220.300,0.179,0.000,0.000
"06:00",0.000,0.000,220.300,0.192,0.000,0.000
"06:15",0.000,0.000,220.200,0.179,0.000,0.000
"06:30",0.000,0.000,220.200,0.179,0.000,0.000
"06:45",0.000,0.000,220.200,0.179,0.000,0.000
"07:00",0.000,0.000,220.400,0.192,0.000,0.000
"07:15",0.013,0.000,220.500,0.141,0.000,0.000
"07:30",0.230,0.000,220.500,0.000,0.000,0.013
"07:45",0.422,0.000,220.300,0.000,0.000,0.026
"08:00",2.854,0.000,220.400,0.000,0.000,0.000
"08:15",5.760,0.000,220.400,0.000,0.000,0.013
"08:30",8.781,0.000,220.500,0.000,0.000,0.000
"08:45",9.651,0.000,220.300,0.000,0.000,0.000
"09:00",10.240,0.000,220.100,0.000,0.000,0.000
"09:15",12.416,0.000,220.400,0.000,0.000,0.000
"09:30",15.411,0.000,220.900,0.000,0.000,0.000
"09:45",19.494,0.000,221.100,0.000,0.000,0.000
"10:00",19.622,0.000,221.100,0.000,0.000,0.000
"10:15",20.634,0.000,221.100,0.000,0.000,0.000
"10:30",24.179,0.000,221.200,0.000,0.000,0.000
"10:45",27.507,0.000,221.400,0.000,0.000,0.000
"11:00",27.290,0.000,221.400,0.000,0.000,0.000
"11:15",36.685,0.000,221.700,0.000,0.000,0.000
"11:30",45.594,0.000,222.300,0.000,0.000,0.000
"11:45",57.037,0.000,222.400,0.000,0.000,0.000
"12:00",67.264,0.000,222.800,0.000,0.000,0.000
"12:15",46.810,0.000,222.500,0.000,0.000,0.000
"12:30",34.074,0.000,221.900,0.000,0.000,0.000
"12:45",42.355,0.000,221.900,0.000,0.000,0.000
"13:00",61.978,0.000,222.500,0.000,0.000,0.000
"13:15",76.058,0.000,222.600,0.000,0.000,0.000
"13:30",92.877,0.000,222.900,0.000,0.000,0.000
"13:45",69.760,0.000,222.600,0.000,0.000,0.000
"14:00",72.960,0.000,222.800,0.000,0.000,0.000
"14:15",67.008,0.000,222.700,0.000,0.000,0.000
"14:30",96.294,0.000,223.500,0.000,0.000,0.000
"14:45",56.474,0.000,222.900,0.000,0.000,0.013
"15:00",75.699,0.000,223.200,0.000,0.000,0.000
"15:15",97.242,0.000,223.200,0.000,0.000,0.000
"15:30",49.587,0.000,222.700,0.000,0.000,0.000
"15:45",68.954,0.000,222.900,0.000,0.000,0.000
"16:00",73.421,0.000,223.300,0.000,0.000,0.000
"16:15",87.552,0.000,223.200,0.000,0.000,0.000
"16:30",80.205,0.000,223.000,0.000,0.000,0.000
"16:45",58.394,0.000,222.500,0.000,0.000,0.000
"17:00",27.763,0.000,221.800,0.000,0.000,0.000
"17:15",21.414,0.000,221.600,0.000,0.000,0.000
"17:30",32.026,0.000,222.100,0.000,0.000,0.000
"17:45",22.554,0.000,222.500,0.000,0.000,0.013
"18:00",45.619,0.000,223.000,0.000,0.000,0.000
"18:15",36.826,0.000,222.700,0.000,0.000,0.000
"18:30",19.405,0.000,221.700,0.000,0.000,0.000
"18:45",13.786,0.000,221.500,0.000,0.000,0.000
"19:00",9.498,0.000,221.300,0.000,0.000,0.013
"19:15",7.885,0.000,221.400,0.000,0.000,0.013
"19:30",6.285,0.000,221.300,0.000,0.000,0.026
"19:45",4.301,0.000,221.200,0.000,0.000,0.051
"20:00",1.651,0.000,221.100,0.000,0.000,0.090
"20:15",0.256,0.013,221.000,0.000,0.013,0.064
"20:30",0.000,0.038,221.000,0.090,0.000,0.000
"20:45",0.000,0.026,221.000,0.166,0.000,0.000
"21:00",0.000,0.000,221.000,0.179,0.000,0.000
"21:15",0.000,0.000,221.100,0.179,0.000,0.000
"21:30",0.000,0.000,221.100,0.192,0.000,0.000
"21:45",0.000,0.000,221.100,0.179,0.000,0.000
"22:00",0.000,0.000,221.100,0.179,0.000,0.000
"22:15",0.000,0.000,221.100,0.192,0.000,0.000
"22:30",0.000,0.000,221.100,0.179,0.000,0.000
"22:45",0.000,0.000,221.100,0.179,0.000,0.000
"23:00",0.000,0.000,221.100,0.192,0.000,0.000
"23:15",0.000,0.000,221.000,0.179,0.000,0.000
"23:30",0.000,0.000,221.000,0.179,0.000,0.000
"23:45",0.000,0.000,221.000,0.179,0.000,0.000
" 2/14/26 24:00",0.000,0.000,221.000,0.192,0.000,0.000
