"kwh"
"Time ","AGRIM02P","AGRIM02P","AGRIM02P","AGRIM02P","AGRIM02P","AGRIM02P"
" 8/21/26 00:15",0.000,0.000,221.400,0.166,0.000,0.000
" 8/21/26 00:30",0.000,0.000,221.400,0.179,0.000,0.000
"00:45",0.000,0.000,221.400,0.166,0.000,0.000
"01:00",0.000,0.000,221.400,0.179,0.000,0.000
"01:15",0.000,0.000,221.400,0.179,0.000,0.000
"01:30",0.000,0.000,221.400,0.166,0.000,0.000
"01:45",0.000,0.000,221.500,0.179,0.000,0.000
"02:00",0.000,0.000,221.500,0.166,0.000,0.000
"02:15",0.000,0.000,221.500,0.179,0.000,0.000
"02:30",0.000,0.000,221.600,0.166,0.000,0.000
"02:45",0.000,0.000,221.500,0.179,0.000,0.000
"03:00",0.000,0.000,221.500,0.166,0.000,0.000
"03:15",0.000,0.000,221.500,0.179,0.000,0.000
"03:30",0.000,0.000,221.500,0.166,0.000,0.000
"03:45",0.000,0.000,221.500,0.179,0.000,0.000
"04:00",0.000,0.000,221.600,0.166,0.000,0.000
"04:15",0.000,0.000,221.500,0.179,0.000,0.000
"04:30",0.000,0.000,221.500,0.166,0.000,0.000
"04:45",0.000,0.000,221.500,0.179,0.000,0.000
"05:00",0.000,0.000,221.500,0.166,0.000,0.000
"05:15",0.000,0.000,221.600,0.179,0.000,0.000
"05:30",0.000,0.000,221.600,0.166,0.000,0.000
"05:45",0.000,0.000,221.600,0.179,0.000,0.000
"06:00",0.000,0.000,221.600,0.179,0.000,0.000
"06:15",0.000,0.000,221.600,0.166,0.000,0.000
"06:30",0.000,0.000,221.500,0.179,0.000,0.000
"06:45",0.000,0.000,221.500,0.166,0.000,0.000
"07:00",0.000,0.000,221.400,0.179,0.000,0.000
"07:15",0.000,0.000,221.200,0.166,0.000,0.000
"07:30",0.000,0.000,221.200,0.179,0.000,0.000
"07:45",0.000,0.000,221.200,0.166,0.000,0.000
"08:00",0.090,0.000,221.200,0.013,0.013,0.000
"08:15",1.536,0.000,221.300,0.000,0.000,0.115
"08:30",7.962,0.000,221.600,0.000,0.000,0.026
"08:45",17.651,0.000,221.900,0.000,0.000,0.000
"09:00",26.906,0.000,222.300,0.000,0.000,0.013
"09:15",35.802,0.000,222.600,0.000,0.000,0.000
"09:30",44.134,0.000,222.900,0.000,0.000,0.000
"09:45",52.211,0.000,223.200,0.000,0.000,0.000
"10:00",59.597,0.000,223.100,0.000,0.000,0.000
"10:15",66.163,0.000,223.200,0.000,0.000,0.000
"10:30",72.397,0.000,223.300,0.000,0.000,0.000
"10:45",78.362,0.000,223.400,0.000,0.000,0.000
"11:00",83.878,0.000,223.500,0.000,0.000,0.000
"11:15",88.922,0.000,223.600,0.000,0.000,0.000
"11:30",93.235,0.000,223.700,0.000,0.000,0.000
"11:45",97.254,0.000,223.700,0.000,0.000,0.000
"12:00",101.158,0.000,223.800,0.000,0.000,0.000
"12:15",103.974,0.000,223.800,0.000,0.000,0.000
"12:30",106.726,0.000,223.900,0.000,0.000,0.000
"12:45",108.762,0.000,224.000,0.000,0.000,0.000
"13:00",109.696,0.000,224.000,0.000,0.000,0.000
"13:15",110.246,0.000,223.900,0.000,0.000,0.397
"13:30",110.746,0.000,224.000,0.000,0.000,0.000
"13:45",111.078,0.000,224.000,0.000,0.000,0.000
"14:00",110.195,0.000,224.000,0.000,0.000,0.000
"14:15",109.120,0.000,224.000,0.000,0.000,0.000
"14:30",107.328,0.000,223.900,0.000,0.000,0.000
"14:45",105.126,0.000,223.900,0.000,0.000,0.000
"15:00",102.221,0.000,223.900,0.000,0.000,0.000
"15:15",99.213,0.000,223.800,0.000,0.000,0.013
"15:30",95.258,0.000,223.800,0.000,0.000,0.000
"15:45",92.480,0.000,223.800,0.000,0.000,0.000
"16:00",89.434,0.000,223.700,0.000,0.000,0.000
"16:15",84.134,0.000,223.600,0.000,0.000,0.000
"16:30",77.760,0.000,223.500,0.000,0.000,0.000
"16:45",70.938,0.000,223.500,0.000,0.000,0.000
"17:00",67.418,0.000,223.700,0.000,0.000,0.000
"17:15",52.838,0.000,223.100,0.000,0.000,0.000
"17:30",16.410,0.000,222.100,0.000,0.000,0.013
"17:45",17.229,0.000,222.100,0.000,0.000,0.000
"18:00",23.386,0.000,222.100,0.000,0.000,0.000
"18:15",22.067,0.000,222.300,0.000,0.000,0.000
"18:30",13.018,0.000,222.100,0.000,0.000,0.000
"18:45",5.107,0.000,221.900,0.000,0.000,0.038
"19:00",0.742,0.000,221.700,0.000,0.000,0.026
"19:15",0.141,0.013,221.500,0.051,0.000,0.013
"19:30",0.000,0.038,221.500,0.128,0.000,0.000
"19:45",0.000,0.000,221.500,0.179,0.000,0.000
"20:00",0.000,0.000,221.400,0.166,0.000,0.000
"20:15",0.000,0.000,221.400,0.179,0.000,0.000
"20:30",0.000,0.000,221.400,0.166,0.000,0.000
"20:45",0.000,0.000,221.400,0.179,0.000,0.000
"21:00",0.000,0.000,221.500,0.179,0.000,0.000
"21:15",0.000,0.000,221.600,0.166,0.000,0.000
"21:30",0.000,0.000,221.500,0.179,0.000,0.000
"21:45",0.000,0.000,221.500,0.166,0.000,0.000
"22:00",0.000,0.000,221.500,0.179,0.000,0.000
"22:15",0.000,0.000,221.500,0.179,0.000,0.000
"22:30",0.000,0.000,221.600,0.166,0.000,0.000
"22:45",0.000,0.000,221.600,0.179,0.000,0.000
"23:00",0.000,0.000,221.700,0.166,0.000,0.000
"23:15",0.000,0.000,221.300,0.179,0.000,0.000
"23:30",0.000,0.000,221.200,0.166,0.000,0.000
"23:45",0.000,0.000,221.200,0.179,0.000,0.000
" 8/21/26 24:00",0.000,0.000,221.200,0.166,0.000,0.000
