"kwh"
"Time ","AGRIM02P","AGRIM02P","AGRIM02P","AGRIM02P","AGRIM02P","AGRIM02P"
"10/04/26 00:15",0.000,0.000,220.700,0.166,0.000,0.000
"10/04/26 00:30",0.000,0.000,220.800,0.179,0.000,0.000
"00:45",0.000,0.000,220.700,0.166,0.000,0.000
"01:00",0.000,0.000,220.800,0.179,0.000,0.000
"01:15",0.000,0.000,220.800,0.166,0.000,0.000
"01:30",0.000,0.000,220.700,0.166,0.000,0.000
"01:45",0.000,0.000,220.800,0.179,0.000,0.000
"02:00",0.000,0.000,220.800,0.166,0.000,0.000
"02:15",0.000,0.000,220.800,0.179,0.000,0.000
"02:30",0.000,0.000,220.800,0.166,0.000,0.000
"02:45",0.000,0.000,220.800,0.166,0.000,0.000
"03:00",0.000,0.000,220.800,0.179,0.000,0.000
"03:15",0.000,0.000,220.800,0.166,0.000,0.000
"03:30",0.000,0.000,220.800,0.179,0.000,0.000
"03:45",0.000,0.000,220.900,0.166,0.000,0.000
"04:00",0.000,0.000,220.800,0.166,0.000,0.000
"04:15",0.000,0.000,220.800,0.179,0.000,0.000
"04:30",0.000,0.000,220.900,0.166,0.000,0.000
"04:45",0.000,0.000,220.900,0.166,0.000,0.000
"05:00",0.000,0.000,220.800,0.179,0.000,0.000
"05:15",0.000,0.000,220.900,0.166,0.000,0.000
"05:30",0.000,0.000,220.900,0.179,0.000,0.000
"05:45",0.000,0.000,220.800,0.166,0.000,0.000
"06:00",0.000,0.000,220.800,0.166,0.000,0.000
"06:15",0.000,0.000,220.800,0.179,0.000,0.000
"06:30",0.000,0.000,220.800,0.166,0.000,0.000
"06:45",0.000,0.000,220.800,0.179,0.000,0.000
"07:00",0.000,0.000,220.900,0.166,0.000,0.000
"07:15",0.166,0.000,220.900,0.051,0.000,0.026
"07:30",1.075,0.000,220.900,0.000,0.000,0.026
"07:45",2.662,0.000,221.000,0.000,0.000,0.051
"08:00",8.192,0.000,221.100,0.000,0.000,0.000
"08:15",12.506,0.000,221.300,0.000,0.000,0.000
"08:30",14.848,0.000,221.300,0.000,0.000,0.000
"08:45",17.024,0.000,221.500,0.000,0.000,0.000
"09:00",24.934,0.000,221.800,0.000,0.000,0.000
"09:15",31.386,0.000,222.100,0.000,0.000,0.000
"09:30",58.534,0.000,223.200,0.000,0.000,0.013
"09:45",72.051,0.000,223.600,0.000,0.000,0.000
"10:00",80.154,0.000,223.800,0.000,0.000,0.013
"10:15",88.282,0.000,223.800,0.000,0.000,0.000
"10:30",92.698,0.000,223.900,0.000,0.000,0.013
"10:45",73.626,0.000,223.600,0.000,0.000,0.013
"11:00",80.218,0.000,223.600,0.000,0.000,0.000
"11:15",104.730,0.000,224.100,0.000,0.000,0.013
"11:30",103.309,0.000,223.800,0.000,0.000,0.000
"11:45",95.667,0.000,223.800,0.000,0.000,0.013
"12:00",107.763,0.000,223.900,0.000,0.000,0.000
"12:15",91.034,0.000,223.600,0.000,0.000,0.013
"12:30",96.960,0.000,223.400,0.000,0.000,0.000
"12:45",109.389,0.000,224.000,0.000,0.000,0.026
"13:00",98.624,0.000,223.800,0.000,0.000,0.013
"13:15",108.006,0.000,224.100,0.000,0.000,0.013
"13:30",107.686,0.000,224.000,0.000,0.000,0.026
"13:45",104.627,0.000,224.000,0.000,0.000,0.141
"14:00",108.237,0.000,223.900,0.000,0.000,0.013
"14:15",90.445,0.000,223.700,0.000,0.000,0.000
"14:30",94.528,0.000,223.700,0.000,0.000,0.013
"14:45",106.522,0.000,224.000,0.000,0.000,0.013
"15:00",98.957,0.000,223.800,0.000,0.000,0.000
"15:15",82.483,0.000,223.500,0.000,0.000,0.013
"15:30",84.826,0.000,223.700,0.000,0.000,0.000
"15:45",70.067,0.000,223.500,0.000,0.000,0.000
"16:00",70.234,0.000,223.300,0.000,0.000,0.000
"16:15",40.806,0.000,222.600,0.000,0.000,0.013
"16:30",38.106,0.000,222.500,0.000,0.000,0.000
"16:45",38.656,0.000,222.500,0.000,0.000,0.000
"17:00",32.038,0.000,222.300,0.000,0.000,0.000
"17:15",23.987,0.000,222.100,0.000,0.000,0.000
"17:30",19.635,0.000,222.100,0.000,0.000,0.051
"17:45",14.067,0.000,221.900,0.000,0.000,0.013
"18:00",10.931,0.000,221.900,0.000,0.000,0.038
"18:15",6.886,0.000,221.900,0.000,0.000,0.051
"18:30",6.336,0.000,221.800,0.000,0.000,0.077
"18:45",6.554,0.000,221.900,0.000,0.000,0.077
"19:00",5.222,0.000,221.700,0.000,0.000,0.077
"19:15",0.666,0.000,221.600,0.000,0.000,0.038
"19:30",0.102,0.013,221.600,0.077,0.000,0.000
"19:45",0.000,0.038,221.400,0.115,0.000,0.000
"20:00",0.000,0.013,221.300,0.166,0.000,0.000
"20:15",0.000,0.000,221.400,0.179,0.000,0.000
"20:30",0.000,0.000,221.400,0.166,0.000,0.000
"20:45",0.000,0.000,221.500,0.179,0.000,0.000
"21:00",0.000,0.000,221.500,0.166,0.000,0.000
"21:15",0.000,0.000,221.400,0.166,0.000,0.000
"21:30",0.000,0.000,221.400,0.179,0.000,0.000
"21:45",0.000,0.000,221.500,0.166,0.000,0.000
"22:00",0.000,0.000,221.500,0.179,0.000,0.000
"22:15",0.000,0.000,221.500,0.166,0.000,0.000
"22:30",0.000,0.000,221.600,0.179,0.000,0.000
"22:45",0.000,0.000,221.900,0.166,0.000,0.000
"23:00",0.000,0.000,221.900,0.179,0.000,0.000
"23:15",0.000,0.000,221.800,0.179,0.000,0.000
"23:30",0.000,0.000,221.800,0.166,0.000,0.000
"23:45",0.000,0.000,221.800,0.179,0.000,0.000
"10/04/26 24:00",0.000,0.000,221.900,0.166,0.000,0.000
