"kwh"
"Time ","AGRIM02P","AGRIM02P","AGRIM02P","AGRIM02P","AGRIM02P","AGRIM02P"
" 4/01/26 00:15",0.000,0.000,221.000,0.192,0.000,0.000
" 4/01/26 00:30",0.000,0.000,221.000,0.179,0.000,0.000
"00:45",0.000,0.000,221.000,0.179,0.000,0.000
"01:00",0.000,0.000,221.000,0.192,0.000,0.000
"01:15",0.000,0.000,221.100,0.179,0.000,0.000
"01:30",0.000,0.000,221.100,0.179,0.000,0.000
"01:45",0.000,0.000,221.200,0.192,0.000,0.000
"02:00",0.000,0.000,221.100,0.179,0.000,0.000
"02:15",0.000,0.000,221.100,0.179,0.000,0.000
"02:30",0.000,0.000,221.200,0.179,0.000,0.000
"02:45",0.000,0.000,221.100,0.192,0.000,0.000
"03:00",0.000,0.000,221.200,0.179,0.000,0.000
"03:15",0.000,0.000,221.100,0.179,0.000,0.000
"03:30",0.000,0.000,221.100,0.192,0.000,0.000
"03:45",0.000,0.000,221.100,0.179,0.000,0.000
"04:00",0.000,0.000,221.100,0.179,0.000,0.000
"04:15",0.000,0.000,221.100,0.179,0.000,0.000
"04:30",0.000,0.000,221.100,0.192,0.000,0.000
"04:45",0.000,0.000,221.100,0.179,0.000,0.000
"05:00",0.000,0.000,221.200,0.179,0.000,0.000
"05:15",0.000,0.000,221.100,0.192,0.000,0.000
"05:30",0.000,0.000,221.100,0.179,0.000,0.000
"05:45",0.000,0.000,221.200,0.179,0.000,0.000
"06:00",0.000,0.000,221.200,0.192,0.000,0.000
"06:15",0.000,0.000,221.200,0.179,0.000,0.000
"06:30",0.000,0.000,221.100,0.179,0.000,0.000
"06:45",0.000,0.000,221.100,0.192,0.000,0.000
"07:00",0.000,0.000,221.100,0.179,0.000,0.000
"07:15",0.000,0.000,221.100,0.179,0.000,0.000
"07:30",0.038,0.000,221.000,0.141,0.000,0.000
"07:45",2.931,0.000,221.100,0.000,0.000,0.077
"08:00",2.586,0.000,221.300,0.000,0.000,0.038
"08:15",1.395,0.000,221.600,0.000,0.000,0.038
"08:30",2.509,0.000,221.600,0.000,0.000,0.038
"08:45",3.789,0.000,221.600,0.000,0.000,0.013
"09:00",7.718,0.000,221.700,0.000,0.000,0.013
"09:15",12.288,0.000,221.800,0.000,0.000,0.000
"09:30",17.690,0.000,222.200,0.000,0.000,0.000
"09:45",18.445,0.000,222.400,0.000,0.000,0.000
"10:00",37.491,0.000,223.100,0.000,0.000,0.000
"10:15",52.045,0.000,223.200,0.000,0.000,0.000
"10:30",63.565,0.000,223.900,0.000,0.000,0.000
"10:45",58.995,0.000,223.500,0.000,0.000,0.000
"11:00",44.582,0.000,223.000,0.000,0.000,0.000
"11:15",53.427,0.000,223.600,0.000,0.000,0.000
"11:30",65.664,0.000,223.700,0.000,0.000,0.000
"11:45",74.522,0.000,224.000,0.000,0.000,0.000
"12:00",66.342,0.000,223.600,0.000,0.000,0.000
"12:15",46.643,0.000,223.400,0.000,0.000,0.013
"12:30",14.259,0.000,221.700,0.026,0.000,0.000
"12:45",52.979,0.000,223.800,0.000,0.000,0.000
"13:00",90.918,0.000,224.400,0.000,0.000,0.026
"13:15",89.165,0.000,224.400,0.000,0.000,0.026
"13:30",90.893,0.000,224.300,0.000,0.000,0.013
"13:45",93.043,0.000,224.300,0.000,0.000,0.026
"14:00",92.659,0.000,224.200,0.000,0.000,0.013
"14:15",91.328,0.000,224.300,0.000,0.000,0.026
"14:30",90.752,0.000,224.400,0.000,0.000,0.038
"14:45",59.917,0.000,223.900,0.000,0.000,0.064
"15:00",77.978,0.000,224.000,0.000,0.000,0.026
"15:15",61.005,0.000,223.600,0.000,0.000,0.026
"15:30",62.886,0.000,223.800,0.000,0.000,0.038
"15:45",70.374,0.000,224.000,0.000,0.000,0.038
"16:00",68.877,0.000,223.900,0.000,0.000,0.307
"16:15",58.637,0.000,223.700,0.000,0.000,0.307
"16:30",39.091,0.000,223.300,0.000,0.000,0.038
"16:45",36.979,0.000,222.700,0.000,0.000,0.013
"17:00",29.427,0.000,223.000,0.000,0.000,0.013
"17:15",26.138,0.000,222.600,0.000,0.000,0.013
"17:30",28.928,0.000,223.100,0.000,0.000,0.038
"17:45",32.307,0.000,222.700,0.000,0.000,0.013
"18:00",22.182,0.000,222.600,0.000,0.000,0.000
"18:15",14.272,0.000,222.100,0.000,0.000,0.026
"18:30",7.475,0.000,222.000,0.000,0.000,0.064
"18:45",7.117,0.000,221.800,0.000,0.000,0.026
"19:00",3.315,0.000,221.700,0.000,0.000,0.064
"19:15",1.587,0.000,221.600,0.000,0.000,0.077
"19:30",0.026,0.013,221.600,0.090,0.000,0.000
"19:45",0.000,0.013,221.500,0.166,0.000,0.000
"20:00",0.000,0.013,221.400,0.179,0.000,0.000
"20:15",0.000,0.000,221.500,0.179,0.000,0.000
"20:30",0.000,0.000,221.500,0.179,0.000,0.000
"20:45",0.000,0.000,221.500,0.192,0.000,0.000
"21:00",0.000,0.000,221.500,0.179,0.000,0.000
"21:15",0.000,0.000,221.500,0.179,0.000,0.000
"21:30",0.000,0.000,221.500,0.192,0.000,0.000
"21:45",0.000,0.000,221.500,0.179,0.000,0.000
"22:00",0.000,0.000,221.500,0.192,0.000,0.000
"22:15",0.000,0.000,221.500,0.179,0.000,0.000
"22:30",0.000,0.000,221.500,0.179,0.000,0.000
"22:45",0.000,0.000,221.500,0.192,0.000,0.000
"23:00",0.000,0.000,221.500,0.179,0.000,0.000
"23:15",0.000,0.000,221.600,0.192,0.000,0.000
"23:30",0.000,0.000,221.400,0.179,0.000,0.000
"23:45",0.000,0.000,221.400,0.179,0.000,0.000
" 4/01/26 24:00",0.000,0.000,221.400,0.192,0.000,0.000
