"kwh"
"Time ","AGRIM02P","AGRIM02P","AGRIM02P","AGRIM02P","AGRIM02P","AGRIM02P"
" 6/24/26 00:15",0.000,0.000,221.600,0.179,0.000,0.000
" 6/24/26 00:30",0.000,0.000,221.700,0.179,0.000,0.000
"00:45",0.000,0.000,221.700,0.166,0.000,0.000
"01:00",0.000,0.000,221.700,0.179,0.000,0.000
"01:15",0.000,0.000,221.700,0.179,0.000,0.000
"01:30",0.000,0.000,221.800,0.166,0.000,0.000
"01:45",0.000,0.000,221.800,0.179,0.000,0.000
"02:00",0.000,0.000,221.900,0.179,0.000,0.000
"02:15",0.000,0.000,221.900,0.166,0.000,0.000
"02:30",0.000,0.000,221.800,0.179,0.000,0.000
"02:45",0.000,0.000,221.800,0.166,0.000,0.000
"03:00",0.000,0.000,221.800,0.179,0.000,0.000
"03:15",0.000,0.000,221.900,0.179,0.000,0.000
"03:30",0.000,0.000,221.800,0.166,0.000,0.000
"03:45",0.000,0.000,221.800,0.179,0.000,0.000
"04:00",0.000,0.000,221.800,0.166,0.000,0.000
"04:15",0.000,0.000,221.800,0.179,0.000,0.000
"04:30",0.000,0.000,221.800,0.179,0.000,0.000
"04:45",0.000,0.000,221.800,0.166,0.000,0.000
"05:00",0.000,0.000,221.800,0.179,0.000,0.000
"05:15",0.000,0.000,221.800,0.179,0.000,0.000
"05:30",0.000,0.000,221.900,0.166,0.000,0.000
"05:45",0.000,0.000,221.900,0.179,0.000,0.000
"06:00",0.000,0.000,221.800,0.166,0.000,0.000
"06:15",0.000,0.000,221.800,0.179,0.000,0.000
"06:30",0.000,0.000,221.700,0.179,0.000,0.000
"06:45",0.000,0.000,221.700,0.166,0.000,0.000
"07:00",0.000,0.000,221.800,0.179,0.000,0.000
"07:15",0.000,0.000,221.700,0.166,0.000,0.000
"07:30",0.000,0.000,221.700,0.179,0.000,0.000
"07:45",0.000,0.000,221.700,0.179,0.000,0.000
"08:00",0.000,0.000,221.700,0.166,0.000,0.000
"08:15",0.000,0.000,221.600,0.179,0.000,0.000
"08:30",0.051,0.000,221.600,0.026,0.000,0.000
"08:45",0.691,0.000,221.800,0.000,0.000,0.026
"09:00",5.798,0.000,221.900,0.000,0.000,0.026
"09:15",10.330,0.000,221.800,0.000,0.000,0.000
"09:30",25.754,0.000,222.200,0.000,0.000,0.000
"09:45",43.789,0.000,222.800,0.000,0.000,0.000
"10:00",34.202,0.000,222.500,0.000,0.000,0.000
"10:15",32.678,0.000,222.500,0.000,0.000,0.000
"10:30",26.112,0.000,222.300,0.000,0.000,0.000
"10:45",24.499,0.000,222.100,0.000,0.000,0.000
"11:00",23.066,0.000,222.100,0.000,0.000,0.000
"11:15",29.555,0.000,222.100,0.000,0.000,0.000
"11:30",36.058,0.000,222.400,0.000,0.000,0.000
"11:45",48.781,0.000,222.600,0.000,0.000,0.000
"12:00",45.619,0.000,222.700,0.000,0.000,0.000
"12:15",77.376,0.000,223.400,0.000,0.000,0.000
"12:30",71.872,0.000,223.400,0.000,0.000,0.000
"12:45",98.842,0.000,223.800,0.000,0.000,0.000
"13:00",87.475,0.000,223.500,0.000,0.000,0.000
"13:15",36.390,0.000,222.500,0.000,0.000,0.000
"13:30",71.565,0.000,223.000,0.000,0.000,0.000
"13:45",83.366,0.000,223.200,0.000,0.000,0.000
"14:00",41.984,0.000,222.500,0.000,0.000,0.000
"14:15",55.437,0.000,222.900,0.000,0.000,0.000
"14:30",79.539,0.000,223.400,0.000,0.000,0.000
"14:45",55.424,0.000,222.900,0.000,0.000,0.000
"15:00",35.008,0.000,222.300,0.000,0.000,0.000
"15:15",31.757,0.000,222.400,0.000,0.000,0.000
"15:30",37.606,0.000,222.600,0.000,0.000,0.000
"15:45",37.350,0.000,222.500,0.000,0.000,0.000
"16:00",21.312,0.000,222.300,0.000,0.000,0.000
"16:15",20.966,0.000,222.400,0.000,0.000,0.000
"16:30",13.427,0.000,222.100,0.000,0.000,0.000
"16:45",13.901,0.000,222.200,0.000,0.000,0.000
"17:00",21.606,0.000,222.400,0.000,0.000,0.000
"17:15",10.240,0.000,222.100,0.000,0.000,0.013
"17:30",7.488,0.000,222.000,0.000,0.000,0.026
"17:45",5.235,0.000,221.900,0.000,0.000,0.051
"18:00",1.818,0.000,221.900,0.000,0.000,0.013
"18:15",0.448,0.000,221.800,0.000,0.000,0.013
"18:30",0.102,0.000,221.600,0.026,0.000,0.000
"18:45",0.000,0.038,221.600,0.115,0.000,0.000
"19:00",0.000,0.038,221.600,0.128,0.000,0.000
"19:15",0.000,0.000,221.500,0.166,0.000,0.000
"19:30",0.000,0.000,221.600,0.179,0.000,0.000
"19:45",0.000,0.000,221.500,0.179,0.000,0.000
"20:00",0.000,0.000,221.600,0.166,0.000,0.000
"20:15",0.000,0.000,221.500,0.179,0.000,0.000
"20:30",0.000,0.000,221.400,0.166,0.000,0.000
"20:45",0.000,0.000,221.500,0.179,0.000,0.000
"21:00",0.000,0.000,221.400,0.179,0.000,0.000
"21:15",0.000,0.000,221.300,0.166,0.000,0.000
"21:30",0.000,0.000,221.300,0.179,0.000,0.000
"21:45",0.000,0.000,221.300,0.166,0.000,0.000
"22:00",0.000,0.000,221.300,0.179,0.000,0.000
"22:15",0.000,0.000,221.400,0.179,0.000,0.000
"22:30",0.000,0.000,221.400,0.166,0.000,0.000
"22:45",0.000,0.000,221.500,0.179,0.000,0.000
"23:00",0.000,0.000,221.600,0.179,0.000,0.000
"23:15",0.000,0.000,221.600,0.166,0.000,0.000
"23:30",0.000,0.000,221.600,0.179,0.000,0.000
"23:45",0.000,0.000,221.600,0.179,0.000,0.000
" 6/24/26 24:00",0.000,0.000,221.700,0.166,0.000,0.000
