"kwh"
"Time ","AGRIM02P","AGRIM02P","AGRIM02P","AGRIM02P","AGRIM02P","AGRIM02P"
" 8/10/26 00:15",0.000,0.000,221.800,0.179,0.000,0.000
" 8/10/26 00:30",0.000,0.000,221.900,0.166,0.000,0.000
"00:45",0.000,0.000,221.900,0.179,0.000,0.000
"01:00",0.000,0.000,221.900,0.179,0.000,0.000
"01:15",0.000,0.000,221.800,0.166,0.000,0.000
"01:30",0.000,0.000,221.800,0.179,0.000,0.000
"01:45",0.000,0.000,221.900,0.179,0.000,0.000
"02:00",0.000,0.000,221.900,0.166,0.000,0.000
"02:15",0.000,0.000,221.900,0.179,0.000,0.000
"02:30",0.000,0.000,221.900,0.166,0.000,0.000
"02:45",0.000,0.000,221.900,0.179,0.000,0.000
"03:00",0.000,0.000,221.900,0.179,0.000,0.000
"03:15",0.000,0.000,221.900,0.166,0.000,0.000
"03:30",0.000,0.000,221.900,0.179,0.000,0.000
"03:45",0.000,0.000,221.900,0.166,0.000,0.000
"04:00",0.000,0.000,221.900,0.179,0.000,0.000
"04:15",0.000,0.000,221.900,0.179,0.000,0.000
"04:30",0.000,0.000,221.900,0.166,0.000,0.000
"04:45",0.000,0.000,221.900,0.179,0.000,0.000
"05:00",0.000,0.000,221.900,0.179,0.000,0.000
"05:15",0.000,0.000,221.900,0.166,0.000,0.000
"05:30",0.000,0.000,221.900,0.179,0.000,0.000
"05:45",0.000,0.000,221.800,0.166,0.000,0.000
"06:00",0.000,0.000,221.800,0.179,0.000,0.000
"06:15",0.000,0.000,221.800,0.179,0.000,0.000
"06:30",0.000,0.000,221.800,0.166,0.000,0.000
"06:45",0.000,0.000,221.900,0.179,0.000,0.000
"07:00",0.000,0.000,221.800,0.166,0.000,0.000
"07:15",0.000,0.000,221.800,0.179,0.000,0.000
"07:30",0.000,0.000,221.700,0.166,0.000,0.000
"07:45",0.000,0.000,221.700,0.179,0.000,0.000
"08:00",0.000,0.000,221.600,0.166,0.000,0.000
"08:15",0.102,0.000,221.700,0.051,0.000,0.026
"08:30",1.728,0.000,221.900,0.000,0.000,0.077
"08:45",7.782,0.000,223.200,0.000,0.000,0.038
"09:00",20.416,0.000,224.400,0.000,0.000,0.000
"09:15",23.219,0.000,224.600,0.000,0.000,0.013
"09:30",12.365,0.000,224.200,0.000,0.000,0.013
"09:45",13.965,0.000,224.000,0.000,0.000,0.000
"10:00",15.539,0.000,224.000,0.000,0.000,0.000
"10:15",16.934,0.000,224.000,0.000,0.000,0.000
"10:30",18.240,0.000,223.900,0.000,0.000,0.000
"10:45",19.610,0.000,223.900,0.000,0.000,0.000
"11:00",23.552,0.000,224.000,0.000,0.000,0.000
"11:15",25.139,0.000,224.100,0.000,0.000,0.000
"11:30",27.379,0.000,224.100,0.000,0.000,0.000
"11:45",34.662,0.000,224.300,0.000,0.000,0.000
"12:00",36.544,0.000,224.400,0.000,0.000,0.000
"12:15",33.984,0.000,224.300,0.000,0.000,0.000
"12:30",39.731,0.000,224.500,0.000,0.000,0.000
"12:45",48.064,0.000,224.800,0.000,0.000,0.000
"13:00",59.072,0.000,225.000,0.000,0.000,0.000
"13:15",69.261,0.000,225.300,0.000,0.000,0.000
"13:30",74.611,0.000,225.500,0.000,0.000,0.000
"13:45",79.770,0.000,225.500,0.000,0.000,0.000
"14:00",80.051,0.000,225.600,0.000,0.000,0.000
"14:15",86.234,0.000,225.800,0.000,0.000,0.000
"14:30",92.826,0.000,225.900,0.000,0.000,0.000
"14:45",99.021,0.000,226.100,0.000,0.000,0.000
"15:00",105.114,0.000,226.300,0.000,0.000,0.000
"15:15",102.259,0.000,226.400,0.000,0.000,0.000
"15:30",99.725,0.000,226.300,0.000,0.000,0.000
"15:45",96.064,0.000,226.300,0.000,0.000,0.000
"16:00",90.893,0.000,226.200,0.000,0.000,0.000
"16:15",83.430,0.000,226.100,0.000,0.000,0.000
"16:30",79.475,0.000,226.000,0.000,0.000,0.000
"16:45",88.371,0.000,225.900,0.000,0.000,0.000
"17:00",62.938,0.000,225.800,0.000,0.000,0.000
"17:15",55.194,0.000,225.600,0.000,0.000,0.000
"17:30",46.784,0.000,225.400,0.000,0.000,0.000
"17:45",37.939,0.000,225.200,0.000,0.000,0.000
"18:00",28.915,0.000,225.000,0.000,0.000,0.013
"18:15",19.187,0.000,224.500,0.000,0.000,0.013
"18:30",6.912,0.000,224.100,0.000,0.000,0.064
"18:45",1.267,0.000,223.900,0.000,0.000,0.064
"19:00",0.128,0.000,223.700,0.038,0.000,0.026
"19:15",0.000,0.038,223.500,0.128,0.000,0.000
"19:30",0.000,0.026,223.500,0.154,0.000,0.000
"19:45",0.000,0.000,223.400,0.179,0.000,0.000
"20:00",0.000,0.000,223.500,0.166,0.000,0.000
"20:15",0.000,0.000,223.500,0.179,0.000,0.000
"20:30",0.000,0.000,223.400,0.179,0.000,0.000
"20:45",0.000,0.000,223.400,0.179,0.000,0.000
"21:00",0.000,0.000,223.300,0.179,0.000,0.000
"21:15",0.000,0.000,223.300,0.166,0.000,0.000
"21:30",0.000,0.000,223.400,0.179,0.000,0.000
"21:45",0.000,0.000,223.400,0.179,0.000,0.000
"22:00",0.000,0.000,223.400,0.179,0.000,0.000
"22:15",0.000,0.000,223.500,0.166,0.000,0.000
"22:30",0.000,0.000,223.400,0.179,0.000,0.000
"22:45",0.000,0.000,223.500,0.179,0.000,0.000
"23:00",0.000,0.000,223.500,0.179,0.000,0.000
"23:15",0.000,0.000,223.300,0.179,0.000,0.000
"23:30",0.000,0.000,223.500,0.166,0.000,0.000
"23:45",0.000,0.000,223.500,0.179,0.000,0.000
" 8/10/26 24:00",0.000,0.000,223.400,0.179,0.000,0.000
