"kwh"
"Time ","AGRIM02P","AGRIM02P","AGRIM02P","AGRIM02P","AGRIM02P","AGRIM02P"
" 5/26/26 00:15",0.000,0.000,221.500,0.179,0.000,0.000
" 5/26/26 00:30",0.000,0.000,221.500,0.166,0.000,0.000
"00:45",0.000,0.000,221.600,0.179,0.000,0.000
"01:00",0.000,0.000,221.700,0.179,0.000,0.000
"01:15",0.000,0.000,221.700,0.166,0.000,0.000
"01:30",0.000,0.000,221.700,0.179,0.000,0.000
"01:45",0.000,0.000,221.800,0.166,0.000,0.000
"02:00",0.000,0.000,221.800,0.179,0.000,0.000
"02:15",0.000,0.000,221.800,0.179,0.000,0.000
"02:30",0.000,0.000,221.700,0.166,0.000,0.000
"02:45",0.000,0.000,221.700,0.179,0.000,0.000
"03:00",0.000,0.000,221.700,0.166,0.000,0.000
"03:15",0.000,0.000,221.600,0.179,0.000,0.000
"03:30",0.000,0.000,221.600,0.166,0.000,0.000
"03:45",0.000,0.000,221.600,0.179,0.000,0.000
"04:00",0.000,0.000,221.600,0.166,0.000,0.000
"04:15",0.000,0.000,221.600,0.179,0.000,0.000
"04:30",0.000,0.000,221.600,0.166,0.000,0.000
"04:45",0.000,0.000,221.600,0.179,0.000,0.000
"05:00",0.000,0.000,221.600,0.166,0.000,0.000
"05:15",0.000,0.000,221.600,0.179,0.000,0.000
"05:30",0.000,0.000,221.600,0.166,0.000,0.000
"05:45",0.000,0.000,221.600,0.179,0.000,0.000
"06:00",0.000,0.000,221.600,0.166,0.000,0.000
"06:15",0.000,0.000,221.600,0.179,0.000,0.000
"06:30",0.000,0.000,221.700,0.166,0.000,0.000
"06:45",0.000,0.000,221.500,0.179,0.000,0.000
"07:00",0.000,0.000,221.500,0.166,0.000,0.000
"07:15",0.000,0.000,221.600,0.179,0.000,0.000
"07:30",0.000,0.000,221.600,0.179,0.000,0.000
"07:45",0.000,0.000,221.600,0.166,0.000,0.000
"08:00",0.000,0.000,221.600,0.179,0.000,0.000
"08:15",0.218,0.000,221.600,0.013,0.000,0.026
"08:30",0.858,0.000,221.600,0.000,0.000,0.077
"08:45",4.288,0.000,221.800,0.000,0.000,0.077
"09:00",6.771,0.000,221.900,0.000,0.000,0.038
"09:15",19.110,0.000,222.300,0.000,0.000,0.000
"09:30",35.046,0.000,222.900,0.000,0.000,0.000
"09:45",44.058,0.000,223.200,0.000,0.000,0.000
"10:00",51.763,0.000,223.500,0.000,0.000,0.000
"10:15",59.878,0.000,223.700,0.000,0.000,0.000
"10:30",68.736,0.000,223.900,0.000,0.000,0.000
"10:45",79.475,0.000,224.100,0.000,0.000,0.000
"11:00",79.040,0.000,224.000,0.000,0.000,0.000
"11:15",65.037,0.000,223.500,0.000,0.000,0.000
"11:30",58.752,0.000,223.400,0.000,0.000,0.000
"11:45",65.267,0.000,223.600,0.000,0.000,0.000
"12:00",56.870,0.000,223.500,0.000,0.000,0.000
"12:15",72.909,0.000,223.500,0.000,0.000,0.013
"12:30",84.582,0.000,223.600,0.000,0.000,0.000
"12:45",75.712,0.000,223.400,0.000,0.000,0.000
"13:00",110.554,0.000,224.200,0.000,0.000,0.000
"13:15",66.906,0.000,223.600,0.000,0.000,0.000
"13:30",91.814,0.000,224.100,0.000,0.000,0.000
"13:45",103.450,0.000,224.300,0.000,0.000,0.000
"14:00",103.245,0.000,224.200,0.000,0.000,0.000
"14:15",102.720,0.000,224.300,0.000,0.000,0.000
"14:30",90.355,0.000,224.100,0.000,0.000,0.000
"14:45",90.470,0.000,224.000,0.000,0.000,0.000
"15:00",95.949,0.000,224.200,0.000,0.000,0.000
"15:15",90.906,0.000,224.100,0.000,0.000,0.000
"15:30",86.566,0.000,224.100,0.000,0.000,0.000
"15:45",82.125,0.000,224.000,0.000,0.000,0.000
"16:00",77.210,0.000,223.900,0.000,0.000,0.000
"16:15",71.322,0.000,223.800,0.000,0.000,0.000
"16:30",64.794,0.000,223.700,0.000,0.000,0.000
"16:45",58.099,0.000,223.600,0.000,0.000,0.000
"17:00",50.765,0.000,223.400,0.000,0.000,0.000
"17:15",42.906,0.000,223.200,0.000,0.000,0.000
"17:30",34.880,0.000,222.900,0.000,0.000,0.000
"17:45",25.754,0.000,222.500,0.000,0.000,0.000
"18:00",6.810,0.000,222.000,0.000,0.000,0.064
"18:15",2.368,0.000,221.900,0.000,0.000,0.077
"18:30",0.397,0.000,221.700,0.000,0.000,0.000
"18:45",0.026,0.013,221.600,0.090,0.000,0.000
"19:00",0.000,0.038,221.500,0.128,0.000,0.000
"19:15",0.000,0.013,221.500,0.154,0.000,0.000
"19:30",0.000,0.000,221.400,0.179,0.000,0.000
"19:45",0.000,0.000,221.500,0.179,0.000,0.000
"20:00",0.000,0.000,221.500,0.166,0.000,0.000
"20:15",0.000,0.000,221.400,0.179,0.000,0.000
"20:30",0.000,0.000,221.300,0.166,0.000,0.000
"20:45",0.000,0.000,221.300,0.179,0.000,0.000
"21:00",0.000,0.000,221.300,0.179,0.000,0.000
"21:15",0.000,0.000,221.400,0.166,0.000,0.000
"21:30",0.000,0.000,221.400,0.179,0.000,0.000
"21:45",0.000,0.000,221.500,0.179,0.000,0.000
"22:00",0.000,0.000,221.500,0.166,0.000,0.000
"22:15",0.000,0.000,221.500,0.179,0.000,0.000
"22:30",0.000,0.000,221.700,0.179,0.000,0.000
"22:45",0.000,0.000,221.600,0.166,0.000,0.000
"23:00",0.000,0.000,221.600,0.179,0.000,0.000
"23:15",0.000,0.000,221.600,0.166,0.000,0.000
"23:30",0.000,0.000,221.600,0.179,0.000,0.000
"23:45",0.000,0.000,221.600,0.179,0.000,0.000
" 5/26/26 24:00",0.000,0.000,221.600,0.166,0.000,0.000
