"kwh"
"Time ","AGRIM02P","AGRIM02P","AGRIM02P","AGRIM02P","AGRIM02P","AGRIM02P"
" 1/27/26 00:15",0.000,0.000,221.200,0.179,0.000,0.000
" 1/27/26 00:30",0.000,0.000,221.200,0.192,0.000,0.000
"00:45",0.000,0.000,221.200,0.179,0.000,0.000
"01:00",0.000,0.000,221.200,0.179,0.000,0.000
"01:15",0.000,0.000,221.300,0.192,0.000,0.000
"01:30",0.000,0.000,221.300,0.179,0.000,0.000
"01:45",0.000,0.000,221.300,0.192,0.000,0.000
"02:00",0.000,0.000,221.300,0.179,0.000,0.000
"02:15",0.000,0.000,221.300,0.179,0.000,0.000
"02:30",0.000,0.000,221.300,0.179,0.000,0.000
"02:45",0.000,0.000,221.300,0.192,0.000,0.000
"03:00",0.000,0.000,221.300,0.179,0.000,0.000
"03:15",0.000,0.000,221.300,0.192,0.000,0.000
"03:30",0.000,0.000,221.300,0.179,0.000,0.000
"03:45",0.000,0.000,221.300,0.179,0.000,0.000
"04:00",0.000,0.000,221.300,0.192,0.000,0.000
"04:15",0.000,0.000,221.300,0.179,0.000,0.000
"04:30",0.000,0.000,221.300,0.179,0.000,0.000
"04:45",0.000,0.000,221.300,0.192,0.000,0.000
"05:00",0.000,0.000,221.300,0.179,0.000,0.000
"05:15",0.000,0.000,221.300,0.179,0.000,0.000
"05:30",0.000,0.000,221.300,0.192,0.000,0.000
"05:45",0.000,0.000,221.300,0.179,0.000,0.000
"06:00",0.000,0.000,221.300,0.192,0.000,0.000
"06:15",0.000,0.000,221.200,0.179,0.000,0.000
"06:30",0.000,0.000,221.200,0.179,0.000,0.000
"06:45",0.000,0.000,221.200,0.192,0.000,0.000
"07:00",0.051,0.026,221.300,0.038,0.000,0.000
"07:15",0.000,0.038,221.200,0.102,0.000,0.000
"07:30",0.013,0.000,221.100,0.077,0.000,0.000
"07:45",0.102,0.000,221.100,0.000,0.000,0.013
"08:00",0.269,0.000,221.100,0.000,0.000,0.026
"08:15",1.062,0.000,221.000,0.000,0.000,0.038
"08:30",3.648,0.000,221.100,0.000,0.000,0.064
"08:45",7.680,0.000,221.200,0.000,0.000,0.026
"09:00",20.045,0.000,222.000,0.000,0.000,0.000
"09:15",21.197,0.000,222.100,0.000,0.000,0.013
"09:30",10.368,0.000,221.600,0.000,0.000,0.000
"09:45",7.782,0.000,221.300,0.000,0.000,0.013
"10:00",16.474,0.000,221.500,0.000,0.000,0.000
"10:15",30.246,0.000,221.800,0.000,0.000,0.000
"10:30",68.813,0.000,223.000,0.000,0.000,0.000
"10:45",71.565,0.000,223.000,0.000,0.000,0.000
"11:00",79.770,0.000,223.000,0.000,0.000,0.000
"11:15",71.181,0.000,222.900,0.000,0.000,0.000
"11:30",56.141,0.000,222.700,0.000,0.000,0.000
"11:45",65.894,0.000,222.900,0.000,0.000,0.000
"12:00",101.312,0.000,223.600,0.000,0.000,0.000
"12:15",68.634,0.000,223.000,0.000,0.000,0.000
"12:30",78.208,0.000,223.100,0.000,0.000,0.000
"12:45",85.466,0.000,223.300,0.000,0.000,0.000
"13:00",96.346,0.000,223.700,0.000,0.000,0.013
"13:15",76.787,0.000,223.400,0.000,0.000,0.000
"13:30",48.794,0.000,223.000,0.000,0.000,0.000
"13:45",88.819,0.000,223.600,0.000,0.000,0.000
"14:00",76.006,0.000,223.500,0.000,0.000,0.000
"14:15",37.645,0.000,222.400,0.000,0.000,0.013
"14:30",50.227,0.000,222.900,0.000,0.000,0.000
"14:45",54.976,0.000,222.900,0.000,0.000,0.000
"15:00",102.886,0.000,223.500,0.000,0.000,0.000
"15:15",103.744,0.000,223.000,0.000,0.000,0.000
"15:30",101.978,0.000,223.800,0.000,0.000,0.013
"15:45",98.291,0.000,223.800,0.000,0.000,0.000
"16:00",90.163,0.000,223.700,0.000,0.000,0.000
"16:15",77.146,0.000,223.400,0.000,0.000,0.013
"16:30",47.910,0.000,222.800,0.000,0.000,0.013
"16:45",61.914,0.000,222.700,0.000,0.000,0.013
"17:00",69.798,0.000,223.200,0.000,0.000,0.000
"17:15",68.838,0.000,223.200,0.000,0.000,0.000
"17:30",61.939,0.000,223.100,0.000,0.000,0.000
"17:45",55.347,0.000,223.100,0.000,0.000,0.000
"18:00",48.333,0.000,222.900,0.000,0.000,0.000
"18:15",41.677,0.000,223.000,0.000,0.000,0.000
"18:30",34.355,0.000,222.800,0.000,0.000,0.000
"18:45",27.648,0.000,222.500,0.000,0.000,0.000
"19:00",20.442,0.000,222.300,0.000,0.000,0.000
"19:15",13.850,0.000,222.000,0.000,0.000,0.000
"19:30",8.230,0.000,221.800,0.000,0.000,0.051
"19:45",4.186,0.000,221.500,0.000,0.000,0.102
"20:00",1.843,0.000,221.300,0.000,0.000,0.064
"20:15",0.845,0.000,221.100,0.000,0.000,0.090
"20:30",0.179,0.013,221.000,0.013,0.000,0.051
"20:45",0.000,0.013,220.900,0.141,0.000,0.000
"21:00",0.000,0.026,220.800,0.166,0.000,0.000
"21:15",0.000,0.000,220.800,0.179,0.000,0.000
"21:30",0.000,0.000,220.900,0.179,0.000,0.000
"21:45",0.000,0.000,220.800,0.192,0.000,0.000
"22:00",0.000,0.000,220.900,0.179,0.000,0.000
"22:15",0.000,0.000,221.000,0.179,0.000,0.000
"22:30",0.000,0.000,221.000,0.192,0.000,0.000
"22:45",0.000,0.000,221.100,0.179,0.000,0.000
"23:00",0.000,0.000,221.000,0.179,0.000,0.000
"23:15",0.000,0.000,220.800,0.192,0.000,0.000
"23:30",0.000,0.000,220.700,0.179,0.000,0.000
"23:45",0.000,0.000,220.700,0.179,0.000,0.000
" 1/27/26 24:00",0.000,0.000,220.700,0.192,0.000,0.000
