"kwh"
"Time ","AGRIM02P","AGRIM02P","AGRIM02P","AGRIM02P","AGRIM02P","AGRIM02P"
" 3/03/26 00:15",0.000,0.000,221.500,0.179,0.000,0.000
" 3/03/26 00:30",0.000,0.000,221.500,0.179,0.000,0.000
"00:45",0.000,0.000,221.600,0.192,0.000,0.000
"01:00",0.000,0.000,220.800,0.166,0.000,0.000
"01:15",0.000,0.000,173.700,0.000,0.000,0.000
"01:30",0.000,0.000,0.000,0.000,0.000,0.000
"01:45",0.000,0.000,0.000,0.000,0.000,0.000
"02:00",0.000,0.000,165.500,0.000,0.000,0.000
"02:15",0.000,0.000,0.000,0.000,0.000,0.000
"02:30",0.000,0.000,0.000,0.000,0.000,0.000
"02:45",0.000,0.000,0.000,0.000,0.000,0.000
"03:00",0.000,0.000,0.000,0.000,0.000,0.000
"03:15",0.000,0.000,0.000,0.000,0.000,0.000
"03:30",0.000,0.000,0.000,0.000,0.000,0.000
"03:45",0.000,0.000,0.000,0.000,0.000,0.000
"04:00",0.000,0.000,0.000,0.000,0.000,0.000
"04:15",0.000,0.000,0.000,0.000,0.000,0.000
"04:30",0.000,0.000,0.000,0.000,0.000,0.000
"04:45",0.000,0.000,0.000,0.000,0.000,0.000
"05:00",0.000,0.000,0.000,0.000,0.000,0.000
"05:15",0.000,0.000,0.000,0.000,0.000,0.000
"05:30",0.000,0.000,0.000,0.000,0.000,0.000
"05:45",0.000,0.000,0.000,0.000,0.000,0.000
"06:00",0.000,0.000,0.000,0.000,0.000,0.000
"06:15",0.000,0.000,0.000,0.000,0.000,0.000
"06:30",0.000,0.000,0.000,0.000,0.000,0.000
"06:45",0.000,0.000,0.000,0.000,0.000,0.000
"07:00",0.000,0.000,5.300,0.000,0.000,0.000
"07:15",0.000,0.000,0.000,0.000,0.000,0.000
"07:30",0.000,0.000,0.000,0.000,0.000,0.000
"07:45",0.000,0.000,0.000,0.000,0.000,0.000
"08:00",0.000,0.000,0.000,0.000,0.000,0.000
"08:15",0.102,0.000,220.800,0.026,0.000,0.000
"08:30",4.723,0.000,222.200,0.000,0.000,0.000
"08:45",9.907,0.000,222.300,0.000,0.000,0.000
"09:00",14.822,0.000,222.400,0.000,0.000,0.000
"09:15",17.587,0.000,222.400,0.000,0.000,0.000
"09:30",21.414,0.000,222.500,0.000,0.000,0.000
"09:45",27.354,0.000,222.600,0.000,0.000,0.000
"10:00",31.795,0.000,222.700,0.000,0.000,0.000
"10:15",36.109,0.000,222.700,0.000,0.000,0.000
"10:30",45.901,0.000,222.700,0.000,0.000,0.000
"10:45",56.192,0.000,222.900,0.000,0.000,0.000
"11:00",62.221,0.000,223.000,0.000,0.000,0.000
"11:15",77.696,0.000,223.300,0.000,0.000,0.000
"11:30",90.138,0.000,223.400,0.000,0.000,0.000
"11:45",90.176,0.000,223.400,0.000,0.000,0.000
"12:00",78.259,0.000,223.100,0.000,0.000,0.000
"12:15",86.771,0.000,223.300,0.000,0.000,0.000
"12:30",102.016,0.000,223.500,0.000,0.000,0.000
"12:45",100.096,0.000,223.500,0.000,0.000,0.000
"13:00",104.858,0.000,223.600,0.000,0.000,0.000
"13:15",103.373,0.000,223.900,0.000,0.000,0.000
"13:30",103.258,0.000,224.000,0.000,0.000,0.000
"13:45",104.666,0.000,223.700,0.000,0.000,0.000
"14:00",105.638,0.000,229.100,0.000,0.000,0.000
"14:15",104.154,0.000,228.600,0.000,0.000,0.000
"14:30",102.502,0.000,225.000,0.000,0.000,0.064
"14:45",101.568,0.000,225.000,0.000,0.000,0.026
"15:00",101.888,0.000,225.000,0.000,0.000,0.038
"15:15",98.803,0.000,225.000,0.000,0.000,0.013
"15:30",96.346,0.000,224.900,0.000,0.000,0.038
"15:45",93.107,0.000,224.800,0.000,0.000,0.013
"16:00",90.010,0.000,224.800,0.000,0.000,0.038
"16:15",84.838,0.000,224.700,0.000,0.000,0.077
"16:30",80.230,0.000,224.600,0.000,0.000,0.026
"16:45",75.315,0.000,224.400,0.000,0.000,0.000
"17:00",69.901,0.000,224.300,0.000,0.000,0.038
"17:15",63.488,0.000,224.100,0.000,0.000,0.000
"17:30",57.037,0.000,224.000,0.000,0.000,0.026
"17:45",50.458,0.000,223.900,0.000,0.000,0.013
"18:00",43.341,0.000,223.700,0.000,0.000,0.013
"18:15",36.083,0.000,223.600,0.000,0.000,0.013
"18:30",28.621,0.000,223.300,0.000,0.000,0.026
"18:45",21.811,0.000,223.000,0.000,0.000,0.000
"19:00",16.128,0.000,222.700,0.000,0.000,0.038
"19:15",10.445,0.000,222.400,0.000,0.000,0.051
"19:30",3.853,0.000,222.000,0.000,0.000,0.038
"19:45",1.062,0.000,221.800,0.000,0.000,0.013
"20:00",0.141,0.000,221.700,0.000,0.000,0.000
"20:15",0.000,0.000,221.700,0.166,0.000,0.000
"20:30",0.000,0.013,221.600,0.166,0.000,0.000
"20:45",0.000,0.000,221.600,0.179,0.000,0.000
"21:00",0.000,0.000,221.600,0.192,0.000,0.000
"21:15",0.000,0.000,221.600,0.179,0.000,0.000
"21:30",0.000,0.000,221.600,0.192,0.000,0.000
"21:45",0.000,0.000,221.600,0.179,0.000,0.000
"22:00",0.000,0.000,221.700,0.192,0.000,0.000
"22:15",0.000,0.000,221.700,0.179,0.000,0.000
"22:30",0.000,0.000,221.600,0.192,0.000,0.000
"22:45",0.000,0.000,221.700,0.179,0.000,0.000
"23:00",0.000,0.000,221.700,0.192,0.000,0.000
"23:15",0.000,0.000,221.700,0.179,0.000,0.000
"23:30",0.000,0.000,221.700,0.192,0.000,0.000
"23:45",0.000,0.000,221.800,0.179,0.000,0.000
" 3/03/26 24:00",0.000,0.000,221.800,0.192,0.000,0.000
