"kwh"
"Time ","AGRIM02P","AGRIM02P","AGRIM02P","AGRIM02P","AGRIM02P","AGRIM02P"
" 4/04/26 00:15",0.000,0.000,221.700,0.192,0.000,0.000
" 4/04/26 00:30",0.000,0.000,221.700,0.179,0.000,0.000
"00:45",0.000,0.000,221.800,0.179,0.000,0.000
"01:00",0.000,0.000,221.800,0.192,0.000,0.000
"01:15",0.000,0.000,221.800,0.179,0.000,0.000
"01:30",0.000,0.000,221.800,0.192,0.000,0.000
"01:45",0.000,0.000,221.800,0.179,0.000,0.000
"02:00",0.000,0.000,221.900,0.192,0.000,0.000
"02:15",0.000,0.000,221.900,0.179,0.000,0.000
"02:30",0.000,0.000,221.900,0.179,0.000,0.000
"02:45",0.000,0.000,221.900,0.192,0.000,0.000
"03:00",0.000,0.000,221.800,0.179,0.000,0.000
"03:15",0.000,0.000,221.800,0.192,0.000,0.000
"03:30",0.000,0.000,221.800,0.179,0.000,0.000
"03:45",0.000,0.000,221.900,0.141,0.000,0.000
"04:00",0.000,0.000,221.700,0.192,0.000,0.000
"04:15",0.000,0.000,220.800,0.179,0.000,0.000
"04:30",0.000,0.000,221.000,0.179,0.000,0.000
"04:45",0.000,0.000,221.000,0.192,0.000,0.000
"05:00",0.000,0.000,221.500,0.179,0.000,0.000
"05:15",0.000,0.000,222.100,0.179,0.000,0.000
"05:30",0.000,0.000,221.600,0.192,0.000,0.000
"05:45",0.000,0.000,221.300,0.179,0.000,0.000
"06:00",0.000,0.000,222.000,0.192,0.000,0.000
"06:15",0.000,0.000,222.500,0.179,0.000,0.000
"06:30",0.000,0.000,222.900,0.179,0.000,0.000
"06:45",0.000,0.000,221.800,0.192,0.000,0.000
"07:00",0.000,0.000,222.100,0.179,0.000,0.000
"07:15",0.000,0.000,221.800,0.192,0.000,0.000
"07:30",0.000,0.000,221.200,0.179,0.000,0.000
"07:45",0.000,0.000,221.100,0.179,0.000,0.000
"08:00",0.141,0.000,221.200,0.038,0.000,0.000
"08:15",0.845,0.000,221.800,0.000,0.000,0.000
"08:30",4.186,0.000,221.900,0.000,0.000,0.013
"08:45",5.862,0.000,221.800,0.000,0.000,0.026
"09:00",7.130,0.000,221.900,0.000,0.000,0.013
"09:15",9.306,0.000,221.900,0.000,0.000,0.000
"09:30",12.826,0.000,222.100,0.000,0.000,0.000
"09:45",15.693,0.000,222.100,0.000,0.000,0.000
"10:00",14.362,0.000,222.100,0.000,0.000,0.000
"10:15",18.291,0.000,222.300,0.000,0.000,0.000
"10:30",24.768,0.000,222.400,0.000,0.000,0.000
"10:45",17.152,0.000,222.200,0.000,0.000,0.000
"11:00",21.555,0.000,222.300,0.000,0.000,0.013
"11:15",12.122,0.000,222.200,0.000,0.000,0.013
"11:30",12.531,0.000,222.000,0.000,0.000,0.000
"11:45",7.667,0.000,221.800,0.000,0.000,0.013
"12:00",3.238,0.000,221.700,0.000,0.000,0.026
"12:15",3.853,0.000,221.800,0.000,0.000,0.038
"12:30",9.242,0.000,222.000,0.000,0.000,0.013
"12:45",17.523,0.000,222.200,0.000,0.000,0.013
"13:00",11.610,0.000,222.100,0.000,0.000,0.000
"13:15",12.928,0.000,222.100,0.000,0.000,0.000
"13:30",8.038,0.000,222.100,0.000,0.000,0.000
"13:45",6.208,0.000,222.100,0.000,0.000,0.013
"14:00",4.134,0.000,222.000,0.000,0.000,0.013
"14:15",13.248,0.000,222.200,0.000,0.000,0.013
"14:30",2.714,0.000,221.900,0.000,0.000,0.013
"14:45",0.794,0.000,221.800,0.000,0.000,0.038
"15:00",2.662,0.000,221.800,0.000,0.000,0.013
"15:15",6.861,0.000,222.000,0.000,0.000,0.000
"15:30",8.307,0.000,222.000,0.000,0.000,0.000
"15:45",3.866,0.000,221.900,0.000,0.000,0.013
"16:00",5.030,0.000,221.900,0.000,0.000,0.013
"16:15",8.602,0.000,222.200,0.000,0.000,0.000
"16:30",13.504,0.000,222.200,0.000,0.000,0.000
"16:45",14.464,0.000,222.300,0.000,0.000,0.013
"17:00",1.933,0.000,221.900,0.000,0.000,0.051
"17:15",5.798,0.000,222.100,0.000,0.000,0.000
"17:30",17.907,0.000,222.400,0.000,0.000,0.000
"17:45",14.413,0.000,222.300,0.000,0.000,0.000
"18:00",8.384,0.000,222.000,0.000,0.000,0.000
"18:15",1.574,0.000,221.800,0.000,0.000,0.064
"18:30",1.562,0.000,221.800,0.000,0.000,0.000
"18:45",0.179,0.000,221.800,0.000,0.000,0.000
"19:00",0.013,0.000,221.800,0.051,0.000,0.013
"19:15",0.000,0.000,221.800,0.077,0.000,0.000
"19:30",0.000,0.026,221.700,0.154,0.000,0.000
"19:45",0.000,0.000,221.600,0.179,0.000,0.000
"20:00",0.000,0.000,221.700,0.179,0.000,0.000
"20:15",0.000,0.000,221.600,0.179,0.000,0.000
"20:30",0.000,0.000,221.500,0.192,0.000,0.000
"20:45",0.000,0.000,221.600,0.179,0.000,0.000
"21:00",0.000,0.000,221.600,0.192,0.000,0.000
"21:15",0.000,0.000,221.700,0.179,0.000,0.000
"21:30",0.000,0.000,221.700,0.192,0.000,0.000
"21:45",0.000,0.000,221.700,0.179,0.000,0.000
"22:00",0.000,0.000,221.700,0.179,0.000,0.000
"22:15",0.000,0.000,221.700,0.192,0.000,0.000
"22:30",0.000,0.000,221.700,0.179,0.000,0.000
"22:45",0.000,0.000,221.800,0.192,0.000,0.000
"23:00",0.000,0.000,221.800,0.179,0.000,0.000
"23:15",0.000,0.000,221.900,0.192,0.000,0.000
"23:30",0.000,0.000,221.900,0.179,0.000,0.000
"23:45",0.000,0.000,221.900,0.192,0.000,0.000
" 4/04/26 24:00",0.000,0.000,222.000,0.179,0.000,0.000
