"kwh"
"Time ","DAGSR01P","DAGSR01P","DAGSR01P","DAGSR01P","DAGSR01P","DAGSR01P"
" 2/26/26 00:15",0.000,37.734,63.600,0.000,15.360,0.000
" 2/26/26 00:30",0.000,38.298,63.600,0.000,15.258,0.000
"00:45",0.000,37.939,63.600,0.000,15.667,0.000
"01:00",0.000,38.400,63.600,0.000,16.026,0.000
"01:15",0.000,38.451,63.600,0.000,15.872,0.000
"01:30",0.000,37.939,63.600,0.000,15.360,0.000
"01:45",0.000,37.530,63.600,0.000,15.258,0.000
"02:00",0.000,37.478,63.600,0.000,15.258,0.000
"02:15",0.000,37.530,63.600,0.000,15.104,0.000
"02:30",0.000,38.093,63.600,0.000,15.360,0.000
"02:45",0.000,38.246,63.600,0.000,15.770,0.000
"03:00",0.000,38.042,63.600,0.000,15.616,0.000
"03:15",0.000,37.427,63.600,0.000,15.053,0.000
"03:30",0.000,37.274,63.600,0.000,15.053,0.000
"03:45",0.000,37.325,63.600,0.000,14.848,0.000
"04:00",0.000,38.042,63.600,0.000,15.155,0.000
"04:15",0.000,38.246,63.600,0.000,15.667,0.000
"04:30",0.000,38.195,63.600,0.000,15.770,0.000
"04:45",0.000,37.837,63.600,0.000,15.104,0.000
"05:00",0.000,37.427,63.600,0.000,14.797,0.000
"05:15",0.000,37.376,63.600,0.000,14.848,0.000
"05:30",0.000,37.222,63.600,0.000,14.694,0.000
"05:45",0.000,37.325,63.600,0.000,15.104,0.000
"06:00",0.000,37.683,63.600,0.000,15.462,0.000
"06:15",0.000,37.734,63.600,0.000,15.411,0.000
"06:30",0.000,37.069,63.600,0.000,14.797,0.000
"06:45",0.000,36.813,63.600,0.000,14.490,0.000
"07:00",0.000,37.274,63.600,0.000,14.438,0.000
"07:15",0.000,36.813,63.600,0.000,14.541,0.000
"07:30",0.000,37.069,63.600,0.000,14.746,0.000
"07:45",0.000,37.478,63.600,0.000,16.589,0.000
"08:00",0.000,36.403,63.600,0.000,17.408,0.000
"08:15",0.000,51.712,63.600,0.000,23.808,0.000
"08:30",0.000,80.794,63.600,0.000,39.731,0.000
"08:45",0.000,102.963,63.600,0.000,53.299,0.000
"09:00",0.000,147.917,63.600,0.000,79.821,0.000
"09:15",0.000,163.174,63.600,0.000,84.531,0.000
"09:30",0.000,183.654,63.600,0.000,99.328,0.000
"09:45",0.000,177.101,63.600,0.000,98.714,0.000
"10:00",0.000,149.709,63.600,0.000,85.094,0.000
"10:15",0.000,145.408,63.600,0.000,84.941,0.000
"10:30",0.000,144.691,63.600,0.000,88.474,0.000
"10:45",0.000,172.237,63.600,0.000,108.186,0.000
"11:00",0.000,189.747,63.600,0.000,115.968,0.000
"11:15",0.000,204.954,63.600,0.000,115.968,0.000
"11:30",0.000,215.040,63.600,0.000,116.070,0.000
"11:45",0.000,211.098,63.700,0.000,115.661,0.000
"12:00",0.000,197.837,63.600,0.000,115.558,0.000
"12:15",0.000,193.997,63.600,0.000,115.661,0.000
"12:30",0.000,191.795,63.600,0.000,115.610,0.000
"12:45",0.000,195.533,63.600,0.000,116.275,0.000
"13:00",0.000,197.120,63.600,0.000,116.429,0.000
"13:15",0.000,178.586,63.600,0.000,116.941,0.000
"13:30",0.000,171.008,63.700,0.000,111.770,0.000
"13:45",0.000,131.533,63.700,0.000,105.165,0.000
"14:00",0.000,122.726,63.600,0.000,105.318,0.000
"14:15",0.000,121.549,63.600,0.000,105.472,0.000
"14:30",0.000,114.534,63.600,0.000,106.854,0.000
"14:45",0.000,148.582,63.600,0.000,105.677,0.000
"15:00",0.000,140.083,63.600,0.000,105.677,0.000
"15:15",0.000,117.094,63.600,0.000,106.189,0.000
"15:30",0.000,114.790,63.600,0.000,108.544,0.000
"15:45",0.000,179.149,63.600,0.000,125.338,0.000
"16:00",0.000,186.982,63.600,0.000,125.747,0.000
"16:15",0.000,194.150,63.600,0.000,125.286,0.000
"16:30",0.000,170.650,63.600,0.000,126.157,0.000
"16:45",0.000,155.187,63.600,0.000,126.054,0.000
"17:00",0.000,193.741,63.600,0.000,124.826,0.000
"17:15",0.000,139.981,63.600,0.000,103.885,0.000
"17:30",0.000,133.734,63.600,0.000,94.771,0.000
"17:45",0.000,120.115,63.600,0.000,95.437,0.000
"18:00",0.000,149.965,63.600,0.000,94.362,0.000
"18:15",0.000,143.974,63.600,0.000,94.822,0.000
"18:30",0.000,157.696,63.600,0.000,94.618,0.000
"18:45",0.000,165.069,63.600,0.000,94.669,0.000
"19:00",0.000,162.406,63.600,0.000,94.771,0.000
"19:15",0.000,157.696,63.600,0.000,94.822,0.000
"19:30",0.000,163.430,63.600,0.000,94.720,0.000
"19:45",0.000,167.987,63.500,0.000,94.976,0.000
"20:00",0.000,170.957,63.600,0.000,94.925,0.000
"20:15",0.000,171.981,63.600,0.000,95.283,0.000
"20:30",0.000,173.312,63.500,0.000,96.154,0.000
"20:45",0.000,173.107,63.600,0.000,95.898,0.000
"21:00",0.000,173.210,63.600,0.000,95.846,0.000
"21:15",0.000,173.261,63.600,0.000,95.795,0.000
"21:30",0.000,173.978,63.600,0.000,96.000,0.000
"21:45",0.000,173.773,63.600,0.000,96.358,0.000
"22:00",0.000,173.568,63.600,0.000,96.563,0.000
"22:15",0.000,173.568,63.600,0.000,96.410,0.000
"22:30",0.000,172.902,63.600,0.000,95.693,0.000
"22:45",0.000,173.005,63.600,0.000,95.744,0.000
"23:00",0.000,172.954,63.600,0.000,95.693,0.000
"23:15",0.000,173.005,63.500,0.000,95.642,0.000
"23:30",0.000,173.670,63.600,0.000,96.154,0.000
"23:45",0.000,173.875,63.600,0.000,96.563,0.000
" 2/26/26 24:00",0.000,173.875,63.600,0.000,96.819,0.000
