"kwh"
"Time ","DAGSR01P","DAGSR01P","DAGSR01P","DAGSR01P","DAGSR01P","DAGSR01P"
" 3/27/26 00:15",0.000,37.632,63.600,0.000,10.394,0.000
" 3/27/26 00:30",0.000,37.325,63.600,0.000,9.882,0.000
"00:45",0.000,36.710,63.600,0.000,10.138,0.000
"01:00",0.000,37.274,63.600,0.000,10.342,0.000
"01:15",0.000,36.608,63.600,0.000,9.728,0.000
"01:30",0.000,36.608,63.600,0.000,9.626,0.000
"01:45",0.000,37.478,63.600,0.000,9.830,0.000
"02:00",0.000,36.966,63.600,0.000,9.984,0.000
"02:15",0.000,37.171,63.600,0.000,10.138,0.000
"02:30",0.000,37.274,63.600,0.000,10.394,0.000
"02:45",0.000,36.557,63.600,0.000,9.933,0.000
"03:00",0.000,36.659,63.600,0.000,9.318,0.000
"03:15",0.000,37.325,63.600,0.000,9.523,0.000
"03:30",0.000,36.659,63.600,0.000,9.318,0.000
"03:45",0.000,36.864,63.600,0.000,9.165,0.000
"04:00",0.000,37.939,63.600,0.000,9.933,0.000
"04:15",0.000,36.608,63.600,0.000,9.882,0.000
"04:30",0.000,36.557,63.600,0.000,9.779,0.000
"04:45",0.000,37.222,63.600,0.000,10.189,0.000
"05:00",0.000,36.710,63.600,0.000,9.830,0.000
"05:15",0.000,36.915,63.600,0.000,9.984,0.000
"05:30",0.000,36.762,63.600,0.000,9.830,0.000
"05:45",0.000,37.222,63.600,0.000,9.574,0.000
"06:00",0.000,37.888,63.600,0.000,9.779,0.000
"06:15",0.000,36.557,63.600,0.000,9.779,0.000
"06:30",0.000,36.557,63.600,0.000,9.779,0.000
"06:45",0.000,37.274,63.600,0.000,10.035,0.000
"07:00",0.000,36.762,63.600,0.000,9.472,0.000
"07:15",0.000,36.710,63.600,0.000,9.728,0.000
"07:30",0.000,37.581,63.600,0.000,10.138,0.000
"07:45",0.000,37.018,63.600,0.000,9.728,0.000
"08:00",0.000,36.864,63.600,0.000,9.574,0.000
"08:15",0.000,36.506,63.600,0.000,10.342,0.000
"08:30",0.000,34.662,63.600,0.000,9.984,0.000
"08:45",0.000,2.253,63.100,1.997,0.256,0.000
"09:00",0.256,8.294,63.700,1.792,3.123,0.000
"09:15",3.072,0.205,63.700,0.666,0.000,0.000
"09:30",1.690,0.614,63.700,1.434,0.000,0.000
"09:45",0.512,2.458,63.700,1.894,0.154,0.000
"10:00",1.280,9.830,63.700,0.768,4.147,0.000
"10:15",6.707,2.714,63.700,0.000,1.178,0.000
"10:30",5.376,6.195,63.700,0.000,6.758,0.051
"10:45",0.000,14.899,63.700,0.000,19.098,0.000
"11:00",0.000,15.206,63.700,0.000,20.122,0.000
"11:15",0.000,11.264,63.700,0.000,20.326,0.000
"11:30",0.051,7.168,63.700,0.000,18.893,1.280
"11:45",0.000,15.616,63.700,0.000,19.917,0.000
"12:00",0.000,11.059,63.700,0.000,20.173,0.205
"12:15",1.843,3.533,63.700,0.000,13.670,6.502
"12:30",0.000,8.755,63.700,0.000,19.046,0.102
"12:45",13.158,0.307,63.700,0.000,1.741,17.408
"13:00",5.069,1.997,63.700,0.000,7.782,10.035
"13:15",0.205,6.144,63.700,0.000,17.152,1.331
"13:30",27.699,0.154,63.700,0.000,1.946,18.483
"13:45",36.096,0.000,63.700,0.000,0.000,19.712
"14:00",58.112,0.000,63.700,0.000,0.000,20.992
"14:15",50.330,0.051,63.600,0.000,0.154,20.531
"14:30",43.110,0.000,63.600,0.000,0.051,19.558
"14:45",44.902,0.000,63.700,0.000,0.000,21.248
"15:00",1.178,5.939,63.600,0.000,14.694,5.120
"15:15",0.563,7.680,63.600,0.000,16.486,3.533
"15:30",0.000,16.179,63.600,0.000,18.688,0.000
"15:45",0.000,18.739,63.700,0.000,22.528,0.000
"16:00",3.430,29.440,63.600,0.000,32.307,7.936
"16:15",13.875,3.942,63.700,0.000,7.475,34.611
"16:30",0.000,42.650,63.700,0.000,39.936,0.000
"16:45",3.942,20.582,63.700,0.000,28.979,11.674
"17:00",0.000,51.866,63.700,0.000,40.090,0.000
"17:15",0.000,55.501,63.700,0.000,39.526,0.000
"17:30",0.000,62.106,63.700,0.000,39.834,0.000
"17:45",0.000,63.590,63.700,0.000,39.578,0.000
"18:00",0.000,64.819,63.700,0.000,39.424,0.000
"18:15",0.000,64.768,63.700,0.000,38.810,0.000
"18:30",0.000,65.843,63.700,0.000,39.014,0.000
"18:45",0.000,69.837,63.700,0.000,39.475,0.000
"19:00",0.000,71.270,63.600,0.000,39.014,0.000
"19:15",0.000,71.782,63.600,0.000,38.861,0.000
"19:30",0.000,72.550,63.600,0.000,39.270,0.000
"19:45",0.000,72.038,63.600,0.000,38.963,0.000
"20:00",0.000,71.629,63.600,0.000,38.963,0.000
"20:15",0.000,72.858,63.600,0.000,39.373,0.000
"20:30",0.000,71.782,63.600,0.000,38.810,0.000
"20:45",0.000,71.629,63.600,0.000,38.912,0.000
"21:00",0.000,72.346,63.600,0.000,39.219,0.000
"21:15",0.000,72.294,63.600,0.000,38.758,0.000
"21:30",0.000,72.806,63.600,0.000,38.810,0.000
"21:45",0.000,73.370,63.600,0.000,39.373,0.000
"22:00",0.000,72.602,63.600,0.000,38.861,0.000
"22:15",0.000,72.397,63.600,0.000,38.758,0.000
"22:30",0.000,72.960,63.600,0.000,39.475,0.000
"22:45",0.000,71.987,63.600,0.000,38.707,0.000
"23:00",0.000,71.987,63.600,0.000,38.758,0.000
"23:15",0.000,72.038,63.600,0.000,38.758,0.000
"23:30",0.000,72.397,63.600,0.000,39.168,0.000
"23:45",0.000,71.987,63.600,0.000,38.912,0.000
" 3/27/26 24:00",0.000,71.680,63.600,0.000,39.117,0.000
