"kwh"
"Time ","DAGSR01P","DAGSR01P","DAGSR01P","DAGSR01P","DAGSR01P","DAGSR01P"
" 8/22/26 00:15",0.000,4.608,63.600,7.066,0.000,0.000
" 8/22/26 00:30",0.000,4.301,63.600,7.526,0.000,0.000
"00:45",0.000,3.738,63.600,7.731,0.000,0.000
"01:00",0.000,4.403,63.700,7.629,0.000,0.000
"01:15",0.000,4.301,63.700,7.731,0.000,0.000
"01:30",0.000,3.635,63.600,7.680,0.000,0.000
"01:45",0.000,4.454,63.600,7.168,0.000,0.000
"02:00",0.000,4.250,63.600,7.526,0.000,0.000
"02:15",0.000,4.096,63.600,7.782,0.000,0.000
"02:30",0.000,4.198,63.700,7.475,0.000,0.000
"02:45",0.000,4.301,63.600,7.373,0.000,0.000
"03:00",0.000,3.584,63.700,7.834,0.000,0.000
"03:15",0.000,3.994,63.700,7.885,0.000,0.000
"03:30",0.000,4.403,63.700,7.629,0.000,0.000
"03:45",0.000,3.891,63.600,8.448,0.000,0.000
"04:00",0.000,3.942,63.700,8.704,0.000,0.000
"04:15",0.000,4.506,63.600,7.936,0.000,0.000
"04:30",0.000,3.584,63.600,8.755,0.000,0.000
"04:45",0.000,3.891,63.600,8.090,0.000,0.000
"05:00",0.000,4.813,63.600,7.731,0.000,0.000
"05:15",0.000,4.301,63.600,8.448,0.000,0.000
"05:30",0.000,4.762,63.600,8.499,0.000,0.000
"05:45",0.000,4.762,63.600,7.987,0.000,0.000
"06:00",0.000,3.891,63.600,8.550,0.000,0.000
"06:15",0.000,3.789,63.600,8.192,0.000,0.000
"06:30",0.000,3.789,63.600,7.680,0.000,0.000
"06:45",0.000,4.659,63.600,7.629,0.000,0.000
"07:00",0.000,4.454,63.600,8.038,0.000,0.000
"07:15",0.000,4.608,63.600,7.987,0.000,0.000
"07:30",0.000,5.120,63.600,7.629,0.000,0.000
"07:45",0.000,4.403,63.600,7.936,0.000,0.000
"08:00",0.000,4.966,63.600,7.936,0.000,0.000
"08:15",0.000,5.222,63.600,7.680,0.000,0.000
"08:30",0.000,3.430,63.600,7.526,0.000,0.000
"08:45",0.666,0.922,63.600,5.325,0.000,0.000
"09:00",1.536,0.205,63.600,2.560,0.000,0.000
"09:15",0.205,26.163,63.600,0.000,11.725,0.000
"09:30",0.000,24.730,63.600,0.000,12.493,0.000
"09:45",0.000,22.118,63.600,0.000,13.414,0.000
"10:00",0.000,20.429,63.600,0.000,12.595,0.000
"10:15",0.000,20.480,63.600,0.000,12.390,0.000
"10:30",0.000,22.886,63.600,0.000,12.698,0.000
"10:45",0.000,24.474,63.600,0.000,12.134,0.000
"11:00",5.427,12.237,63.600,0.000,6.298,0.000
"11:15",13.824,0.000,63.700,0.000,0.000,0.000
"11:30",16.998,0.000,63.700,0.000,0.000,0.000
"11:45",21.146,0.000,63.700,0.000,0.000,0.000
"12:00",19.866,0.000,63.700,0.000,0.000,0.000
"12:15",26.624,0.000,63.700,0.000,0.000,0.000
"12:30",30.413,0.000,63.700,0.000,0.000,0.000
"12:45",33.997,0.000,63.700,0.000,0.000,0.000
"13:00",33.843,0.000,63.700,0.000,0.000,0.000
"13:15",41.523,0.000,63.700,0.000,0.000,0.000
"13:30",50.381,0.000,63.700,0.000,0.000,0.000
"13:45",55.501,0.000,63.700,0.000,0.000,0.000
"14:00",69.478,0.000,63.700,0.000,0.000,0.000
"14:15",68.096,0.000,63.800,0.000,0.000,0.000
"14:30",77.056,0.000,63.800,0.000,0.000,0.000
"14:45",82.637,0.000,63.800,0.000,0.000,0.000
"15:00",69.222,0.000,63.800,0.000,0.000,0.000
"15:15",64.307,0.000,63.800,0.000,0.000,0.000
"15:30",65.638,0.000,63.800,0.000,0.000,0.000
"15:45",69.376,0.000,63.800,0.000,0.000,0.000
"16:00",75.264,0.000,63.800,0.000,0.000,0.000
"16:15",71.014,0.000,63.800,0.000,0.000,0.000
"16:30",61.747,0.000,63.800,0.000,0.000,0.000
"16:45",52.838,0.000,63.800,0.000,0.000,0.000
"17:00",51.712,0.000,63.800,0.000,0.000,0.000
"17:15",42.394,0.000,63.700,0.000,0.000,0.000
"17:30",40.448,0.000,63.800,0.000,0.000,0.000
"17:45",30.464,0.000,63.800,0.000,0.000,0.000
"18:00",24.525,0.000,63.700,0.000,0.000,0.000
"18:15",13.312,0.000,63.700,0.000,0.000,0.000
"18:30",6.656,0.000,63.700,0.000,0.000,0.000
"18:45",2.406,0.410,63.700,2.662,0.000,0.000
"19:00",0.205,2.816,63.700,6.298,0.000,0.000
"19:15",0.000,4.250,63.700,7.526,0.000,0.000
"19:30",0.000,3.533,63.700,7.834,0.000,0.000
"19:45",0.000,4.147,63.700,7.680,0.000,0.000
"20:00",0.000,4.045,63.700,8.448,0.000,0.000
"20:15",0.000,3.482,63.700,8.909,0.000,0.000
"20:30",0.000,3.942,63.700,8.243,0.000,0.000
"20:45",0.000,3.379,63.700,8.090,0.000,0.000
"21:00",0.000,3.226,63.600,8.090,0.000,0.000
"21:15",0.000,4.352,63.600,7.731,0.000,0.000
"21:30",0.000,3.840,63.600,7.987,0.000,0.000
"21:45",0.000,3.226,63.700,8.090,0.000,0.000
"22:00",0.000,4.147,63.600,8.090,0.000,0.000
"22:15",0.000,3.891,63.600,8.141,0.000,0.000
"22:30",0.000,3.226,63.600,8.192,0.000,0.000
"22:45",0.000,3.533,63.700,8.038,0.000,0.000
"23:00",0.000,4.147,63.700,7.936,0.000,0.000
"23:15",0.000,3.379,63.700,8.038,0.000,0.000
"23:30",0.000,3.277,63.600,7.680,0.000,0.000
"23:45",0.000,4.045,63.600,7.117,0.000,0.000
" 8/22/26 24:00",0.000,3.482,63.600,7.526,0.000,0.000
