"kwh"
"Time ","DAGSR01P","DAGSR01P","DAGSR01P","DAGSR01P","DAGSR01P","DAGSR01P"
" 5/06/26 00:15",0.000,4.966,63.700,4.403,0.000,0.000
" 5/06/26 00:30",0.000,4.710,63.700,4.915,0.000,0.000
"00:45",0.000,5.632,63.700,4.506,0.000,0.000
"01:00",0.000,5.530,63.700,4.710,0.000,0.000
"01:15",0.000,4.506,63.700,5.171,0.000,0.000
"01:30",0.000,4.966,63.700,5.120,0.000,0.000
"01:45",0.000,5.888,63.700,4.198,0.000,0.000
"02:00",0.000,4.864,63.700,5.069,0.000,0.000
"02:15",0.000,4.403,63.700,5.325,0.000,0.000
"02:30",0.000,5.427,63.700,4.659,0.000,0.000
"02:45",0.000,7.782,63.700,4.454,0.512,0.000
"03:00",0.000,4.710,63.700,5.222,0.000,0.000
"03:15",0.000,4.659,63.700,5.120,0.000,0.000
"03:30",0.000,5.734,63.700,4.403,0.000,0.000
"03:45",0.000,4.506,63.700,5.376,0.000,0.000
"04:00",0.000,4.506,63.700,5.376,0.000,0.000
"04:15",0.000,5.171,63.700,4.710,0.000,0.000
"04:30",0.000,5.069,63.700,4.762,0.000,0.000
"04:45",0.000,5.018,63.700,5.427,0.000,0.000
"05:00",0.000,4.813,63.700,5.069,0.000,0.000
"05:15",0.000,5.786,63.700,4.198,0.000,0.000
"05:30",0.000,4.506,63.700,5.171,0.000,0.000
"05:45",0.000,4.454,63.700,5.018,0.000,0.000
"06:00",0.000,5.222,63.700,4.198,0.000,0.000
"06:15",0.000,5.325,63.700,4.250,0.000,0.000
"06:30",0.000,4.864,63.700,4.915,0.000,0.000
"06:45",0.000,5.171,63.700,4.762,0.000,0.000
"07:00",0.000,5.786,63.700,3.789,0.000,0.000
"07:15",0.000,4.762,63.700,4.506,0.000,0.000
"07:30",0.000,4.557,63.700,4.864,0.000,0.000
"07:45",0.000,6.093,63.700,4.198,0.000,0.000
"08:00",0.000,6.195,63.600,4.250,0.000,0.000
"08:15",0.000,4.915,63.600,4.659,0.000,0.000
"08:30",0.000,3.994,63.600,3.789,0.000,0.000
"08:45",0.051,3.891,63.700,3.123,0.051,0.000
"09:00",0.563,2.099,63.700,2.816,0.000,0.000
"09:15",1.126,1.024,63.700,2.611,0.000,0.000
"09:30",3.123,0.051,63.700,0.614,0.000,0.000
"09:45",7.782,0.000,63.700,0.000,0.000,0.051
"10:00",11.213,0.000,63.700,0.000,0.000,0.000
"10:15",9.830,9.523,63.700,0.000,6.912,0.000
"10:30",6.912,9.574,63.700,0.000,11.315,5.632
"10:45",9.267,8.090,63.700,0.000,10.086,5.427
"11:00",11.315,5.018,63.700,0.000,8.243,7.731
"11:15",2.611,6.298,63.700,0.000,14.080,2.458
"11:30",12.595,2.406,63.700,0.000,7.936,8.448
"11:45",3.789,4.147,63.700,0.000,10.854,4.966
"12:00",0.000,12.646,63.700,0.000,16.128,0.000
"12:15",0.000,17.715,63.700,0.000,16.384,0.000
"12:30",0.000,10.650,63.700,0.000,15.565,0.000
"12:45",2.253,3.174,63.700,0.000,10.138,5.734
"13:00",10.957,1.229,63.700,0.000,5.171,12.134
"13:15",18.278,1.434,63.700,0.000,6.042,10.598
"13:30",20.736,1.997,63.700,0.000,5.018,10.957
"13:45",7.578,2.867,63.700,0.000,9.216,6.912
"14:00",30.669,0.614,63.700,0.000,2.970,14.541
"14:15",55.091,1.434,63.700,0.000,1.331,16.282
"14:30",47.770,0.819,63.700,0.000,1.331,15.872
"14:45",56.576,0.000,63.700,0.000,0.051,18.483
"15:00",25.702,5.376,63.700,0.000,7.373,9.472
"15:15",50.022,1.536,63.700,0.000,2.150,15.309
"15:30",47.872,0.102,63.700,0.000,0.256,17.101
"15:45",47.565,0.154,63.700,0.000,0.307,18.074
"16:00",40.755,0.000,63.700,0.000,0.000,16.845
"16:15",34.970,0.000,63.700,0.000,0.000,16.538
"16:30",26.317,0.000,63.700,0.000,0.000,18.176
"16:45",20.634,0.000,63.700,0.000,0.000,17.920
"17:00",39.424,0.000,63.700,0.000,0.000,4.403
"17:15",39.680,0.000,63.700,0.000,0.000,0.307
"17:30",31.181,0.000,63.700,0.000,0.000,0.512
"17:45",23.552,0.000,63.700,0.000,0.000,0.205
"18:00",13.363,0.051,63.700,0.102,0.000,0.205
"18:15",1.024,1.587,63.700,1.382,0.000,0.051
"18:30",0.000,4.506,63.700,2.099,0.154,0.000
"18:45",0.000,5.427,63.700,3.021,0.000,0.000
"19:00",0.000,5.786,63.600,3.226,0.000,0.000
"19:15",0.000,6.554,63.600,1.946,0.154,0.000
"19:30",0.000,5.632,63.600,2.867,0.051,0.000
"19:45",0.000,5.325,63.700,3.021,0.000,0.000
"20:00",0.000,6.246,63.600,2.611,0.051,0.000
"20:15",0.000,6.349,63.700,2.509,0.102,0.000
"20:30",0.000,5.478,63.700,3.482,0.000,0.000
"20:45",0.000,5.325,63.700,3.533,0.000,0.000
"21:00",0.000,6.400,63.700,2.560,0.051,0.000
"21:15",0.000,5.990,63.700,3.584,0.000,0.000
"21:30",0.000,6.042,63.700,4.557,0.000,0.000
"21:45",0.000,6.605,63.700,3.328,0.102,0.000
"22:00",0.000,7.117,63.700,2.662,0.205,0.000
"22:15",0.000,6.093,63.700,3.533,0.000,0.000
"22:30",0.000,5.837,63.700,3.789,0.000,0.000
"22:45",0.000,6.093,63.700,2.918,0.000,0.000
"23:00",0.000,6.042,63.700,3.277,0.000,0.000
"23:15",0.000,5.274,63.700,3.994,0.000,0.000
"23:30",0.000,5.478,63.700,3.994,0.000,0.000
"23:45",0.000,6.554,63.700,2.765,0.000,0.000
" 5/06/26 24:00",0.000,5.990,63.700,3.379,0.000,0.000
