"kwh"
"Time ","DAGSR01P","DAGSR01P","DAGSR01P","DAGSR01P","DAGSR01P","DAGSR01P"
" 5/02/26 00:15",0.000,6.195,63.700,3.174,0.000,0.000
" 5/02/26 00:30",0.000,5.632,63.700,3.533,0.000,0.000
"00:45",0.000,5.120,63.700,4.045,0.000,0.000
"01:00",0.000,6.093,63.700,3.482,0.000,0.000
"01:15",0.000,5.478,63.600,4.045,0.000,0.000
"01:30",0.000,5.018,63.600,4.403,0.000,0.000
"01:45",0.000,6.298,63.600,3.379,0.000,0.000
"02:00",0.000,5.734,63.700,3.789,0.000,0.000
"02:15",0.000,5.069,63.700,4.608,0.000,0.000
"02:30",0.000,6.093,63.700,3.635,0.000,0.000
"02:45",0.000,5.427,63.700,4.250,0.000,0.000
"03:00",0.000,5.069,63.600,4.710,0.000,0.000
"03:15",0.000,6.451,63.600,3.686,0.000,0.000
"03:30",0.000,5.427,63.600,4.352,0.000,0.000
"03:45",0.000,5.427,63.700,4.762,0.000,0.000
"04:00",0.000,6.042,63.700,4.250,0.000,0.000
"04:15",0.000,5.632,63.600,4.250,0.000,0.000
"04:30",0.000,5.069,63.600,4.710,0.000,0.000
"04:45",0.000,5.837,63.600,4.045,0.000,0.000
"05:00",0.000,6.298,63.600,3.994,0.000,0.000
"05:15",0.000,4.966,63.600,4.915,0.000,0.000
"05:30",0.000,5.325,63.600,4.454,0.000,0.000
"05:45",0.000,6.400,63.600,3.379,0.000,0.000
"06:00",0.000,5.171,63.600,4.659,0.000,0.000
"06:15",0.000,5.274,63.600,4.864,0.000,0.000
"06:30",0.000,6.195,63.600,3.789,0.000,0.000
"06:45",0.000,5.888,63.600,4.608,0.000,0.000
"07:00",0.000,4.915,63.600,5.069,0.000,0.000
"07:15",0.000,5.530,63.600,4.352,0.000,0.000
"07:30",0.000,5.376,63.600,4.915,0.000,0.000
"07:45",0.000,4.608,63.600,5.786,0.000,0.000
"08:00",0.000,4.710,63.600,5.120,0.000,0.000
"08:15",0.000,5.018,63.600,4.301,0.000,0.000
"08:30",0.000,3.686,63.600,4.813,0.000,0.000
"08:45",0.051,3.174,63.600,3.840,0.000,0.000
"09:00",0.051,3.174,63.700,3.635,0.000,0.000
"09:15",1.690,0.410,63.600,2.304,0.000,0.000
"09:30",1.894,5.888,63.600,1.536,3.072,0.000
"09:45",0.000,30.259,63.700,0.000,16.384,0.000
"10:00",0.000,27.546,63.700,0.000,16.128,0.000
"10:15",0.000,24.986,63.700,0.000,16.026,0.000
"10:30",0.000,24.576,63.700,0.000,16.640,0.000
"10:45",0.000,20.838,63.700,0.000,16.128,0.000
"11:00",0.000,14.029,63.600,0.000,15.718,0.000
"11:15",0.000,9.472,63.700,0.000,15.821,0.000
"11:30",0.000,10.701,63.700,0.000,16.589,0.000
"11:45",0.000,27.750,63.700,0.000,25.088,0.000
"12:00",0.000,9.882,63.700,0.000,16.026,0.000
"12:15",0.256,7.219,63.700,0.000,14.131,1.792
"12:30",5.222,0.051,63.700,0.000,0.307,15.770
"12:45",18.944,0.000,63.700,0.000,0.000,16.845
"13:00",29.901,0.000,63.600,0.000,0.000,16.998
"13:15",40.243,0.000,63.600,0.000,0.000,16.947
"13:30",34.202,0.000,63.700,0.000,0.000,17.152
"13:45",37.018,0.000,63.700,0.000,0.000,17.306
"14:00",34.048,0.000,63.700,0.000,0.000,16.589
"14:15",37.990,0.000,63.700,0.000,0.000,17.254
"14:30",23.706,0.000,63.600,0.000,0.000,16.538
"14:45",30.515,0.000,63.600,0.000,0.000,15.974
"15:00",31.334,0.000,63.600,0.000,0.000,16.486
"15:15",17.050,0.000,63.600,0.000,0.102,16.845
"15:30",22.528,0.102,63.600,0.000,0.870,15.360
"15:45",13.363,0.000,63.700,0.000,0.000,16.128
"16:00",26.624,0.000,63.700,0.000,0.000,17.357
"16:15",17.715,0.000,63.700,0.000,0.000,15.923
"16:30",5.990,0.410,63.700,0.000,2.560,13.107
"16:45",4.096,2.253,63.600,0.000,6.861,9.472
"17:00",8.755,0.358,63.600,0.000,1.741,13.875
"17:15",8.858,0.000,63.600,0.000,0.051,15.514
"17:30",1.126,1.946,63.600,0.000,9.472,6.810
"17:45",0.000,8.704,63.600,0.000,15.565,0.000
"18:00",0.000,17.254,63.600,0.000,15.053,0.000
"18:15",0.000,33.587,63.600,0.000,15.923,0.000
"18:30",0.000,37.683,63.600,0.000,15.155,0.000
"18:45",0.000,38.042,63.600,0.000,14.438,0.000
"19:00",0.000,38.963,63.600,0.000,14.490,0.000
"19:15",0.000,38.912,63.600,0.000,15.002,0.000
"19:30",0.000,37.888,63.600,0.000,14.592,0.000
"19:45",0.000,38.093,63.600,0.000,15.053,0.000
"20:00",0.000,38.810,63.600,0.000,15.616,0.000
"20:15",0.000,37.888,63.600,0.000,14.746,0.000
"20:30",0.000,37.786,63.600,0.000,15.002,0.000
"20:45",0.000,39.117,63.600,0.000,15.923,0.000
"21:00",0.000,38.195,63.600,0.000,15.053,0.000
"21:15",0.000,37.837,63.600,0.000,14.797,0.000
"21:30",0.000,38.502,63.600,0.000,15.514,0.000
"21:45",0.000,38.605,63.600,0.000,15.974,0.000
"22:00",0.000,37.837,63.600,0.000,15.002,0.000
"22:15",0.000,37.939,63.600,0.000,15.155,0.000
"22:30",0.000,39.014,63.600,0.000,16.026,0.000
"22:45",0.000,38.195,63.600,0.000,14.643,0.000
"23:00",0.000,38.093,63.600,0.000,14.490,0.000
"23:15",0.000,38.912,63.600,0.000,15.360,0.000
"23:30",0.000,38.400,63.600,0.000,15.514,0.000
"23:45",0.000,37.939,63.600,0.000,14.848,0.000
" 5/02/26 24:00",0.000,38.144,63.600,0.000,15.821,0.000
