"kwh"
"Time ","DAGSR01P","DAGSR01P","DAGSR01P","DAGSR01P","DAGSR01P","DAGSR01P"
" 1/07/26 00:15",0.000,55.450,63.400,0.000,24.269,0.000
" 1/07/26 00:30",0.000,43.315,63.900,0.000,16.128,0.000
"00:45",0.000,35.789,63.500,0.051,12.902,0.000
"01:00",0.000,42.240,63.600,0.000,14.029,0.000
"01:15",0.000,37.478,63.500,0.000,12.646,0.000
"01:30",0.000,41.574,63.500,0.051,15.053,0.000
"01:45",0.000,42.342,63.500,0.000,14.182,0.000
"02:00",0.000,42.189,63.500,0.000,14.131,0.000
"02:15",0.000,42.086,63.500,0.000,13.926,0.000
"02:30",0.000,42.086,63.400,0.000,13.824,0.000
"02:45",0.000,42.138,63.400,0.000,14.080,0.000
"03:00",0.000,42.138,63.500,0.000,14.080,0.000
"03:15",0.000,42.189,63.500,0.000,14.182,0.000
"03:30",0.000,42.138,63.500,0.000,14.387,0.000
"03:45",0.000,42.291,63.600,0.000,14.694,0.000
"04:00",0.000,41.421,63.700,0.000,14.746,0.000
"04:15",0.000,39.168,63.700,0.000,13.363,0.000
"04:30",0.000,39.219,63.500,0.000,12.442,0.000
"04:45",0.000,39.168,63.600,0.000,12.698,0.000
"05:00",0.000,39.322,63.600,0.000,12.749,0.000
"05:15",0.000,39.578,63.600,0.000,12.595,0.000
"05:30",0.000,39.578,63.500,0.000,12.646,0.000
"05:45",0.000,39.219,63.600,0.000,12.493,0.000
"06:00",0.000,39.578,63.600,0.000,12.288,0.000
"06:15",0.000,39.168,63.500,0.000,12.032,0.000
"06:30",0.000,39.117,63.500,0.000,12.288,0.000
"06:45",0.000,38.912,63.600,0.000,13.158,0.000
"07:00",0.000,38.554,63.600,0.000,13.107,0.000
"07:15",0.000,38.502,63.600,0.000,12.954,0.000
"07:30",0.000,37.171,63.600,0.000,13.005,0.000
"07:45",0.000,34.560,63.600,0.000,12.749,0.000
"08:00",0.000,29.850,63.600,0.000,12.390,0.000
"08:15",0.000,24.678,63.600,0.000,12.390,0.000
"08:30",0.000,19.149,63.600,0.000,12.493,0.000
"08:45",0.000,21.197,63.600,0.000,17.562,0.000
"09:00",0.000,40.858,63.600,0.000,34.150,0.000
"09:15",0.000,59.341,63.600,0.000,44.544,0.000
"09:30",0.000,51.814,63.600,0.000,48.538,0.000
"09:45",0.000,42.803,63.600,0.000,48.998,0.000
"10:00",0.000,37.734,63.600,0.000,49.459,0.000
"10:15",0.000,51.456,63.600,0.000,63.027,0.000
"10:30",0.000,59.494,63.600,0.000,71.731,0.000
"10:45",0.000,73.984,63.500,0.000,85.709,0.000
"11:00",0.000,52.275,63.500,0.000,79.923,0.000
"11:15",0.000,48.128,63.600,0.000,80.128,0.000
"11:30",0.000,44.851,63.600,0.000,80.128,0.000
"11:45",0.000,42.854,63.600,0.000,80.282,0.000
"12:00",0.000,41.165,63.600,0.000,80.230,0.000
"12:15",0.000,38.912,63.600,0.000,80.435,0.000
"12:30",0.000,38.349,63.600,0.000,80.691,0.000
"12:45",0.000,38.195,63.600,0.000,80.794,0.000
"13:00",0.000,38.400,63.600,0.000,80.794,0.000
"13:15",0.000,40.755,63.600,0.000,81.818,0.000
"13:30",0.000,41.267,63.600,0.000,82.432,0.000
"13:45",0.000,41.114,63.500,0.000,82.483,0.000
"14:00",0.000,40.909,63.600,0.000,82.534,0.000
"14:15",0.000,41.062,63.600,0.000,82.688,0.000
"14:30",0.000,41.318,63.600,0.000,82.637,0.000
"14:45",0.000,41.933,63.500,0.000,82.432,0.000
"15:00",0.000,43.827,63.500,0.000,82.381,0.000
"15:15",0.000,46.182,63.500,0.000,82.381,0.000
"15:30",0.000,46.746,63.600,0.000,83.149,0.000
"15:45",0.000,50.381,63.500,0.000,82.074,0.000
"16:00",0.000,54.477,63.500,0.000,81.920,0.000
"16:15",0.000,57.651,63.500,0.000,81.664,0.000
"16:30",0.000,61.850,63.500,0.000,81.766,0.000
"16:45",0.000,66.765,63.500,0.000,81.357,0.000
"17:00",0.000,71.987,63.900,0.000,86.016,0.000
"17:15",0.000,77.875,64.100,0.000,88.474,0.000
"17:30",0.000,48.589,64.100,0.000,64.563,0.000
"17:45",0.000,52.838,63.600,0.000,58.266,0.000
"18:00",0.000,59.341,63.600,0.000,57.856,0.000
"18:15",0.000,65.741,63.600,0.000,57.600,0.000
"18:30",0.000,72.397,63.600,0.000,57.805,0.000
"18:45",0.000,79.667,63.500,0.000,57.754,0.000
"19:00",0.000,86.630,63.600,0.000,57.446,0.000
"19:15",0.000,92.928,63.600,0.000,57.907,0.000
"19:30",0.000,98.662,63.600,0.000,57.856,0.000
"19:45",0.000,102.451,63.600,0.000,58.368,0.000
"20:00",0.000,103.885,63.600,0.000,58.880,0.000
"20:15",0.000,105.165,63.600,0.000,58.368,0.000
"20:30",0.000,106.035,63.700,0.000,58.266,0.000
"20:45",0.000,107.059,63.700,0.000,58.112,0.000
"21:00",0.000,107.264,63.600,0.000,57.805,0.000
"21:15",0.000,106.752,63.600,0.000,57.856,0.000
"21:30",0.000,106.650,63.600,0.000,58.214,0.000
"21:45",0.000,106.957,63.600,0.000,58.010,0.000
"22:00",0.000,107.366,63.700,0.000,58.010,0.000
"22:15",0.000,107.110,63.700,0.000,58.010,0.000
"22:30",0.000,106.957,63.600,0.000,57.907,0.000
"22:45",0.000,107.059,63.600,0.000,57.856,0.000
"23:00",0.000,106.957,63.700,0.000,57.958,0.000
"23:15",0.000,107.110,63.600,0.000,57.754,0.000
"23:30",0.000,107.725,63.700,0.000,58.112,0.000
"23:45",0.000,107.059,63.700,0.000,58.061,0.000
" 1/07/26 24:00",0.000,107.213,63.700,0.000,57.651,0.000
