"kwh"
"Time ","DAGSR01P","DAGSR01P","DAGSR01P","DAGSR01P","DAGSR01P","DAGSR01P"
" 8/11/26 00:15",0.000,4.966,64.200,5.376,0.000,0.000
" 8/11/26 00:30",0.000,5.222,64.200,5.325,0.000,0.000
"00:45",0.000,4.608,64.200,5.530,0.000,0.000
"01:00",0.000,4.454,64.200,5.632,0.000,0.000
"01:15",0.000,5.018,64.200,5.018,0.000,0.000
"01:30",0.000,4.096,64.200,5.632,0.000,0.000
"01:45",0.000,4.506,64.200,5.222,0.000,0.000
"02:00",0.000,4.454,64.200,5.581,0.000,0.000
"02:15",0.000,4.147,64.200,5.939,0.000,0.000
"02:30",0.000,4.659,64.200,5.325,0.000,0.000
"02:45",0.000,3.533,64.200,5.939,0.000,0.000
"03:00",0.000,3.635,64.200,5.888,0.000,0.000
"03:15",0.000,4.301,64.200,5.376,0.000,0.000
"03:30",0.000,3.482,64.200,5.837,0.000,0.000
"03:45",0.000,4.403,64.200,5.376,0.000,0.000
"04:00",0.000,3.635,64.200,5.734,0.000,0.000
"04:15",0.000,3.533,64.200,5.683,0.000,0.000
"04:30",0.000,4.147,64.200,5.274,0.000,0.000
"04:45",0.000,3.942,64.200,5.632,0.000,0.000
"05:00",0.000,3.942,64.200,5.478,0.000,0.000
"05:15",0.000,4.198,64.200,5.632,0.000,0.000
"05:30",0.000,3.533,64.200,5.734,0.000,0.000
"05:45",0.000,4.096,64.300,5.478,0.000,0.000
"06:00",0.000,3.277,64.200,5.888,0.000,0.000
"06:15",0.000,3.891,64.100,6.758,0.000,0.000
"06:30",0.000,4.659,63.700,8.090,0.000,0.000
"06:45",0.000,4.454,63.700,8.602,0.000,0.000
"07:00",0.000,4.147,63.700,8.499,0.000,0.000
"07:15",0.000,5.018,63.700,8.294,0.000,0.000
"07:30",0.000,6.093,63.700,8.653,0.000,0.000
"07:45",0.000,6.400,63.700,8.141,0.000,0.000
"08:00",0.000,5.171,63.700,8.755,0.000,0.000
"08:15",0.000,5.683,63.700,8.602,0.000,0.000
"08:30",0.000,5.427,63.700,7.782,0.000,0.000
"08:45",5.120,0.461,63.700,1.741,0.000,0.000
"09:00",6.758,0.000,63.700,0.000,0.000,0.000
"09:15",5.581,0.000,63.700,0.000,0.000,0.000
"09:30",11.622,0.000,63.700,0.000,0.000,0.000
"09:45",14.387,0.000,63.700,0.000,0.000,0.000
"10:00",27.443,0.000,63.700,0.000,0.000,0.000
"10:15",47.002,0.000,63.800,0.000,0.000,0.000
"10:30",60.416,0.000,63.800,0.000,0.000,0.000
"10:45",68.096,0.000,63.800,0.000,0.000,0.000
"11:00",58.675,0.000,63.800,0.000,0.000,0.000
"11:15",61.286,0.000,63.800,0.000,0.000,0.000
"11:30",79.411,0.000,63.800,0.000,0.000,0.000
"11:45",75.059,0.000,63.800,0.000,0.000,0.000
"12:00",79.206,0.000,63.800,0.000,0.000,0.000
"12:15",86.323,0.000,63.800,0.000,0.000,0.000
"12:30",72.346,0.000,63.800,0.000,0.000,0.000
"12:45",93.286,0.000,63.800,0.000,0.000,0.000
"13:00",98.970,0.000,63.800,0.000,0.000,0.000
"13:15",99.072,0.000,63.800,0.000,0.000,0.000
"13:30",97.690,0.000,63.800,0.000,0.000,0.000
"13:45",93.133,0.000,63.800,0.000,0.000,0.000
"14:00",90.317,0.000,63.800,0.000,0.000,0.000
"14:15",79.462,0.000,63.800,0.000,0.000,0.000
"14:30",87.142,0.000,63.800,0.000,0.000,0.000
"14:45",78.182,0.000,63.700,0.000,0.000,0.000
"15:00",80.998,0.000,63.800,0.000,0.000,0.000
"15:15",78.541,0.000,63.800,0.000,0.000,0.000
"15:30",76.698,0.000,63.700,0.000,0.000,0.000
"15:45",84.173,0.000,63.700,0.000,0.000,0.000
"16:00",67.021,0.000,63.800,0.000,0.000,0.000
"16:15",65.690,0.000,63.700,0.000,0.000,0.000
"16:30",70.707,0.000,63.700,0.000,0.000,0.000
"16:45",31.642,0.000,63.700,0.000,0.000,0.000
"17:00",38.298,0.000,63.700,0.000,0.000,0.000
"17:15",14.336,0.000,63.700,0.000,0.000,0.000
"17:30",13.005,0.000,63.800,0.000,0.000,0.000
"17:45",10.445,0.000,63.700,0.000,0.000,0.000
"18:00",3.277,0.051,63.700,0.666,0.000,0.000
"18:15",1.024,0.870,63.800,4.403,0.000,0.000
"18:30",0.154,3.277,63.700,5.990,0.000,0.000
"18:45",0.000,4.557,63.700,8.090,0.000,0.000
"19:00",0.000,4.352,63.700,8.346,0.000,0.000
"19:15",0.000,5.018,63.700,7.834,0.000,0.000
"19:30",0.000,4.250,63.600,8.397,0.000,0.000
"19:45",0.000,4.301,63.600,8.346,0.000,0.000
"20:00",0.000,4.813,63.700,7.834,0.000,0.000
"20:15",0.000,3.789,63.700,8.294,0.000,0.000
"20:30",0.000,4.659,63.600,7.834,0.000,0.000
"20:45",0.000,4.506,63.700,8.090,0.000,0.000
"21:00",0.000,3.840,63.600,8.192,0.000,0.000
"21:15",0.000,4.710,63.600,7.629,0.000,0.000
"21:30",0.000,3.942,63.700,8.090,0.000,0.000
"21:45",0.000,4.454,63.700,7.782,0.000,0.000
"22:00",0.000,4.045,63.700,8.499,0.000,0.000
"22:15",0.000,4.710,63.600,8.499,0.000,0.000
"22:30",0.000,5.274,63.700,7.834,0.000,0.000
"22:45",0.000,5.325,63.700,8.397,0.000,0.000
"23:00",0.000,6.195,63.700,7.936,0.000,0.000
"23:15",0.000,5.120,63.700,8.602,0.000,0.000
"23:30",0.000,4.915,63.700,8.397,0.000,0.000
"23:45",0.000,5.171,63.700,7.936,0.000,0.000
" 8/11/26 24:00",0.000,4.403,63.700,7.936,0.000,0.000
