"kwh"
"Time ","DAGSR01P","DAGSR01P","DAGSR01P","DAGSR01P","DAGSR01P","DAGSR01P"
" 5/11/26 00:15",0.000,7.782,63.800,3.840,0.000,0.000
" 5/11/26 00:30",0.000,7.373,63.800,3.942,0.000,0.000
"00:45",0.000,7.168,63.800,4.096,0.000,0.000
"01:00",0.000,6.554,63.800,3.942,0.000,0.000
"01:15",0.000,6.349,63.800,3.994,0.000,0.000
"01:30",0.000,6.349,63.800,4.301,0.000,0.000
"01:45",0.000,6.349,63.800,4.198,0.000,0.000
"02:00",0.000,6.912,63.800,4.250,0.000,0.000
"02:15",0.000,7.219,63.800,4.301,0.000,0.000
"02:30",0.000,6.400,63.800,4.198,0.000,0.000
"02:45",0.000,6.349,63.800,4.352,0.000,0.000
"03:00",0.000,6.349,63.800,4.250,0.000,0.000
"03:15",0.000,6.758,63.700,4.352,0.000,0.000
"03:30",0.000,6.554,63.700,4.506,0.000,0.000
"03:45",0.000,6.810,63.700,4.506,0.000,0.000
"04:00",0.000,6.758,63.800,4.352,0.000,0.000
"04:15",0.000,6.605,63.800,4.352,0.000,0.000
"04:30",0.000,6.451,63.800,4.198,0.000,0.000
"04:45",0.000,6.605,63.700,4.352,0.000,0.000
"05:00",0.000,6.707,63.800,4.250,0.000,0.000
"05:15",0.000,6.861,63.800,4.250,0.000,0.000
"05:30",0.000,6.400,63.800,4.403,0.000,0.000
"05:45",0.000,6.400,63.800,4.403,0.000,0.000
"06:00",0.000,6.400,63.800,4.352,0.000,0.000
"06:15",0.000,6.042,63.800,5.069,0.000,0.000
"06:30",0.000,5.939,63.800,5.222,0.000,0.000
"06:45",0.000,6.451,63.800,4.966,0.000,0.000
"07:00",0.000,6.093,63.700,4.813,0.000,0.000
"07:15",0.000,6.400,63.700,4.762,0.000,0.000
"07:30",0.000,6.707,63.800,4.813,0.000,0.000
"07:45",0.000,7.014,63.800,5.069,0.000,0.000
"08:00",0.000,6.400,63.800,5.069,0.000,0.000
"08:15",0.000,6.042,63.700,4.864,0.000,0.000
"08:30",0.256,3.533,63.700,4.198,0.000,0.000
"08:45",3.942,0.205,63.700,1.126,0.000,0.000
"09:00",17.459,0.000,63.700,0.000,0.000,0.000
"09:15",2.509,4.250,63.700,0.000,8.192,0.819
"09:30",4.045,0.410,63.800,0.000,1.946,8.448
"09:45",11.981,0.000,63.800,0.000,0.000,10.394
"10:00",19.661,0.000,63.800,0.000,0.000,10.598
"10:15",26.624,0.000,63.800,0.000,0.000,10.854
"10:30",33.075,0.000,63.800,0.000,0.000,11.213
"10:45",39.168,0.000,63.800,0.000,0.000,11.418
"11:00",44.339,0.000,63.800,0.000,0.000,11.878
"11:15",45.312,0.922,63.700,0.461,0.922,7.117
"11:30",35.277,0.000,63.800,0.000,0.000,0.000
"11:45",89.139,0.000,63.800,0.000,0.000,0.512
"12:00",93.338,0.000,63.700,0.000,0.000,0.563
"12:15",96.512,0.000,63.700,0.000,0.000,0.461
"12:30",98.765,0.000,63.700,0.000,0.000,0.563
"12:45",100.710,0.000,63.700,0.000,0.000,0.614
"13:00",102.605,0.000,63.700,0.000,0.000,0.666
"13:15",103.168,0.000,63.800,0.000,0.000,0.614
"13:30",102.758,0.000,63.800,0.000,0.000,0.768
"13:45",102.707,0.000,63.800,0.000,0.000,0.666
"14:00",101.939,0.000,63.800,0.000,0.000,0.666
"14:15",100.147,0.000,63.700,0.000,0.000,0.768
"14:30",98.304,0.000,63.900,0.000,0.000,0.973
"14:45",96.051,0.000,64.000,0.000,0.000,0.922
"15:00",93.491,0.000,63.900,0.000,0.000,0.922
"15:15",90.368,0.000,63.900,0.000,0.000,0.870
"15:30",86.016,0.000,63.900,0.000,0.000,0.870
"15:45",82.330,0.000,63.900,0.000,0.000,0.819
"16:00",77.158,0.000,63.900,0.000,0.000,0.614
"16:15",71.885,0.000,63.900,0.000,0.000,0.563
"16:30",65.638,0.000,63.900,0.000,0.000,0.461
"16:45",58.368,0.000,63.900,0.000,0.000,0.410
"17:00",51.456,0.000,63.700,0.000,0.000,0.307
"17:15",42.650,0.000,63.700,0.000,0.000,0.614
"17:30",34.611,0.000,63.700,0.000,0.000,0.512
"17:45",27.341,0.000,63.700,0.000,0.000,0.205
"18:00",17.715,0.000,63.700,0.000,0.000,0.000
"18:15",2.560,3.379,63.700,1.638,0.461,0.000
"18:30",0.051,3.686,63.700,3.840,0.000,0.000
"18:45",0.000,5.478,63.700,4.557,0.000,0.000
"19:00",0.000,6.758,63.700,4.198,0.000,0.000
"19:15",0.000,6.400,63.800,4.352,0.000,0.000
"19:30",0.000,6.451,63.700,4.403,0.000,0.000
"19:45",0.000,6.605,63.700,4.147,0.000,0.000
"20:00",0.000,6.554,63.700,4.198,0.000,0.000
"20:15",0.000,6.554,63.700,4.198,0.000,0.000
"20:30",0.000,6.912,63.700,4.250,0.000,0.000
"20:45",0.000,6.656,63.700,4.301,0.000,0.000
"21:00",0.000,6.554,63.700,4.301,0.000,0.000
"21:15",0.000,6.656,63.700,4.352,0.000,0.000
"21:30",0.000,6.400,63.700,4.301,0.000,0.000
"21:45",0.000,6.605,63.700,4.454,0.000,0.000
"22:00",0.000,6.758,63.700,4.403,0.000,0.000
"22:15",0.000,7.168,63.700,4.608,0.000,0.000
"22:30",0.000,7.578,63.700,4.864,0.000,0.000
"22:45",0.000,7.578,63.700,4.813,0.000,0.000
"23:00",0.000,7.731,63.700,4.915,0.000,0.000
"23:15",0.000,7.168,63.700,5.018,0.000,0.000
"23:30",0.000,6.861,63.700,4.915,0.000,0.000
"23:45",0.000,6.707,63.700,4.966,0.000,0.000
" 5/11/26 24:00",0.000,7.424,63.700,4.864,0.000,0.000
