"kwh"
"Time ","DAGSR01P","DAGSR01P","DAGSR01P","DAGSR01P","DAGSR01P","DAGSR01P"
" 2/23/26 00:15",0.000,4.915,63.700,7.014,0.000,0.000
" 2/23/26 00:30",0.000,4.352,63.600,7.680,0.000,0.000
"00:45",0.000,4.608,63.700,7.475,0.000,0.000
"01:00",0.000,4.096,63.700,7.680,0.000,0.000
"01:15",0.000,4.403,63.700,7.834,0.000,0.000
"01:30",0.000,4.915,63.700,7.322,0.000,0.000
"01:45",0.000,5.325,63.700,7.219,0.000,0.000
"02:00",0.000,5.018,63.700,7.168,0.000,0.000
"02:15",0.000,4.198,63.700,7.987,0.000,0.000
"02:30",0.000,4.147,63.700,8.038,0.000,0.000
"02:45",0.000,4.250,63.700,7.936,0.000,0.000
"03:00",0.000,4.147,63.700,7.834,0.000,0.000
"03:15",0.000,4.301,63.700,8.090,0.000,0.000
"03:30",0.000,5.018,63.700,7.270,0.000,0.000
"03:45",0.000,4.915,63.700,7.373,0.000,0.000
"04:00",0.000,4.608,63.700,7.578,0.000,0.000
"04:15",0.000,3.891,63.700,8.294,0.000,0.000
"04:30",0.000,4.045,63.700,8.294,0.000,0.000
"04:45",0.000,3.994,63.700,8.397,0.000,0.000
"05:00",0.000,3.994,63.700,8.397,0.000,0.000
"05:15",0.000,4.608,63.700,8.038,0.000,0.000
"05:30",0.000,5.018,63.700,7.680,0.000,0.000
"05:45",0.000,5.171,63.700,7.731,0.000,0.000
"06:00",0.000,4.710,63.700,7.987,0.000,0.000
"06:15",0.000,4.557,63.700,7.782,0.000,0.000
"06:30",0.000,4.608,63.700,7.936,0.000,0.000
"06:45",0.000,7.270,63.700,6.554,0.000,0.000
"07:00",0.000,7.066,63.700,6.298,0.000,0.000
"07:15",0.000,7.526,63.700,5.274,0.000,0.000
"07:30",0.000,7.680,63.700,4.864,0.000,0.000
"07:45",0.000,6.042,63.700,4.454,0.000,0.000
"08:00",0.000,2.816,63.700,5.120,0.000,0.000
"08:15",2.355,0.205,63.700,1.331,0.000,0.000
"08:30",8.192,0.000,63.700,0.000,0.000,0.000
"08:45",15.974,0.051,63.700,0.051,0.102,0.051
"09:00",24.064,0.000,63.700,0.000,0.000,0.000
"09:15",29.901,0.000,63.700,0.000,0.000,0.000
"09:30",37.478,0.000,63.700,0.000,0.000,0.000
"09:45",44.237,0.000,63.700,0.000,0.000,0.000
"10:00",51.200,0.000,63.700,0.000,0.000,0.000
"10:15",57.498,0.000,63.700,0.000,0.000,0.000
"10:30",62.720,0.000,63.700,0.000,0.000,0.000
"10:45",67.738,0.000,63.700,0.000,0.000,0.000
"11:00",72.090,0.000,63.700,0.000,0.000,0.051
"11:15",80.640,0.000,63.700,0.000,0.000,0.000
"11:30",86.579,0.000,63.700,0.000,0.000,0.000
"11:45",92.570,0.000,63.700,0.000,0.000,0.000
"12:00",92.826,0.000,63.700,0.000,0.000,0.000
"12:15",94.720,0.000,63.700,0.000,0.000,0.000
"12:30",67.123,0.000,63.700,0.000,0.000,0.000
"12:45",80.077,0.000,63.700,0.000,0.000,0.000
"13:00",67.942,0.000,63.700,0.000,0.000,0.000
"13:15",93.901,0.000,63.700,0.000,0.000,0.000
"13:30",91.136,0.000,63.700,0.000,0.000,0.000
"13:45",77.363,0.000,63.700,0.000,0.000,0.000
"14:00",97.382,0.000,63.700,0.000,0.000,0.000
"14:15",97.126,0.000,63.700,0.000,0.000,0.000
"14:30",96.717,0.000,63.700,0.000,0.000,0.000
"14:45",94.618,0.000,63.800,0.000,0.000,0.000
"15:00",92.314,0.000,63.700,0.000,0.000,0.000
"15:15",90.214,0.000,63.700,0.000,0.000,0.000
"15:30",88.166,0.000,63.700,0.000,0.000,0.000
"15:45",85.811,0.000,63.700,0.000,0.000,0.000
"16:00",82.944,0.000,63.700,0.000,0.000,0.000
"16:15",78.950,0.000,63.700,0.000,0.000,0.000
"16:30",74.752,0.000,63.700,0.000,0.000,0.000
"16:45",69.120,0.000,63.700,0.000,0.000,0.000
"17:00",63.488,0.000,63.700,0.000,0.000,0.000
"17:15",58.982,0.000,63.700,0.000,0.000,0.000
"17:30",53.862,0.000,63.700,0.000,0.000,0.000
"17:45",47.002,0.000,63.600,0.000,0.000,0.000
"18:00",40.858,0.000,63.600,0.000,0.000,0.000
"18:15",34.099,0.000,63.600,0.000,0.000,0.000
"18:30",26.061,0.000,63.700,0.000,0.000,0.000
"18:45",18.432,0.000,63.700,0.000,0.000,0.000
"19:00",11.878,0.000,63.700,0.000,0.000,0.000
"19:15",6.349,0.000,63.700,0.000,0.000,0.000
"19:30",1.638,0.307,63.600,2.150,0.000,0.000
"19:45",0.102,2.202,63.600,5.734,0.000,0.000
"20:00",0.000,3.379,63.700,6.605,0.000,0.000
"20:15",0.000,4.608,63.700,6.656,0.000,0.000
"20:30",0.000,5.018,63.700,6.451,0.000,0.000
"20:45",0.000,4.915,63.600,6.400,0.000,0.000
"21:00",0.000,5.018,63.600,6.707,0.000,0.000
"21:15",0.000,4.966,63.600,6.912,0.000,0.000
"21:30",0.000,4.352,63.600,7.117,0.000,0.000
"21:45",0.000,4.454,63.600,7.117,0.000,0.000
"22:00",0.000,4.198,63.700,7.117,0.000,0.000
"22:15",0.000,4.096,63.700,7.066,0.000,0.000
"22:30",0.000,4.813,63.700,6.451,0.000,0.000
"22:45",0.000,6.195,63.600,6.144,0.000,0.000
"23:00",0.000,7.629,63.700,5.171,0.000,0.000
"23:15",0.000,7.373,63.700,5.683,0.000,0.000
"23:30",0.000,7.526,63.700,5.683,0.000,0.000
"23:45",0.000,7.066,63.700,5.683,0.000,0.000
" 2/23/26 24:00",0.000,6.963,63.700,5.632,0.000,0.000
