"kwh"
"Time ","DAGSR01P","DAGSR01P","DAGSR01P","DAGSR01P","DAGSR01P","DAGSR01P"
" 3/19/26 00:15",0.000,69.837,63.600,0.000,31.539,0.000
" 3/19/26 00:30",0.000,69.786,63.600,0.000,31.488,0.000
"00:45",0.000,69.478,63.600,0.000,31.590,0.000
"01:00",0.000,69.120,63.600,0.000,31.232,0.000
"01:15",0.000,69.018,63.600,0.000,31.181,0.000
"01:30",0.000,69.120,63.600,0.000,31.130,0.000
"01:45",0.000,69.069,63.600,0.000,30.925,0.000
"02:00",0.000,69.222,63.600,0.000,30.259,0.000
"02:15",0.000,68.915,63.600,0.000,30.771,0.000
"02:30",0.000,68.915,63.600,0.000,31.078,0.000
"02:45",0.000,68.966,63.600,0.000,31.130,0.000
"03:00",0.000,68.864,63.600,0.000,31.027,0.000
"03:15",0.000,69.376,63.600,0.000,31.130,0.000
"03:30",0.000,69.837,63.600,0.000,31.181,0.000
"03:45",0.000,70.246,63.600,0.000,31.078,0.000
"04:00",0.000,69.376,63.600,0.000,30.720,0.000
"04:15",0.000,69.120,63.600,0.000,30.771,0.000
"04:30",0.000,69.120,63.600,0.000,30.669,0.000
"04:45",0.000,69.069,63.600,0.000,30.618,0.000
"05:00",0.000,69.120,63.600,0.000,31.078,0.000
"05:15",0.000,69.274,63.600,0.000,30.771,0.000
"05:30",0.000,68.966,63.600,0.000,30.669,0.000
"05:45",0.000,69.325,63.600,0.000,30.720,0.000
"06:00",0.000,69.018,63.600,0.000,30.669,0.000
"06:15",0.000,69.120,63.700,0.000,30.566,0.000
"06:30",0.000,69.786,63.600,0.000,30.515,0.000
"06:45",0.000,70.298,63.600,0.000,30.925,0.000
"07:00",0.000,70.195,63.600,0.000,30.925,0.000
"07:15",0.000,69.581,63.600,0.000,30.771,0.000
"07:30",0.000,69.018,63.600,0.000,30.720,0.000
"07:45",0.000,68.864,63.600,0.000,30.874,0.000
"08:00",0.000,67.174,63.600,0.000,31.283,0.000
"08:15",0.000,62.566,63.600,0.000,31.078,0.000
"08:30",0.000,56.678,63.700,0.000,30.822,0.000
"08:45",0.000,49.971,63.700,0.000,30.259,0.000
"09:00",0.000,42.394,63.700,0.000,29.952,0.000
"09:15",0.000,34.816,63.700,0.000,30.003,0.000
"09:30",0.000,28.416,63.700,0.000,30.515,0.000
"09:45",0.000,21.760,63.700,0.000,31.232,0.000
"10:00",0.000,15.104,63.700,0.000,31.488,0.000
"10:15",19.968,1.894,63.700,0.000,5.325,8.090
"10:30",29.338,0.000,63.700,0.000,0.000,9.626
"10:45",33.946,0.000,63.700,0.000,0.000,9.882
"11:00",39.322,0.000,63.700,0.000,0.000,10.189
"11:15",43.776,0.000,63.700,0.000,0.000,10.189
"11:30",47.821,0.000,63.700,0.000,0.000,10.701
"11:45",51.405,0.000,63.700,0.000,0.000,11.059
"12:00",36.557,0.205,63.700,0.000,0.666,10.701
"12:15",56.371,0.000,63.700,0.000,0.000,12.595
"12:30",57.190,0.000,63.700,0.000,0.000,12.339
"12:45",36.352,0.154,63.700,0.000,0.410,11.520
"13:00",37.427,1.178,63.700,0.000,1.843,10.598
"13:15",55.603,0.973,63.700,0.000,0.614,12.749
"13:30",62.003,0.000,63.700,0.000,0.000,13.466
"13:45",53.709,1.587,63.700,0.000,1.126,11.418
"14:00",53.760,1.024,63.700,0.000,0.666,11.981
"14:15",61.491,0.000,63.700,0.000,0.000,12.954
"14:30",59.648,0.000,63.700,0.000,0.051,12.800
"14:45",58.214,0.154,63.700,0.000,0.154,12.442
"15:00",42.598,3.584,63.700,0.000,2.253,9.728
"15:15",21.146,12.237,63.700,0.000,6.144,5.018
"15:30",43.315,5.325,63.700,0.000,2.560,9.574
"15:45",34.304,4.352,63.700,0.000,2.816,9.114
"16:00",39.168,1.331,63.700,0.000,1.485,10.803
"16:15",33.843,2.202,63.700,0.000,1.382,10.598
"16:30",30.413,1.280,63.700,0.000,0.973,11.110
"16:45",30.259,0.000,63.700,0.000,0.000,11.878
"17:00",24.730,0.000,63.700,0.000,0.000,11.520
"17:15",18.074,1.485,63.700,0.000,0.666,10.854
"17:30",12.339,0.000,63.700,0.000,0.000,11.776
"17:45",6.042,0.102,63.700,0.000,0.870,10.394
"18:00",1.024,3.430,63.700,0.000,6.502,3.994
"18:15",0.102,8.346,63.700,0.000,9.011,0.563
"18:30",0.000,14.950,63.700,0.000,9.472,0.000
"18:45",0.000,21.914,63.700,0.000,9.677,0.000
"19:00",0.000,27.904,63.700,0.000,9.830,0.000
"19:15",0.000,32.870,63.600,0.000,9.984,0.000
"19:30",0.000,36.608,63.600,0.000,10.342,0.000
"19:45",0.000,36.608,63.600,0.000,9.830,0.000
"20:00",0.000,36.762,63.600,0.000,9.933,0.000
"20:15",0.000,37.274,63.600,0.000,9.984,0.000
"20:30",0.000,38.042,63.600,0.000,10.086,0.000
"20:45",0.000,37.734,63.600,0.000,10.138,0.000
"21:00",0.000,37.478,63.600,0.000,9.882,0.000
"21:15",0.000,37.274,63.600,0.000,9.984,0.000
"21:30",0.000,37.376,63.600,0.000,10.086,0.000
"21:45",0.000,37.683,63.700,0.000,10.240,0.000
"22:00",0.000,37.018,63.600,0.000,9.933,0.000
"22:15",0.000,37.120,63.600,0.000,9.933,0.000
"22:30",0.000,37.222,63.700,0.000,9.626,0.000
"22:45",0.000,37.888,63.700,0.000,9.882,0.000
"23:00",0.000,37.171,63.600,0.000,9.677,0.000
"23:15",0.000,37.478,63.600,0.000,9.574,0.000
"23:30",0.000,37.376,63.600,0.000,9.728,0.000
"23:45",0.000,37.683,63.600,0.000,9.933,0.000
" 3/19/26 24:00",0.000,36.915,63.600,0.000,9.574,0.000
