"kwh"
"Time ","DAGSR01P","DAGSR01P","DAGSR01P","DAGSR01P","DAGSR01P","DAGSR01P"
" 9/14/26 00:15",0.000,4.301,64.600,8.550,0.000,0.000
" 9/14/26 00:30",0.000,4.608,64.600,8.448,0.000,0.000
"00:45",0.000,4.096,64.700,7.885,0.000,0.000
"01:00",0.000,4.762,64.300,9.370,0.000,0.000
"01:15",0.000,4.045,64.400,9.114,0.000,0.000
"01:30",0.000,4.198,64.500,8.755,0.000,0.000
"01:45",0.000,4.096,64.700,8.090,0.000,0.000
"02:00",0.051,3.789,64.400,7.526,0.000,0.000
"02:15",0.154,3.482,64.300,6.144,0.000,0.000
"02:30",0.102,3.277,64.400,6.093,0.000,0.000
"02:45",0.154,3.738,64.600,5.376,0.000,0.000
"03:00",0.102,3.482,64.600,5.325,0.000,0.000
"03:15",0.102,3.482,64.700,5.376,0.000,0.000
"03:30",0.000,3.686,64.800,7.424,0.000,0.000
"03:45",0.102,3.482,64.800,4.966,0.000,0.000
"04:00",0.051,3.482,64.800,5.222,0.000,0.000
"04:15",0.051,3.482,64.800,5.018,0.000,0.000
"04:30",0.051,4.352,64.800,5.683,0.000,0.000
"04:45",0.102,3.584,64.800,6.144,0.000,0.000
"05:00",0.102,3.584,64.800,6.298,0.000,0.000
"05:15",0.102,3.789,64.700,6.400,0.000,0.000
"05:30",0.205,3.379,64.600,5.222,0.000,0.000
"05:45",0.205,3.226,64.600,5.427,0.000,0.000
"06:00",0.205,3.277,64.500,5.632,0.000,0.000
"06:15",0.154,3.174,64.300,6.093,0.000,0.000
"06:30",0.154,3.072,64.000,6.861,0.000,0.000
"06:45",0.000,3.942,63.900,11.264,0.000,0.000
"07:00",0.000,4.659,63.800,10.906,0.000,0.000
"07:15",0.000,4.198,63.900,10.650,0.000,0.000
"07:30",0.102,3.430,63.800,9.011,0.000,0.000
"07:45",0.051,3.533,63.000,10.086,0.000,0.000
"08:00",0.154,2.816,63.000,11.008,0.000,0.000
"08:15",0.000,2.765,62.800,13.926,0.000,0.000
"08:30",0.000,2.714,62.500,13.107,0.000,0.000
"08:45",0.461,1.690,62.000,10.240,0.000,0.000
"09:00",1.690,0.307,62.000,5.734,0.000,0.000
"09:15",3.635,0.000,62.500,0.154,0.000,0.000
"09:30",7.578,0.000,62.200,0.000,0.000,0.000
"09:45",10.957,0.000,61.900,0.000,0.000,0.000
"10:00",17.101,0.000,61.900,0.000,0.000,0.000
"10:15",15.360,0.000,62.000,0.000,0.000,0.000
"10:30",20.275,0.000,62.100,0.000,0.000,0.000
"10:45",21.965,0.000,62.000,0.000,0.000,0.000
"11:00",23.859,0.000,61.900,0.000,0.000,0.000
"11:15",16.998,0.000,61.700,0.000,0.000,0.000
"11:30",18.688,0.000,61.800,0.000,0.000,0.000
"11:45",37.734,0.000,61.800,0.000,0.000,0.000
"12:00",37.581,0.000,62.000,0.000,0.000,0.000
"12:15",45.670,0.000,62.100,0.000,0.000,0.000
"12:30",41.165,0.000,61.900,0.000,0.000,0.000
"12:45",33.997,0.000,61.800,0.000,0.000,0.000
"13:00",39.475,0.000,62.000,0.000,0.000,0.000
"13:15",58.573,0.000,62.200,0.000,0.000,0.000
"13:30",37.376,0.000,62.100,0.000,0.000,0.000
"13:45",56.218,0.000,61.500,0.000,0.000,0.000
"14:00",54.016,0.000,61.500,0.000,0.000,0.000
"14:15",82.739,0.000,61.500,0.000,0.000,0.000
"14:30",90.368,0.000,61.500,0.000,0.000,0.000
"14:45",91.546,0.000,61.400,0.000,0.000,0.000
"15:00",63.590,0.000,61.700,0.000,0.000,0.000
"15:15",96.205,0.000,61.900,0.000,0.000,0.000
"15:30",79.104,0.000,61.900,0.000,0.000,0.000
"15:45",79.002,0.000,61.800,0.000,0.000,0.000
"16:00",81.613,0.000,62.000,0.000,0.000,0.000
"16:15",91.187,0.000,61.900,0.000,0.000,0.000
"16:30",81.408,0.000,62.000,0.000,0.000,0.000
"16:45",72.141,0.000,62.000,0.000,0.000,0.000
"17:00",68.506,0.000,62.100,0.000,0.000,0.000
"17:15",60.314,0.000,62.200,0.000,0.000,0.000
"17:30",51.098,0.000,61.800,0.000,0.000,0.000
"17:45",42.752,0.000,61.900,0.000,0.000,0.000
"18:00",33.690,0.000,62.600,0.000,0.000,0.000
"18:15",23.962,0.000,64.000,0.000,0.000,0.000
"18:30",14.797,0.000,63.900,0.000,0.000,0.000
"18:45",5.632,0.000,63.700,0.307,0.000,0.000
"19:00",1.075,1.587,63.500,6.298,0.000,0.000
"19:15",0.051,4.301,63.800,9.165,0.000,0.000
"19:30",0.000,3.789,63.700,10.906,0.000,0.000
"19:45",0.000,4.096,63.600,11.213,0.000,0.000
"20:00",0.000,4.096,63.400,11.674,0.000,0.000
"20:15",0.000,4.454,63.600,10.957,0.000,0.000
"20:30",0.000,3.738,63.800,10.598,0.000,0.000
"20:45",0.000,3.738,63.800,10.803,0.000,0.000
"21:00",0.000,3.891,63.600,11.213,0.000,0.000
"21:15",0.000,4.506,63.500,10.854,0.000,0.000
"21:30",0.051,3.482,63.500,9.267,0.000,0.000
"21:45",0.051,3.430,63.600,8.499,0.000,0.000
"22:00",0.000,3.891,63.800,10.189,0.000,0.000
"22:15",0.000,4.557,63.900,9.677,0.000,0.000
"22:30",0.000,4.403,64.000,9.779,0.000,0.000
"22:45",0.000,4.966,64.200,8.960,0.000,0.000
"23:00",0.000,4.864,64.200,9.216,0.000,0.000
"23:15",0.000,4.198,62.200,14.336,0.000,0.000
"23:30",0.000,3.738,61.600,16.179,0.000,0.000
"23:45",0.000,3.533,61.900,15.923,0.000,0.000
" 9/14/26 24:00",0.000,3.482,61.900,16.026,0.000,0.000
