"kwh"
"Time ","DAGSR01P","DAGSR01P","DAGSR01P","DAGSR01P","DAGSR01P","DAGSR01P"
" 4/11/26 00:15",0.000,5.786,63.600,4.403,0.000,0.000
" 4/11/26 00:30",0.000,4.659,63.600,5.478,0.000,0.000
"00:45",0.000,4.659,63.600,5.171,0.000,0.000
"01:00",0.000,5.530,63.700,5.120,0.000,0.000
"01:15",0.000,4.403,63.700,6.093,0.000,0.000
"01:30",0.000,5.120,63.700,5.581,0.000,0.000
"01:45",0.000,5.120,63.600,5.837,0.000,0.000
"02:00",0.000,4.557,63.600,5.376,0.000,0.000
"02:15",0.000,5.376,63.600,5.018,0.000,0.000
"02:30",0.000,4.506,63.600,5.632,0.000,0.000
"02:45",0.000,4.864,63.700,5.427,0.000,0.000
"03:00",0.000,4.915,63.600,5.581,0.000,0.000
"03:15",0.000,4.506,63.600,5.683,0.000,0.000
"03:30",0.000,5.632,63.600,5.376,0.000,0.000
"03:45",0.000,4.710,63.600,6.195,0.000,0.000
"04:00",0.000,5.427,63.600,5.786,0.000,0.000
"04:15",0.000,4.813,63.600,5.837,0.000,0.000
"04:30",0.000,4.403,63.600,6.042,0.000,0.000
"04:45",0.000,5.171,63.600,5.376,0.000,0.000
"05:00",0.000,4.352,63.600,6.195,0.000,0.000
"05:15",0.000,4.966,63.600,6.246,0.000,0.000
"05:30",0.000,5.069,63.600,5.786,0.000,0.000
"05:45",0.000,4.352,63.700,5.990,0.000,0.000
"06:00",0.000,5.171,63.700,6.298,0.000,0.000
"06:15",0.000,4.352,63.700,5.939,0.000,0.000
"06:30",0.000,4.966,63.600,5.325,0.000,0.000
"06:45",0.000,4.813,63.600,5.120,0.000,0.000
"07:00",0.000,4.506,63.600,5.478,0.000,0.000
"07:15",0.000,5.376,63.600,4.966,0.000,0.000
"07:30",0.000,4.813,63.600,5.222,0.000,0.000
"07:45",0.000,5.120,63.600,4.864,0.000,0.000
"08:00",0.000,4.966,63.600,4.557,0.000,0.000
"08:15",0.000,4.301,63.600,4.966,0.000,0.000
"08:30",0.000,5.120,63.700,4.352,0.000,0.000
"08:45",0.000,3.584,63.700,4.608,0.000,0.000
"09:00",0.000,4.506,63.700,4.301,0.000,0.000
"09:15",0.000,30.669,63.700,0.768,12.237,0.000
"09:30",0.000,36.966,63.700,0.000,15.155,0.000
"09:45",0.000,37.837,63.600,0.000,15.616,0.000
"10:00",0.000,64.666,63.600,0.000,26.368,0.000
"10:15",0.000,54.630,63.600,0.000,21.811,0.000
"10:30",0.000,36.096,63.600,0.000,15.053,0.000
"10:45",0.000,25.190,63.600,0.000,15.053,0.000
"11:00",0.000,28.979,63.600,0.000,15.565,0.000
"11:15",0.000,22.989,63.600,0.000,14.848,0.000
"11:30",0.000,21.760,63.600,0.000,15.872,0.000
"11:45",0.000,31.898,63.600,0.000,15.053,0.000
"12:00",0.000,34.970,63.600,0.000,14.746,0.000
"12:15",0.000,35.738,63.600,0.000,15.974,0.000
"12:30",0.000,29.082,63.600,0.000,15.360,0.000
"12:45",0.000,34.509,63.600,0.000,15.258,0.000
"13:00",0.000,38.349,63.600,0.000,15.770,0.000
"13:15",0.000,38.246,63.700,0.000,14.848,0.000
"13:30",0.000,38.451,63.600,0.000,14.336,0.000
"13:45",0.000,36.659,63.600,0.000,15.821,0.000
"14:00",0.000,27.750,63.600,0.000,14.797,0.000
"14:15",0.000,21.094,63.600,0.000,14.541,0.000
"14:30",0.000,17.715,63.600,0.000,15.155,0.000
"14:45",0.000,21.658,63.600,0.000,14.131,0.000
"15:00",0.000,24.166,63.600,0.000,15.053,0.000
"15:15",0.000,20.531,63.700,0.000,15.206,0.000
"15:30",8.550,12.134,63.700,0.000,10.496,4.506
"15:45",0.000,14.131,63.700,0.000,14.848,0.205
"16:00",0.000,30.003,63.700,0.000,14.131,0.000
"16:15",12.493,9.062,63.700,0.000,6.758,8.346
"16:30",39.834,0.205,63.700,0.000,0.256,17.101
"16:45",22.016,3.277,63.700,0.000,3.379,12.134
"17:00",17.152,0.512,63.700,0.000,0.819,14.950
"17:15",9.830,0.922,63.700,0.000,1.280,14.234
"17:30",4.659,0.205,63.700,0.000,1.741,13.261
"17:45",0.973,1.997,63.700,0.000,10.291,5.376
"18:00",0.000,9.011,63.700,0.000,14.694,0.000
"18:15",0.000,17.715,63.700,0.000,15.104,0.000
"18:30",0.000,25.549,63.700,0.000,15.309,0.000
"18:45",0.000,30.362,63.700,0.000,14.797,0.000
"19:00",0.000,36.710,63.700,0.000,15.258,0.000
"19:15",0.000,37.581,63.700,0.000,14.848,0.000
"19:30",0.000,37.376,63.700,0.000,14.797,0.000
"19:45",0.000,38.605,63.700,0.000,15.104,0.000
"20:00",0.000,37.325,63.700,0.000,14.285,0.000
"20:15",0.000,37.581,63.700,0.000,14.438,0.000
"20:30",0.000,38.861,63.700,0.000,15.360,0.000
"20:45",0.000,37.734,63.700,0.000,14.694,0.000
"21:00",0.000,38.144,63.700,0.000,14.746,0.000
"21:15",0.000,38.912,63.700,0.000,14.899,0.000
"21:30",0.000,37.837,63.700,0.000,14.336,0.000
"21:45",0.000,38.093,63.700,0.000,14.285,0.000
"22:00",0.000,38.093,63.700,0.000,14.387,0.000
"22:15",0.000,37.683,63.700,0.000,14.438,0.000
"22:30",0.000,38.349,63.700,0.000,14.694,0.000
"22:45",0.000,38.246,63.700,0.000,14.694,0.000
"23:00",0.000,37.427,63.700,0.000,13.824,0.000
"23:15",0.000,37.837,63.700,0.000,14.080,0.000
"23:30",0.000,38.093,63.700,0.000,13.926,0.000
"23:45",0.000,37.734,63.700,0.000,13.517,0.000
" 4/11/26 24:00",0.000,37.786,63.700,0.000,13.261,0.000
