"kwh"
"Time ","DAGSR01P","DAGSR01P","DAGSR01P","DAGSR01P","DAGSR01P","DAGSR01P"
" 7/29/26 00:15",0.000,4.506,63.700,7.219,0.000,0.000
" 7/29/26 00:30",0.000,5.274,63.700,6.605,0.000,0.000
"00:45",0.000,4.966,63.700,7.168,0.000,0.000
"01:00",0.000,4.454,63.700,7.629,0.000,0.000
"01:15",0.000,5.171,63.700,7.680,0.000,0.000
"01:30",0.000,4.403,63.700,7.731,0.000,0.000
"01:45",0.000,4.045,63.700,7.731,0.000,0.000
"02:00",0.000,4.557,63.700,7.117,0.000,0.000
"02:15",0.000,3.891,63.700,7.373,0.000,0.000
"02:30",0.000,4.045,63.700,7.526,0.000,0.000
"02:45",0.000,4.608,63.700,7.936,0.000,0.000
"03:00",0.000,4.096,63.700,7.782,0.000,0.000
"03:15",0.000,4.608,63.700,7.424,0.000,0.000
"03:30",0.000,3.994,63.700,7.373,0.000,0.000
"03:45",0.000,4.147,63.600,7.270,0.000,0.000
"04:00",0.000,4.915,63.600,7.014,0.000,0.000
"04:15",0.000,4.147,63.700,7.782,0.000,0.000
"04:30",0.000,4.198,63.700,7.526,0.000,0.000
"04:45",0.000,5.018,63.700,6.912,0.000,0.000
"05:00",0.000,3.891,63.700,7.731,0.000,0.000
"05:15",0.000,3.942,63.700,7.680,0.000,0.000
"05:30",0.000,4.608,63.700,7.168,0.000,0.000
"05:45",0.000,4.147,63.700,7.373,0.000,0.000
"06:00",0.000,4.454,63.700,7.322,0.000,0.000
"06:15",0.000,4.710,63.700,7.270,0.000,0.000
"06:30",0.000,4.045,63.700,7.424,0.000,0.000
"06:45",0.000,5.530,63.700,7.526,0.000,0.000
"07:00",0.000,4.352,63.700,7.680,0.000,0.000
"07:15",0.000,4.352,63.700,7.680,0.000,0.000
"07:30",0.000,5.376,63.700,7.117,0.000,0.000
"07:45",0.000,5.325,63.700,7.526,0.000,0.000
"08:00",0.000,5.018,63.700,7.987,0.000,0.000
"08:15",0.000,5.734,63.700,7.219,0.000,0.000
"08:30",0.000,4.659,63.700,7.475,0.000,0.000
"08:45",0.000,4.659,63.700,7.117,0.000,0.000
"09:00",0.000,5.171,63.700,6.707,0.000,0.000
"09:15",1.024,2.509,63.700,5.939,0.000,0.000
"09:30",1.024,1.075,63.600,3.840,0.000,0.000
"09:45",3.635,0.358,63.600,0.870,0.000,0.000
"10:00",5.222,0.000,63.600,0.000,0.000,0.000
"10:15",9.933,0.000,63.600,0.000,0.000,0.000
"10:30",7.322,6.349,63.700,0.000,3.891,0.000
"10:45",0.051,18.995,63.700,0.000,13.056,0.205
"11:00",10.035,2.611,63.700,0.000,1.690,0.051
"11:15",19.866,0.000,63.700,0.000,0.000,0.000
"11:30",8.704,0.000,63.700,0.000,0.000,0.000
"11:45",7.270,0.000,63.700,0.000,0.000,0.000
"12:00",4.659,0.000,63.700,0.307,0.000,0.000
"12:15",15.206,0.000,63.700,0.000,0.000,0.000
"12:30",15.104,0.000,63.700,0.000,0.000,0.000
"12:45",14.438,0.000,63.700,0.000,0.000,0.000
"13:00",10.291,0.000,63.700,0.000,0.000,0.000
"13:15",5.939,0.000,63.700,0.000,0.000,0.000
"13:30",5.222,0.154,63.700,0.307,0.000,0.000
"13:45",13.722,0.307,63.800,0.614,0.000,0.000
"14:00",45.005,0.000,63.700,0.000,0.000,0.000
"14:15",50.074,0.000,63.700,0.000,0.000,0.000
"14:30",44.851,0.000,63.700,0.000,0.000,0.000
"14:45",81.562,0.000,63.700,0.000,0.000,0.000
"15:00",93.645,0.000,63.700,0.000,0.000,0.000
"15:15",69.530,0.000,63.700,0.000,0.000,0.000
"15:30",82.688,0.000,63.700,0.000,0.000,0.000
"15:45",81.152,0.000,63.700,0.000,0.000,0.000
"16:00",70.707,0.000,63.700,0.000,0.000,0.000
"16:15",44.083,0.000,63.700,0.000,0.000,0.000
"16:30",25.139,0.102,63.700,0.000,0.256,0.307
"16:45",19.763,0.000,63.700,0.000,0.000,0.102
"17:00",25.088,0.000,63.700,0.000,0.000,0.000
"17:15",52.224,0.000,63.700,0.000,0.000,0.000
"17:30",25.856,0.000,63.700,0.000,0.000,0.000
"17:45",1.178,1.075,63.700,2.509,0.000,0.000
"18:00",0.717,1.638,63.700,3.789,0.000,0.000
"18:15",0.102,2.765,63.800,5.376,0.000,0.000
"18:30",0.000,4.250,63.700,6.861,0.000,0.000
"18:45",0.000,4.045,63.700,7.373,0.000,0.000
"19:00",0.000,5.478,63.700,6.861,0.000,0.000
"19:15",0.000,5.325,63.700,6.912,0.000,0.000
"19:30",0.000,5.683,63.700,6.605,0.000,0.000
"19:45",0.000,6.246,63.700,6.451,0.000,0.000
"20:00",0.000,5.683,63.700,6.707,0.000,0.000
"20:15",0.000,6.349,63.700,6.246,0.000,0.000
"20:30",0.000,5.581,63.700,6.810,0.000,0.000
"20:45",0.000,5.683,63.700,6.656,0.000,0.000
"21:00",0.000,6.042,63.700,7.066,0.000,0.000
"21:15",0.000,5.939,63.700,7.424,0.000,0.000
"21:30",0.000,6.605,63.700,6.400,0.000,0.000
"21:45",0.000,5.376,63.700,6.912,0.000,0.000
"22:00",0.000,5.478,63.800,7.014,0.000,0.000
"22:15",0.000,5.786,63.700,6.656,0.000,0.000
"22:30",0.000,5.222,63.700,7.066,0.000,0.000
"22:45",0.000,5.939,63.700,6.963,0.000,0.000
"23:00",0.000,5.427,63.700,7.117,0.000,0.000
"23:15",0.000,5.427,63.700,7.014,0.000,0.000
"23:30",0.000,6.707,63.700,6.195,0.000,0.000
"23:45",0.000,5.734,63.700,6.298,0.000,0.000
" 7/29/26 24:00",0.000,5.632,63.700,6.144,0.000,0.000
