"kwh"
"Time ","DAGSR01P","DAGSR01P","DAGSR01P","DAGSR01P","DAGSR01P","DAGSR01P"
" 3/17/26 00:15",0.000,7.270,63.600,4.198,0.000,0.000
" 3/17/26 00:30",0.000,7.373,63.700,4.403,0.000,0.000
"00:45",0.000,7.782,63.700,4.352,0.000,0.000
"01:00",0.000,8.397,63.700,3.942,0.000,0.000
"01:15",0.000,8.602,63.700,3.738,0.000,0.000
"01:30",0.000,8.602,63.700,3.789,0.000,0.000
"01:45",0.000,7.834,63.700,4.198,0.000,0.000
"02:00",0.000,7.424,63.700,4.403,0.000,0.000
"02:15",0.000,7.475,63.700,4.147,0.000,0.000
"02:30",0.000,7.475,63.700,4.045,0.000,0.000
"02:45",0.000,7.424,63.700,4.096,0.000,0.000
"03:00",0.000,8.346,63.700,3.686,0.000,0.000
"03:15",0.000,8.397,63.700,3.482,0.000,0.000
"03:30",0.000,8.294,63.700,3.328,0.000,0.000
"03:45",0.000,8.294,63.700,3.533,0.000,0.000
"04:00",0.000,7.731,63.700,4.096,0.000,0.000
"04:15",0.000,7.731,63.600,3.994,0.000,0.000
"04:30",0.000,7.578,63.700,3.994,0.000,0.000
"04:45",0.000,7.731,63.700,4.096,0.000,0.000
"05:00",0.000,7.936,63.700,4.301,0.000,0.000
"05:15",0.000,8.294,63.700,3.277,0.000,0.000
"05:30",0.000,8.294,63.700,3.328,0.000,0.000
"05:45",0.000,8.346,63.700,3.533,0.000,0.000
"06:00",0.000,7.936,63.700,4.096,0.000,0.000
"06:15",0.000,7.373,63.700,4.045,0.000,0.000
"06:30",0.000,7.834,63.700,4.096,0.000,0.000
"06:45",0.000,7.731,63.700,4.045,0.000,0.000
"07:00",0.000,7.782,63.700,4.301,0.000,0.000
"07:15",0.000,8.397,63.700,3.686,0.000,0.000
"07:30",0.000,8.858,63.600,3.789,0.000,0.000
"07:45",0.000,8.960,63.600,3.379,0.000,0.000
"08:00",0.000,7.373,63.600,3.379,0.000,0.000
"08:15",0.000,5.990,63.600,3.994,0.000,0.000
"08:30",0.102,4.045,63.600,3.635,0.000,0.000
"08:45",3.891,0.410,63.600,0.768,0.000,0.000
"09:00",3.379,0.051,63.700,0.768,0.000,0.000
"09:15",8.448,0.000,63.600,0.358,0.000,0.000
"09:30",19.558,0.000,63.700,0.000,0.000,0.051
"09:45",32.666,0.000,63.600,0.000,0.000,0.154
"10:00",14.899,0.000,63.700,0.000,0.000,0.000
"10:15",11.878,0.000,63.700,0.000,0.000,0.000
"10:30",9.728,0.000,63.700,0.000,0.000,0.000
"10:45",7.270,0.000,63.700,0.000,0.000,0.000
"11:00",2.765,0.256,63.700,1.075,0.000,0.051
"11:15",2.970,0.154,63.700,1.638,0.000,0.000
"11:30",12.544,0.000,63.700,0.000,0.000,0.000
"11:45",19.405,0.000,63.700,0.000,0.000,0.000
"12:00",87.808,0.000,63.700,0.000,0.000,0.717
"12:15",86.221,0.000,63.700,0.000,0.000,0.768
"12:30",85.811,0.000,63.700,0.000,0.000,0.717
"12:45",94.771,0.000,63.700,0.000,0.000,0.819
"13:00",85.043,0.000,63.700,0.000,0.000,0.666
"13:15",84.634,0.000,63.700,0.000,0.000,0.563
"13:30",93.235,0.000,63.700,0.000,0.000,0.768
"13:45",93.542,0.000,63.700,0.000,0.000,0.819
"14:00",71.014,0.000,63.700,0.000,0.000,0.666
"14:15",59.699,0.000,63.700,0.000,0.000,0.614
"14:30",51.558,0.000,63.700,0.000,0.000,0.461
"14:45",60.774,0.000,63.700,0.000,0.000,0.614
"15:00",86.784,0.000,63.700,0.000,0.000,0.870
"15:15",93.235,0.000,63.700,0.000,0.000,0.922
"15:30",88.218,0.000,63.700,0.000,0.000,1.690
"15:45",55.398,0.000,63.600,0.000,0.000,7.322
"16:00",81.510,0.000,63.700,0.000,0.000,0.717
"16:15",80.845,0.000,63.700,0.000,0.000,0.000
"16:30",75.571,0.000,63.600,0.000,0.000,0.000
"16:45",69.581,0.000,63.600,0.000,0.000,0.102
"17:00",63.795,0.000,63.600,0.000,0.000,0.000
"17:15",57.293,0.000,63.600,0.000,0.000,0.000
"17:30",50.483,0.000,63.600,0.000,0.000,0.000
"17:45",42.752,0.000,63.600,0.000,0.000,0.000
"18:00",35.738,0.000,63.600,0.000,0.000,0.000
"18:15",28.365,0.000,63.700,0.000,0.000,0.000
"18:30",20.634,0.000,63.700,0.000,0.000,0.000
"18:45",13.056,0.000,63.700,0.000,0.000,0.000
"19:00",6.349,0.000,63.700,0.000,0.000,0.000
"19:15",1.485,0.870,63.700,2.867,0.000,0.000
"19:30",0.154,3.533,63.700,4.557,0.000,0.000
"19:45",0.000,5.069,63.600,5.376,0.000,0.000
"20:00",0.000,5.274,63.600,5.069,0.000,0.000
"20:15",0.000,4.557,63.600,5.837,0.000,0.000
"20:30",0.000,4.147,63.600,5.734,0.000,0.000
"20:45",0.000,4.198,63.700,5.632,0.000,0.000
"21:00",0.000,4.198,63.600,5.734,0.000,0.000
"21:15",0.000,4.557,63.600,5.683,0.000,0.000
"21:30",0.000,5.171,63.600,5.581,0.000,0.000
"21:45",0.000,4.557,63.600,5.734,0.000,0.000
"22:00",0.000,4.506,63.600,5.939,0.000,0.000
"22:15",0.000,4.608,63.600,5.939,0.000,0.000
"22:30",0.000,4.352,63.600,5.990,0.000,0.000
"22:45",0.000,4.762,63.700,5.786,0.000,0.000
"23:00",0.000,4.813,63.700,5.837,0.000,0.000
"23:15",0.000,4.352,63.600,5.786,0.000,0.000
"23:30",0.000,4.403,63.600,6.042,0.000,0.000
"23:45",0.000,4.301,63.600,5.888,0.000,0.000
" 3/17/26 24:00",0.000,4.506,63.700,6.042,0.000,0.000
