"kwh"
"Time ","DAGSR01P","DAGSR01P","DAGSR01P","DAGSR01P","DAGSR01P","DAGSR01P"
" 3/12/26 00:15",0.000,7.629,63.700,4.915,0.000,0.000
" 3/12/26 00:30",0.000,7.578,63.600,5.069,0.000,0.000
"00:45",0.000,7.680,63.600,4.608,0.000,0.000
"01:00",0.000,7.219,63.600,4.966,0.000,0.000
"01:15",0.000,7.066,63.600,4.966,0.000,0.000
"01:30",0.000,7.475,63.700,5.427,0.000,0.000
"01:45",0.000,7.219,63.700,5.376,0.000,0.000
"02:00",0.000,7.066,63.700,5.632,0.000,0.000
"02:15",0.000,6.298,63.600,5.888,0.000,0.000
"02:30",0.000,4.045,63.700,6.912,0.000,0.000
"02:45",0.000,3.994,63.700,7.117,0.000,0.000
"03:00",0.000,3.942,63.700,7.475,0.000,0.000
"03:15",0.000,4.250,63.600,7.526,0.000,0.000
"03:30",0.000,4.403,63.600,7.373,0.000,0.000
"03:45",0.000,4.608,63.600,7.526,0.000,0.000
"04:00",0.000,4.659,63.600,7.168,0.000,0.000
"04:15",0.000,4.301,63.600,7.168,0.000,0.000
"04:30",0.000,4.250,63.600,7.168,0.000,0.000
"04:45",0.000,4.301,63.600,7.117,0.000,0.000
"05:00",0.000,4.198,63.700,7.373,0.000,0.000
"05:15",0.000,4.454,63.600,7.219,0.000,0.000
"05:30",0.000,4.813,63.600,7.322,0.000,0.000
"05:45",0.000,4.506,63.700,7.373,0.000,0.000
"06:00",0.000,4.301,63.700,7.373,0.000,0.000
"06:15",0.000,4.250,63.600,7.373,0.000,0.000
"06:30",0.000,4.147,63.700,7.270,0.000,0.000
"06:45",0.000,3.994,63.700,7.014,0.000,0.000
"07:00",0.000,4.096,63.600,7.014,0.000,0.000
"07:15",0.000,4.710,63.600,6.656,0.000,0.000
"07:30",0.000,5.171,63.600,6.963,0.000,0.000
"07:45",0.000,4.608,63.600,7.219,0.000,0.000
"08:00",0.000,4.557,63.700,6.758,0.000,0.000
"08:15",0.000,3.379,63.700,6.093,0.000,0.000
"08:30",0.000,3.021,63.700,6.093,0.000,0.000
"08:45",0.256,2.406,63.700,4.557,0.000,0.000
"09:00",0.512,2.202,63.700,4.250,0.000,0.000
"09:15",5.734,0.154,63.700,1.075,0.000,0.000
"09:30",11.520,0.000,63.700,0.000,0.000,0.000
"09:45",19.251,0.000,63.700,0.000,0.000,0.000
"10:00",21.760,0.000,63.700,0.000,0.000,0.000
"10:15",11.469,0.000,63.700,0.000,0.000,0.000
"10:30",9.421,0.000,63.700,0.000,0.000,0.000
"10:45",16.026,0.000,63.700,0.000,0.000,0.000
"11:00",15.667,0.000,63.600,0.000,0.000,0.000
"11:15",19.610,0.000,63.600,0.000,0.000,0.000
"11:30",27.597,0.000,63.700,0.000,0.000,0.000
"11:45",35.174,0.000,63.700,0.000,0.000,0.000
"12:00",39.270,0.000,63.700,0.000,0.000,0.000
"12:15",47.718,0.000,63.700,0.000,0.000,0.000
"12:30",61.901,0.000,63.600,0.000,0.000,0.000
"12:45",69.683,0.000,63.600,0.000,0.000,0.000
"13:00",77.978,0.000,63.600,0.000,0.000,0.000
"13:15",80.333,0.000,63.600,0.000,0.000,0.051
"13:30",83.866,0.000,63.700,0.000,0.000,0.051
"13:45",80.538,0.000,63.700,0.000,0.000,0.102
"14:00",88.832,0.000,63.600,0.000,0.000,0.102
"14:15",84.685,0.000,63.700,0.000,0.000,0.102
"14:30",78.131,0.000,63.700,0.000,0.000,0.102
"14:45",94.720,0.000,63.700,0.000,0.000,0.256
"15:00",68.301,0.000,63.600,0.000,0.000,0.154
"15:15",73.216,0.000,63.600,0.000,0.000,0.205
"15:30",47.104,0.000,63.600,0.000,0.000,0.102
"15:45",35.174,0.000,63.600,0.000,0.000,0.154
"16:00",80.589,0.000,63.700,0.000,0.000,0.614
"16:15",58.573,0.000,63.600,0.000,0.000,0.461
"16:30",59.853,0.000,63.600,0.000,0.000,0.461
"16:45",64.051,0.000,63.600,0.000,0.000,0.358
"17:00",53.606,0.000,63.600,0.000,0.000,0.358
"17:15",52.070,0.000,63.600,0.000,0.000,0.307
"17:30",45.158,0.000,63.600,0.000,0.000,0.205
"17:45",38.246,0.000,63.600,0.000,0.000,0.051
"18:00",31.898,0.000,63.600,0.000,0.000,0.000
"18:15",24.166,0.000,63.600,0.000,0.000,0.000
"18:30",17.306,0.000,63.600,0.000,0.000,0.000
"18:45",9.882,0.000,63.600,0.000,0.000,0.000
"19:00",2.765,13.619,63.600,0.000,3.686,0.000
"19:15",0.205,12.186,63.600,1.946,2.560,0.000
"19:30",0.000,5.530,63.600,3.738,0.000,0.000
"19:45",0.000,7.424,63.600,3.482,0.000,0.000
"20:00",0.000,7.424,63.600,3.738,0.000,0.000
"20:15",0.000,7.680,63.600,3.840,0.000,0.000
"20:30",0.000,8.294,63.600,3.942,0.000,0.000
"20:45",0.000,7.578,63.600,4.045,0.000,0.000
"21:00",0.000,7.680,63.700,4.045,0.000,0.000
"21:15",0.000,7.782,63.600,4.147,0.000,0.000
"21:30",0.000,7.936,63.600,4.403,0.000,0.000
"21:45",0.000,8.038,63.600,4.250,0.000,0.000
"22:00",0.000,7.731,63.600,4.352,0.000,0.000
"22:15",0.000,7.475,63.600,4.659,0.000,0.000
"22:30",0.000,7.424,63.600,4.506,0.000,0.000
"22:45",0.000,7.219,63.600,5.018,0.000,0.000
"23:00",0.000,7.578,63.600,4.915,0.000,0.000
"23:15",0.000,7.578,63.700,4.915,0.000,0.000
"23:30",0.000,7.014,63.600,5.376,0.000,0.000
"23:45",0.000,7.322,63.600,5.222,0.000,0.000
" 3/12/26 24:00",0.000,7.270,63.600,4.966,0.000,0.000
