"kwh"
"Time ","DAGSR01P","DAGSR01P","DAGSR01P","DAGSR01P","DAGSR01P","DAGSR01P"
" 7/05/26 00:15",0.000,5.632,63.600,6.093,0.000,0.000
" 7/05/26 00:30",0.000,4.966,63.600,6.246,0.000,0.000
"00:45",0.000,5.376,63.700,6.246,0.000,0.000
"01:00",0.000,5.325,63.600,6.400,0.000,0.000
"01:15",0.000,5.274,63.600,6.554,0.000,0.000
"01:30",0.000,5.427,63.600,6.451,0.000,0.000
"01:45",0.000,5.632,63.600,6.195,0.000,0.000
"02:00",0.000,5.171,63.600,6.554,0.000,0.000
"02:15",0.000,5.120,63.600,6.707,0.000,0.000
"02:30",0.000,5.120,63.600,6.656,0.000,0.000
"02:45",0.000,4.710,63.600,6.656,0.000,0.000
"03:00",0.000,5.018,63.600,6.758,0.000,0.000
"03:15",0.000,4.864,63.700,6.656,0.000,0.000
"03:30",0.000,4.762,63.700,6.758,0.000,0.000
"03:45",0.000,4.762,63.600,7.014,0.000,0.000
"04:00",0.000,4.710,63.600,6.758,0.000,0.000
"04:15",0.000,4.813,63.600,6.349,0.000,0.000
"04:30",0.000,5.120,63.600,6.758,0.000,0.000
"04:45",0.000,4.710,63.600,6.861,0.000,0.000
"05:00",0.000,4.813,63.600,6.861,0.000,0.000
"05:15",0.000,5.120,63.600,7.168,0.000,0.000
"05:30",0.000,4.762,63.600,6.912,0.000,0.000
"05:45",0.000,4.966,63.600,6.554,0.000,0.000
"06:00",0.000,5.018,63.600,6.912,0.000,0.000
"06:15",0.000,4.813,63.600,6.758,0.000,0.000
"06:30",0.000,4.762,63.600,6.605,0.000,0.000
"06:45",0.000,5.069,63.600,6.656,0.000,0.000
"07:00",0.000,4.915,63.600,6.451,0.000,0.000
"07:15",0.000,5.018,63.600,6.349,0.000,0.000
"07:30",0.000,5.478,63.600,6.656,0.000,0.000
"07:45",0.000,5.632,63.600,6.810,0.000,0.000
"08:00",0.000,5.734,63.600,6.758,0.000,0.000
"08:15",0.000,5.786,63.600,6.502,0.000,0.000
"08:30",0.000,5.581,63.600,6.707,0.000,0.000
"08:45",0.000,5.683,63.600,7.270,0.000,0.000
"09:00",0.000,5.171,63.600,6.861,0.000,0.000
"09:15",0.102,3.379,63.600,5.632,0.000,0.000
"09:30",18.586,0.051,63.600,0.051,0.000,0.000
"09:45",30.925,0.000,63.600,0.000,0.000,0.000
"10:00",38.195,0.000,63.600,0.000,0.000,0.000
"10:15",46.797,0.000,63.600,0.000,0.000,0.000
"10:30",54.170,0.000,63.700,0.000,0.000,0.000
"10:45",60.723,0.000,63.700,0.000,0.000,0.000
"11:00",67.174,0.000,63.700,0.000,0.000,0.000
"11:15",73.011,0.000,63.700,0.000,0.000,0.000
"11:30",77.517,0.000,63.700,0.000,0.000,0.051
"11:45",82.893,0.000,63.800,0.000,0.000,0.000
"12:00",79.104,0.000,63.700,0.000,0.000,0.000
"12:15",91.904,0.000,63.800,0.000,0.000,0.051
"12:30",96.819,0.000,63.800,0.000,0.000,0.102
"12:45",60.570,0.000,63.800,0.000,0.000,0.102
"13:00",84.429,0.000,63.700,0.000,0.000,0.205
"13:15",98.202,0.000,63.700,0.000,0.000,0.154
"13:30",102.605,0.000,63.700,0.000,0.000,0.256
"13:45",70.656,0.000,63.800,0.000,0.000,0.154
"14:00",65.229,0.000,63.800,0.000,0.000,0.102
"14:15",93.082,0.000,63.800,0.000,0.000,0.154
"14:30",101.837,0.000,63.800,0.000,0.000,0.256
"14:45",94.157,0.000,63.800,0.000,0.000,0.000
"15:00",92.467,0.000,63.800,0.000,0.000,0.051
"15:15",87.706,0.000,63.800,0.000,0.000,0.000
"15:30",84.173,0.000,63.700,0.000,0.000,0.000
"15:45",79.872,0.000,63.800,0.000,0.000,0.000
"16:00",75.878,0.000,63.700,0.000,0.000,0.000
"16:15",70.144,0.000,63.700,0.000,0.000,0.000
"16:30",63.846,0.000,63.700,0.000,0.000,0.000
"16:45",57.395,0.000,63.700,0.000,0.000,0.000
"17:00",50.586,0.000,63.800,0.000,0.000,0.000
"17:15",42.650,0.000,63.800,0.000,0.000,0.000
"17:30",35.021,0.000,63.700,0.000,0.000,0.000
"17:45",26.214,0.000,63.700,0.000,0.000,0.000
"18:00",5.530,0.051,63.700,1.280,0.000,0.000
"18:15",0.666,1.485,63.700,3.686,0.000,0.000
"18:30",0.000,4.352,63.700,6.195,0.000,0.000
"18:45",0.000,5.018,63.700,6.195,0.000,0.000
"19:00",0.000,4.915,63.600,6.195,0.000,0.000
"19:15",0.000,5.376,63.700,5.990,0.000,0.000
"19:30",0.000,4.966,63.600,5.325,0.000,0.000
"19:45",0.000,4.915,63.600,5.325,0.000,0.000
"20:00",0.000,5.120,63.600,5.427,0.000,0.000
"20:15",0.000,5.120,63.700,5.683,0.000,0.000
"20:30",0.000,4.864,63.700,5.581,0.000,0.000
"20:45",0.000,5.018,63.700,5.581,0.000,0.000
"21:00",0.000,5.325,63.700,5.581,0.000,0.000
"21:15",0.000,5.376,63.700,5.427,0.000,0.000
"21:30",0.000,6.093,63.600,5.683,0.000,0.000
"21:45",0.000,5.888,63.700,5.632,0.000,0.000
"22:00",0.000,5.222,63.600,5.734,0.000,0.000
"22:15",0.000,5.171,63.600,5.939,0.000,0.000
"22:30",0.000,5.632,63.600,6.042,0.000,0.000
"22:45",0.000,5.376,63.600,6.042,0.000,0.000
"23:00",0.000,5.478,63.600,6.246,0.000,0.000
"23:15",0.000,5.274,63.700,5.939,0.000,0.000
"23:30",0.000,5.171,63.600,6.042,0.000,0.000
"23:45",0.000,5.530,63.600,6.144,0.000,0.000
" 7/05/26 24:00",0.000,5.683,63.600,5.888,0.000,0.000
