"kwh"
"Time ","DAGSR01P","DAGSR01P","DAGSR01P","DAGSR01P","DAGSR01P","DAGSR01P"
"10/09/26 00:15",0.000,71.526,63.700,0.000,35.584,0.000
"10/09/26 00:30",0.000,71.475,63.700,0.000,35.738,0.000
"00:45",0.000,72.294,63.700,0.000,36.198,0.000
"01:00",0.000,72.499,63.700,0.000,36.250,0.000
"01:15",0.000,71.629,63.700,0.000,35.891,0.000
"01:30",0.000,71.424,63.700,0.000,35.738,0.000
"01:45",0.000,71.629,63.700,0.000,35.738,0.000
"02:00",0.000,71.270,63.700,0.000,35.635,0.000
"02:15",0.000,71.322,63.700,0.000,35.789,0.000
"02:30",0.000,71.629,63.700,0.000,35.738,0.000
"02:45",0.000,72.090,63.700,0.000,35.891,0.000
"03:00",0.000,71.373,63.700,0.000,35.840,0.000
"03:15",0.000,71.322,63.700,0.000,35.789,0.000
"03:30",0.000,71.322,63.700,0.000,35.686,0.000
"03:45",0.000,71.578,63.700,0.000,35.635,0.000
"04:00",0.000,71.322,63.700,0.000,35.686,0.000
"04:15",0.000,71.322,63.700,0.000,35.686,0.000
"04:30",0.000,71.629,63.700,0.000,35.738,0.000
"04:45",0.000,71.526,63.700,0.000,35.840,0.000
"05:00",0.000,71.322,63.700,0.000,35.840,0.000
"05:15",0.000,71.373,63.700,0.000,35.738,0.000
"05:30",0.000,71.578,63.700,0.000,35.891,0.000
"05:45",0.000,71.680,63.700,0.000,35.891,0.000
"06:00",0.000,71.680,63.700,0.000,35.686,0.000
"06:15",0.000,71.885,63.700,0.000,35.686,0.000
"06:30",0.000,71.629,63.700,0.000,35.686,0.000
"06:45",0.000,71.424,63.700,0.000,35.533,0.000
"07:00",0.000,71.629,63.700,0.000,35.686,0.000
"07:15",0.000,70.758,63.700,0.000,35.942,0.000
"07:30",0.000,68.966,63.700,0.000,35.994,0.000
"07:45",0.000,68.403,63.700,0.000,36.403,0.000
"08:00",0.000,86.118,63.700,0.000,54.067,0.000
"08:15",0.000,96.102,63.700,0.000,57.037,0.000
"08:30",0.000,91.546,63.700,0.000,57.242,0.000
"08:45",0.000,80.640,63.700,0.000,57.293,0.000
"09:00",0.000,71.014,63.700,0.000,57.139,0.000
"09:15",0.000,83.405,63.700,0.000,57.190,0.000
"09:30",0.000,63.898,63.700,0.000,57.498,0.000
"09:45",0.000,40.243,63.700,0.000,58.368,0.000
"10:00",0.000,58.675,63.700,0.000,57.088,0.000
"10:15",0.000,68.250,63.700,0.000,57.344,0.000
"10:30",8.806,28.058,63.700,0.000,23.706,0.154
"10:45",71.475,0.000,63.700,0.000,0.000,0.410
"11:00",39.834,0.000,63.700,0.000,0.000,0.102
"11:15",80.998,0.000,63.700,0.000,0.000,0.563
"11:30",60.314,0.000,63.700,0.000,0.000,0.358
"11:45",38.042,0.000,63.700,0.000,0.000,16.486
"12:00",20.787,0.000,63.700,0.000,0.000,16.947
"12:15",15.616,0.154,63.700,0.000,0.614,19.354
"12:30",22.067,0.512,63.700,0.000,4.813,33.997
"12:45",0.410,30.515,63.700,0.000,53.299,3.123
"13:00",0.717,21.862,63.700,0.000,53.965,5.888
"13:15",0.000,55.398,63.700,0.000,58.624,0.000
"13:30",0.000,48.998,63.700,0.000,58.470,0.000
"13:45",0.000,66.509,63.700,0.000,59.238,0.000
"14:00",2.816,20.531,63.700,0.000,41.011,20.378
"14:15",0.205,43.213,63.700,0.000,57.498,1.690
"14:30",0.102,51.814,63.700,0.000,56.934,1.075
"14:45",0.000,62.771,63.700,0.000,57.344,0.000
"15:00",0.870,43.520,63.700,0.000,53.094,4.915
"15:15",5.376,18.534,63.700,0.000,29.798,29.235
"15:30",0.000,65.434,63.700,0.000,57.549,0.000
"15:45",0.000,73.062,63.700,0.000,63.181,0.000
"16:00",0.000,105.421,63.700,0.000,78.541,0.000
"16:15",0.000,103.526,63.700,0.000,78.899,0.000
"16:30",0.000,100.045,63.700,0.000,78.899,0.000
"16:45",0.000,107.520,63.700,0.000,78.899,0.000
"17:00",0.000,110.643,63.700,0.000,79.411,0.000
"17:15",0.000,141.363,63.600,0.000,88.627,0.000
"17:30",0.000,138.701,63.700,0.000,88.627,0.000
"17:45",0.000,141.210,63.700,0.000,87.347,0.000
"18:00",0.000,116.480,63.700,0.000,78.797,0.000
"18:15",0.000,123.955,63.700,0.000,79.155,0.000
"18:30",0.000,129.997,63.700,0.000,78.746,0.000
"18:45",0.000,131.738,63.700,0.000,78.694,0.000
"19:00",0.000,132.454,63.700,0.000,78.797,0.000
"19:15",0.000,136.243,63.700,0.000,78.643,0.000
"19:30",0.000,136.806,63.700,0.000,78.643,0.000
"19:45",0.000,137.421,63.600,0.000,78.438,0.000
"20:00",0.000,137.933,63.700,0.000,78.950,0.000
"20:15",0.000,137.779,63.600,0.000,78.899,0.000
"20:30",0.000,137.574,63.600,0.000,78.643,0.000
"20:45",0.000,137.011,63.600,0.000,78.592,0.000
"21:00",0.000,136.806,63.600,0.000,78.336,0.000
"21:15",0.000,137.318,63.600,0.000,78.387,0.000
"21:30",0.000,137.216,63.700,0.000,78.387,0.000
"21:45",0.000,136.755,63.700,0.000,78.336,0.000
"22:00",0.000,136.909,63.700,0.000,78.182,0.000
"22:15",0.000,137.370,63.700,0.000,78.234,0.000
"22:30",0.000,137.062,63.700,0.000,78.182,0.000
"22:45",0.000,137.626,63.700,0.000,78.336,0.000
"23:00",0.000,137.421,63.700,0.000,78.234,0.000
"23:15",0.000,136.909,63.600,0.000,78.080,0.000
"23:30",0.000,136.858,63.700,0.000,77.926,0.000
"23:45",0.000,137.062,63.700,0.000,77.824,0.000
"10/09/26 24:00",0.000,137.267,63.700,0.000,77.670,0.000
