"kwh"
"Time ","DAGSR01P","DAGSR01P","DAGSR01P","DAGSR01P","DAGSR01P","DAGSR01P"
" 2/19/26 00:15",0.000,5.683,63.600,6.042,0.000,0.000
" 2/19/26 00:30",0.000,4.915,63.600,5.888,0.000,0.000
"00:45",0.000,5.222,63.600,6.195,0.000,0.000
"01:00",0.000,5.069,63.600,6.144,0.000,0.000
"01:15",0.000,5.069,63.600,5.990,0.000,0.000
"01:30",0.000,7.373,63.600,4.403,0.000,0.000
"01:45",0.000,8.294,63.600,3.891,0.000,0.000
"02:00",0.000,7.987,63.600,4.096,0.000,0.000
"02:15",0.000,7.475,63.600,4.659,0.000,0.000
"02:30",0.000,7.424,63.600,4.454,0.000,0.000
"02:45",0.000,7.526,63.600,4.608,0.000,0.000
"03:00",0.000,7.373,63.600,4.762,0.000,0.000
"03:15",0.000,8.294,63.600,4.352,0.000,0.000
"03:30",0.000,8.653,63.600,4.352,0.000,0.000
"03:45",0.000,7.987,63.600,4.250,0.000,0.000
"04:00",0.000,7.526,63.600,4.915,0.000,0.000
"04:15",0.000,7.475,63.600,5.018,0.000,0.000
"04:30",0.000,7.475,63.600,4.659,0.000,0.000
"04:45",0.000,7.526,63.600,4.557,0.000,0.000
"05:00",0.000,7.885,63.600,4.301,0.000,0.000
"05:15",0.000,8.294,63.600,3.994,0.000,0.000
"05:30",0.000,8.397,63.600,4.198,0.000,0.000
"05:45",0.000,5.274,63.600,6.656,0.000,0.000
"06:00",0.000,5.530,63.600,6.707,0.000,0.000
"06:15",0.000,4.966,63.600,6.707,0.000,0.000
"06:30",0.000,4.915,63.600,6.707,0.000,0.000
"06:45",0.000,5.222,63.600,6.656,0.000,0.000
"07:00",0.000,6.246,63.600,6.298,0.000,0.000
"07:15",0.000,6.758,63.600,6.042,0.000,0.000
"07:30",0.000,6.349,63.500,6.451,0.000,0.000
"07:45",0.307,3.584,63.500,5.069,0.000,0.000
"08:00",0.563,2.918,63.600,4.506,0.000,0.000
"08:15",0.256,3.942,63.600,4.864,0.000,0.000
"08:30",1.690,1.229,63.600,3.277,0.000,0.000
"08:45",4.506,0.410,63.600,2.304,0.000,0.000
"09:00",10.598,0.000,63.600,0.000,0.000,0.000
"09:15",18.688,0.000,63.600,0.000,0.000,0.000
"09:30",21.914,2.406,63.600,0.000,3.123,3.635
"09:45",7.117,10.035,63.500,0.000,15.923,11.571
"10:00",14.490,4.915,63.500,0.000,6.349,9.472
"10:15",9.421,1.946,63.500,0.000,16.486,15.462
"10:30",6.605,1.126,63.500,0.000,6.707,31.898
"10:45",3.174,11.264,63.600,0.000,15.718,6.861
"11:00",4.762,5.018,63.600,0.000,10.598,5.376
"11:15",46.643,0.051,63.600,0.000,0.102,17.562
"11:30",27.904,2.099,63.600,0.000,5.376,12.493
"11:45",5.274,3.123,63.600,0.000,7.885,9.165
"12:00",44.902,0.000,63.600,0.000,0.000,19.507
"12:15",21.862,1.690,63.600,0.000,5.274,13.107
"12:30",61.850,0.051,63.600,0.000,0.102,19.302
"12:45",64.666,0.000,63.600,0.000,0.000,19.098
"13:00",64.512,0.000,63.600,0.000,0.000,18.534
"13:15",63.539,0.000,63.600,0.000,0.000,18.790
"13:30",62.054,0.000,63.600,0.000,0.000,19.610
"13:45",63.642,0.000,63.600,0.000,0.000,18.637
"14:00",63.846,0.000,63.600,0.000,0.000,19.405
"14:15",63.846,0.000,63.600,0.000,0.000,19.251
"14:30",63.949,0.000,63.600,0.000,0.000,19.046
"14:45",64.000,0.000,63.600,0.000,0.000,18.586
"15:00",63.898,0.000,63.600,0.000,0.000,18.586
"15:15",63.334,0.000,63.600,0.000,0.000,18.534
"15:30",54.835,0.000,63.600,0.000,0.000,22.784
"15:45",26.010,0.000,63.600,0.000,0.000,39.680
"16:00",22.835,0.000,63.600,0.000,0.000,39.629
"16:15",18.227,0.000,63.600,0.000,0.000,39.834
"16:30",2.202,15.053,63.600,0.000,44.442,5.069
"16:45",0.000,22.016,63.500,0.000,51.046,0.000
"17:00",0.000,27.802,63.500,0.000,50.790,0.000
"17:15",0.000,33.946,63.600,0.000,50.842,0.000
"17:30",0.000,40.858,63.600,0.000,50.893,0.000
"17:45",0.000,47.360,63.600,0.000,50.483,0.000
"18:00",0.000,55.398,63.600,0.000,49.869,0.000
"18:15",0.000,61.030,63.600,0.000,49.357,0.000
"18:30",0.000,79.770,63.600,0.000,49.050,0.000
"18:45",0.000,74.598,63.600,0.000,49.203,0.000
"19:00",0.000,81.664,63.600,0.000,49.306,0.000
"19:15",0.000,90.778,63.600,0.000,49.920,0.000
"19:30",0.000,96.768,63.600,0.000,50.125,0.000
"19:45",0.000,102.298,63.600,0.000,52.122,0.000
"20:00",0.000,104.294,63.600,0.000,51.354,0.000
"20:15",0.000,104.909,63.600,0.000,51.558,0.000
"20:30",0.000,105.728,63.600,0.000,51.251,0.000
"20:45",0.000,105.677,63.600,0.000,51.302,0.000
"21:00",0.000,106.291,63.600,0.000,51.763,0.000
"21:15",0.000,106.291,63.600,0.000,51.712,0.000
"21:30",0.000,105.626,63.600,0.000,51.661,0.000
"21:45",0.000,104.858,63.600,0.000,50.995,0.000
"22:00",0.000,104.909,63.600,0.000,50.893,0.000
"22:15",0.000,104.653,63.600,0.000,51.046,0.000
"22:30",0.000,104.704,63.600,0.000,50.893,0.000
"22:45",0.000,105.011,63.600,0.000,51.251,0.000
"23:00",0.000,105.011,63.600,0.000,50.944,0.000
"23:15",0.000,102.963,63.600,0.000,49.715,0.000
"23:30",0.000,103.168,63.600,0.000,49.203,0.000
"23:45",0.000,103.526,63.600,0.000,49.203,0.000
" 2/19/26 24:00",0.000,102.400,63.600,0.000,49.254,0.000
