"kwh"
"Time ","DAGSR01P","DAGSR01P","DAGSR01P","DAGSR01P","DAGSR01P","DAGSR01P"
" 8/18/26 00:15",0.000,3.430,63.700,8.243,0.000,0.000
" 8/18/26 00:30",0.000,3.891,63.700,8.294,0.000,0.000
"00:45",0.000,4.250,63.700,8.346,0.000,0.000
"01:00",0.000,4.147,63.700,8.499,0.000,0.000
"01:15",0.000,4.454,63.700,8.346,0.000,0.000
"01:30",0.000,3.584,63.700,8.602,0.000,0.000
"01:45",0.000,3.789,63.700,8.755,0.000,0.000
"02:00",0.000,3.584,63.700,8.448,0.000,0.000
"02:15",0.000,3.328,63.700,8.602,0.000,0.000
"02:30",0.000,3.379,63.700,8.704,0.000,0.000
"02:45",0.000,3.738,63.700,8.550,0.000,0.000
"03:00",0.000,3.482,63.700,8.704,0.000,0.000
"03:15",0.000,3.430,63.700,8.602,0.000,0.000
"03:30",0.000,3.533,63.700,8.602,0.000,0.000
"03:45",0.000,3.840,63.700,8.755,0.000,0.000
"04:00",0.000,3.584,63.700,8.704,0.000,0.000
"04:15",0.000,3.789,63.700,8.806,0.000,0.000
"04:30",0.000,4.147,63.700,8.806,0.000,0.000
"04:45",0.000,3.686,63.700,9.370,0.000,0.000
"05:00",0.000,3.584,63.700,8.858,0.000,0.000
"05:15",0.000,3.789,63.700,8.806,0.000,0.000
"05:30",0.000,3.533,63.700,9.011,0.000,0.000
"05:45",0.000,3.789,63.700,9.114,0.000,0.000
"06:00",0.000,3.584,63.700,9.062,0.000,0.000
"06:15",0.000,3.584,63.700,8.909,0.000,0.000
"06:30",0.000,4.096,63.700,9.011,0.000,0.000
"06:45",0.000,3.584,63.700,9.062,0.000,0.000
"07:00",0.000,4.403,63.700,8.858,0.000,0.000
"07:15",0.000,4.250,63.700,8.960,0.000,0.000
"07:30",0.000,4.710,63.700,8.960,0.000,0.000
"07:45",0.000,4.454,63.700,9.011,0.000,0.000
"08:00",0.000,5.222,63.700,8.806,0.000,0.000
"08:15",0.000,4.915,63.700,8.499,0.000,0.000
"08:30",0.000,3.635,63.700,7.629,0.000,0.000
"08:45",8.909,0.256,63.700,1.229,0.000,0.000
"09:00",22.835,0.000,63.700,0.000,0.000,0.000
"09:15",3.021,1.485,63.700,0.000,5.990,5.018
"09:30",7.936,0.000,63.700,0.000,0.051,11.827
"09:45",16.384,0.000,63.700,0.000,0.000,11.930
"10:00",23.654,0.000,63.700,0.000,0.000,12.134
"10:15",30.362,0.000,63.700,0.000,0.000,12.595
"10:30",37.069,0.000,63.800,0.000,0.000,12.749
"10:45",42.547,0.000,63.800,0.000,0.000,13.056
"11:00",48.845,0.000,63.800,0.000,0.000,13.158
"11:15",53.862,0.000,63.800,0.000,0.000,13.517
"11:30",57.754,0.000,63.800,0.000,0.000,13.875
"11:45",60.672,0.000,63.800,0.000,0.000,14.797
"12:00",68.147,0.000,63.800,0.000,0.000,15.770
"12:15",69.069,0.461,63.800,0.000,0.358,15.411
"12:30",70.195,0.000,63.700,0.000,0.000,15.360
"12:45",71.731,0.000,63.800,0.000,0.000,15.872
"13:00",73.626,0.000,63.800,0.000,0.000,16.282
"13:15",73.677,0.000,63.700,0.000,0.000,16.179
"13:30",72.704,0.000,63.700,0.000,0.000,17.050
"13:45",72.294,0.000,63.700,0.000,0.000,16.998
"14:00",72.090,0.000,63.700,0.000,0.000,16.947
"14:15",63.437,0.000,63.700,0.000,0.000,15.411
"14:30",61.901,0.000,63.700,0.000,0.000,15.206
"14:45",62.259,0.000,63.700,0.000,0.000,15.616
"15:00",58.573,0.000,63.700,0.000,0.000,15.718
"15:15",1.843,2.355,63.700,0.000,6.707,6.246
"15:30",0.000,11.315,63.700,0.000,12.851,0.000
"15:45",0.512,5.478,63.700,0.000,10.394,2.867
"16:00",9.062,0.000,63.700,0.000,0.102,13.210
"16:15",54.323,0.000,63.700,0.000,0.000,15.258
"16:30",49.408,0.000,63.700,0.000,0.000,15.053
"16:45",22.989,1.946,63.700,0.000,3.635,9.882
"17:00",24.832,0.000,63.700,0.000,0.000,0.000
"17:15",14.643,0.000,63.700,0.000,0.000,0.000
"17:30",12.339,0.051,63.700,0.154,0.000,0.000
"17:45",1.178,1.075,63.700,2.048,0.000,0.000
"18:00",0.563,1.843,63.700,3.277,0.000,0.000
"18:15",0.205,2.970,63.700,4.147,0.000,0.000
"18:30",1.024,1.690,63.700,3.379,0.000,0.000
"18:45",0.000,6.246,63.700,5.376,0.000,0.000
"19:00",0.000,7.731,63.700,5.683,0.000,0.000
"19:15",0.000,8.038,63.700,5.632,0.000,0.000
"19:30",0.000,7.219,63.700,5.837,0.000,0.000
"19:45",0.000,7.578,63.700,6.093,0.000,0.000
"20:00",0.000,8.192,63.600,5.478,0.000,0.000
"20:15",0.000,8.653,63.700,5.120,0.000,0.000
"20:30",0.000,7.270,63.600,6.144,0.000,0.000
"20:45",0.000,7.014,63.700,6.042,0.000,0.000
"21:00",0.000,7.014,63.700,5.990,0.000,0.000
"21:15",0.000,6.758,63.700,5.837,0.000,0.000
"21:30",0.000,7.168,63.600,5.632,0.000,0.000
"21:45",0.000,6.912,63.700,5.786,0.000,0.000
"22:00",0.000,7.066,63.700,6.144,0.000,0.000
"22:15",0.000,7.219,63.700,6.246,0.000,0.000
"22:30",0.000,4.403,63.700,7.526,0.000,0.000
"22:45",0.000,4.557,63.700,7.629,0.000,0.000
"23:00",0.000,4.557,63.700,8.192,0.000,0.000
"23:15",0.000,4.454,63.600,7.526,0.000,0.000
"23:30",0.000,3.994,63.600,7.322,0.000,0.000
"23:45",0.000,4.096,63.600,7.168,0.000,0.000
" 8/18/26 24:00",0.000,4.403,63.700,6.912,0.000,0.000
