"kwh"
"Time ","DAGSR01P","DAGSR01P","DAGSR01P","DAGSR01P","DAGSR01P","DAGSR01P"
" 5/07/26 00:15",0.000,5.120,63.700,3.942,0.000,0.000
" 5/07/26 00:30",0.000,5.990,63.700,3.482,0.000,0.000
"00:45",0.000,6.298,63.700,3.174,0.000,0.000
"01:00",0.000,5.171,63.700,4.403,0.000,0.000
"01:15",0.000,5.837,63.700,4.403,0.000,0.000
"01:30",0.000,6.195,63.700,3.328,0.000,0.000
"01:45",0.000,5.427,63.700,3.994,0.000,0.000
"02:00",0.000,5.069,63.700,4.352,0.000,0.000
"02:15",0.000,5.990,63.700,3.994,0.000,0.000
"02:30",0.000,6.042,63.700,3.635,0.000,0.000
"02:45",0.000,5.018,63.700,4.813,0.000,0.000
"03:00",0.000,5.325,63.700,4.864,0.000,0.000
"03:15",0.000,6.093,63.600,3.430,0.000,0.000
"03:30",0.000,5.734,63.600,3.584,0.000,0.000
"03:45",0.000,5.069,63.600,4.403,0.000,0.000
"04:00",0.000,5.478,63.700,4.045,0.000,0.000
"04:15",0.000,6.298,63.700,2.970,0.000,0.000
"04:30",0.000,5.325,63.700,3.942,0.000,0.000
"04:45",0.000,5.427,63.700,4.301,0.000,0.000
"05:00",0.000,5.734,63.700,3.635,0.000,0.000
"05:15",0.000,6.451,63.700,3.021,0.000,0.000
"05:30",0.000,5.171,63.700,3.891,0.000,0.000
"05:45",0.000,5.478,63.700,3.994,0.000,0.000
"06:00",0.000,6.042,63.700,3.277,0.000,0.000
"06:15",0.000,5.939,63.700,3.635,0.000,0.000
"06:30",0.000,5.274,63.700,4.659,0.000,0.000
"06:45",0.000,5.427,63.700,3.635,0.000,0.000
"07:00",0.000,6.349,63.700,2.714,0.000,0.000
"07:15",0.000,5.376,63.700,3.533,0.000,0.000
"07:30",0.000,5.632,63.700,3.942,0.000,0.000
"07:45",0.000,6.605,63.700,3.430,0.051,0.000
"08:00",0.000,7.014,63.700,2.662,0.051,0.000
"08:15",0.000,5.786,63.700,3.584,0.000,0.000
"08:30",0.000,6.298,63.600,2.662,0.051,0.000
"08:45",0.000,5.376,63.600,2.099,0.205,0.000
"09:00",0.051,4.250,63.600,1.792,0.154,0.000
"09:15",1.075,1.280,63.600,1.741,0.000,0.000
"09:30",7.936,0.051,63.600,0.563,0.051,0.154
"09:45",3.328,0.000,63.600,0.051,0.000,0.410
"10:00",5.120,0.000,63.700,0.000,0.000,0.154
"10:15",37.171,0.000,63.700,0.000,0.000,0.205
"10:30",64.307,0.000,63.600,0.000,0.000,0.563
"10:45",73.370,0.000,63.600,0.000,0.000,0.922
"11:00",80.179,0.000,63.600,0.000,0.000,0.768
"11:15",85.299,0.000,63.600,0.000,0.000,0.922
"11:30",88.218,0.000,63.600,0.000,0.000,1.331
"11:45",93.235,0.000,63.700,0.000,0.000,1.178
"12:00",97.587,0.000,63.700,0.000,0.000,1.075
"12:15",99.891,0.000,63.700,0.000,0.000,1.331
"12:30",101.120,0.000,63.700,0.000,0.000,1.741
"12:45",104.141,0.000,63.700,0.000,0.000,1.178
"13:00",104.960,0.000,63.700,0.000,0.000,1.280
"13:15",103.782,0.000,63.700,0.000,0.000,1.485
"13:30",103.424,0.000,63.700,0.000,0.000,1.382
"13:45",105.472,0.000,63.700,0.000,0.000,1.126
"14:00",105.062,0.000,63.700,0.000,0.000,1.178
"14:15",103.270,0.000,63.700,0.000,0.000,1.178
"14:30",102.758,0.000,63.700,0.000,0.000,0.870
"14:45",99.891,0.000,63.700,0.000,0.000,0.973
"15:00",96.512,0.000,63.700,0.000,0.000,1.229
"15:15",94.157,0.000,63.700,0.000,0.000,0.973
"15:30",90.778,0.000,63.700,0.000,0.000,0.768
"15:45",85.606,0.000,63.700,0.000,0.000,0.819
"16:00",80.128,0.000,63.700,0.000,0.000,0.870
"16:15",75.213,0.000,63.700,0.000,0.000,0.358
"16:30",68.762,0.000,63.700,0.000,0.000,0.410
"16:45",61.082,0.000,63.700,0.000,0.000,0.512
"17:00",54.528,0.000,63.700,0.000,0.000,0.256
"17:15",47.309,0.000,63.700,0.000,0.000,0.000
"17:30",38.144,0.000,63.700,0.000,0.000,0.307
"17:45",28.672,0.000,63.700,0.000,0.000,0.256
"18:00",19.354,0.000,63.700,0.000,0.000,0.000
"18:15",6.042,0.666,63.700,0.819,0.000,0.000
"18:30",0.000,4.659,63.700,2.406,0.102,0.000
"18:45",0.000,5.632,63.700,3.226,0.000,0.000
"19:00",0.000,5.222,63.600,3.482,0.000,0.000
"19:15",0.000,5.888,63.600,2.816,0.051,0.000
"19:30",0.000,6.502,63.600,2.714,0.000,0.000
"19:45",0.000,6.093,63.600,3.584,0.000,0.000
"20:00",0.000,5.734,63.600,3.533,0.000,0.000
"20:15",0.000,5.734,63.600,3.533,0.000,0.000
"20:30",0.000,5.376,63.600,4.045,0.000,0.000
"20:45",0.000,4.710,63.600,4.915,0.000,0.000
"21:00",0.000,5.478,63.600,4.454,0.000,0.000
"21:15",0.000,6.502,63.600,4.096,0.000,0.000
"21:30",0.000,6.093,63.600,5.018,0.000,0.000
"21:45",0.000,5.530,63.600,5.222,0.000,0.000
"22:00",0.000,6.554,63.600,4.250,0.000,0.000
"22:15",0.000,6.042,63.600,4.403,0.000,0.000
"22:30",0.000,4.966,63.600,5.120,0.000,0.000
"22:45",0.000,5.120,63.600,4.966,0.000,0.000
"23:00",0.000,5.888,63.600,4.147,0.000,0.000
"23:15",0.000,5.274,63.600,4.813,0.000,0.000
"23:30",0.000,4.403,63.600,5.274,0.000,0.000
"23:45",0.000,5.581,63.700,4.813,0.000,0.000
" 5/07/26 24:00",0.000,6.144,63.700,3.789,0.000,0.000
