"kwh"
"Time ","DAGSR01P","DAGSR01P","DAGSR01P","DAGSR01P","DAGSR01P","DAGSR01P"
" 2/22/26 00:15",0.000,38.093,63.600,0.000,14.387,0.000
" 2/22/26 00:30",0.000,37.274,63.600,0.000,13.978,0.000
"00:45",0.000,37.786,63.600,0.000,13.312,0.000
"01:00",0.000,40.243,63.600,0.000,14.848,0.000
"01:15",0.000,40.499,63.600,0.000,15.258,0.000
"01:30",0.000,40.755,63.600,0.000,15.872,0.000
"01:45",0.000,40.755,63.600,0.000,15.872,0.000
"02:00",0.000,40.806,63.600,0.000,15.821,0.000
"02:15",0.000,39.885,63.600,0.000,15.104,0.000
"02:30",0.000,39.834,63.600,0.000,14.694,0.000
"02:45",0.000,40.038,63.600,0.000,14.541,0.000
"03:00",0.000,39.834,63.600,0.000,14.899,0.000
"03:15",0.000,40.192,63.600,0.000,14.746,0.000
"03:30",0.000,41.318,63.600,0.000,15.104,0.000
"03:45",0.000,41.370,63.600,0.000,14.899,0.000
"04:00",0.051,34.765,57.100,1.434,12.595,0.051
"04:15",0.000,0.410,11.100,8.346,0.000,0.000
"04:30",0.000,0.410,10.800,8.346,0.000,0.000
"04:45",0.000,0.358,10.700,8.346,0.000,0.000
"05:00",0.000,0.410,10.700,8.243,0.000,0.000
"05:15",0.000,0.256,10.800,8.294,0.000,0.000
"05:30",0.000,0.358,10.700,8.243,0.000,0.000
"05:45",0.000,0.307,10.800,8.243,0.000,0.000
"06:00",0.000,0.256,10.900,8.192,0.000,0.000
"06:15",0.000,0.256,10.800,8.141,0.000,0.000
"06:30",0.000,0.205,10.900,8.090,0.000,0.000
"06:45",0.000,0.256,10.900,8.141,0.000,0.000
"07:00",0.000,0.256,10.800,8.141,0.000,0.000
"07:15",0.000,0.205,10.800,8.141,0.000,0.000
"07:30",0.000,0.256,10.700,8.038,0.000,0.000
"07:45",0.000,0.256,10.800,8.090,0.000,0.000
"08:00",0.000,0.256,10.700,8.038,0.000,0.000
"08:15",0.000,0.205,10.800,8.038,0.000,0.000
"08:30",0.000,0.205,10.800,7.987,0.000,0.000
"08:45",0.000,0.256,10.600,7.936,0.000,0.000
"09:00",0.000,0.205,10.700,7.834,0.000,0.000
"09:15",0.000,0.205,10.700,7.885,0.000,0.000
"09:30",0.000,0.205,10.700,7.834,0.000,0.000
"09:45",0.000,0.205,10.700,7.885,0.000,0.000
"10:00",0.000,0.256,10.700,7.885,0.000,0.000
"10:15",0.000,0.307,16.200,8.294,0.000,0.000
"10:30",0.000,0.256,10.700,7.885,0.000,0.000
"10:45",0.000,0.512,9.800,8.960,0.000,0.000
"11:00",0.000,1.382,10.000,12.134,0.000,0.000
"11:15",0.000,0.922,4.700,11.725,0.000,0.000
"11:30",0.000,0.819,5.400,11.776,0.000,0.000
"11:45",0.000,0.819,5.600,11.674,0.000,0.000
"12:00",0.000,0.870,5.500,11.469,0.000,0.000
"12:15",0.000,0.768,5.800,11.418,0.000,0.000
"12:30",0.000,0.870,5.700,11.418,0.000,0.000
"12:45",0.000,0.819,5.700,11.315,0.000,0.000
"13:00",0.000,0.819,5.700,11.418,0.000,0.000
"13:15",0.000,0.819,5.700,11.366,0.000,0.000
"13:30",0.000,0.819,5.800,11.366,0.000,0.000
"13:45",0.051,0.768,6.500,7.424,0.000,0.000
"14:00",0.000,0.717,6.300,9.523,0.000,0.000
"14:15",0.051,1.382,6.800,9.779,0.000,0.000
"14:30",0.000,1.638,7.000,11.264,0.000,0.000
"14:45",0.000,1.690,6.500,11.264,0.000,0.000
"15:00",4.301,2.253,51.200,4.301,0.051,0.000
"15:15",86.989,0.000,63.700,0.000,0.000,0.358
"15:30",92.365,0.000,63.700,0.000,0.000,0.410
"15:45",85.811,0.000,63.700,0.000,0.000,0.256
"16:00",88.320,0.000,63.700,0.000,0.000,0.205
"16:15",83.507,0.000,63.700,0.000,0.000,0.205
"16:30",79.002,0.000,63.700,0.000,0.000,0.102
"16:45",73.830,0.000,63.700,0.000,0.000,0.000
"17:00",65.741,0.000,63.700,0.000,0.000,0.000
"17:15",55.706,0.000,63.700,0.000,0.000,0.000
"17:30",44.544,0.000,63.700,0.000,0.000,0.000
"17:45",47.872,0.000,63.700,0.000,0.000,0.000
"18:00",40.294,0.000,63.700,0.000,0.000,0.000
"18:15",32.973,0.000,63.700,0.000,0.000,0.000
"18:30",25.190,0.000,63.600,0.000,0.000,0.000
"18:45",17.766,0.000,63.700,0.000,0.000,0.000
"19:00",10.240,0.000,63.600,0.000,0.000,0.000
"19:15",3.738,0.000,63.600,0.256,0.000,0.000
"19:30",0.717,1.024,63.600,3.174,0.000,0.000
"19:45",0.051,2.509,63.600,4.659,0.000,0.000
"20:00",0.051,3.072,63.600,5.581,0.000,0.000
"20:15",0.000,4.608,63.600,6.093,0.000,0.000
"20:30",0.000,4.966,63.700,6.195,0.000,0.000
"20:45",0.000,4.250,63.600,7.014,0.000,0.000
"21:00",0.000,4.198,63.700,6.963,0.000,0.000
"21:15",0.000,4.403,63.700,7.014,0.000,0.000
"21:30",0.000,4.250,63.700,6.810,0.000,0.000
"21:45",0.000,4.198,63.700,6.758,0.000,0.000
"22:00",0.000,5.478,63.700,6.144,0.000,0.000
"22:15",0.000,5.274,63.700,6.195,0.000,0.000
"22:30",0.000,5.171,63.700,6.656,0.000,0.000
"22:45",0.000,4.403,63.600,7.117,0.000,0.000
"23:00",0.000,4.813,63.700,7.322,0.000,0.000
"23:15",0.000,4.762,63.700,7.475,0.000,0.000
"23:30",0.000,4.250,63.700,7.168,0.000,0.000
"23:45",0.000,5.069,63.700,6.810,0.000,0.000
" 2/22/26 24:00",0.000,5.120,63.700,6.707,0.000,0.000
