"kwh"
"Time ","DAGSR01P","DAGSR01P","DAGSR01P","DAGSR01P","DAGSR01P","DAGSR01P"
" 7/26/26 00:15",0.000,5.069,63.700,5.734,0.000,0.000
" 7/26/26 00:30",0.000,5.786,63.600,5.427,0.000,0.000
"00:45",0.000,5.530,63.600,5.888,0.000,0.000
"01:00",0.000,5.069,63.600,5.990,0.000,0.000
"01:15",0.000,5.478,63.700,5.632,0.000,0.000
"01:30",0.000,4.198,63.700,7.117,0.000,0.000
"01:45",0.000,3.533,63.700,7.373,0.000,0.000
"02:00",0.000,4.403,63.700,6.707,0.000,0.000
"02:15",0.000,3.891,63.700,7.475,0.000,0.000
"02:30",0.000,3.994,63.700,7.578,0.000,0.000
"02:45",0.000,4.045,63.700,7.168,0.000,0.000
"03:00",0.000,3.328,63.700,7.629,0.000,0.000
"03:15",0.000,3.328,63.700,7.629,0.000,0.000
"03:30",0.000,3.994,63.700,6.963,0.000,0.000
"03:45",0.000,3.379,63.700,7.322,0.000,0.000
"04:00",0.000,3.789,63.700,7.270,0.000,0.000
"04:15",0.000,4.250,63.700,7.066,0.000,0.000
"04:30",0.000,3.686,63.700,7.526,0.000,0.000
"04:45",0.000,3.584,63.700,7.578,0.000,0.000
"05:00",0.000,4.096,63.700,7.475,0.000,0.000
"05:15",0.000,3.328,63.700,7.373,0.000,0.000
"05:30",0.000,3.686,63.700,7.322,0.000,0.000
"05:45",0.000,4.710,63.700,7.066,0.000,0.000
"06:00",0.000,3.738,63.700,7.526,0.000,0.000
"06:15",0.000,3.533,63.700,7.578,0.000,0.000
"06:30",0.000,3.942,63.700,7.168,0.000,0.000
"06:45",0.000,3.686,63.700,7.117,0.000,0.000
"07:00",0.000,3.635,63.700,7.424,0.000,0.000
"07:15",0.000,4.557,63.700,6.963,0.000,0.000
"07:30",0.000,4.198,63.700,6.861,0.000,0.000
"07:45",0.000,3.635,63.700,7.680,0.000,0.000
"08:00",0.000,4.096,63.700,8.038,0.000,0.000
"08:15",0.000,4.198,63.700,8.653,0.000,0.000
"08:30",0.000,3.942,63.700,8.909,0.000,0.000
"08:45",0.051,3.277,63.700,7.475,0.000,0.000
"09:00",3.328,1.229,63.700,2.458,0.000,0.000
"09:15",22.016,0.000,63.700,0.000,0.000,0.000
"09:30",30.157,0.000,63.700,0.000,0.000,0.000
"09:45",30.771,0.000,63.700,0.000,0.000,0.000
"10:00",41.574,0.000,63.700,0.000,0.000,0.000
"10:15",49.818,0.000,63.700,0.000,0.000,0.000
"10:30",55.706,0.000,63.700,0.000,0.000,0.000
"10:45",63.181,0.000,63.700,0.000,0.000,0.000
"11:00",68.506,0.000,63.700,0.000,0.000,0.000
"11:15",73.062,0.000,63.700,0.000,0.000,0.000
"11:30",78.438,0.000,63.700,0.000,0.000,0.000
"11:45",80.230,0.000,63.700,0.000,0.000,0.000
"12:00",85.760,0.000,63.700,0.000,0.000,0.000
"12:15",88.832,0.000,63.700,0.000,0.000,0.000
"12:30",90.522,0.000,63.700,0.000,0.000,0.000
"12:45",91.853,0.000,63.700,0.000,0.000,0.000
"13:00",93.798,0.000,63.700,0.000,0.000,0.051
"13:15",94.362,0.000,63.700,0.000,0.000,0.000
"13:30",93.491,0.000,63.700,0.000,0.000,0.102
"13:45",98.355,0.000,63.700,0.000,0.000,0.358
"14:00",77.517,0.000,63.700,0.000,0.000,0.102
"14:15",90.624,0.000,63.600,0.000,0.000,0.154
"14:30",87.245,0.000,63.700,0.000,0.000,0.205
"14:45",80.998,0.000,63.700,0.000,0.000,0.000
"15:00",81.562,0.000,63.700,0.000,0.000,0.000
"15:15",75.315,0.000,63.700,0.000,0.000,0.000
"15:30",66.202,0.000,63.700,0.000,0.000,0.000
"15:45",70.810,0.000,63.700,0.000,0.000,0.000
"16:00",73.216,0.000,63.700,0.000,0.000,0.000
"16:15",54.630,0.000,63.600,0.000,0.000,0.000
"16:30",70.912,0.000,63.600,0.000,0.000,0.000
"16:45",60.109,0.000,63.600,0.000,0.000,0.000
"17:00",51.251,0.000,63.600,0.000,0.000,0.000
"17:15",46.541,0.000,63.700,0.000,0.000,0.000
"17:30",31.078,0.000,63.700,0.000,0.000,0.000
"17:45",3.738,0.051,63.700,0.512,0.000,0.000
"18:00",11.981,0.000,63.700,0.000,0.000,0.000
"18:15",10.854,0.000,63.600,0.000,0.000,0.000
"18:30",0.717,0.666,63.700,2.662,0.000,0.000
"18:45",0.000,3.686,63.700,5.837,0.000,0.000
"19:00",0.000,5.478,63.700,5.632,0.000,0.000
"19:15",0.000,4.454,63.700,6.195,0.000,0.000
"19:30",0.000,4.813,63.700,5.888,0.000,0.000
"19:45",0.000,5.069,63.700,5.990,0.000,0.000
"20:00",0.000,4.659,63.700,5.990,0.000,0.000
"20:15",0.000,5.376,63.700,5.632,0.000,0.000
"20:30",0.000,5.171,63.700,6.093,0.000,0.000
"20:45",0.000,4.608,63.700,5.990,0.000,0.000
"21:00",0.000,5.581,63.700,5.734,0.000,0.000
"21:15",0.000,5.222,63.700,6.093,0.000,0.000
"21:30",0.000,5.325,63.700,6.246,0.000,0.000
"21:45",0.000,5.734,63.700,5.581,0.000,0.000
"22:00",0.000,5.990,63.700,5.734,0.000,0.000
"22:15",0.000,5.120,63.700,5.990,0.000,0.000
"22:30",0.000,5.581,63.700,6.042,0.000,0.000
"22:45",0.000,5.069,63.700,6.042,0.000,0.000
"23:00",0.000,5.274,63.700,6.502,0.000,0.000
"23:15",0.000,5.683,63.700,6.195,0.000,0.000
"23:30",0.000,5.478,63.800,6.144,0.000,0.000
"23:45",0.000,5.120,63.700,6.195,0.000,0.000
" 7/26/26 24:00",0.000,5.837,63.700,6.042,0.000,0.000
