"kwh"
"Time ","DAGSR01P","DAGSR01P","DAGSR01P","DAGSR01P","DAGSR01P","DAGSR01P"
" 5/24/26 00:15",0.000,5.478,63.800,6.400,0.000,0.000
" 5/24/26 00:30",0.000,5.683,63.800,6.656,0.000,0.000
"00:45",0.000,6.042,63.700,6.554,0.000,0.000
"01:00",0.000,6.093,63.800,6.298,0.000,0.000
"01:15",0.000,5.325,63.800,6.758,0.000,0.000
"01:30",0.000,4.966,63.800,6.861,0.000,0.000
"01:45",0.000,5.888,63.800,6.298,0.000,0.000
"02:00",0.000,5.120,63.800,7.168,0.000,0.000
"02:15",0.000,5.018,63.800,7.066,0.000,0.000
"02:30",0.000,6.144,63.800,6.758,0.000,0.000
"02:45",0.000,5.069,63.800,7.475,0.000,0.000
"03:00",0.000,5.632,63.700,6.861,0.000,0.000
"03:15",0.000,6.502,63.700,6.195,0.000,0.000
"03:30",0.000,6.246,63.800,6.298,0.000,0.000
"03:45",0.000,5.274,63.800,7.526,0.000,0.000
"04:00",0.000,5.325,63.700,7.578,0.000,0.000
"04:15",0.000,6.093,63.700,6.758,0.000,0.000
"04:30",0.000,4.762,63.700,7.219,0.000,0.000
"04:45",0.000,4.454,63.700,7.322,0.000,0.000
"05:00",0.000,5.786,63.700,6.656,0.000,0.000
"05:15",0.000,4.710,63.700,7.014,0.000,0.000
"05:30",0.000,4.454,63.700,7.117,0.000,0.000
"05:45",0.000,4.813,63.700,7.219,0.000,0.000
"06:00",0.000,5.734,63.800,6.451,0.000,0.000
"06:15",0.000,4.557,63.800,7.117,0.000,0.000
"06:30",0.000,4.966,63.800,7.168,0.000,0.000
"06:45",0.000,5.581,63.800,6.707,0.000,0.000
"07:00",0.000,4.915,63.800,6.963,0.000,0.000
"07:15",0.000,5.581,63.700,6.554,0.000,0.000
"07:30",0.000,6.912,63.700,5.837,0.000,0.000
"07:45",0.000,6.451,63.700,6.195,0.000,0.000
"08:00",0.000,6.195,63.700,6.656,0.000,0.000
"08:15",0.000,5.222,63.700,7.014,0.000,0.000
"08:30",0.000,6.707,63.700,6.298,0.000,0.000
"08:45",0.000,4.762,63.700,6.810,0.000,0.000
"09:00",0.000,3.482,63.700,6.298,0.000,0.000
"09:15",0.614,1.638,63.700,3.584,0.000,0.000
"09:30",1.280,0.768,63.700,2.714,0.000,0.000
"09:45",3.840,0.000,63.700,0.000,0.000,0.000
"10:00",5.069,0.000,63.700,0.000,0.000,0.000
"10:15",6.042,0.000,63.700,0.000,0.000,0.000
"10:30",8.294,1.229,63.700,0.000,0.358,0.000
"10:45",11.469,0.000,63.700,0.000,0.000,0.000
"11:00",15.206,0.000,63.700,0.000,0.000,0.000
"11:15",15.923,0.000,63.700,0.000,0.000,0.000
"11:30",24.678,0.000,63.700,0.000,0.000,0.000
"11:45",26.214,0.000,63.700,0.000,0.000,0.000
"12:00",22.118,0.000,63.800,0.000,0.000,0.000
"12:15",20.019,0.000,63.800,0.000,0.000,0.000
"12:30",24.474,0.000,63.800,0.000,0.000,0.000
"12:45",29.133,0.000,63.700,0.000,0.000,0.000
"13:00",29.747,0.000,63.800,0.000,0.000,0.000
"13:15",36.301,0.000,63.700,0.000,0.000,0.000
"13:30",54.682,0.000,63.800,0.000,0.000,0.000
"13:45",55.706,0.000,63.700,0.000,0.000,0.051
"14:00",76.902,0.000,63.700,0.000,0.000,0.000
"14:15",65.229,0.000,63.800,0.000,0.000,0.000
"14:30",49.254,0.000,63.800,0.000,0.000,0.000
"14:45",41.421,0.000,63.800,0.000,0.000,0.000
"15:00",62.822,0.000,63.800,0.000,0.000,0.000
"15:15",86.784,0.000,63.800,0.000,0.000,0.051
"15:30",36.198,0.000,63.800,0.000,0.000,0.000
"15:45",16.896,0.000,63.800,0.000,0.000,0.000
"16:00",18.381,0.000,63.800,0.000,0.000,0.000
"16:15",25.446,0.000,63.800,0.000,0.000,0.000
"16:30",49.664,0.000,63.800,0.000,0.000,0.000
"16:45",38.758,0.000,63.800,0.000,0.000,0.000
"17:00",44.902,0.000,63.800,0.000,0.000,0.000
"17:15",38.656,0.000,63.800,0.000,0.000,0.000
"17:30",28.262,0.000,63.800,0.000,0.000,0.000
"17:45",1.690,1.434,63.800,3.174,0.000,0.000
"18:00",0.512,2.048,63.700,3.789,0.000,0.000
"18:15",0.051,4.813,63.700,5.069,0.000,0.000
"18:30",0.000,4.710,63.700,6.246,0.000,0.000
"18:45",0.000,4.762,63.700,6.349,0.000,0.000
"19:00",0.000,5.990,63.700,5.325,0.000,0.000
"19:15",0.000,5.325,63.700,6.093,0.000,0.000
"19:30",0.000,5.478,63.700,5.939,0.000,0.000
"19:45",0.000,5.888,63.700,5.427,0.000,0.000
"20:00",0.000,5.222,63.700,6.042,0.000,0.000
"20:15",0.000,5.683,63.700,5.837,0.000,0.000
"20:30",0.000,6.144,63.700,5.683,0.000,0.000
"20:45",0.000,6.042,63.700,6.298,0.000,0.000
"21:00",0.000,6.246,63.700,5.888,0.000,0.000
"21:15",0.000,5.683,63.700,5.786,0.000,0.000
"21:30",0.000,6.144,63.700,5.632,0.000,0.000
"21:45",0.000,6.912,63.700,5.222,0.000,0.000
"22:00",0.000,6.605,63.700,5.786,0.000,0.000
"22:15",0.000,6.042,63.700,6.451,0.000,0.000
"22:30",0.000,6.400,63.700,6.042,0.000,0.000
"22:45",0.000,6.093,63.700,6.298,0.000,0.000
"23:00",0.000,5.274,63.700,6.656,0.000,0.000
"23:15",0.000,5.786,63.700,6.400,0.000,0.000
"23:30",0.000,5.581,63.700,6.195,0.000,0.000
"23:45",0.000,5.120,63.800,6.502,0.000,0.000
" 5/24/26 24:00",0.000,6.042,63.700,6.656,0.000,0.000
