"kwh"
"Time ","DAGSR01P","DAGSR01P","DAGSR01P","DAGSR01P","DAGSR01P","DAGSR01P"
" 6/01/26 00:15",0.000,4.915,63.700,5.478,0.000,0.000
" 6/01/26 00:30",0.000,4.403,63.700,6.656,0.000,0.000
"00:45",0.000,4.096,63.700,6.195,0.000,0.000
"01:00",0.000,4.813,63.700,5.325,0.000,0.000
"01:15",0.000,3.738,63.700,5.683,0.000,0.000
"01:30",0.000,3.430,63.700,6.093,0.000,0.000
"01:45",0.000,3.994,63.700,5.786,0.000,0.000
"02:00",0.000,3.942,63.700,6.042,0.000,0.000
"02:15",0.000,3.789,63.700,6.400,0.000,0.000
"02:30",0.000,3.942,63.700,5.990,0.000,0.000
"02:45",0.000,4.352,63.700,5.632,0.000,0.000
"03:00",0.000,3.379,63.700,6.298,0.000,0.000
"03:15",0.000,3.379,63.700,6.400,0.000,0.000
"03:30",0.000,4.301,63.700,5.786,0.000,0.000
"03:45",0.000,3.686,63.700,6.349,0.000,0.000
"04:00",0.000,3.891,63.700,6.707,0.000,0.000
"04:15",0.000,4.198,63.700,6.298,0.000,0.000
"04:30",0.000,3.533,63.700,6.093,0.000,0.000
"04:45",0.000,3.379,63.700,6.349,0.000,0.000
"05:00",0.000,3.379,63.700,6.502,0.000,0.000
"05:15",0.000,4.403,63.700,5.581,0.000,0.000
"05:30",0.000,3.686,63.700,6.093,0.000,0.000
"05:45",0.000,4.045,63.700,5.939,0.000,0.000
"06:00",0.000,4.045,63.700,5.478,0.000,0.000
"06:15",0.000,3.584,63.700,5.888,0.000,0.000
"06:30",0.000,3.379,63.700,5.990,0.000,0.000
"06:45",0.000,3.942,63.700,5.939,0.000,0.000
"07:00",0.000,3.533,63.300,3.789,0.000,0.000
"07:15",0.000,3.994,63.400,7.168,0.000,0.000
"07:30",0.000,4.045,63.300,7.168,0.000,0.000
"07:45",0.000,4.096,63.600,5.786,0.000,0.000
"08:00",0.000,4.250,63.700,5.939,0.000,0.000
"08:15",0.000,3.840,63.400,7.219,0.000,0.000
"08:30",0.000,3.635,63.100,8.243,0.000,0.000
"08:45",0.000,5.018,63.200,7.066,0.256,0.000
"09:00",0.000,3.891,63.700,5.376,0.000,0.000
"09:15",0.102,3.021,63.700,3.840,0.000,0.000
"09:30",0.154,3.072,63.700,3.328,0.000,0.000
"09:45",0.410,2.406,63.600,3.430,0.000,0.000
"10:00",1.331,0.563,63.600,2.970,0.000,0.000
"10:15",0.717,1.843,63.600,3.072,0.000,0.000
"10:30",0.154,17.818,63.700,1.792,8.090,0.000
"10:45",0.000,32.512,63.700,0.000,15.821,0.000
"11:00",0.000,33.024,63.700,0.000,16.691,0.000
"11:15",0.000,63.898,63.700,0.000,36.250,0.000
"11:30",0.000,59.699,63.700,0.000,36.250,0.000
"11:45",0.000,58.675,63.700,0.000,36.864,0.000
"12:00",0.000,56.883,63.700,0.000,35.994,0.000
"12:15",0.000,58.061,63.700,0.000,36.915,0.000
"12:30",0.000,55.142,63.700,0.000,36.710,0.000
"12:45",0.000,54.733,63.700,0.000,36.813,0.000
"13:00",0.000,54.630,63.700,0.000,37.171,0.000
"13:15",0.000,55.450,63.800,0.000,36.045,0.000
"13:30",0.000,52.634,63.700,0.000,36.198,0.000
"13:45",0.000,51.046,63.700,0.000,36.045,0.000
"14:00",0.000,51.610,63.700,0.000,35.533,0.000
"14:15",0.000,50.995,63.700,0.000,35.686,0.000
"14:30",0.000,52.070,63.700,0.000,36.403,0.000
"14:45",0.000,51.251,63.700,0.000,36.045,0.000
"15:00",0.000,53.043,63.700,0.000,36.045,0.000
"15:15",0.000,55.962,63.700,0.000,36.710,0.000
"15:30",0.000,55.040,63.700,0.000,36.557,0.000
"15:45",0.000,58.010,63.700,0.000,36.096,0.000
"16:00",0.000,57.805,63.700,0.000,33.485,0.000
"16:15",0.000,29.133,63.700,0.000,17.203,0.000
"16:30",0.000,29.286,63.700,0.000,16.998,0.000
"16:45",0.000,28.518,63.700,0.000,17.562,0.000
"17:00",0.000,28.416,63.700,0.000,17.357,0.000
"17:15",0.000,24.422,63.700,0.000,16.998,0.000
"17:30",0.000,29.338,63.700,0.000,17.818,0.000
"17:45",0.000,31.232,63.700,0.000,17.203,0.000
"18:00",0.000,34.560,63.700,0.000,17.459,0.000
"18:15",0.000,37.274,63.700,0.000,16.742,0.000
"18:30",0.000,21.402,63.700,2.304,8.499,0.000
"18:45",0.000,4.506,63.700,4.454,0.000,0.000
"19:00",0.000,4.045,63.700,4.557,0.000,0.000
"19:15",0.000,3.840,63.700,4.659,0.000,0.000
"19:30",0.000,4.813,63.700,4.403,0.000,0.000
"19:45",0.000,4.198,63.700,4.659,0.000,0.000
"20:00",0.000,4.147,63.700,5.018,0.000,0.000
"20:15",0.000,3.891,63.700,5.171,0.000,0.000
"20:30",0.000,5.018,63.700,4.659,0.000,0.000
"20:45",0.000,4.301,63.700,4.915,0.000,0.000
"21:00",0.000,4.557,63.700,4.813,0.000,0.000
"21:15",0.000,5.683,63.700,4.403,0.000,0.000
"21:30",0.000,4.557,63.700,4.966,0.000,0.000
"21:45",0.000,4.403,63.700,5.120,0.000,0.000
"22:00",0.000,5.120,63.700,4.813,0.000,0.000
"22:15",0.000,4.608,63.700,5.274,0.000,0.000
"22:30",0.000,4.454,63.700,5.632,0.000,0.000
"22:45",0.000,4.557,63.700,5.734,0.000,0.000
"23:00",0.000,5.222,63.700,5.120,0.000,0.000
"23:15",0.000,4.864,63.700,5.530,0.000,0.000
"23:30",0.000,4.096,63.700,4.915,0.000,0.000
"23:45",0.000,4.506,63.700,4.557,0.000,0.000
" 6/01/26 24:00",0.000,4.352,63.700,4.966,0.000,0.000
