"kwh"
"Time ","DAGSR01P","DAGSR01P","DAGSR01P","DAGSR01P","DAGSR01P","DAGSR01P"
" 7/06/26 00:15",0.000,5.683,63.600,6.246,0.000,0.000
" 7/06/26 00:30",0.000,5.376,63.600,6.861,0.000,0.000
"00:45",0.000,5.171,63.600,6.246,0.000,0.000
"01:00",0.000,5.376,63.600,5.632,0.000,0.000
"01:15",0.000,5.376,63.600,5.581,0.000,0.000
"01:30",0.000,5.325,63.600,5.939,0.000,0.000
"01:45",0.000,5.478,63.600,6.605,0.000,0.000
"02:00",0.000,5.632,63.600,5.734,0.000,0.000
"02:15",0.000,4.915,63.600,6.502,0.000,0.000
"02:30",0.000,5.222,63.600,6.707,0.000,0.000
"02:45",0.000,4.864,63.600,7.219,0.000,0.000
"03:00",0.000,4.301,63.600,7.731,0.000,0.000
"03:15",0.000,4.557,63.600,7.117,0.000,0.000
"03:30",0.000,4.659,63.600,7.219,0.000,0.000
"03:45",0.000,4.762,63.600,7.168,0.000,0.000
"04:00",0.000,4.352,63.600,7.373,0.000,0.000
"04:15",0.000,4.352,63.600,7.424,0.000,0.000
"04:30",0.000,4.352,63.600,7.373,0.000,0.000
"04:45",0.000,4.762,63.600,7.424,0.000,0.000
"05:00",0.000,4.301,63.600,7.322,0.000,0.000
"05:15",0.000,4.403,63.600,7.117,0.000,0.000
"05:30",0.000,4.147,63.600,7.117,0.000,0.000
"05:45",0.000,4.096,63.600,7.219,0.000,0.000
"06:00",0.000,4.301,63.600,7.373,0.000,0.000
"06:15",0.000,4.403,63.600,6.963,0.000,0.000
"06:30",0.000,4.096,63.600,7.219,0.000,0.000
"06:45",0.000,4.250,63.600,6.963,0.000,0.000
"07:00",0.000,4.813,63.600,6.912,0.000,0.000
"07:15",0.000,4.659,63.600,6.605,0.000,0.000
"07:30",0.000,5.018,63.600,6.810,0.000,0.000
"07:45",0.000,5.222,63.600,6.605,0.000,0.000
"08:00",0.000,5.069,63.600,6.656,0.000,0.000
"08:15",0.000,5.632,63.600,6.656,0.000,0.000
"08:30",0.000,5.837,63.600,6.656,0.000,0.000
"08:45",0.000,4.608,63.600,6.554,0.000,0.000
"09:00",1.126,1.485,63.600,3.789,0.000,0.000
"09:15",5.427,0.000,63.600,0.000,0.000,0.000
"09:30",22.733,0.000,63.600,0.000,0.000,0.000
"09:45",34.253,0.000,63.600,0.000,0.000,0.000
"10:00",42.086,0.000,63.600,0.000,0.000,0.000
"10:15",49.203,0.000,63.600,0.000,0.000,0.000
"10:30",56.576,0.000,63.700,0.000,0.000,0.000
"10:45",58.880,0.000,63.700,0.000,0.000,1.792
"11:00",35.789,0.000,63.700,0.000,0.000,15.258
"11:15",40.141,0.000,63.700,0.000,0.000,15.514
"11:30",44.493,0.000,63.700,0.000,0.000,15.770
"11:45",73.677,0.000,63.700,0.000,0.000,3.584
"12:00",84.326,0.000,63.700,0.000,0.000,0.205
"12:15",87.347,0.000,63.700,0.000,0.000,0.256
"12:30",89.958,0.000,63.700,0.000,0.000,0.154
"12:45",92.877,0.000,63.700,0.000,0.000,0.358
"13:00",94.310,0.000,63.700,0.000,0.000,0.461
"13:15",95.232,0.000,63.700,0.000,0.000,0.512
"13:30",96.358,0.000,63.700,0.000,0.000,0.461
"13:45",96.973,0.000,63.700,0.000,0.000,0.410
"14:00",96.000,0.000,63.700,0.000,0.000,0.512
"14:15",95.795,0.000,63.700,0.000,0.000,0.358
"14:30",94.464,0.000,63.700,0.000,0.000,0.410
"14:45",91.597,0.000,63.700,0.000,0.000,0.256
"15:00",89.600,0.000,63.700,0.000,0.000,0.205
"15:15",86.221,0.000,63.700,0.000,0.000,0.154
"15:30",83.661,0.000,63.700,0.000,0.000,0.102
"15:45",79.616,0.000,63.700,0.000,0.000,0.000
"16:00",74.957,0.000,63.700,0.000,0.000,0.000
"16:15",70.195,0.000,63.600,0.000,0.000,0.000
"16:30",64.870,0.000,63.600,0.000,0.000,0.000
"16:45",59.238,0.000,63.600,0.000,0.000,0.000
"17:00",48.640,0.000,63.600,0.000,0.000,0.000
"17:15",29.491,0.000,63.600,0.000,0.000,0.000
"17:30",37.478,0.000,63.600,0.000,0.000,0.000
"17:45",20.429,0.000,63.600,0.000,0.000,0.000
"18:00",6.912,0.000,63.600,0.154,0.000,0.000
"18:15",1.382,0.614,63.600,3.430,0.000,0.000
"18:30",0.154,2.970,63.600,5.120,0.000,0.000
"18:45",0.000,4.710,63.600,6.195,0.000,0.000
"19:00",0.000,5.069,63.600,5.734,0.000,0.000
"19:15",0.000,5.171,63.700,5.734,0.000,0.000
"19:30",0.000,4.762,63.700,5.837,0.000,0.000
"19:45",0.000,4.352,63.700,6.298,0.000,0.000
"20:00",0.000,4.659,63.700,6.298,0.000,0.000
"20:15",0.000,4.506,63.700,6.144,0.000,0.000
"20:30",0.000,4.762,63.600,6.042,0.000,0.000
"20:45",0.000,5.171,63.700,5.939,0.000,0.000
"21:00",0.000,5.120,63.700,5.990,0.000,0.000
"21:15",0.000,5.325,63.600,6.042,0.000,0.000
"21:30",0.000,4.864,63.700,6.144,0.000,0.000
"21:45",0.000,4.813,63.700,6.349,0.000,0.000
"22:00",0.000,4.915,63.700,6.400,0.000,0.000
"22:15",0.000,4.966,63.700,6.298,0.000,0.000
"22:30",0.000,4.659,63.700,6.246,0.000,0.000
"22:45",0.000,4.813,63.600,6.502,0.000,0.000
"23:00",0.000,5.581,63.600,6.707,0.000,0.000
"23:15",0.000,5.581,63.600,6.707,0.000,0.000
"23:30",0.000,5.939,63.600,6.707,0.000,0.000
"23:45",0.000,5.376,63.600,6.554,0.000,0.000
" 7/06/26 24:00",0.000,5.120,63.600,6.707,0.000,0.000
