"kwh"
"Time ","DAGSR01P","DAGSR01P","DAGSR01P","DAGSR01P","DAGSR01P","DAGSR01P"
" 3/31/26 00:15",0.000,39.168,63.600,0.000,10.650,0.000
" 3/31/26 00:30",0.000,39.168,63.600,0.000,10.752,0.000
"00:45",0.000,38.656,63.600,0.000,10.496,0.000
"01:00",0.000,38.502,63.600,0.000,10.650,0.000
"01:15",0.000,38.656,63.600,0.000,10.701,0.000
"01:30",0.000,38.195,63.600,0.000,10.394,0.000
"01:45",0.000,38.093,63.600,0.000,10.496,0.000
"02:00",0.000,38.605,63.600,0.000,10.752,0.000
"02:15",0.000,38.042,63.600,0.000,10.342,0.000
"02:30",0.000,38.144,63.600,0.000,10.701,0.000
"02:45",0.000,38.246,63.600,0.000,10.598,0.000
"03:00",0.000,37.990,63.600,0.000,10.394,0.000
"03:15",0.000,38.246,63.600,0.000,10.598,0.000
"03:30",0.000,38.195,63.600,0.000,10.598,0.000
"03:45",0.000,37.939,63.600,0.000,10.342,0.000
"04:00",0.000,38.656,63.600,0.000,10.701,0.000
"04:15",0.000,38.502,63.600,0.000,10.240,0.000
"04:30",0.000,38.093,63.600,0.000,10.342,0.000
"04:45",0.000,38.810,63.600,0.000,10.701,0.000
"05:00",0.000,37.837,63.700,0.000,10.138,0.000
"05:15",0.000,37.581,63.600,0.000,10.138,0.000
"05:30",0.000,38.298,63.600,0.000,10.650,0.000
"05:45",0.000,37.376,63.600,0.000,10.086,0.000
"06:00",0.000,37.427,63.600,0.000,10.189,0.000
"06:15",0.000,38.451,63.600,0.000,10.547,0.000
"06:30",0.000,38.451,63.600,0.000,9.984,0.000
"06:45",0.000,37.990,63.600,0.000,10.086,0.000
"07:00",0.000,38.554,63.600,0.000,10.547,0.000
"07:15",0.000,37.939,63.600,0.000,9.984,0.000
"07:30",0.000,37.939,63.600,0.000,9.574,0.000
"07:45",0.000,38.042,63.600,0.000,9.882,0.000
"08:00",0.000,36.915,63.600,0.000,10.701,0.000
"08:15",0.000,32.717,63.600,0.000,10.496,0.000
"08:30",0.000,27.494,63.600,0.000,10.547,0.000
"08:45",0.000,44.186,63.600,0.000,25.958,0.000
"09:00",0.000,46.336,63.600,0.000,31.795,0.000
"09:15",0.000,39.885,63.600,0.000,31.846,0.000
"09:30",0.000,34.816,63.700,0.000,32.102,0.000
"09:45",0.000,30.822,63.700,0.000,31.846,0.000
"10:00",0.000,27.443,63.700,0.000,32.666,0.000
"10:15",0.000,23.194,63.700,0.000,31.898,0.000
"10:30",0.000,22.272,63.700,0.000,32.256,0.000
"10:45",0.205,11.059,63.700,0.000,31.130,2.560
"11:00",0.870,6.400,63.600,0.000,23.347,9.830
"11:15",3.533,2.406,63.600,0.000,11.110,22.170
"11:30",5.734,0.768,63.600,0.000,7.168,26.880
"11:45",8.602,8.960,63.600,0.000,6.605,26.624
"12:00",13.466,2.355,63.700,0.000,4.096,29.645
"12:15",14.899,8.755,63.700,0.000,7.424,26.624
"12:30",15.718,7.578,63.700,0.000,15.923,24.422
"12:45",4.608,28.621,63.700,0.000,30.925,8.602
"13:00",28.006,9.677,63.700,0.000,10.803,12.083
"13:15",23.654,7.987,63.700,0.000,8.755,11.622
"13:30",17.306,8.653,63.700,0.000,10.957,8.909
"13:45",21.914,3.789,63.600,0.000,6.144,24.525
"14:00",49.357,1.280,63.700,0.000,2.355,19.712
"14:15",47.002,2.816,63.700,0.000,3.174,18.074
"14:30",46.234,2.253,63.600,0.000,3.072,18.381
"14:45",43.059,2.867,63.700,0.000,3.584,16.998
"15:00",51.302,0.000,63.700,0.000,0.000,21.914
"15:15",51.200,0.000,63.600,0.000,0.000,21.555
"15:30",46.490,0.000,63.600,0.000,0.000,21.658
"15:45",37.939,1.075,63.600,0.000,1.638,18.637
"16:00",28.211,3.584,63.600,0.000,4.506,15.770
"16:15",35.994,0.000,63.600,0.000,0.000,21.248
"16:30",29.645,0.410,63.600,0.000,0.717,19.610
"16:45",23.859,1.229,63.700,0.000,0.922,19.763
"17:00",18.278,1.536,63.600,0.000,1.280,18.176
"17:15",12.954,1.382,63.700,0.000,1.997,18.074
"17:30",4.096,7.680,63.700,0.000,7.424,11.213
"17:45",1.178,16.998,63.600,0.000,13.517,5.120
"18:00",0.000,16.742,63.700,0.000,18.022,0.461
"18:15",0.000,17.664,63.700,0.000,18.893,0.000
"18:30",0.000,20.070,63.700,0.000,18.842,0.000
"18:45",0.000,29.798,63.700,0.000,19.251,0.000
"19:00",0.000,34.970,63.600,0.000,18.586,0.000
"19:15",0.000,39.475,63.600,0.000,18.893,0.000
"19:30",0.000,39.885,63.600,0.000,18.483,0.000
"19:45",0.000,40.448,63.600,0.000,18.688,0.000
"20:00",0.000,39.987,63.600,0.000,18.586,0.000
"20:15",0.000,39.219,63.600,0.000,18.125,0.000
"20:30",0.000,39.987,63.600,0.000,18.586,0.000
"20:45",0.000,39.475,63.600,0.000,18.278,0.000
"21:00",0.000,40.294,63.600,0.000,18.739,0.000
"21:15",0.000,39.680,63.700,0.000,18.227,0.000
"21:30",0.000,40.141,63.600,0.000,18.688,0.000
"21:45",0.000,39.629,63.700,0.000,18.483,0.000
"22:00",0.000,39.424,63.700,0.000,18.534,0.000
"22:15",0.000,39.987,63.600,0.000,18.739,0.000
"22:30",0.000,39.680,63.600,0.000,18.432,0.000
"22:45",0.000,40.448,63.700,0.000,18.688,0.000
"23:00",0.000,39.424,63.700,0.000,18.125,0.000
"23:15",0.000,40.090,63.700,0.000,18.534,0.000
"23:30",0.000,38.810,63.600,0.000,18.125,0.000
"23:45",0.000,39.270,63.600,0.000,18.534,0.000
" 3/31/26 24:00",0.000,38.605,63.600,0.000,18.278,0.000
