"kwh"
"Time ","DAGSR01P","DAGSR01P","DAGSR01P","DAGSR01P","DAGSR01P","DAGSR01P"
" 7/30/26 00:15",0.000,6.195,63.700,5.837,0.000,0.000
" 7/30/26 00:30",0.000,5.274,63.700,6.502,0.000,0.000
"00:45",0.000,4.966,63.700,6.349,0.000,0.000
"01:00",0.000,4.710,63.700,6.349,0.000,0.000
"01:15",0.000,4.454,63.700,6.707,0.000,0.000
"01:30",0.000,5.171,63.700,6.195,0.000,0.000
"01:45",0.000,4.557,63.700,7.117,0.000,0.000
"02:00",0.000,4.506,63.700,6.963,0.000,0.000
"02:15",0.000,5.018,63.700,6.349,0.000,0.000
"02:30",0.000,4.710,63.700,7.526,0.000,0.000
"02:45",0.000,4.864,63.700,8.038,0.000,0.000
"03:00",0.000,5.376,63.700,6.502,0.000,0.000
"03:15",0.000,5.018,63.700,7.066,0.000,0.000
"03:30",0.000,5.734,63.700,7.117,0.000,0.000
"03:45",0.000,5.683,63.700,6.810,0.000,0.000
"04:00",0.000,4.762,63.700,7.322,0.000,0.000
"04:15",0.000,5.581,63.700,6.656,0.000,0.000
"04:30",0.000,4.864,63.700,7.168,0.000,0.000
"04:45",0.000,5.171,63.700,7.219,0.000,0.000
"05:00",0.000,6.246,63.700,6.810,0.000,0.000
"05:15",0.000,4.915,63.700,7.014,0.000,0.000
"05:30",0.000,4.966,63.700,7.270,0.000,0.000
"05:45",0.000,5.888,63.700,6.861,0.000,0.000
"06:00",0.000,5.427,63.700,7.066,0.000,0.000
"06:15",0.000,5.786,63.700,6.656,0.000,0.000
"06:30",0.000,5.376,63.700,8.090,0.000,0.000
"06:45",0.000,5.171,63.700,7.066,0.000,0.000
"07:00",0.000,5.734,63.700,6.451,0.000,0.000
"07:15",0.000,5.018,63.700,7.066,0.000,0.000
"07:30",0.000,4.608,63.700,7.117,0.000,0.000
"07:45",0.000,5.939,63.700,6.605,0.000,0.000
"08:00",0.000,5.325,63.700,6.912,0.000,0.000
"08:15",0.000,5.530,63.700,6.861,0.000,0.000
"08:30",0.000,5.530,63.700,6.400,0.000,0.000
"08:45",0.000,4.864,63.700,6.656,0.000,0.000
"09:00",0.000,4.864,63.700,6.195,0.000,0.000
"09:15",0.000,4.352,63.700,6.502,0.000,0.000
"09:30",0.000,3.942,63.700,6.349,0.000,0.000
"09:45",0.000,3.379,63.700,5.939,0.000,0.000
"10:00",0.563,1.280,63.700,5.171,0.000,0.000
"10:15",0.870,0.819,63.800,4.710,0.000,0.000
"10:30",0.512,2.048,63.800,3.840,0.000,0.000
"10:45",0.973,0.717,63.800,3.994,0.000,0.000
"11:00",0.973,0.768,63.800,3.277,0.000,0.000
"11:15",1.536,0.307,63.800,2.816,0.000,0.000
"11:30",2.714,0.000,63.800,0.870,0.000,0.000
"11:45",4.454,0.000,63.800,0.000,0.000,0.000
"12:00",5.018,0.000,63.800,0.000,0.000,0.000
"12:15",5.069,0.000,63.800,0.000,0.000,0.000
"12:30",5.274,0.000,63.800,0.000,0.000,0.000
"12:45",5.632,0.000,63.800,0.000,0.000,0.000
"13:00",5.683,0.000,63.800,0.000,0.000,0.000
"13:15",9.626,0.000,63.800,0.000,0.000,0.000
"13:30",12.493,0.000,63.800,0.000,0.000,0.000
"13:45",13.414,0.000,63.800,0.000,0.000,0.000
"14:00",16.640,0.000,63.800,0.000,0.000,0.000
"14:15",14.490,0.000,63.800,0.000,0.000,0.000
"14:30",14.592,0.000,63.800,0.000,0.000,0.000
"14:45",9.421,0.000,63.800,0.000,0.000,0.000
"15:00",10.854,0.000,63.800,0.000,0.000,0.000
"15:15",10.701,0.000,63.800,0.000,0.000,0.000
"15:30",14.182,0.000,63.800,0.000,0.000,0.000
"15:45",15.514,0.000,63.800,0.000,0.000,0.000
"16:00",12.339,0.000,63.800,0.000,0.000,0.000
"16:15",11.930,0.000,63.800,0.000,0.000,0.000
"16:30",10.906,0.000,63.800,0.000,0.000,0.000
"16:45",12.390,0.000,63.800,0.000,0.000,0.000
"17:00",18.586,0.000,63.800,0.000,0.000,0.000
"17:15",11.725,0.000,63.800,0.000,0.000,0.000
"17:30",7.680,0.000,63.800,0.000,0.000,0.000
"17:45",2.662,0.051,63.800,1.792,0.000,0.000
"18:00",5.376,0.000,63.800,0.410,0.000,0.000
"18:15",0.870,1.792,63.800,3.840,0.000,0.000
"18:30",0.000,4.659,63.800,7.117,0.000,0.000
"18:45",0.000,4.096,63.800,7.680,0.000,0.000
"19:00",0.000,4.608,63.800,7.629,0.000,0.000
"19:15",0.000,5.478,63.700,6.963,0.000,0.000
"19:30",0.000,4.506,63.700,7.578,0.000,0.000
"19:45",0.000,5.376,63.700,6.912,0.000,0.000
"20:00",0.000,4.813,63.700,7.424,0.000,0.000
"20:15",0.000,4.403,63.700,7.526,0.000,0.000
"20:30",0.000,5.581,63.700,6.963,0.000,0.000
"20:45",0.000,4.710,63.700,7.680,0.000,0.000
"21:00",0.000,4.915,63.700,7.219,0.000,0.000
"21:15",0.000,5.376,63.700,6.963,0.000,0.000
"21:30",0.000,4.506,63.700,7.219,0.000,0.000
"21:45",0.000,4.710,63.700,7.066,0.000,0.000
"22:00",0.000,4.762,63.700,7.219,0.000,0.000
"22:15",0.000,4.710,63.700,7.782,0.000,0.000
"22:30",0.000,5.018,63.700,7.475,0.000,0.000
"22:45",0.000,4.659,63.700,7.731,0.000,0.000
"23:00",0.000,4.454,63.700,7.782,0.000,0.000
"23:15",0.000,4.915,63.700,7.373,0.000,0.000
"23:30",0.000,4.301,63.700,7.014,0.000,0.000
"23:45",0.000,4.608,63.700,7.014,0.000,0.000
" 7/30/26 24:00",0.000,5.683,63.700,6.502,0.000,0.000
