"kwh"
"Time ","DAGSR01P","DAGSR01P","DAGSR01P","DAGSR01P","DAGSR01P","DAGSR01P"
" 7/11/26 00:15",0.000,4.147,63.700,7.270,0.000,0.000
" 7/11/26 00:30",0.000,4.198,63.600,7.168,0.000,0.000
"00:45",0.000,4.147,63.600,7.322,0.000,0.000
"01:00",0.000,3.584,63.600,7.526,0.000,0.000
"01:15",0.000,3.738,63.600,7.168,0.000,0.000
"01:30",0.000,4.454,63.600,6.810,0.000,0.000
"01:45",0.000,4.096,63.700,7.475,0.000,0.000
"02:00",0.000,3.738,63.700,7.424,0.000,0.000
"02:15",0.000,3.686,63.700,7.782,0.000,0.000
"02:30",0.000,4.454,63.700,7.014,0.000,0.000
"02:45",0.000,3.840,63.600,7.475,0.000,0.000
"03:00",0.000,4.147,63.600,7.475,0.000,0.000
"03:15",0.000,4.454,63.600,7.270,0.000,0.000
"03:30",0.000,4.301,63.600,6.912,0.000,0.000
"03:45",0.000,3.686,63.600,7.526,0.000,0.000
"04:00",0.000,3.738,63.600,7.885,0.000,0.000
"04:15",0.000,4.506,63.600,7.066,0.000,0.000
"04:30",0.000,3.942,63.600,7.526,0.000,0.000
"04:45",0.000,3.891,63.600,7.936,0.000,0.000
"05:00",0.000,3.942,63.600,7.578,0.000,0.000
"05:15",0.000,4.710,63.600,7.117,0.000,0.000
"05:30",0.000,3.277,63.600,7.834,0.000,0.000
"05:45",0.000,3.328,63.600,7.782,0.000,0.000
"06:00",0.000,4.608,63.700,7.680,0.000,0.000
"06:15",0.000,3.584,63.700,7.885,0.000,0.000
"06:30",0.000,3.277,63.600,7.936,0.000,0.000
"06:45",0.000,3.840,63.600,7.782,0.000,0.000
"07:00",0.000,4.659,63.600,7.322,0.000,0.000
"07:15",0.000,4.506,63.600,7.680,0.000,0.000
"07:30",0.000,4.966,63.600,7.424,0.000,0.000
"07:45",0.000,4.762,63.600,7.424,0.000,0.000
"08:00",0.000,4.915,63.600,7.322,0.000,0.000
"08:15",0.000,4.762,63.600,7.526,0.000,0.000
"08:30",0.000,4.659,63.600,7.322,0.000,0.000
"08:45",0.102,4.096,63.600,5.786,0.000,0.000
"09:00",0.051,21.658,63.600,1.536,8.499,0.000
"09:15",0.000,29.952,63.600,0.000,13.056,0.000
"09:30",0.000,24.627,63.600,0.000,13.466,0.000
"09:45",1.434,8.346,63.600,0.000,8.550,4.915
"10:00",4.403,8.960,63.600,0.000,7.782,5.427
"10:15",9.626,8.397,63.600,0.000,6.451,6.912
"10:30",5.581,7.322,63.600,0.000,8.397,5.427
"10:45",8.755,6.349,63.600,0.000,7.066,6.554
"11:00",24.576,5.478,63.600,0.000,3.072,11.008
"11:15",39.322,0.000,63.600,0.000,0.000,15.053
"11:30",43.776,0.000,63.600,0.000,0.000,14.797
"11:45",46.746,0.000,63.600,0.000,0.000,15.616
"12:00",50.586,0.000,63.600,0.000,0.000,15.155
"12:15",54.477,0.000,63.600,0.000,0.000,15.155
"12:30",55.757,0.000,63.600,0.000,0.000,15.872
"12:45",58.726,0.000,63.600,0.000,0.000,15.462
"13:00",59.750,0.000,63.600,0.000,0.000,16.077
"13:15",60.877,0.000,63.600,0.000,0.000,15.718
"13:30",62.003,0.000,63.600,0.000,0.000,15.872
"13:45",61.184,0.000,63.600,0.000,0.000,16.230
"14:00",61.542,0.000,63.700,0.000,0.000,15.565
"14:15",60.979,0.000,63.600,0.000,0.000,15.616
"14:30",59.341,0.000,63.600,0.000,0.000,16.077
"14:45",57.754,0.000,63.600,0.000,0.000,15.360
"15:00",54.886,0.000,63.600,0.000,0.000,15.667
"15:15",52.275,0.000,63.600,0.000,0.000,15.616
"15:30",47.923,0.000,63.600,0.000,0.000,15.206
"15:45",43.571,0.000,63.600,0.000,0.000,15.104
"16:00",39.731,0.000,63.600,0.000,0.000,14.541
"16:15",34.406,0.000,63.600,0.000,0.000,14.336
"16:30",28.109,0.000,63.600,0.000,0.000,14.643
"16:45",22.835,0.000,63.600,0.000,0.000,14.234
"17:00",16.947,0.000,63.600,0.000,0.000,13.824
"17:15",29.645,0.000,63.600,0.000,0.000,5.325
"17:30",34.611,0.000,63.600,0.000,0.000,0.000
"17:45",26.778,0.000,63.600,0.000,0.000,0.000
"18:00",10.035,0.051,63.700,0.512,0.000,0.000
"18:15",0.717,0.870,63.700,3.482,0.000,0.000
"18:30",0.051,2.611,63.700,5.837,0.000,0.000
"18:45",0.000,4.762,63.700,6.298,0.000,0.000
"19:00",0.000,3.891,63.700,6.861,0.000,0.000
"19:15",0.000,3.738,63.700,6.810,0.000,0.000
"19:30",0.000,4.250,63.700,6.246,0.000,0.000
"19:45",0.000,3.379,63.700,6.707,0.000,0.000
"20:00",0.000,3.277,63.700,6.912,0.000,0.000
"20:15",0.000,3.789,63.700,7.168,0.000,0.000
"20:30",0.000,4.352,63.700,6.554,0.000,0.000
"20:45",0.000,3.584,63.700,7.270,0.000,0.000
"21:00",0.000,3.738,63.700,7.680,0.000,0.000
"21:15",0.000,4.301,63.600,6.707,0.000,0.000
"21:30",0.000,4.096,63.600,7.066,0.000,0.000
"21:45",0.000,3.994,63.700,7.270,0.000,0.000
"22:00",0.000,3.840,63.700,7.117,0.000,0.000
"22:15",0.000,4.096,63.700,7.014,0.000,0.000
"22:30",0.000,3.533,63.700,7.782,0.000,0.000
"22:45",0.000,3.635,63.700,7.885,0.000,0.000
"23:00",0.000,4.813,63.700,7.578,0.000,0.000
"23:15",0.000,3.891,63.600,7.987,0.000,0.000
"23:30",0.000,3.533,63.700,7.834,0.000,0.000
"23:45",0.000,4.045,63.700,7.680,0.000,0.000
" 7/11/26 24:00",0.000,4.147,63.700,7.424,0.000,0.000
