"kwh"
"Time ","DAGSR01P","DAGSR01P","DAGSR01P","DAGSR01P","DAGSR01P","DAGSR01P"
" 1/31/26 00:15",0.000,3.891,63.600,8.960,0.000,0.000
" 1/31/26 00:30",0.000,4.198,63.600,8.960,0.000,0.000
"00:45",0.000,3.942,63.600,9.011,0.000,0.000
"01:00",0.000,4.147,63.600,9.267,0.000,0.000
"01:15",0.000,4.352,63.600,9.114,0.000,0.000
"01:30",0.000,4.147,63.600,8.806,0.000,0.000
"01:45",0.000,4.096,63.600,8.858,0.000,0.000
"02:00",0.000,4.096,63.600,9.318,0.000,0.000
"02:15",0.000,4.301,63.600,9.165,0.000,0.000
"02:30",0.000,4.506,63.600,9.011,0.000,0.000
"02:45",0.000,4.710,63.600,8.858,0.000,0.000
"03:00",0.000,4.659,63.600,8.960,0.000,0.000
"03:15",0.000,4.762,63.600,9.011,0.000,0.000
"03:30",0.000,4.454,63.600,8.960,0.000,0.000
"03:45",0.000,4.301,63.600,9.011,0.000,0.000
"04:00",0.000,4.403,63.600,8.653,0.000,0.000
"04:15",0.000,4.198,63.600,8.704,0.000,0.000
"04:30",0.000,4.301,63.600,9.114,0.000,0.000
"04:45",0.000,4.250,63.600,9.267,0.000,0.000
"05:00",0.000,4.762,63.600,8.653,0.000,0.000
"05:15",0.000,5.018,63.600,8.397,0.000,0.000
"05:30",0.000,4.710,63.600,9.574,0.000,0.000
"05:45",0.000,4.915,63.600,9.523,0.000,0.000
"06:00",0.000,4.352,63.600,8.960,0.000,0.000
"06:15",0.000,4.403,63.600,9.011,0.000,0.000
"06:30",0.000,4.813,63.600,9.728,0.000,0.000
"06:45",0.000,4.864,63.600,9.062,0.000,0.000
"07:00",0.000,4.915,63.600,8.858,0.000,0.000
"07:15",0.000,4.454,63.600,8.346,0.000,0.000
"07:30",0.512,3.482,63.600,5.478,0.154,0.000
"07:45",0.102,27.802,63.600,0.563,3.430,0.000
"08:00",0.000,27.955,63.600,0.000,3.686,0.000
"08:15",1.024,5.632,63.600,3.533,0.512,0.000
"08:30",8.909,0.051,63.600,0.614,0.000,0.000
"08:45",15.206,0.000,63.600,0.000,0.000,0.000
"09:00",17.254,0.000,63.500,0.000,0.000,0.000
"09:15",22.170,0.000,63.600,0.000,0.000,0.000
"09:30",19.200,0.000,63.600,0.000,0.000,0.000
"09:45",21.094,0.000,63.600,0.000,0.000,0.000
"10:00",18.893,1.075,63.600,0.000,4.352,5.837
"10:15",18.739,1.178,63.600,0.000,4.045,12.749
"10:30",8.806,5.530,63.600,0.000,7.680,8.960
"10:45",0.461,7.680,63.600,0.000,13.568,2.458
"11:00",15.360,0.358,63.600,0.000,3.328,13.056
"11:15",43.776,0.051,63.600,0.000,0.358,17.254
"11:30",24.832,0.000,63.600,0.000,0.000,16.742
"11:45",35.277,0.000,63.600,0.000,0.000,16.845
"12:00",0.205,10.138,63.600,0.000,14.797,0.870
"12:15",15.872,4.813,63.600,0.000,7.731,10.138
"12:30",53.094,0.000,63.700,0.000,0.102,16.384
"12:45",64.717,0.000,63.600,0.000,0.000,16.435
"13:00",29.082,0.000,63.600,0.000,0.000,14.899
"13:15",35.123,0.000,63.600,0.000,0.051,14.950
"13:30",29.133,0.102,63.600,0.000,0.410,14.387
"13:45",25.293,0.000,63.600,0.000,0.000,15.206
"14:00",17.203,0.000,63.700,0.000,0.000,15.206
"14:15",14.899,0.000,63.600,0.000,0.000,14.797
"14:30",16.026,0.000,63.700,0.000,0.666,15.104
"14:45",0.870,3.021,63.600,0.000,10.138,4.710
"15:00",4.506,4.557,63.600,0.000,10.803,4.096
"15:15",16.742,0.000,63.600,0.000,0.000,15.514
"15:30",19.712,0.000,63.700,0.000,0.000,15.616
"15:45",1.024,8.960,63.600,0.000,10.906,3.686
"16:00",0.000,17.306,63.600,0.000,14.080,0.000
"16:15",1.587,8.704,63.600,0.000,12.595,1.638
"16:30",0.000,13.875,63.600,0.000,13.978,0.000
"16:45",0.000,24.115,63.600,0.000,13.875,0.000
"17:00",0.000,19.354,63.600,0.000,13.824,0.000
"17:15",0.000,11.418,63.600,0.000,13.619,0.000
"17:30",0.051,14.438,63.600,0.000,13.568,0.154
"17:45",1.434,15.155,63.700,0.000,12.800,1.382
"18:00",2.406,10.957,63.700,0.000,11.571,2.611
"18:15",0.256,16.998,63.700,0.000,13.210,0.768
"18:30",0.000,30.208,63.600,0.000,13.773,0.000
"18:45",0.000,19.200,63.700,0.000,14.029,0.000
"19:00",0.000,23.347,63.700,0.000,13.670,0.000
"19:15",0.000,28.570,63.700,0.000,13.517,0.000
"19:30",0.000,27.597,63.700,0.000,13.568,0.000
"19:45",0.000,38.298,63.600,0.000,15.411,0.000
"20:00",0.000,40.960,63.600,0.000,15.155,0.000
"20:15",0.000,41.216,63.600,0.000,14.746,0.000
"20:30",0.000,41.626,63.600,0.000,14.694,0.000
"20:45",0.000,41.370,63.600,0.000,14.848,0.000
"21:00",0.000,41.830,63.600,0.000,14.387,0.000
"21:15",0.000,41.267,63.600,0.000,14.490,0.000
"21:30",0.000,41.165,63.600,0.000,14.285,0.000
"21:45",0.000,41.062,63.600,0.000,14.080,0.000
"22:00",0.000,41.062,63.600,0.000,14.387,0.000
"22:15",0.000,41.011,63.600,0.000,14.643,0.000
"22:30",0.000,41.011,63.600,0.000,14.336,0.000
"22:45",0.000,41.370,63.600,0.000,14.285,0.000
"23:00",0.000,41.318,63.600,0.000,14.182,0.000
"23:15",0.000,41.114,63.600,0.000,14.131,0.000
"23:30",0.000,41.062,63.700,0.000,14.131,0.000
"23:45",0.000,41.062,63.700,0.000,13.978,0.000
" 1/31/26 24:00",0.000,40.960,63.700,0.000,14.080,0.000
