"kwh"
"Time ","DAGSR01P","DAGSR01P","DAGSR01P","DAGSR01P","DAGSR01P","DAGSR01P"
" 7/31/26 00:15",0.000,4.915,63.700,7.066,0.000,0.000
" 7/31/26 00:30",0.000,5.581,63.700,6.810,0.000,0.000
"00:45",0.000,4.506,63.700,6.758,0.000,0.000
"01:00",0.000,4.198,63.700,7.270,0.000,0.000
"01:15",0.000,4.915,63.700,7.424,0.000,0.000
"01:30",0.000,4.045,63.700,7.526,0.000,0.000
"01:45",0.000,3.533,63.700,7.629,0.000,0.000
"02:00",0.000,4.301,63.700,7.424,0.000,0.000
"02:15",0.000,3.482,63.700,7.834,0.000,0.000
"02:30",0.000,3.379,63.800,8.038,0.000,0.000
"02:45",0.000,4.557,63.800,7.117,0.000,0.000
"03:00",0.000,4.096,63.800,7.680,0.000,0.000
"03:15",0.000,4.045,63.800,7.424,0.000,0.000
"03:30",0.000,3.994,63.800,7.680,0.000,0.000
"03:45",0.000,3.379,63.800,7.987,0.000,0.000
"04:00",0.000,4.301,63.800,7.424,0.000,0.000
"04:15",0.000,3.891,63.800,7.680,0.000,0.000
"04:30",0.000,3.686,63.800,7.936,0.000,0.000
"04:45",0.000,4.352,63.700,7.424,0.000,0.000
"05:00",0.000,3.379,63.800,7.885,0.000,0.000
"05:15",0.000,3.891,63.800,7.424,0.000,0.000
"05:30",0.000,4.301,63.800,7.731,0.000,0.000
"05:45",0.000,3.738,63.800,7.987,0.000,0.000
"06:00",0.000,4.403,63.800,7.936,0.000,0.000
"06:15",0.000,3.891,63.800,7.885,0.000,0.000
"06:30",0.000,3.738,63.800,7.782,0.000,0.000
"06:45",0.000,4.710,63.800,7.680,0.000,0.000
"07:00",0.000,4.198,63.700,7.987,0.000,0.000
"07:15",0.000,4.352,63.800,8.141,0.000,0.000
"07:30",0.000,5.581,63.800,7.373,0.000,0.000
"07:45",0.000,3.994,63.800,7.834,0.000,0.000
"08:00",0.000,3.891,63.800,7.987,0.000,0.000
"08:15",0.000,4.966,63.800,7.322,0.000,0.000
"08:30",0.000,4.096,63.800,7.629,0.000,0.000
"08:45",0.000,21.760,63.800,3.226,7.782,0.000
"09:00",0.000,34.509,63.800,0.000,13.568,0.000
"09:15",1.894,17.357,63.700,0.000,7.629,0.000
"09:30",2.099,16.947,63.700,0.000,8.294,0.000
"09:45",0.000,28.518,63.700,0.000,13.312,0.000
"10:00",0.000,32.000,63.700,0.000,17.357,0.000
"10:15",0.000,38.400,63.700,0.000,20.378,0.000
"10:30",0.000,60.211,63.700,0.000,33.741,0.000
"10:45",0.000,49.869,63.700,0.000,33.587,0.000
"11:00",0.000,46.080,63.800,0.000,33.946,0.000
"11:15",0.000,45.363,63.800,0.000,33.485,0.000
"11:30",0.000,53.402,63.800,0.000,34.150,0.000
"11:45",0.000,57.856,63.800,0.000,33.587,0.000
"12:00",0.000,55.040,63.700,0.000,33.638,0.000
"12:15",0.000,51.200,63.800,0.000,34.150,0.000
"12:30",1.382,30.054,63.800,0.000,31.898,2.202
"12:45",0.000,42.496,63.700,0.000,33.126,0.000
"13:00",0.000,32.051,63.700,0.000,33.792,0.000
"13:15",0.000,48.026,63.700,0.000,33.126,0.000
"13:30",11.776,21.555,63.800,0.000,23.194,11.366
"13:45",33.638,0.000,63.800,0.000,0.000,36.403
"14:00",30.464,1.587,63.800,0.000,3.021,32.614
"14:15",31.130,0.102,63.700,0.000,0.563,35.072
"14:30",26.214,2.662,63.700,0.000,4.557,31.744
"14:45",25.702,0.000,63.800,0.000,0.000,35.891
"15:00",20.890,0.000,63.700,0.000,0.000,35.840
"15:15",18.125,0.000,63.700,0.000,0.000,35.482
"15:30",14.694,0.000,63.700,0.000,0.000,35.226
"15:45",9.779,0.051,63.700,0.000,0.205,35.379
"16:00",6.502,0.051,63.700,0.000,1.331,33.485
"16:15",0.973,1.792,63.700,0.000,21.043,14.336
"16:30",0.102,5.478,63.700,0.000,31.590,2.765
"16:45",0.000,12.544,63.700,0.000,34.714,0.000
"17:00",8.397,6.298,63.700,0.000,13.261,8.704
"17:15",33.485,0.000,63.700,0.000,0.000,2.150
"17:30",29.645,0.000,63.700,0.000,0.000,0.000
"17:45",18.842,0.000,63.800,0.000,0.000,0.000
"18:00",8.346,0.000,63.800,0.000,0.000,0.000
"18:15",2.355,0.154,63.800,1.690,0.000,0.000
"18:30",0.768,1.229,63.800,4.608,0.000,0.000
"18:45",0.102,2.970,63.700,6.656,0.000,0.000
"19:00",0.000,4.147,63.700,7.322,0.000,0.000
"19:15",0.000,4.659,63.700,7.526,0.000,0.000
"19:30",0.000,4.250,63.700,7.885,0.000,0.000
"19:45",0.000,4.915,63.700,7.578,0.000,0.000
"20:00",0.000,3.379,63.700,7.987,0.000,0.000
"20:15",0.000,3.277,63.700,8.346,0.000,0.000
"20:30",0.000,4.198,63.700,7.987,0.000,0.000
"20:45",0.000,3.174,63.700,8.909,0.000,0.000
"21:00",0.000,3.584,63.700,8.243,0.000,0.000
"21:15",0.000,4.301,63.700,8.294,0.000,0.000
"21:30",0.000,3.482,63.700,8.346,0.000,0.000
"21:45",0.000,4.096,63.700,7.782,0.000,0.000
"22:00",0.000,3.277,63.700,8.653,0.000,0.000
"22:15",0.000,3.891,63.700,8.141,0.000,0.000
"22:30",0.000,4.250,63.700,7.834,0.000,0.000
"22:45",0.000,3.277,63.700,8.858,0.000,0.000
"23:00",0.000,4.096,63.700,8.243,0.000,0.000
"23:15",0.000,3.789,63.700,8.346,0.000,0.000
"23:30",0.000,3.277,63.700,7.782,0.000,0.000
"23:45",0.000,4.198,63.700,6.810,0.000,0.000
" 7/31/26 24:00",0.000,3.533,63.700,7.219,0.000,0.000
