"kwh"
"Time ","DAGSR01P","DAGSR01P","DAGSR01P","DAGSR01P","DAGSR01P","DAGSR01P"
" 7/25/26 00:15",0.000,5.888,63.700,5.837,0.000,0.000
" 7/25/26 00:30",0.000,5.018,63.700,6.656,0.000,0.000
"00:45",0.000,5.120,63.700,6.554,0.000,0.000
"01:00",0.000,5.786,63.700,6.246,0.000,0.000
"01:15",0.000,4.762,63.700,6.963,0.000,0.000
"01:30",0.000,4.608,63.700,6.707,0.000,0.000
"01:45",0.000,4.762,63.700,6.810,0.000,0.000
"02:00",0.000,5.120,63.700,6.758,0.000,0.000
"02:15",0.000,5.325,63.700,5.786,0.000,0.000
"02:30",0.000,5.530,63.700,5.734,0.000,0.000
"02:45",0.000,6.400,63.700,5.888,0.000,0.000
"03:00",0.000,5.888,63.700,6.144,0.000,0.000
"03:15",0.000,5.376,63.700,5.837,0.000,0.000
"03:30",0.000,5.786,63.700,5.581,0.000,0.000
"03:45",0.000,5.786,63.700,5.683,0.000,0.000
"04:00",0.000,5.274,63.700,6.298,0.000,0.000
"04:15",0.000,5.325,63.700,6.093,0.000,0.000
"04:30",0.000,5.786,63.700,5.376,0.000,0.000
"04:45",0.000,5.222,63.700,6.861,0.000,0.000
"05:00",0.000,4.454,63.700,7.475,0.000,0.000
"05:15",0.000,5.632,63.600,6.246,0.000,0.000
"05:30",0.000,4.608,63.600,6.400,0.000,0.000
"05:45",0.000,5.171,63.600,6.451,0.000,0.000
"06:00",0.000,4.864,63.700,6.707,0.000,0.000
"06:15",0.000,5.171,63.700,6.042,0.000,0.000
"06:30",0.000,4.608,63.700,6.451,0.000,0.000
"06:45",0.000,4.301,63.700,6.093,0.000,0.000
"07:00",0.000,5.427,63.700,5.427,0.000,0.000
"07:15",0.000,5.069,63.700,6.298,0.000,0.000
"07:30",0.000,4.352,63.700,6.349,0.000,0.000
"07:45",0.000,5.120,63.700,5.734,0.000,0.000
"08:00",0.000,5.274,63.700,5.837,0.000,0.000
"08:15",0.000,5.581,63.700,5.990,0.000,0.000
"08:30",0.000,5.683,63.600,5.939,0.000,0.000
"08:45",0.000,5.888,63.700,5.734,0.000,0.000
"09:00",0.000,4.762,63.700,5.888,0.256,0.000
"09:15",0.205,2.304,63.700,4.045,0.000,0.000
"09:30",0.461,2.099,63.700,3.840,0.000,0.000
"09:45",1.587,0.358,63.700,2.560,0.000,0.000
"10:00",5.171,0.000,63.700,0.000,0.000,0.000
"10:15",13.466,0.000,63.700,0.000,0.000,0.000
"10:30",9.933,0.000,63.700,0.000,0.000,0.000
"10:45",10.496,0.000,63.700,0.000,0.000,0.000
"11:00",34.560,0.000,63.700,0.000,0.000,0.000
"11:15",33.485,0.000,63.700,0.000,0.000,0.000
"11:30",38.298,0.000,63.700,0.000,0.000,0.000
"11:45",30.669,0.000,63.700,0.000,0.000,0.000
"12:00",34.560,0.000,63.700,0.000,0.000,0.000
"12:15",35.123,0.000,63.800,0.000,0.000,0.000
"12:30",39.680,0.000,63.800,0.000,0.000,0.000
"12:45",53.811,0.000,63.800,0.000,0.000,3.635
"13:00",46.029,0.000,63.800,0.000,0.000,0.000
"13:15",41.062,0.000,63.800,0.000,0.000,0.000
"13:30",68.454,0.000,63.800,0.000,0.000,0.205
"13:45",96.256,0.000,63.700,0.000,0.000,0.410
"14:00",95.744,0.000,63.700,0.000,0.000,0.358
"14:15",94.720,0.000,63.700,0.000,0.000,0.358
"14:30",94.618,0.000,63.700,0.000,0.000,0.307
"14:45",93.235,0.000,63.700,0.000,0.000,0.102
"15:00",90.829,0.000,63.700,0.000,0.000,0.102
"15:15",88.166,0.000,63.700,0.000,0.000,0.051
"15:30",84.070,0.000,63.700,0.000,0.000,0.102
"15:45",79.872,0.000,63.700,0.000,0.000,0.051
"16:00",76.493,0.000,63.800,0.000,0.000,0.000
"16:15",71.885,0.000,63.700,0.000,0.000,0.000
"16:30",64.819,0.000,63.700,0.000,0.000,0.000
"16:45",58.880,0.000,63.700,0.000,0.000,0.000
"17:00",51.661,0.000,63.700,0.000,0.000,0.000
"17:15",45.158,0.000,63.700,0.000,0.000,0.000
"17:30",38.042,0.000,63.700,0.000,0.000,0.000
"17:45",28.928,0.000,63.700,0.000,0.000,0.000
"18:00",21.299,0.000,63.700,0.000,0.000,0.000
"18:15",6.963,0.154,63.600,0.870,0.000,0.000
"18:30",0.205,2.458,63.600,4.045,0.000,0.000
"18:45",0.000,4.250,63.700,5.683,0.000,0.000
"19:00",0.000,4.454,63.700,5.581,0.000,0.000
"19:15",0.000,5.222,63.700,5.018,0.000,0.000
"19:30",0.000,4.403,63.700,6.093,0.000,0.000
"19:45",0.000,4.454,63.700,5.939,0.000,0.000
"20:00",0.000,5.120,63.700,5.478,0.000,0.000
"20:15",0.000,4.864,63.700,5.939,0.000,0.000
"20:30",0.000,5.018,63.700,6.349,0.000,0.000
"20:45",0.000,5.171,63.700,5.478,0.000,0.000
"21:00",0.000,4.710,63.700,6.246,0.000,0.000
"21:15",0.000,4.506,63.700,6.246,0.000,0.000
"21:30",0.000,5.325,63.600,5.325,0.000,0.000
"21:45",0.000,4.864,63.600,5.683,0.000,0.000
"22:00",0.000,4.915,63.600,5.683,0.000,0.000
"22:15",0.000,5.683,63.600,5.581,0.000,0.000
"22:30",0.000,5.171,63.700,5.786,0.000,0.000
"22:45",0.000,4.506,63.700,6.246,0.000,0.000
"23:00",0.000,5.786,63.700,5.888,0.000,0.000
"23:15",0.000,5.427,63.700,6.298,0.000,0.000
"23:30",0.000,5.325,63.700,6.400,0.000,0.000
"23:45",0.000,5.837,63.700,5.376,0.000,0.000
" 7/25/26 24:00",0.000,5.222,63.700,5.786,0.000,0.000
