"kwh"
"Time ","DAGSR01P","DAGSR01P","DAGSR01P","DAGSR01P","DAGSR01P","DAGSR01P"
" 2/21/26 00:15",0.000,70.861,63.600,0.000,37.376,0.000
" 2/21/26 00:30",0.000,71.066,63.600,0.000,36.966,0.000
"00:45",0.000,70.554,63.600,0.000,36.762,0.000
"01:00",0.000,69.939,63.600,0.000,35.840,0.000
"01:15",0.000,69.990,63.600,0.000,35.994,0.000
"01:30",0.000,70.656,63.600,0.000,35.584,0.000
"01:45",0.000,70.195,63.600,0.000,36.454,0.000
"02:00",0.000,70.298,63.600,0.000,36.966,0.000
"02:15",0.000,70.707,63.600,0.000,37.376,0.000
"02:30",0.000,70.810,63.600,0.000,36.966,0.000
"02:45",0.000,70.042,63.600,0.000,36.557,0.000
"03:00",0.000,69.888,63.600,0.000,36.506,0.000
"03:15",0.000,69.939,63.600,0.000,36.352,0.000
"03:30",0.000,69.990,63.600,0.000,36.096,0.000
"03:45",0.000,69.939,63.600,0.000,36.250,0.000
"04:00",0.000,70.656,63.600,0.000,36.813,0.000
"04:15",0.000,70.605,63.600,0.000,37.069,0.000
"04:30",0.000,70.246,63.600,0.000,36.403,0.000
"04:45",0.000,70.144,63.600,0.000,35.942,0.000
"05:00",0.000,70.093,63.600,0.000,36.096,0.000
"05:15",0.000,69.837,63.600,0.000,36.096,0.000
"05:30",0.000,70.349,63.600,0.000,36.301,0.000
"05:45",0.000,70.502,63.600,0.000,36.966,0.000
"06:00",0.000,70.758,63.600,0.000,36.762,0.000
"06:15",0.000,69.990,63.600,0.000,36.301,0.000
"06:30",0.000,72.243,63.600,0.000,37.581,0.000
"06:45",0.000,72.653,63.600,0.000,37.683,0.000
"07:00",0.000,72.602,63.600,0.000,37.632,0.000
"07:15",0.000,72.806,63.600,0.000,37.990,0.000
"07:30",0.000,73.421,63.500,0.000,38.656,0.000
"07:45",0.000,73.830,63.600,0.000,38.707,0.000
"08:00",0.000,73.216,63.600,0.000,38.298,0.000
"08:15",0.000,72.602,63.600,0.000,37.837,0.000
"08:30",0.000,72.550,63.600,0.000,37.837,0.000
"08:45",0.000,71.424,63.600,0.000,37.683,0.000
"09:00",0.000,70.912,63.600,0.000,37.888,0.000
"09:15",0.000,70.912,63.600,0.000,38.554,0.000
"09:30",0.000,71.066,63.600,0.000,38.451,0.000
"09:45",0.000,70.605,63.600,0.000,38.451,0.000
"10:00",0.000,67.584,63.600,0.000,36.198,0.000
"10:15",0.000,69.120,63.600,0.000,35.789,0.000
"10:30",0.000,65.024,63.600,0.000,35.840,0.000
"10:45",0.000,63.078,63.600,0.000,35.789,0.000
"11:00",0.000,52.992,63.600,0.000,36.608,0.000
"11:15",0.000,53.862,63.600,0.000,37.222,0.000
"11:30",0.000,54.733,63.600,0.000,36.762,0.000
"11:45",0.000,57.190,63.600,0.000,36.250,0.000
"12:00",0.000,66.406,63.600,0.000,35.891,0.000
"12:15",0.000,68.710,63.600,0.000,35.482,0.000
"12:30",0.000,68.813,63.600,0.000,35.430,0.000
"12:45",0.000,67.482,63.600,0.000,35.533,0.000
"13:00",0.000,66.611,63.600,0.000,36.352,0.000
"13:15",0.000,58.163,63.600,0.000,36.506,0.000
"13:30",0.000,33.126,63.600,0.000,36.915,0.000
"13:45",0.000,33.229,63.600,0.000,36.147,0.000
"14:00",0.000,40.499,63.600,0.000,35.942,0.000
"14:15",0.000,39.270,63.600,0.000,35.738,0.000
"14:30",0.000,36.659,63.600,0.000,35.789,0.000
"14:45",0.512,20.582,63.700,0.000,35.635,1.178
"15:00",0.000,33.434,63.700,0.000,36.608,0.000
"15:15",0.000,28.877,63.700,0.000,36.864,0.000
"15:30",0.000,25.139,63.700,0.000,37.069,0.000
"15:45",0.000,28.211,63.700,0.000,36.915,0.000
"16:00",1.536,15.411,63.700,0.000,33.946,3.021
"16:15",1.280,30.464,63.700,0.000,33.331,2.816
"16:30",0.000,30.157,63.700,0.000,36.096,0.000
"16:45",0.000,45.875,63.600,0.000,35.635,0.000
"17:00",0.000,55.450,63.600,0.000,35.635,0.000
"17:15",0.000,58.419,63.600,0.000,35.994,0.000
"17:30",0.000,56.627,63.600,0.000,36.045,0.000
"17:45",0.000,49.664,63.600,0.000,36.147,0.000
"18:00",0.000,55.040,63.600,0.000,36.096,0.000
"18:15",0.000,59.238,63.600,0.000,36.454,0.000
"18:30",0.000,59.494,63.600,0.000,36.710,0.000
"18:45",0.000,53.606,63.600,0.000,36.762,0.000
"19:00",0.000,59.802,63.600,0.000,36.198,0.000
"19:15",0.000,64.768,63.600,0.000,36.250,0.000
"19:30",0.000,68.250,63.600,0.000,35.994,0.000
"19:45",0.000,69.120,63.600,0.000,36.045,0.000
"20:00",0.000,70.861,63.600,0.000,36.198,0.000
"20:15",0.000,71.424,63.600,0.000,36.710,0.000
"20:30",0.000,71.270,63.600,0.000,36.659,0.000
"20:45",0.000,70.605,63.600,0.000,36.096,0.000
"21:00",0.000,70.195,63.600,0.000,35.738,0.000
"21:15",0.000,70.298,63.600,0.000,35.584,0.000
"21:30",0.000,70.298,63.600,0.000,35.635,0.000
"21:45",0.000,70.349,63.600,0.000,35.738,0.000
"22:00",0.000,71.219,63.600,0.000,36.301,0.000
"22:15",0.000,71.322,63.600,0.000,35.942,0.000
"22:30",0.000,70.810,63.600,0.000,35.891,0.000
"22:45",0.000,70.656,63.600,0.000,35.533,0.000
"23:00",0.000,70.605,63.600,0.000,35.021,0.000
"23:15",0.000,70.656,63.600,0.000,35.584,0.000
"23:30",0.000,45.261,63.600,0.000,18.842,0.000
"23:45",0.000,38.349,63.600,0.000,13.875,0.000
" 2/21/26 24:00",0.000,38.554,63.600,0.000,13.978,0.000
