"kwh"
"Time ","DAGSR01P","DAGSR01P","DAGSR01P","DAGSR01P","DAGSR01P","DAGSR01P"
" 5/25/26 00:15",0.000,5.478,63.800,6.400,0.000,0.000
" 5/25/26 00:30",0.000,4.762,63.800,6.912,0.000,0.000
"00:45",0.000,5.222,63.700,6.656,0.000,0.000
"01:00",0.000,4.608,63.700,7.475,0.000,0.000
"01:15",0.000,4.198,63.700,7.782,0.000,0.000
"01:30",0.000,4.659,63.700,7.629,0.000,0.000
"01:45",0.000,4.454,63.700,7.629,0.000,0.000
"02:00",0.000,3.840,63.700,8.038,0.000,0.000
"02:15",0.000,4.096,63.700,7.731,0.000,0.000
"02:30",0.000,5.274,63.700,7.270,0.000,0.000
"02:45",0.000,5.069,63.700,7.782,0.000,0.000
"03:00",0.000,4.352,63.700,7.987,0.000,0.000
"03:15",0.000,5.018,63.700,7.578,0.000,0.000
"03:30",0.000,3.635,63.700,7.834,0.000,0.000
"03:45",0.000,3.738,63.700,8.294,0.000,0.000
"04:00",0.000,4.966,63.700,7.680,0.000,0.000
"04:15",0.000,4.045,63.700,8.294,0.000,0.000
"04:30",0.000,3.891,63.700,8.448,0.000,0.000
"04:45",0.000,4.762,63.700,8.038,0.000,0.000
"05:00",0.000,3.584,63.700,8.499,0.000,0.000
"05:15",0.000,3.635,63.700,8.090,0.000,0.000
"05:30",0.000,4.915,63.700,7.475,0.000,0.000
"05:45",0.000,3.994,63.700,8.141,0.000,0.000
"06:00",0.000,3.635,63.700,8.141,0.000,0.000
"06:15",0.000,4.864,63.700,7.219,0.000,0.000
"06:30",0.000,3.686,63.700,8.294,0.000,0.000
"06:45",0.000,3.533,63.700,8.192,0.000,0.000
"07:00",0.000,5.427,63.700,7.066,0.000,0.000
"07:15",0.000,5.222,63.700,7.322,0.000,0.000
"07:30",0.000,4.966,63.700,7.322,0.000,0.000
"07:45",0.000,4.557,63.700,7.578,0.000,0.000
"08:00",0.000,4.710,63.700,8.038,0.000,0.000
"08:15",0.000,4.250,63.700,8.448,0.000,0.000
"08:30",0.000,4.608,63.700,7.987,0.000,0.000
"08:45",0.000,4.813,63.700,6.554,0.000,0.000
"09:00",0.051,3.021,63.700,5.939,0.000,0.000
"09:15",0.614,1.843,63.700,4.710,0.000,0.000
"09:30",0.512,2.150,63.700,4.301,0.000,0.000
"09:45",1.638,0.461,63.800,2.355,0.000,0.000
"10:00",3.994,0.000,63.800,0.000,0.000,0.000
"10:15",7.373,0.000,63.800,0.000,0.000,0.000
"10:30",9.728,0.000,63.800,0.000,0.000,0.000
"10:45",12.442,0.000,63.800,0.000,0.000,0.000
"11:00",15.258,0.000,63.800,0.000,0.000,0.000
"11:15",15.718,0.000,63.800,0.000,0.000,0.000
"11:30",16.691,0.000,63.800,0.000,0.000,0.000
"11:45",18.688,0.000,63.800,0.000,0.000,0.000
"12:00",21.350,0.000,63.800,0.000,0.000,0.000
"12:15",21.248,0.000,63.800,0.000,0.000,0.000
"12:30",25.805,0.000,63.800,0.000,0.000,0.000
"12:45",28.365,0.000,63.800,0.000,0.000,0.000
"13:00",28.314,0.000,63.800,0.000,0.000,0.000
"13:15",31.181,0.000,63.800,0.000,0.000,0.000
"13:30",34.970,0.000,63.800,0.000,0.000,0.000
"13:45",38.042,0.000,63.800,0.000,0.000,0.000
"14:00",76.595,0.000,63.800,0.000,0.000,0.000
"14:15",91.494,0.000,63.800,0.000,0.000,0.000
"14:30",96.717,0.000,63.800,0.000,0.000,0.000
"14:45",40.141,0.000,63.800,0.000,0.000,0.000
"15:00",25.446,0.000,63.800,0.000,0.000,0.000
"15:15",24.678,0.000,63.800,0.000,0.000,0.000
"15:30",22.630,0.000,63.800,0.000,0.000,0.000
"15:45",14.643,0.000,63.800,0.000,0.000,0.000
"16:00",27.187,0.000,63.800,0.000,0.000,0.000
"16:15",63.642,0.000,63.800,0.000,0.000,0.000
"16:30",61.594,0.000,63.800,0.000,0.000,0.000
"16:45",53.248,0.000,63.800,0.000,0.000,0.000
"17:00",46.131,0.000,63.800,0.000,0.000,0.000
"17:15",39.629,0.000,63.800,0.000,0.000,0.000
"17:30",30.106,0.000,63.800,0.000,0.000,0.000
"17:45",22.784,0.000,63.800,0.000,0.000,0.000
"18:00",4.966,0.666,63.800,1.997,0.000,0.000
"18:15",0.666,1.587,63.800,3.789,0.000,0.000
"18:30",0.000,3.430,63.700,6.810,0.000,0.000
"18:45",0.000,4.608,63.800,6.451,0.000,0.000
"19:00",0.000,3.533,63.800,6.861,0.000,0.000
"19:15",0.000,3.533,63.800,7.014,0.000,0.000
"19:30",0.000,5.120,63.800,6.451,0.000,0.000
"19:45",0.000,4.403,63.700,7.322,0.000,0.000
"20:00",0.000,3.584,63.700,7.066,0.000,0.000
"20:15",0.000,4.608,63.700,6.451,0.000,0.000
"20:30",0.000,3.482,63.700,7.117,0.000,0.000
"20:45",0.000,3.584,63.700,7.424,0.000,0.000
"21:00",0.000,5.120,63.700,6.912,0.000,0.000
"21:15",0.000,4.250,63.700,6.861,0.000,0.000
"21:30",0.000,4.301,63.700,6.861,0.000,0.000
"21:45",0.000,5.376,63.700,6.246,0.000,0.000
"22:00",0.000,3.430,63.700,7.373,0.000,0.000
"22:15",0.000,3.942,63.700,7.322,0.000,0.000
"22:30",0.000,4.762,63.700,6.810,0.000,0.000
"22:45",0.000,3.635,63.700,7.117,0.000,0.000
"23:00",0.000,4.454,63.700,6.605,0.000,0.000
"23:15",0.000,3.789,63.700,6.554,0.000,0.000
"23:30",0.000,3.533,63.700,7.014,0.000,0.000
"23:45",0.000,4.864,63.700,6.963,0.000,0.000
" 5/25/26 24:00",0.000,4.659,63.700,7.526,0.000,0.000
