"kwh"
"Time ","DAGSR01P","DAGSR01P","DAGSR01P","DAGSR01P","DAGSR01P","DAGSR01P"
" 3/15/26 00:15",0.000,7.270,63.700,4.864,0.000,0.000
" 3/15/26 00:30",0.000,6.963,63.700,5.069,0.000,0.000
"00:45",0.000,7.014,63.700,5.376,0.000,0.000
"01:00",0.000,7.066,63.700,5.530,0.000,0.000
"01:15",0.000,7.117,63.700,5.581,0.000,0.000
"01:30",0.000,7.424,63.700,5.376,0.000,0.000
"01:45",0.000,7.117,63.700,5.734,0.000,0.000
"02:00",0.000,7.066,63.700,5.581,0.000,0.000
"02:15",0.000,7.117,63.700,5.478,0.000,0.000
"02:30",0.000,7.066,63.700,5.427,0.000,0.000
"02:45",0.000,7.117,63.700,5.427,0.000,0.000
"03:00",0.000,7.066,63.700,5.734,0.000,0.000
"03:15",0.000,7.066,63.700,6.042,0.000,0.000
"03:30",0.000,7.168,63.700,5.734,0.000,0.000
"03:45",0.000,7.373,63.700,5.734,0.000,0.000
"04:00",0.000,7.219,63.700,5.939,0.000,0.000
"04:15",0.000,7.168,63.700,5.632,0.000,0.000
"04:30",0.000,7.168,63.700,5.581,0.000,0.000
"04:45",0.000,7.475,63.700,5.837,0.000,0.000
"05:00",0.000,7.066,63.700,6.144,0.000,0.000
"05:15",0.000,6.963,63.700,6.093,0.000,0.000
"05:30",0.000,7.014,63.700,5.888,0.000,0.000
"05:45",0.000,7.117,63.700,6.093,0.000,0.000
"06:00",0.000,7.475,63.700,5.683,0.000,0.000
"06:15",0.000,6.963,63.700,5.786,0.000,0.000
"06:30",0.000,7.219,63.700,5.683,0.000,0.000
"06:45",0.000,7.014,63.700,5.888,0.000,0.000
"07:00",0.000,6.963,63.700,6.144,0.000,0.000
"07:15",0.000,7.014,63.700,5.990,0.000,0.000
"07:30",0.000,7.578,63.700,5.581,0.000,0.000
"07:45",0.000,7.578,63.700,6.042,0.000,0.000
"08:00",0.000,7.014,63.700,5.888,0.000,0.000
"08:15",0.000,6.451,63.700,5.274,0.000,0.000
"08:30",0.000,5.325,63.700,5.632,0.000,0.000
"08:45",0.000,4.352,63.700,5.427,0.000,0.000
"09:00",0.154,3.021,63.700,4.250,0.000,0.000
"09:15",2.918,0.512,63.700,1.382,0.000,0.000
"09:30",7.117,0.000,63.700,0.000,0.000,0.000
"09:45",8.602,0.000,63.600,0.000,0.000,0.000
"10:00",15.002,0.000,63.700,0.000,0.000,0.000
"10:15",20.019,0.000,63.700,0.000,0.000,0.000
"10:30",23.040,0.000,63.700,0.000,0.000,0.000
"10:45",44.288,0.000,63.700,0.000,0.000,0.102
"11:00",52.992,0.000,63.600,0.000,0.000,0.000
"11:15",23.706,0.000,63.600,0.000,0.000,0.000
"11:30",30.566,0.000,63.700,0.000,0.000,0.000
"11:45",46.643,0.000,63.700,0.000,0.000,0.051
"12:00",33.075,0.000,63.700,0.000,0.000,0.000
"12:15",40.346,0.000,63.700,0.000,0.000,0.000
"12:30",29.184,0.000,63.700,0.000,0.000,0.000
"12:45",55.757,0.000,63.700,0.000,0.000,0.154
"13:00",53.146,0.000,63.700,0.000,0.000,0.102
"13:15",76.954,0.000,63.700,0.000,0.000,0.563
"13:30",59.853,0.000,63.600,0.000,0.000,0.358
"13:45",57.088,0.000,63.600,0.000,0.000,0.205
"14:00",63.846,0.000,63.600,0.000,0.000,0.205
"14:15",52.582,0.000,63.600,0.000,0.000,0.102
"14:30",69.683,0.000,63.600,0.000,0.000,0.307
"14:45",84.429,0.000,63.600,0.000,0.000,0.563
"15:00",75.418,0.000,63.600,0.000,0.000,0.410
"15:15",86.989,0.000,63.600,0.000,0.000,0.512
"15:30",83.558,0.000,63.600,0.000,0.000,0.461
"15:45",66.304,0.000,63.600,0.000,0.000,0.307
"16:00",79.258,0.000,63.600,0.000,0.000,0.410
"16:15",74.240,0.000,63.600,0.000,0.000,0.205
"16:30",67.789,0.000,63.600,0.000,0.000,0.102
"16:45",62.976,0.000,63.600,0.000,0.000,0.051
"17:00",55.808,0.000,63.600,0.000,0.000,0.000
"17:15",50.483,0.000,63.600,0.000,0.000,0.000
"17:30",44.339,0.000,63.600,0.000,0.000,0.000
"17:45",37.427,0.000,63.600,0.000,0.000,0.000
"18:00",30.054,0.000,63.600,0.000,0.000,0.000
"18:15",23.091,0.000,63.700,0.000,0.000,0.000
"18:30",15.872,0.000,63.700,0.000,0.000,0.000
"18:45",9.267,0.000,63.700,0.000,0.000,0.000
"19:00",3.226,0.154,63.700,0.870,0.000,0.000
"19:15",0.410,2.714,63.700,2.970,0.000,0.000
"19:30",0.000,6.349,63.700,3.686,0.000,0.000
"19:45",0.000,7.168,63.600,4.198,0.000,0.000
"20:00",0.000,8.192,63.700,4.250,0.000,0.000
"20:15",0.000,7.782,63.600,4.045,0.000,0.000
"20:30",0.000,7.475,63.600,3.891,0.000,0.000
"20:45",0.000,7.578,63.700,3.942,0.000,0.000
"21:00",0.000,7.526,63.600,4.096,0.000,0.000
"21:15",0.000,7.475,63.600,4.506,0.000,0.000
"21:30",0.000,7.526,63.600,4.096,0.000,0.000
"21:45",0.000,7.834,63.600,4.301,0.000,0.000
"22:00",0.000,7.526,63.700,4.301,0.000,0.000
"22:15",0.000,7.424,63.600,4.250,0.000,0.000
"22:30",0.000,7.578,63.600,4.352,0.000,0.000
"22:45",0.000,7.578,63.600,4.454,0.000,0.000
"23:00",0.000,7.885,63.700,4.557,0.000,0.000
"23:15",0.000,7.629,63.600,4.762,0.000,0.000
"23:30",0.000,7.475,63.700,4.915,0.000,0.000
"23:45",0.000,7.270,63.700,4.915,0.000,0.000
" 3/15/26 24:00",0.000,7.219,63.700,4.454,0.000,0.000
