"kwh"
"Time ","DAGSR01P","DAGSR01P","DAGSR01P","DAGSR01P","DAGSR01P","DAGSR01P"
" 6/13/26 00:15",0.000,4.659,63.700,7.731,0.000,0.000
" 6/13/26 00:30",0.000,4.557,63.700,7.731,0.000,0.000
"00:45",0.000,4.506,63.700,7.834,0.000,0.000
"01:00",0.000,4.352,63.700,7.834,0.000,0.000
"01:15",0.000,3.994,63.700,8.141,0.000,0.000
"01:30",0.000,3.686,63.700,8.243,0.000,0.000
"01:45",0.000,3.686,63.700,8.294,0.000,0.000
"02:00",0.000,3.738,63.700,8.602,0.000,0.000
"02:15",0.000,4.147,63.700,8.550,0.000,0.000
"02:30",0.000,3.789,63.700,8.550,0.000,0.000
"02:45",0.000,4.301,63.700,7.782,0.000,0.000
"03:00",0.000,4.250,63.700,7.526,0.000,0.000
"03:15",0.000,4.198,63.700,7.680,0.000,0.000
"03:30",0.000,3.942,63.700,7.936,0.000,0.000
"03:45",0.000,4.352,63.700,8.141,0.000,0.000
"04:00",0.000,4.506,63.700,7.629,0.000,0.000
"04:15",0.000,4.045,63.700,7.629,0.000,0.000
"04:30",0.000,3.891,63.700,8.192,0.000,0.000
"04:45",0.000,3.738,63.700,8.141,0.000,0.000
"05:00",0.000,4.045,63.700,7.578,0.000,0.000
"05:15",0.000,3.891,63.700,7.680,0.000,0.000
"05:30",0.000,3.942,63.700,7.782,0.000,0.000
"05:45",0.000,4.352,63.700,7.834,0.000,0.000
"06:00",0.000,4.147,63.800,7.731,0.000,0.000
"06:15",0.000,3.942,63.700,7.680,0.000,0.000
"06:30",0.000,4.301,63.700,7.782,0.000,0.000
"06:45",0.000,4.659,63.700,7.629,0.000,0.000
"07:00",0.000,4.301,63.700,7.475,0.000,0.000
"07:15",0.000,5.274,63.700,7.322,0.000,0.000
"07:30",0.000,5.069,63.700,7.322,0.000,0.000
"07:45",0.000,4.762,63.700,7.424,0.000,0.000
"08:00",0.000,5.222,63.700,7.680,0.000,0.000
"08:15",0.000,4.915,63.700,7.322,0.000,0.000
"08:30",0.000,4.557,63.600,7.219,0.000,0.000
"08:45",0.000,4.403,63.600,7.066,0.000,0.000
"09:00",0.000,3.789,63.600,6.502,0.000,0.000
"09:15",0.051,3.328,63.600,4.813,0.000,0.000
"09:30",1.075,1.741,63.600,2.458,0.000,0.000
"09:45",8.192,0.102,63.600,0.410,0.000,0.000
"10:00",13.517,0.000,63.700,0.000,0.000,0.000
"10:15",23.757,0.000,63.600,0.000,0.000,0.000
"10:30",46.438,0.000,63.600,0.000,0.000,0.102
"10:45",32.717,0.000,63.600,0.000,0.000,0.000
"11:00",31.846,0.000,63.600,0.000,0.000,0.000
"11:15",31.642,0.000,63.600,0.000,0.000,0.000
"11:30",29.798,0.000,63.600,0.000,0.000,0.000
"11:45",50.842,0.000,63.600,0.000,0.000,0.000
"12:00",32.102,0.000,63.700,0.000,0.000,0.000
"12:15",57.856,0.000,63.700,0.000,0.000,0.102
"12:30",62.003,0.000,63.700,0.000,0.000,0.205
"12:45",51.149,0.000,63.700,0.000,0.000,0.154
"13:00",98.509,0.000,63.600,0.000,0.000,0.614
"13:15",52.224,0.000,63.700,0.000,0.000,0.154
"13:30",21.248,0.000,63.700,0.000,0.000,0.000
"13:45",64.410,0.000,63.700,0.000,0.000,0.154
"14:00",32.768,0.000,63.700,0.000,0.000,0.000
"14:15",33.843,0.000,63.700,0.000,0.000,0.000
"14:30",23.552,0.000,63.600,0.000,0.000,0.000
"14:45",37.018,0.000,63.600,0.000,0.000,0.000
"15:00",28.877,0.000,63.600,0.000,0.000,0.000
"15:15",12.902,0.000,63.700,0.000,0.000,0.000
"15:30",9.626,0.000,63.600,0.000,0.000,0.000
"15:45",6.042,0.000,63.700,0.154,0.000,0.000
"16:00",2.816,0.358,63.700,1.382,0.000,0.000
"16:15",0.512,2.099,63.700,3.328,0.000,0.000
"16:30",0.102,3.123,63.700,4.864,0.000,0.000
"16:45",0.000,4.045,63.700,5.427,0.000,0.000
"17:00",0.000,4.915,63.700,4.301,0.000,0.000
"17:15",0.000,4.966,63.600,4.506,0.000,0.000
"17:30",0.000,5.683,63.600,4.915,0.000,0.000
"17:45",0.000,5.837,63.600,4.864,0.000,0.000
"18:00",0.000,5.888,63.600,5.171,0.000,0.000
"18:15",0.000,5.581,63.600,5.888,0.000,0.000
"18:30",0.000,6.144,63.600,5.734,0.000,0.000
"18:45",0.000,5.427,63.600,5.837,0.000,0.000
"19:00",0.000,5.069,63.700,5.632,0.000,0.000
"19:15",0.000,5.632,63.700,5.274,0.000,0.000
"19:30",0.000,5.786,63.700,5.171,0.000,0.000
"19:45",0.000,6.246,63.700,5.274,0.000,0.000
"20:00",0.000,5.939,63.700,5.069,0.000,0.000
"20:15",0.000,6.605,63.700,4.710,0.000,0.000
"20:30",0.000,4.864,63.700,6.093,0.000,0.000
"20:45",0.000,5.069,63.700,6.093,0.000,0.000
"21:00",0.000,5.018,63.700,6.042,0.000,0.000
"21:15",0.000,4.762,63.700,6.093,0.000,0.000
"21:30",0.000,5.018,63.700,6.144,0.000,0.000
"21:45",0.000,6.707,63.700,5.018,0.000,0.000
"22:00",0.000,5.478,63.700,5.734,0.000,0.000
"22:15",0.000,5.478,63.700,5.939,0.000,0.000
"22:30",0.000,5.888,63.700,5.734,0.000,0.000
"22:45",0.000,5.683,63.700,5.632,0.000,0.000
"23:00",0.000,4.762,63.700,6.144,0.000,0.000
"23:15",0.000,5.683,63.700,5.888,0.000,0.000
"23:30",0.000,5.530,63.700,5.990,0.000,0.000
"23:45",0.000,5.120,63.700,6.298,0.000,0.000
" 6/13/26 24:00",0.000,5.427,63.700,6.298,0.000,0.000
