"kwh"
"Time ","DAGSR01P","DAGSR01P","DAGSR01P","DAGSR01P","DAGSR01P","DAGSR01P"
" 4/10/26 00:15",0.000,4.966,63.700,4.864,0.000,0.000
" 4/10/26 00:30",0.000,4.506,63.700,5.478,0.000,0.000
"00:45",0.000,4.915,63.700,5.325,0.000,0.000
"01:00",0.000,4.864,63.700,5.632,0.000,0.000
"01:15",0.000,4.506,63.700,5.990,0.000,0.000
"01:30",0.000,5.734,63.700,5.478,0.000,0.000
"01:45",0.000,4.762,63.700,5.939,0.000,0.000
"02:00",0.000,5.376,63.700,5.734,0.000,0.000
"02:15",0.000,4.813,63.700,6.042,0.000,0.000
"02:30",0.000,4.762,63.700,5.786,0.000,0.000
"02:45",0.000,4.915,63.700,5.939,0.000,0.000
"03:00",0.000,4.659,63.700,6.246,0.000,0.000
"03:15",0.000,5.427,63.700,5.939,0.000,0.000
"03:30",0.000,4.403,63.700,6.400,0.000,0.000
"03:45",0.000,5.018,63.700,6.144,0.000,0.000
"04:00",0.000,4.915,63.700,6.758,0.000,0.000
"04:15",0.000,4.454,63.700,6.400,0.000,0.000
"04:30",0.000,5.171,63.600,5.683,0.000,0.000
"04:45",0.000,4.864,63.600,6.451,0.000,0.000
"05:00",0.000,5.581,63.700,6.144,0.000,0.000
"05:15",0.000,4.506,63.700,6.246,0.000,0.000
"05:30",0.000,5.171,63.700,5.939,0.000,0.000
"05:45",0.000,4.915,63.600,6.195,0.000,0.000
"06:00",0.000,4.454,63.700,6.502,0.000,0.000
"06:15",0.000,5.325,63.700,5.837,0.000,0.000
"06:30",0.000,4.710,63.700,6.195,0.000,0.000
"06:45",0.000,5.837,63.700,5.478,0.000,0.000
"07:00",0.000,4.762,63.700,5.837,0.000,0.000
"07:15",0.000,5.171,63.700,5.683,0.000,0.000
"07:30",0.000,5.632,63.600,5.734,0.000,0.000
"07:45",0.000,5.222,63.700,6.195,0.000,0.000
"08:00",0.000,5.171,63.600,5.069,0.000,0.000
"08:15",0.307,2.048,63.600,3.942,0.000,0.000
"08:30",0.922,11.930,63.600,0.870,3.994,0.000
"08:45",3.840,1.536,63.600,0.358,0.512,0.000
"09:00",10.240,0.000,63.700,0.000,0.000,0.000
"09:15",16.742,0.000,63.700,0.000,0.000,0.000
"09:30",6.912,0.000,63.600,0.000,0.000,0.000
"09:45",12.749,0.000,63.600,0.000,0.000,0.000
"10:00",14.387,0.000,63.600,0.000,0.000,0.000
"10:15",11.213,3.891,63.600,0.000,3.174,0.000
"10:30",0.000,11.162,63.600,0.000,9.165,0.000
"10:45",0.000,17.766,63.600,0.000,9.318,0.000
"11:00",0.000,16.998,63.600,0.000,8.653,0.000
"11:15",0.000,17.357,63.600,0.000,8.960,0.000
"11:30",0.051,10.342,63.600,0.000,9.062,0.154
"11:45",6.656,0.410,63.600,0.000,1.741,7.629
"12:00",34.611,0.000,63.600,0.000,0.000,10.906
"12:15",44.595,0.307,63.600,0.000,0.410,10.342
"12:30",0.102,5.632,63.600,0.000,8.550,0.410
"12:45",3.533,1.178,63.600,0.000,3.635,6.144
"13:00",17.306,0.461,63.600,0.000,1.229,8.653
"13:15",15.718,1.024,63.600,0.000,2.509,7.322
"13:30",47.155,0.000,63.600,0.000,0.000,11.418
"13:45",24.627,0.205,63.600,0.000,0.666,9.370
"14:00",26.726,0.614,63.600,0.000,1.843,8.653
"14:15",22.426,0.051,63.600,0.000,0.256,9.984
"14:30",19.200,0.512,63.600,0.000,1.434,8.141
"14:45",3.789,11.418,63.600,0.000,14.131,5.120
"15:00",0.870,29.542,63.600,0.000,27.085,1.178
"15:15",15.309,3.379,63.600,0.000,4.045,9.216
"15:30",29.850,3.789,63.600,0.000,3.584,7.322
"15:45",20.326,6.042,63.500,0.000,4.864,14.080
"16:00",4.966,16.077,63.600,0.000,12.544,18.125
"16:15",2.970,1.024,63.500,0.000,9.318,20.838
"16:30",22.323,0.563,63.500,0.000,2.560,16.589
"16:45",22.682,0.000,63.500,0.000,0.000,15.872
"17:00",17.101,0.000,63.600,0.000,0.000,14.950
"17:15",10.035,0.000,63.500,0.000,0.000,15.053
"17:30",4.403,0.256,63.500,0.000,1.894,12.800
"17:45",7.885,1.997,63.600,0.000,8.192,2.202
"18:00",21.248,0.000,63.600,0.000,0.000,0.051
"18:15",15.514,0.000,63.600,0.000,0.000,0.000
"18:30",8.397,0.000,63.600,0.000,0.000,0.000
"18:45",1.792,0.461,63.600,1.638,0.000,0.000
"19:00",0.102,3.379,63.600,3.891,0.000,0.000
"19:15",0.000,5.530,63.600,4.352,0.000,0.000
"19:30",0.000,4.813,63.600,4.506,0.000,0.000
"19:45",0.000,4.659,63.600,4.608,0.000,0.000
"20:00",0.000,5.427,63.600,4.096,0.000,0.000
"20:15",0.000,4.659,63.600,4.608,0.000,0.000
"20:30",0.000,5.171,63.600,4.506,0.000,0.000
"20:45",0.000,4.301,63.600,4.813,0.000,0.000
"21:00",0.000,4.710,63.600,4.506,0.000,0.000
"21:15",0.000,5.222,63.600,4.762,0.000,0.000
"21:30",0.000,4.710,63.700,5.171,0.000,0.000
"21:45",0.000,5.632,63.600,4.147,0.000,0.000
"22:00",0.000,4.403,63.600,4.813,0.000,0.000
"22:15",0.000,4.966,63.600,4.864,0.000,0.000
"22:30",0.000,5.274,63.600,4.557,0.000,0.000
"22:45",0.000,4.557,63.600,4.710,0.000,0.000
"23:00",0.000,5.427,63.600,4.250,0.000,0.000
"23:15",0.000,4.557,63.600,5.120,0.000,0.000
"23:30",0.000,4.762,63.600,4.710,0.000,0.000
"23:45",0.000,5.171,63.600,4.506,0.000,0.000
" 4/10/26 24:00",0.000,4.762,63.600,4.915,0.000,0.000
