"kwh"
"Time ","DAGSR01P","DAGSR01P","DAGSR01P","DAGSR01P","DAGSR01P","DAGSR01P"
" 9/26/26 00:15",0.000,71.322,63.600,0.000,35.840,0.000
" 9/26/26 00:30",0.000,71.629,63.600,0.000,35.584,0.000
"00:45",0.000,71.270,63.600,0.000,35.840,0.000
"01:00",0.000,71.270,63.600,0.000,35.942,0.000
"01:15",0.000,71.629,63.600,0.000,36.096,0.000
"01:30",0.000,72.090,63.600,0.000,36.403,0.000
"01:45",0.000,72.346,63.600,0.000,36.250,0.000
"02:00",0.000,71.424,63.600,0.000,35.891,0.000
"02:15",0.000,71.373,63.600,0.000,35.482,0.000
"02:30",0.000,71.219,63.600,0.000,35.686,0.000
"02:45",0.000,71.219,63.600,0.000,35.840,0.000
"03:00",0.000,71.066,63.600,0.000,35.942,0.000
"03:15",0.000,71.117,63.600,0.000,35.840,0.000
"03:30",0.000,71.117,63.600,0.000,35.942,0.000
"03:45",0.000,71.424,63.600,0.000,36.045,0.000
"04:00",0.000,71.066,63.600,0.000,35.994,0.000
"04:15",0.000,71.168,63.600,0.000,35.994,0.000
"04:30",0.000,71.168,63.600,0.000,35.994,0.000
"04:45",0.000,71.066,63.600,0.000,36.045,0.000
"05:00",0.000,71.066,63.600,0.000,35.942,0.000
"05:15",0.000,71.168,63.600,0.000,35.942,0.000
"05:30",0.000,71.526,63.600,0.000,35.430,0.000
"05:45",0.000,71.270,63.600,0.000,35.430,0.000
"06:00",0.000,71.014,63.600,0.000,35.533,0.000
"06:15",0.000,71.270,63.700,0.000,35.482,0.000
"06:30",0.000,71.117,63.700,0.000,35.430,0.000
"06:45",0.000,71.629,63.700,0.000,35.379,0.000
"07:00",0.000,71.629,63.700,0.000,35.226,0.000
"07:15",0.000,71.014,63.700,0.000,35.482,0.000
"07:30",0.000,100.915,63.700,0.000,44.134,0.000
"07:45",0.000,97.792,63.700,0.000,43.930,0.000
"08:00",0.000,74.598,63.700,0.000,39.629,0.000
"08:15",0.000,83.507,63.700,0.000,52.838,0.000
"08:30",0.000,45.875,63.700,0.000,33.280,0.000
"08:45",0.000,71.731,63.700,0.000,54.835,0.000
"09:00",0.000,70.042,63.700,0.000,56.883,0.000
"09:15",0.000,82.637,63.600,0.000,65.690,0.000
"09:30",0.000,47.053,63.600,0.000,54.579,0.000
"09:45",0.000,39.629,63.600,0.000,54.733,0.000
"10:00",0.000,32.717,63.600,0.000,54.989,0.000
"10:15",0.000,27.034,63.600,0.000,55.245,0.000
"10:30",0.000,20.992,63.600,0.000,55.603,0.000
"10:45",0.000,16.845,63.600,0.000,56.013,0.000
"11:00",0.000,12.390,63.600,0.000,56.678,0.000
"11:15",7.578,6.042,63.600,0.000,38.502,11.674
"11:30",26.982,0.000,63.600,0.000,0.000,36.045
"11:45",30.822,0.000,63.600,0.000,0.000,36.250
"12:00",32.922,0.000,63.600,0.000,0.000,36.352
"12:15",35.584,0.000,63.600,0.000,0.000,36.557
"12:30",37.069,0.000,63.700,0.000,0.000,36.608
"12:45",37.581,0.000,63.600,0.000,0.000,36.608
"13:00",38.451,0.000,63.600,0.000,0.000,37.120
"13:15",38.042,0.051,63.700,0.000,0.051,36.557
"13:30",38.707,0.000,63.700,0.000,0.000,36.915
"13:45",38.861,0.000,63.700,0.000,0.000,36.864
"14:00",37.581,0.000,63.700,0.000,0.000,36.762
"14:15",36.198,0.000,63.700,0.000,0.000,36.813
"14:30",34.509,0.000,63.700,0.000,0.000,36.659
"14:45",31.898,0.000,63.700,0.000,0.000,36.454
"15:00",28.314,0.000,63.600,0.000,0.000,36.352
"15:15",25.293,0.000,63.600,0.000,0.000,36.147
"15:30",20.736,0.000,63.700,0.000,0.000,36.045
"15:45",16.384,0.000,63.700,0.000,0.000,35.738
"16:00",38.861,0.000,63.700,0.000,0.000,20.326
"16:15",40.141,0.000,63.700,0.000,0.000,16.026
"16:30",34.304,0.000,63.600,0.000,0.000,15.821
"16:45",27.648,0.000,63.600,0.000,0.000,15.616
"17:00",21.658,0.000,63.600,0.000,0.000,15.462
"17:15",15.206,0.000,63.700,0.000,0.000,15.206
"17:30",7.322,0.000,63.700,0.000,0.512,14.541
"17:45",1.229,1.997,63.700,0.000,9.267,5.683
"18:00",0.000,8.397,63.700,0.000,14.694,0.000
"18:15",0.000,16.282,63.700,0.000,14.746,0.000
"18:30",0.000,23.347,63.600,0.000,14.950,0.000
"18:45",0.000,29.850,63.600,0.000,15.565,0.000
"19:00",0.000,34.816,63.600,0.000,15.514,0.000
"19:15",0.000,37.939,63.600,0.000,15.360,0.000
"19:30",0.000,38.861,63.600,0.000,14.950,0.000
"19:45",0.000,38.656,63.600,0.000,14.899,0.000
"20:00",0.000,38.400,63.600,0.000,14.950,0.000
"20:15",0.000,38.400,63.600,0.000,15.002,0.000
"20:30",0.000,38.298,63.600,0.000,15.002,0.000
"20:45",0.000,39.014,63.600,0.000,15.616,0.000
"21:00",0.000,39.014,63.600,0.000,15.565,0.000
"21:15",0.000,38.810,63.600,0.000,15.309,0.000
"21:30",0.000,38.298,63.700,0.000,14.848,0.000
"21:45",0.000,38.400,63.600,0.000,14.746,0.000
"22:00",0.000,38.246,63.700,0.000,14.899,0.000
"22:15",0.000,38.298,63.700,0.000,14.848,0.000
"22:30",0.000,38.298,63.700,0.000,14.746,0.000
"22:45",0.000,38.246,63.700,0.000,14.746,0.000
"23:00",0.000,38.502,63.700,0.000,14.950,0.000
"23:15",0.000,38.298,63.600,0.000,14.899,0.000
"23:30",0.000,38.349,63.600,0.000,15.155,0.000
"23:45",0.000,38.349,63.600,0.000,15.104,0.000
" 9/26/26 24:00",0.000,38.349,63.600,0.000,15.104,0.000
