"kwh"
"Time ","DAGSR01P","DAGSR01P","DAGSR01P","DAGSR01P","DAGSR01P","DAGSR01P"
" 4/12/26 00:15",0.000,39.014,63.700,0.000,14.643,0.000
" 4/12/26 00:30",0.000,37.530,63.700,0.000,13.722,0.000
"00:45",0.000,37.581,63.700,0.000,13.670,0.000
"01:00",0.000,38.912,63.700,0.000,14.336,0.000
"01:15",0.000,37.478,63.700,0.000,13.363,0.000
"01:30",0.000,37.171,63.700,0.000,13.312,0.000
"01:45",0.000,37.274,63.700,0.000,13.158,0.000
"02:00",0.000,38.707,63.700,0.000,14.029,0.000
"02:15",0.000,37.325,63.700,0.000,13.466,0.000
"02:30",0.000,37.120,63.700,0.000,13.466,0.000
"02:45",0.000,37.683,63.700,0.000,13.670,0.000
"03:00",0.000,37.581,63.700,0.000,13.466,0.000
"03:15",0.000,37.376,63.700,0.000,13.005,0.000
"03:30",0.000,37.734,63.700,0.000,13.619,0.000
"03:45",0.000,37.734,63.700,0.000,13.261,0.000
"04:00",0.000,37.274,63.700,0.000,13.056,0.000
"04:15",0.000,37.888,63.700,0.000,13.875,0.000
"04:30",0.000,37.530,63.700,0.000,13.568,0.000
"04:45",0.000,37.120,63.700,0.000,13.210,0.000
"05:00",0.000,37.939,63.700,0.000,13.722,0.000
"05:15",0.000,37.581,63.700,0.000,13.619,0.000
"05:30",0.000,37.427,63.700,0.000,12.954,0.000
"05:45",0.000,37.581,63.700,0.000,13.261,0.000
"06:00",0.000,37.632,63.700,0.000,13.517,0.000
"06:15",0.000,37.069,63.700,0.000,13.158,0.000
"06:30",0.000,37.069,63.700,0.000,13.312,0.000
"06:45",0.000,38.656,63.700,0.000,13.978,0.000
"07:00",0.000,37.120,63.700,0.000,13.005,0.000
"07:15",0.000,37.888,63.700,0.000,12.646,0.000
"07:30",0.000,38.605,63.700,0.000,13.210,0.000
"07:45",0.000,30.259,63.500,0.102,10.189,0.000
"08:00",0.000,4.352,63.700,6.042,0.000,0.000
"08:15",0.307,2.560,63.700,4.147,0.000,0.000
"08:30",3.072,0.410,63.700,1.536,0.000,0.000
"08:45",3.328,12.698,63.700,0.000,8.448,0.000
"09:00",0.000,15.104,63.700,0.000,13.875,0.000
"09:15",0.000,9.011,63.700,0.000,14.746,0.051
"09:30",1.382,1.485,63.700,0.000,7.219,7.014
"09:45",6.605,0.000,63.700,0.000,0.205,14.234
"10:00",12.390,0.051,63.700,0.000,0.051,15.309
"10:15",19.046,0.000,63.700,0.000,0.000,15.002
"10:30",24.525,0.000,63.700,0.000,0.000,15.821
"10:45",30.925,0.000,63.700,0.000,0.000,15.565
"11:00",34.662,0.000,63.700,0.000,0.000,15.616
"11:15",38.298,0.000,63.700,0.000,0.000,16.333
"11:30",43.008,0.000,63.700,0.000,0.000,15.872
"11:45",45.414,0.000,63.700,0.000,0.000,16.589
"12:00",48.179,0.000,63.700,0.000,0.000,16.794
"12:15",50.227,0.000,63.700,0.000,0.000,16.691
"12:30",51.712,0.000,63.700,0.000,0.000,17.408
"12:45",54.784,0.000,63.700,0.000,0.000,16.691
"13:00",56.422,0.000,63.700,0.000,0.000,16.742
"13:15",55.962,0.000,63.700,0.000,0.000,17.613
"13:30",57.344,0.000,63.700,0.000,0.000,16.896
"13:45",57.600,0.000,63.700,0.000,0.000,17.050
"14:00",55.808,0.000,63.700,0.000,0.000,17.613
"14:15",52.275,0.000,63.700,0.000,0.000,16.538
"14:30",55.398,0.000,63.700,0.000,0.000,17.306
"14:45",51.558,0.000,63.700,0.000,0.000,16.691
"15:00",49.664,0.000,63.700,0.000,0.000,16.435
"15:15",45.107,0.000,63.700,0.000,0.000,16.998
"15:30",37.427,0.000,63.700,0.000,0.000,15.821
"15:45",40.243,0.000,63.700,0.000,0.000,16.333
"16:00",35.379,0.000,63.700,0.000,0.000,16.333
"16:15",30.720,0.000,63.700,0.000,0.000,15.667
"16:30",9.933,0.614,63.700,0.000,3.277,12.442
"16:45",11.674,0.410,63.700,0.000,1.536,13.773
"17:00",14.080,0.563,63.700,0.000,1.382,13.670
"17:15",4.147,2.918,63.700,0.000,5.222,10.291
"17:30",2.458,6.861,63.700,0.000,8.192,6.605
"17:45",0.922,4.454,63.700,0.000,10.138,4.762
"18:00",0.000,22.067,63.700,0.000,15.206,0.000
"18:15",0.000,19.763,63.700,0.000,14.746,0.000
"18:30",0.000,27.136,63.700,0.000,15.565,0.000
"18:45",0.000,32.358,63.700,0.000,14.746,0.000
"19:00",0.000,35.584,63.700,0.000,14.694,0.000
"19:15",0.000,36.966,63.700,0.000,15.104,0.000
"19:30",0.000,36.301,63.700,0.000,14.848,0.000
"19:45",0.000,37.222,63.700,0.000,15.462,0.000
"20:00",0.000,36.762,63.700,0.000,14.694,0.000
"20:15",0.000,36.966,63.700,0.000,15.258,0.000
"20:30",0.000,37.427,63.700,0.000,15.667,0.000
"20:45",0.000,36.352,63.700,0.000,14.746,0.000
"21:00",0.000,37.171,63.700,0.000,15.411,0.000
"21:15",0.000,36.506,63.700,0.000,15.002,0.000
"21:30",0.000,36.454,63.700,0.000,15.002,0.000
"21:45",0.000,37.274,63.700,0.000,15.718,0.000
"22:00",0.000,36.403,63.700,0.000,14.592,0.000
"22:15",0.000,37.683,63.700,0.000,15.206,0.000
"22:30",0.000,36.710,63.700,0.000,15.206,0.000
"22:45",0.000,36.352,63.700,0.000,14.694,0.000
"23:00",0.000,37.274,63.700,0.000,14.950,0.000
"23:15",0.000,36.301,63.700,0.000,14.336,0.000
"23:30",0.000,36.813,63.700,0.000,14.592,0.000
"23:45",0.000,36.966,63.700,0.000,14.387,0.000
" 4/12/26 24:00",0.000,37.018,63.700,0.000,14.182,0.000
