"kwh"
"Time ","DAGSR01P","DAGSR01P","DAGSR01P","DAGSR01P","DAGSR01P","DAGSR01P"
" 8/28/26 00:15",0.000,3.840,63.700,7.526,0.000,0.000
" 8/28/26 00:30",0.000,4.454,63.700,7.014,0.000,0.000
"00:45",0.000,3.072,63.700,7.578,0.000,0.000
"01:00",0.000,3.994,63.700,7.117,0.000,0.000
"01:15",0.000,3.533,63.700,7.373,0.000,0.000
"01:30",0.000,3.430,63.600,7.424,0.000,0.000
"01:45",0.000,3.840,63.700,7.219,0.000,0.000
"02:00",0.000,3.482,63.700,7.680,0.000,0.000
"02:15",0.000,4.250,63.700,7.322,0.000,0.000
"02:30",0.000,3.072,63.600,7.987,0.000,0.000
"02:45",0.000,4.096,63.600,7.219,0.000,0.000
"03:00",0.000,3.021,63.600,8.192,0.000,0.000
"03:15",0.000,3.942,63.600,7.219,0.000,0.000
"03:30",0.000,3.379,63.600,8.192,0.000,0.000
"03:45",0.000,3.686,63.600,8.448,0.000,0.000
"04:00",0.000,3.840,63.600,8.038,0.000,0.000
"04:15",0.000,3.584,63.600,7.680,0.000,0.000
"04:30",0.000,4.915,63.600,6.451,0.000,0.000
"04:45",0.000,3.840,63.600,7.219,0.000,0.000
"05:00",0.000,4.659,63.600,7.680,0.000,0.000
"05:15",0.000,6.400,63.600,6.093,0.000,0.000
"05:30",0.000,6.195,63.600,6.144,0.000,0.000
"05:45",0.000,6.861,63.600,6.605,0.000,0.000
"06:00",0.000,6.298,63.600,6.656,0.000,0.000
"06:15",0.000,6.144,63.600,5.888,0.000,0.000
"06:30",0.000,7.168,63.600,5.581,0.000,0.000
"06:45",0.000,6.707,63.700,6.042,0.000,0.000
"07:00",0.000,7.578,63.700,5.427,0.000,0.000
"07:15",0.000,6.400,63.600,5.990,0.000,0.000
"07:30",0.000,6.502,63.700,6.298,0.000,0.000
"07:45",0.000,7.731,63.700,5.632,0.000,0.000
"08:00",0.000,5.786,63.600,5.990,0.000,0.000
"08:15",0.000,4.454,63.700,4.966,0.000,0.000
"08:30",3.994,0.512,63.700,0.973,0.000,0.000
"08:45",13.312,0.000,63.700,0.000,0.000,0.000
"09:00",20.582,0.000,63.700,0.000,0.000,0.000
"09:15",5.478,1.434,63.700,0.000,4.198,2.714
"09:30",6.810,0.000,63.700,0.000,0.256,8.346
"09:45",14.746,0.000,63.600,0.000,0.000,8.960
"10:00",22.682,0.000,63.700,0.000,0.000,9.011
"10:15",28.928,0.000,63.700,0.000,0.000,9.472
"10:30",36.045,0.000,63.700,0.000,0.000,9.267
"10:45",40.909,0.000,63.700,0.000,0.000,10.035
"11:00",46.490,0.000,63.700,0.000,0.000,10.189
"11:15",51.917,0.000,63.700,0.000,0.000,10.240
"11:30",56.013,0.000,63.700,0.000,0.000,10.906
"11:45",60.518,0.000,63.700,0.000,0.000,10.803
"12:00",62.925,0.000,63.700,0.000,0.000,12.749
"12:15",66.406,0.000,63.700,0.000,0.000,12.339
"12:30",67.379,0.000,63.700,0.000,0.000,13.261
"12:45",69.990,0.000,63.700,0.000,0.000,11.469
"13:00",70.195,0.000,63.700,0.000,0.000,11.981
"13:15",72.806,0.000,63.700,0.000,0.000,11.571
"13:30",71.936,0.000,63.700,0.000,0.000,11.930
"13:45",72.192,0.000,63.700,0.000,0.000,11.827
"14:00",70.861,0.000,63.700,0.000,0.000,12.646
"14:15",70.605,0.000,63.700,0.000,0.000,11.418
"14:30",67.840,0.000,63.700,0.000,0.000,11.674
"14:45",67.072,0.000,63.700,0.000,0.000,11.776
"15:00",64.922,0.000,63.700,0.000,0.000,11.264
"15:15",59.443,0.000,63.700,0.000,0.000,12.442
"15:30",56.576,0.000,63.700,0.000,0.000,11.827
"15:45",50.944,0.000,63.700,0.000,0.000,11.878
"16:00",47.872,0.000,63.700,0.000,0.000,10.650
"16:15",46.899,0.000,63.700,0.000,0.000,8.960
"16:30",68.250,0.000,63.700,0.000,0.000,0.000
"16:45",61.082,0.000,63.700,0.000,0.000,0.000
"17:00",56.986,0.000,63.700,0.000,0.000,0.000
"17:15",49.920,0.000,63.700,0.000,0.000,0.000
"17:30",41.779,0.000,63.700,0.000,0.000,0.000
"17:45",27.802,0.000,63.700,0.000,0.000,0.000
"18:00",14.592,0.000,63.800,0.000,0.000,0.000
"18:15",4.506,0.000,63.800,0.000,0.000,0.000
"18:30",5.018,0.000,63.700,0.000,0.000,0.000
"18:45",0.819,1.587,63.700,4.096,0.000,0.000
"19:00",0.051,3.328,63.700,6.861,0.000,0.000
"19:15",0.000,4.659,63.700,7.168,0.000,0.000
"19:30",0.000,4.147,63.700,7.168,0.000,0.000
"19:45",0.000,4.506,63.700,6.758,0.000,0.000
"20:00",0.000,4.198,63.700,7.219,0.000,0.000
"20:15",0.000,4.813,63.700,6.656,0.000,0.000
"20:30",0.000,3.635,63.700,7.219,0.000,0.000
"20:45",0.000,4.659,63.700,7.117,0.000,0.000
"21:00",0.000,4.096,63.700,7.424,0.000,0.000
"21:15",0.000,4.198,63.700,7.373,0.000,0.000
"21:30",0.000,3.942,63.700,7.424,0.000,0.000
"21:45",0.000,4.096,63.700,7.373,0.000,0.000
"22:00",0.000,4.250,63.700,7.014,0.000,0.000
"22:15",0.000,3.226,63.700,7.680,0.000,0.000
"22:30",0.000,4.147,63.700,7.270,0.000,0.000
"22:45",0.000,3.840,63.700,7.885,0.000,0.000
"23:00",0.000,3.891,63.700,7.936,0.000,0.000
"23:15",0.000,3.482,63.700,7.834,0.000,0.000
"23:30",0.000,3.482,63.700,7.578,0.000,0.000
"23:45",0.000,4.454,63.700,7.373,0.000,0.000
" 8/28/26 24:00",0.000,3.379,63.700,7.680,0.000,0.000
