"kwh"
"Time ","DAGSR01P","DAGSR01P","DAGSR01P","DAGSR01P","DAGSR01P","DAGSR01P"
" 3/26/26 00:15",0.000,4.710,63.700,5.530,0.000,0.000
" 3/26/26 00:30",0.000,4.454,63.700,6.144,0.000,0.000
"00:45",0.000,5.120,63.700,4.608,0.000,0.000
"01:00",0.000,4.762,63.700,4.966,0.000,0.000
"01:15",0.000,4.557,63.700,5.120,0.000,0.000
"01:30",0.000,5.018,63.700,4.966,0.000,0.000
"01:45",0.000,4.659,63.700,5.427,0.000,0.000
"02:00",0.000,4.608,63.700,5.222,0.000,0.000
"02:15",0.000,5.222,63.700,4.762,0.000,0.000
"02:30",0.000,4.608,63.700,5.120,0.000,0.000
"02:45",0.000,4.659,63.700,5.478,0.000,0.000
"03:00",0.000,4.762,63.700,5.120,0.000,0.000
"03:15",0.000,4.608,63.700,5.222,0.000,0.000
"03:30",0.000,4.710,63.700,5.427,0.000,0.000
"03:45",0.000,4.966,63.700,5.120,0.000,0.000
"04:00",0.000,4.403,63.700,5.274,0.000,0.000
"04:15",0.000,4.608,63.700,5.376,0.000,0.000
"04:30",0.000,4.813,63.700,5.120,0.000,0.000
"04:45",0.000,4.659,63.700,5.376,0.000,0.000
"05:00",0.000,4.557,63.700,5.530,0.000,0.000
"05:15",0.000,4.864,63.700,5.069,0.000,0.000
"05:30",0.000,4.915,63.700,5.530,0.000,0.000
"05:45",0.000,4.454,63.700,5.734,0.000,0.000
"06:00",0.000,4.966,63.700,5.530,0.000,0.000
"06:15",0.000,4.506,63.700,5.171,0.000,0.000
"06:30",0.000,4.352,63.700,5.376,0.000,0.000
"06:45",0.000,4.762,63.700,5.120,0.000,0.000
"07:00",0.000,5.222,63.700,5.274,0.000,0.000
"07:15",0.000,4.403,63.600,5.376,0.000,0.000
"07:30",0.000,4.915,63.600,5.120,0.000,0.000
"07:45",0.000,4.762,63.700,5.274,0.000,0.000
"08:00",0.000,4.403,63.700,5.274,0.000,0.000
"08:15",0.051,4.147,63.600,4.762,0.000,0.000
"08:30",0.000,4.045,63.700,4.966,0.000,0.000
"08:45",0.154,3.021,63.600,4.045,0.000,0.000
"09:00",1.024,1.638,63.600,3.328,0.000,0.000
"09:15",4.352,0.154,63.700,0.256,0.000,0.000
"09:30",9.830,0.000,63.700,0.000,0.000,0.000
"09:45",13.210,0.000,63.700,0.000,0.000,0.000
"10:00",17.152,0.000,63.700,0.000,0.000,0.000
"10:15",21.504,0.000,63.700,0.000,0.000,0.000
"10:30",21.965,0.000,63.700,0.000,0.000,0.102
"10:45",27.238,0.000,63.700,0.000,0.000,0.000
"11:00",29.594,0.000,63.700,0.000,0.000,3.174
"11:15",29.030,0.000,63.700,0.000,0.000,10.342
"11:30",38.554,0.000,63.700,0.000,0.000,9.728
"11:45",51.507,0.000,63.700,0.000,0.000,10.803
"12:00",38.758,0.000,63.700,0.000,0.102,10.035
"12:15",54.579,0.000,63.700,0.000,0.000,10.547
"12:30",55.706,0.000,63.700,0.000,0.000,10.547
"12:45",57.600,0.000,63.700,0.000,0.000,11.059
"13:00",58.931,0.000,63.700,0.000,0.000,10.803
"13:15",60.826,0.000,63.700,0.000,0.000,10.906
"13:30",60.058,0.000,63.700,0.000,0.000,11.366
"13:45",61.184,0.000,63.700,0.000,0.000,11.110
"14:00",60.774,0.000,63.700,0.000,0.000,10.957
"14:15",58.982,0.000,63.700,0.000,0.000,11.366
"14:30",57.344,0.000,63.700,0.000,0.000,10.906
"14:45",56.320,0.000,63.700,0.000,0.000,10.854
"15:00",53.914,0.000,63.700,0.000,0.000,11.110
"15:15",52.531,0.000,63.700,0.000,0.000,10.650
"15:30",50.330,0.000,63.700,0.000,0.000,10.650
"15:45",46.387,0.000,63.700,0.000,0.000,10.906
"16:00",40.294,0.000,63.700,0.000,0.000,10.701
"16:15",36.352,0.000,63.700,0.000,0.000,10.086
"16:30",25.190,0.819,63.700,0.000,1.126,8.806
"16:45",13.517,2.150,63.700,0.000,2.970,6.093
"17:00",27.136,0.000,63.700,0.000,0.000,9.626
"17:15",16.333,0.000,63.700,0.000,0.000,8.755
"17:30",9.421,0.000,63.700,0.000,0.000,8.346
"17:45",3.482,0.512,63.700,0.000,2.304,7.834
"18:00",0.461,4.454,63.700,0.000,8.346,1.690
"18:15",0.000,11.571,63.700,0.000,10.035,0.000
"18:30",0.000,18.688,63.700,0.000,9.882,0.000
"18:45",0.000,25.242,63.700,0.000,10.086,0.000
"19:00",0.000,31.795,63.700,0.000,10.650,0.000
"19:15",0.000,35.123,63.600,0.000,10.496,0.000
"19:30",0.000,36.864,63.700,0.000,10.496,0.000
"19:45",0.000,39.885,63.600,0.000,11.264,0.000
"20:00",0.000,37.530,63.600,0.000,10.240,0.000
"20:15",0.000,37.632,63.600,0.000,10.240,0.000
"20:30",0.000,38.451,63.600,0.000,10.854,0.000
"20:45",0.000,37.222,63.600,0.000,10.445,0.000
"21:00",0.000,37.274,63.600,0.000,10.291,0.000
"21:15",0.000,37.325,63.600,0.000,10.752,0.000
"21:30",0.000,36.710,63.600,0.000,10.240,0.000
"21:45",0.000,36.813,63.600,0.000,10.291,0.000
"22:00",0.000,38.144,63.600,0.000,10.496,0.000
"22:15",0.000,37.069,63.600,0.000,9.677,0.000
"22:30",0.000,36.813,63.600,0.000,10.035,0.000
"22:45",0.000,37.683,63.700,0.000,10.138,0.000
"23:00",0.000,37.427,63.600,0.000,9.677,0.000
"23:15",0.000,37.069,63.600,0.000,9.523,0.000
"23:30",0.000,37.683,63.600,0.000,10.496,0.000
"23:45",0.000,36.762,63.600,0.000,9.779,0.000
" 3/26/26 24:00",0.000,36.813,63.600,0.000,10.035,0.000
