"kwh"
"Time ","DAGSR01P","DAGSR01P","DAGSR01P","DAGSR01P","DAGSR01P","DAGSR01P"
" 6/05/26 00:15",0.000,4.710,63.700,5.990,0.000,0.000
" 6/05/26 00:30",0.000,5.274,63.700,6.195,0.000,0.000
"00:45",0.000,5.222,63.700,6.349,0.000,0.000
"01:00",0.000,4.864,63.700,6.195,0.000,0.000
"01:15",0.000,6.144,63.700,5.734,0.000,0.000
"01:30",0.000,4.915,63.700,6.246,0.000,0.000
"01:45",0.000,4.659,63.700,6.400,0.000,0.000
"02:00",0.000,4.557,63.700,6.451,0.000,0.000
"02:15",0.000,5.427,63.700,6.042,0.000,0.000
"02:30",0.000,4.966,63.700,6.042,0.000,0.000
"02:45",0.000,4.250,63.700,6.656,0.000,0.000
"03:00",0.000,4.506,63.700,6.195,0.000,0.000
"03:15",0.000,4.250,63.700,6.451,0.000,0.000
"03:30",0.000,5.325,63.700,5.939,0.000,0.000
"03:45",0.000,4.608,63.700,6.707,0.000,0.000
"04:00",0.000,4.506,63.700,6.451,0.000,0.000
"04:15",0.000,4.198,63.700,6.605,0.000,0.000
"04:30",0.000,4.198,63.700,6.554,0.000,0.000
"04:45",0.000,4.352,63.700,6.707,0.000,0.000
"05:00",0.000,4.250,63.700,6.605,0.000,0.000
"05:15",0.000,4.864,63.700,6.656,0.000,0.000
"05:30",0.000,4.864,63.700,6.554,0.000,0.000
"05:45",0.000,4.198,63.700,6.758,0.000,0.000
"06:00",0.000,4.147,63.700,6.502,0.000,0.000
"06:15",0.000,4.198,63.700,6.400,0.000,0.000
"06:30",0.000,4.147,63.700,6.451,0.000,0.000
"06:45",0.000,4.403,63.700,6.861,0.000,0.000
"07:00",0.000,4.710,63.700,6.502,0.000,0.000
"07:15",0.000,4.301,63.700,6.144,0.000,0.000
"07:30",0.000,3.994,63.700,6.093,0.000,0.000
"07:45",0.000,4.403,63.700,6.093,0.000,0.000
"08:00",0.000,4.966,63.700,5.990,0.000,0.000
"08:15",0.000,4.147,63.700,5.837,0.000,0.000
"08:30",0.000,4.557,63.700,5.888,0.000,0.000
"08:45",0.000,5.069,63.700,5.786,0.000,0.000
"09:00",0.000,4.147,63.700,5.478,0.000,0.000
"09:15",0.000,3.123,63.600,4.557,0.000,0.000
"09:30",0.000,3.738,63.600,5.018,0.000,0.000
"09:45",1.434,0.768,63.700,2.611,0.000,0.000
"10:00",1.741,0.256,63.700,2.150,0.000,0.000
"10:15",2.304,0.102,63.700,1.536,0.000,0.000
"10:30",5.888,0.000,63.700,0.000,0.000,0.000
"10:45",4.403,0.000,63.700,0.000,0.000,0.000
"11:00",8.909,0.000,63.700,0.000,0.000,0.000
"11:15",7.680,0.000,63.700,0.000,0.000,0.000
"11:30",7.680,0.000,63.700,0.000,0.000,0.000
"11:45",15.309,0.000,63.700,0.000,0.000,0.000
"12:00",16.896,0.000,63.700,0.000,0.000,0.000
"12:15",25.293,0.000,63.700,0.000,0.000,0.000
"12:30",24.218,0.000,63.700,0.000,0.000,0.000
"12:45",24.064,0.000,63.700,0.000,0.000,0.000
"13:00",24.064,0.000,63.700,0.000,0.000,0.102
"13:15",43.213,0.000,63.700,0.000,0.000,0.000
"13:30",63.846,0.000,63.700,0.000,0.000,0.051
"13:45",77.005,0.000,63.700,0.000,0.000,0.102
"14:00",23.859,0.000,63.700,0.000,0.000,0.000
"14:15",34.150,0.000,63.700,0.000,0.000,0.051
"14:30",26.778,0.000,63.700,0.000,0.000,0.000
"14:45",60.672,0.000,63.700,0.000,0.000,0.205
"15:00",57.754,0.000,63.700,0.000,0.000,0.051
"15:15",39.680,0.000,63.700,0.000,0.000,0.000
"15:30",40.090,0.000,63.700,0.000,0.000,0.000
"15:45",44.800,0.000,63.700,0.000,0.000,0.000
"16:00",50.278,0.000,63.700,0.000,0.000,0.000
"16:15",60.416,0.000,63.700,0.000,0.000,0.000
"16:30",40.448,0.000,63.700,0.000,0.000,0.000
"16:45",19.712,0.000,63.700,0.000,0.000,0.000
"17:00",39.475,0.000,63.700,0.000,0.000,0.000
"17:15",31.283,0.000,63.700,0.000,0.000,0.000
"17:30",25.139,0.000,63.700,0.000,0.000,0.000
"17:45",6.502,0.154,63.700,0.768,0.000,0.000
"18:00",1.638,0.307,63.700,2.355,0.000,0.000
"18:15",0.973,1.331,63.700,3.021,0.000,0.000
"18:30",0.102,3.789,63.700,4.659,0.000,0.000
"18:45",0.000,4.045,63.800,5.120,0.000,0.000
"19:00",0.000,3.994,63.800,5.018,0.000,0.000
"19:15",0.000,5.069,63.700,4.557,0.000,0.000
"19:30",0.000,4.864,63.700,5.069,0.000,0.000
"19:45",0.000,4.915,63.700,5.069,0.000,0.000
"20:00",0.000,4.659,63.700,5.171,0.000,0.000
"20:15",0.000,4.762,63.700,5.376,0.000,0.000
"20:30",0.000,4.557,63.700,5.427,0.000,0.000
"20:45",0.000,4.813,63.700,5.530,0.000,0.000
"21:00",0.000,5.427,63.700,5.325,0.000,0.000
"21:15",0.000,4.557,63.700,5.478,0.000,0.000
"21:30",0.000,4.659,63.700,5.478,0.000,0.000
"21:45",0.000,4.250,63.700,5.478,0.000,0.000
"22:00",0.000,4.710,63.700,5.837,0.000,0.000
"22:15",0.000,5.274,63.700,5.734,0.000,0.000
"22:30",0.000,4.915,63.700,5.683,0.000,0.000
"22:45",0.000,6.502,63.700,5.222,0.000,0.000
"23:00",0.000,5.274,63.700,5.939,0.000,0.000
"23:15",0.000,4.506,63.700,6.042,0.000,0.000
"23:30",0.000,4.659,63.700,5.786,0.000,0.000
"23:45",0.000,5.120,63.700,5.734,0.000,0.000
" 6/05/26 24:00",0.000,5.325,63.700,6.195,0.000,0.000
