"kwh"
"Time ","DAGSR01P","DAGSR01P","DAGSR01P","DAGSR01P","DAGSR01P","DAGSR01P"
" 8/13/26 00:15",0.000,3.942,63.700,7.629,0.000,0.000
" 8/13/26 00:30",0.000,5.120,63.700,7.424,0.000,0.000
"00:45",0.000,4.557,63.700,7.987,0.000,0.000
"01:00",0.000,4.915,63.700,7.578,0.000,0.000
"01:15",0.000,4.301,63.700,7.475,0.000,0.000
"01:30",0.000,3.738,63.700,7.987,0.000,0.000
"01:45",0.000,4.864,63.700,7.475,0.000,0.000
"02:00",0.000,3.840,63.700,7.987,0.000,0.000
"02:15",0.000,3.686,63.700,8.141,0.000,0.000
"02:30",0.000,4.762,63.700,7.424,0.000,0.000
"02:45",0.000,3.789,63.700,7.885,0.000,0.000
"03:00",0.000,4.250,63.700,7.680,0.000,0.000
"03:15",0.000,4.659,63.700,7.680,0.000,0.000
"03:30",0.000,3.840,63.700,7.987,0.000,0.000
"03:45",0.000,4.813,63.700,7.475,0.000,0.000
"04:00",0.000,4.096,63.700,7.987,0.000,0.000
"04:15",0.000,4.045,63.700,7.834,0.000,0.000
"04:30",0.000,4.966,63.700,7.475,0.000,0.000
"04:45",0.000,3.738,63.700,8.038,0.000,0.000
"05:00",0.000,4.557,63.700,7.680,0.000,0.000
"05:15",0.000,4.557,63.700,7.834,0.000,0.000
"05:30",0.000,3.840,63.700,8.090,0.000,0.000
"05:45",0.000,4.762,63.700,7.578,0.000,0.000
"06:00",0.000,4.198,63.700,8.090,0.000,0.000
"06:15",0.000,3.891,63.700,8.141,0.000,0.000
"06:30",0.000,4.813,63.700,7.578,0.000,0.000
"06:45",0.000,4.966,63.700,7.987,0.000,0.000
"07:00",0.000,5.274,63.700,7.885,0.000,0.000
"07:15",0.000,5.120,63.700,7.782,0.000,0.000
"07:30",0.000,5.530,63.700,7.526,0.000,0.000
"07:45",0.000,6.349,63.700,6.656,0.000,0.000
"08:00",0.000,6.861,63.700,6.861,0.000,0.000
"08:15",0.000,6.605,63.700,6.656,0.000,0.000
"08:30",0.512,3.584,63.700,4.762,0.000,0.000
"08:45",9.267,0.000,63.700,0.000,0.000,0.000
"09:00",17.818,0.000,63.700,0.000,0.000,0.000
"09:15",1.638,5.427,63.700,0.000,11.418,1.331
"09:30",2.765,0.819,63.700,0.000,3.584,9.523
"09:45",5.478,1.792,63.700,0.000,4.710,9.165
"10:00",18.637,0.000,63.700,0.000,0.000,13.619
"10:15",26.829,0.000,63.700,0.000,0.000,13.875
"10:30",27.238,0.000,63.700,0.000,0.000,14.336
"10:45",32.768,0.000,63.700,0.000,0.000,14.643
"11:00",41.728,0.000,63.700,0.000,0.000,15.565
"11:15",50.022,0.000,63.700,0.000,0.000,15.258
"11:30",54.016,0.000,63.700,0.000,0.000,15.923
"11:45",58.675,0.000,63.800,0.000,0.000,15.770
"12:00",61.491,0.000,63.800,0.000,0.000,15.923
"12:15",65.587,0.000,63.800,0.000,0.000,16.486
"12:30",65.178,0.000,63.800,0.000,0.000,16.026
"12:45",61.082,0.000,63.800,0.000,0.000,16.333
"13:00",54.221,0.000,63.800,0.000,0.000,15.718
"13:15",43.571,0.000,63.800,0.000,0.000,15.411
"13:30",32.512,0.000,63.800,0.000,0.000,15.309
"13:45",13.363,0.051,63.800,0.000,0.768,13.517
"14:00",26.317,0.102,63.800,0.000,0.563,14.336
"14:15",9.114,0.000,63.800,0.000,0.614,14.131
"14:30",11.264,0.922,63.800,0.000,5.274,10.240
"14:45",19.866,0.154,63.800,0.000,0.768,14.182
"15:00",29.542,0.000,63.800,0.000,0.000,15.053
"15:15",6.349,4.762,63.800,0.000,8.909,5.939
"15:30",42.342,0.000,63.800,0.000,0.000,16.384
"15:45",56.832,0.000,63.700,0.000,0.000,16.179
"16:00",47.667,0.000,63.700,0.000,0.000,14.899
"16:15",44.339,0.000,63.700,0.000,0.000,14.797
"16:30",32.922,0.000,63.700,0.000,0.000,14.694
"16:45",30.310,0.000,63.700,0.000,0.000,14.080
"17:00",55.296,0.000,63.700,0.000,0.000,0.000
"17:15",48.742,0.000,63.700,0.000,0.000,0.000
"17:30",40.602,0.000,63.700,0.000,0.000,0.000
"17:45",30.515,0.000,63.700,0.000,0.000,0.000
"18:00",23.040,0.000,63.800,0.000,0.000,0.000
"18:15",13.210,0.000,63.700,0.000,0.000,0.000
"18:30",2.202,1.280,63.700,3.123,0.000,0.000
"18:45",0.000,4.557,63.700,6.861,0.000,0.000
"19:00",0.000,5.274,63.700,6.656,0.000,0.000
"19:15",0.000,5.120,63.700,6.912,0.000,0.000
"19:30",0.000,6.195,63.700,5.888,0.000,0.000
"19:45",0.000,5.837,63.700,6.195,0.000,0.000
"20:00",0.000,5.786,63.700,6.451,0.000,0.000
"20:15",0.000,6.707,63.700,6.195,0.000,0.000
"20:30",0.000,5.530,63.700,6.656,0.000,0.000
"20:45",0.000,5.478,63.700,6.758,0.000,0.000
"21:00",0.000,5.120,63.700,6.605,0.000,0.000
"21:15",0.000,4.352,63.700,7.270,0.000,0.000
"21:30",0.000,5.120,63.700,6.963,0.000,0.000
"21:45",0.000,4.557,63.700,7.168,0.000,0.000
"22:00",0.000,5.120,63.700,6.656,0.000,0.000
"22:15",0.000,5.888,63.700,6.246,0.000,0.000
"22:30",0.000,5.683,63.700,6.554,0.000,0.000
"22:45",0.000,5.478,63.600,6.451,0.000,0.000
"23:00",0.000,5.786,63.600,6.554,0.000,0.000
"23:15",0.000,5.478,63.600,6.349,0.000,0.000
"23:30",0.000,5.376,63.600,6.144,0.000,0.000
"23:45",0.000,4.506,63.700,6.912,0.000,0.000
" 8/13/26 24:00",0.000,5.376,63.700,6.554,0.000,0.000
