"kwh"
"Time ","DAGSR01P","DAGSR01P","DAGSR01P","DAGSR01P","DAGSR01P","DAGSR01P"
" 4/09/26 00:15",0.000,4.403,63.700,5.427,0.000,0.000
" 4/09/26 00:30",0.000,4.147,63.700,5.734,0.000,0.000
"00:45",0.000,4.250,63.700,5.888,0.000,0.000
"01:00",0.000,4.454,63.700,5.990,0.000,0.000
"01:15",0.000,4.096,63.600,6.042,0.000,0.000
"01:30",0.000,4.147,63.600,6.144,0.000,0.000
"01:45",0.000,4.608,63.600,6.093,0.000,0.000
"02:00",0.000,4.864,63.700,6.042,0.000,0.000
"02:15",0.000,4.147,63.600,6.093,0.000,0.000
"02:30",0.000,4.813,63.700,6.298,0.000,0.000
"02:45",0.000,4.352,63.700,6.195,0.000,0.000
"03:00",0.000,4.198,63.700,6.298,0.000,0.000
"03:15",0.000,4.301,63.700,6.298,0.000,0.000
"03:30",0.000,4.352,63.700,6.502,0.000,0.000
"03:45",0.000,4.710,63.700,6.451,0.000,0.000
"04:00",0.000,5.018,63.700,5.939,0.000,0.000
"04:15",0.000,4.506,63.700,6.400,0.000,0.000
"04:30",0.000,4.454,63.700,6.400,0.000,0.000
"04:45",0.000,4.301,63.700,6.400,0.000,0.000
"05:00",0.000,4.250,63.700,6.554,0.000,0.000
"05:15",0.000,4.506,63.700,6.554,0.000,0.000
"05:30",0.000,4.352,63.700,6.451,0.000,0.000
"05:45",0.000,4.608,63.700,6.451,0.000,0.000
"06:00",0.000,4.813,63.700,6.502,0.000,0.000
"06:15",0.000,5.120,63.700,6.144,0.000,0.000
"06:30",0.000,4.352,63.700,6.246,0.000,0.000
"06:45",0.000,4.557,63.600,6.195,0.000,0.000
"07:00",0.000,5.120,63.600,5.888,0.000,0.000
"07:15",0.000,5.120,63.600,5.786,0.000,0.000
"07:30",0.000,4.915,63.700,5.632,0.000,0.000
"07:45",0.000,5.018,63.600,5.939,0.000,0.000
"08:00",0.000,4.864,63.600,6.195,0.000,0.000
"08:15",0.256,3.021,63.600,4.352,0.000,0.000
"08:30",3.942,0.051,63.600,0.614,0.000,0.000
"08:45",10.650,0.000,63.600,0.000,0.000,0.000
"09:00",18.739,0.000,63.700,0.000,0.000,0.000
"09:15",26.061,0.000,63.600,0.000,0.000,0.000
"09:30",32.717,0.000,63.600,0.000,0.000,0.000
"09:45",37.786,0.000,63.600,0.000,0.000,0.000
"10:00",44.493,0.000,63.600,0.000,0.000,0.051
"10:15",50.944,0.000,63.600,0.000,0.000,0.000
"10:30",55.706,0.000,63.600,0.000,0.000,0.102
"10:45",38.502,0.000,63.600,0.000,0.000,0.051
"11:00",57.139,0.000,63.600,0.000,0.000,0.102
"11:15",74.394,0.000,63.600,0.000,0.000,0.205
"11:30",69.786,0.000,63.600,0.000,0.000,0.256
"11:45",78.541,0.000,63.600,0.000,0.000,0.358
"12:00",72.346,0.000,63.600,0.000,0.000,0.410
"12:15",75.469,0.000,63.600,0.000,0.000,0.512
"12:30",60.006,0.000,63.600,0.000,0.000,0.461
"12:45",76.237,0.000,63.600,0.000,0.000,0.563
"13:00",41.626,0.000,63.600,0.000,0.000,0.154
"13:15",74.701,0.000,63.600,0.000,0.000,0.358
"13:30",95.488,0.000,63.600,0.000,0.000,0.922
"13:45",94.925,0.000,63.600,0.000,0.000,0.870
"14:00",81.152,0.000,63.600,0.000,0.000,0.666
"14:15",71.578,0.000,63.600,0.000,0.000,0.461
"14:30",75.827,0.000,63.600,0.000,0.000,0.563
"14:45",93.082,0.000,63.600,0.000,0.000,0.666
"15:00",54.784,0.000,63.600,0.000,0.000,0.358
"15:15",88.474,0.000,63.600,0.000,0.000,0.461
"15:30",60.211,0.000,63.600,0.000,0.000,0.102
"15:45",79.821,0.000,63.600,0.000,0.000,0.256
"16:00",77.261,0.000,63.600,0.000,0.000,0.307
"16:15",70.605,0.000,63.600,0.000,0.000,0.358
"16:30",63.078,0.000,63.600,0.000,0.000,0.205
"16:45",57.037,0.000,63.600,0.000,0.000,0.000
"17:00",50.176,0.000,63.600,0.000,0.000,0.000
"17:15",44.083,0.000,63.600,0.000,0.000,0.051
"17:30",37.427,0.000,63.600,0.000,0.000,0.000
"17:45",29.542,0.000,63.600,0.000,0.000,0.000
"18:00",23.142,0.000,63.600,0.000,0.000,0.000
"18:15",15.514,0.000,63.700,0.000,0.000,0.000
"18:30",9.216,0.000,63.700,0.000,0.000,0.000
"18:45",2.867,0.307,63.700,1.126,0.000,0.000
"19:00",0.205,2.970,63.700,3.277,0.000,0.000
"19:15",0.000,3.942,63.700,5.171,0.000,0.000
"19:30",0.000,5.530,63.700,4.250,0.000,0.000
"19:45",0.000,4.506,63.700,4.352,0.000,0.000
"20:00",0.000,5.325,63.600,4.250,0.000,0.000
"20:15",0.000,5.274,63.700,4.250,0.000,0.000
"20:30",0.000,4.864,63.700,4.557,0.000,0.000
"20:45",0.000,5.837,63.600,3.994,0.000,0.000
"21:00",0.000,4.557,63.600,4.608,0.000,0.000
"21:15",0.000,5.069,63.600,4.045,0.000,0.000
"21:30",0.000,4.250,63.600,4.864,0.000,0.000
"21:45",0.000,4.608,63.600,4.710,0.000,0.000
"22:00",0.000,4.864,63.600,4.352,0.000,0.000
"22:15",0.000,4.813,63.600,4.659,0.000,0.000
"22:30",0.000,5.427,63.600,4.096,0.000,0.000
"22:45",0.000,4.864,63.600,4.966,0.000,0.000
"23:00",0.000,5.427,63.600,4.403,0.000,0.000
"23:15",0.000,4.301,63.600,5.120,0.000,0.000
"23:30",0.000,4.198,63.600,5.427,0.000,0.000
"23:45",0.000,5.120,63.600,4.762,0.000,0.000
" 4/09/26 24:00",0.000,4.454,63.700,5.530,0.000,0.000
