"kwh"
"Time ","DAGSR01P","DAGSR01P","DAGSR01P","DAGSR01P","DAGSR01P","DAGSR01P"
" 9/03/26 00:15",0.000,72.141,63.700,0.000,36.352,0.000
" 9/03/26 00:30",0.000,70.246,63.700,0.000,35.738,0.000
"00:45",0.000,69.734,63.700,0.000,35.789,0.000
"01:00",0.000,69.632,63.700,0.000,35.584,0.000
"01:15",0.000,69.734,63.700,0.000,35.635,0.000
"01:30",0.000,70.093,63.700,0.000,35.379,0.000
"01:45",0.000,78.950,63.700,0.000,40.550,0.000
"02:00",0.000,81.203,63.700,0.000,41.933,0.000
"02:15",0.000,70.195,63.700,0.000,35.584,0.000
"02:30",0.000,70.246,63.700,0.000,35.584,0.000
"02:45",0.000,70.144,63.700,0.000,35.584,0.000
"03:00",0.000,70.912,63.700,0.000,35.891,0.000
"03:15",0.000,70.861,63.700,0.000,35.379,0.000
"03:30",0.000,70.912,63.700,0.000,35.277,0.000
"03:45",0.000,70.912,63.700,0.000,35.328,0.000
"04:00",0.000,70.554,63.700,0.000,35.277,0.000
"04:15",0.000,70.554,63.700,0.000,35.328,0.000
"04:30",0.000,71.680,63.700,0.000,35.277,0.000
"04:45",0.000,70.605,63.700,0.000,34.918,0.000
"05:00",0.000,70.144,63.700,0.000,35.379,0.000
"05:15",0.000,70.195,63.700,0.000,35.379,0.000
"05:30",0.000,69.939,63.700,0.000,35.430,0.000
"05:45",0.000,70.605,63.700,0.000,35.840,0.000
"06:00",0.000,70.195,63.700,0.000,35.635,0.000
"06:15",0.000,70.861,63.700,0.000,35.789,0.000
"06:30",0.000,71.014,63.700,0.000,36.096,0.000
"06:45",0.000,72.960,63.700,0.000,37.171,0.000
"07:00",0.000,72.806,63.700,0.000,37.222,0.000
"07:15",0.000,74.445,63.700,0.000,37.581,0.000
"07:30",0.000,73.267,63.600,0.000,37.171,0.000
"07:45",0.000,73.165,63.600,0.000,37.171,0.000
"08:00",0.000,72.141,63.600,0.000,36.966,0.000
"08:15",0.000,85.248,63.600,0.000,49.920,0.000
"08:30",0.000,9.779,63.600,0.000,5.990,0.000
"08:45",0.000,0.000,0.000,0.000,0.000,0.000
"09:00",0.000,0.000,0.000,0.000,0.000,0.000
"09:15",0.000,0.000,0.000,0.000,0.000,0.000
"09:30",0.000,0.000,0.000,0.000,0.000,0.000
"09:45",0.000,0.000,0.000,0.000,0.000,0.000
"10:00",0.000,0.000,0.000,0.000,0.000,0.000
"10:15",0.000,0.000,0.000,0.000,0.000,0.000
"10:30",0.000,0.000,0.000,0.000,0.000,0.000
"10:45",0.000,0.000,0.000,0.000,0.000,0.000
"11:00",0.000,0.000,0.000,0.000,0.000,0.000
"11:15",0.000,0.000,0.000,0.000,0.000,0.000
"11:30",0.000,34.765,63.400,0.410,24.320,0.000
"11:45",16.845,8.090,63.500,0.000,13.568,24.269
"12:00",35.379,0.000,63.500,0.000,0.000,39.475
"12:15",35.226,0.563,63.500,0.000,1.382,37.581
"12:30",22.221,6.451,63.500,0.000,14.080,23.706
"12:45",0.256,21.248,63.500,0.000,34.304,1.382
"13:00",3.942,14.285,63.500,0.000,28.621,7.885
"13:15",6.195,8.499,63.500,0.000,25.293,11.366
"13:30",14.592,5.120,63.500,0.000,16.486,22.067
"13:45",8.346,17.664,63.500,0.000,31.898,12.902
"14:00",1.843,22.323,63.500,0.000,38.400,21.402
"14:15",3.840,9.574,63.500,0.000,24.576,35.021
"14:30",0.000,41.011,63.600,0.000,58.317,0.000
"14:45",2.714,24.883,63.500,0.000,36.506,22.221
"15:00",3.482,12.493,63.500,0.000,27.494,31.795
"15:15",2.509,10.291,63.500,0.000,36.966,30.054
"15:30",0.768,3.174,63.500,0.000,38.810,21.299
"15:45",0.000,7.475,63.500,0.000,58.931,0.000
"16:00",0.000,28.672,63.500,0.000,60.160,0.000
"16:15",0.000,0.000,0.000,0.000,0.000,0.000
"16:30",0.000,0.000,0.000,0.000,0.000,0.000
"16:45",0.000,0.000,0.000,0.000,0.000,0.000
"17:00",0.000,0.000,0.000,0.000,0.000,0.000
"17:15",0.000,0.000,0.000,0.000,0.000,0.000
"17:30",0.000,0.000,0.000,0.000,0.000,0.000
"17:45",0.000,0.000,0.000,0.000,0.000,0.000
"18:00",0.000,0.000,0.000,0.000,0.000,0.000
"18:15",0.000,0.000,0.000,0.000,0.000,0.000
"18:30",0.000,0.000,0.000,0.000,0.000,0.000
"18:45",0.000,0.000,0.000,0.000,0.000,0.000
"19:00",0.000,0.000,0.000,0.000,0.000,0.000
"19:15",0.000,0.000,0.000,0.000,0.000,0.000
"19:30",0.000,0.000,0.000,0.000,0.000,0.000
"19:45",0.000,0.000,0.000,0.000,0.000,0.000
"20:00",0.000,0.000,0.000,0.000,0.000,0.000
"20:15",0.000,0.000,0.000,0.000,0.000,0.000
"20:30",0.000,52.941,63.500,0.205,24.371,0.000
"20:45",0.000,72.858,63.700,0.000,33.843,0.000
"21:00",0.000,72.653,63.700,0.000,33.638,0.000
"21:15",0.000,72.499,63.700,0.000,33.894,0.000
"21:30",0.000,72.397,63.700,0.000,33.997,0.000
"21:45",0.000,72.550,63.700,0.000,33.894,0.000
"22:00",0.000,72.704,63.700,0.000,33.741,0.000
"22:15",0.000,73.267,63.700,0.000,34.048,0.000
"22:30",0.000,73.062,63.700,0.000,34.458,0.000
"22:45",0.000,72.960,63.700,0.000,33.894,0.000
"23:00",0.000,72.192,63.700,0.000,33.075,0.000
"23:15",0.000,72.499,63.700,0.000,33.792,0.000
"23:30",0.000,72.499,63.700,0.000,33.792,0.000
"23:45",0.000,72.755,63.700,0.000,34.611,0.000
" 9/03/26 24:00",0.000,106.291,63.700,0.000,55.398,0.000
