"kwh"
"Time ","DAGSR01P","DAGSR01P","DAGSR01P","DAGSR01P","DAGSR01P","DAGSR01P"
" 1/29/26 00:15",0.000,5.222,63.600,8.448,0.000,0.000
" 1/29/26 00:30",0.000,4.710,63.600,8.397,0.000,0.000
"00:45",0.000,4.403,63.600,8.755,0.000,0.000
"01:00",0.000,4.454,63.600,8.806,0.000,0.000
"01:15",0.000,4.250,63.600,8.755,0.000,0.000
"01:30",0.000,4.403,63.600,8.755,0.000,0.000
"01:45",0.000,4.813,63.600,8.806,0.000,0.000
"02:00",0.000,4.557,63.600,8.755,0.000,0.000
"02:15",0.000,4.813,63.600,8.294,0.000,0.000
"02:30",0.000,7.014,63.600,7.629,0.000,0.000
"02:45",0.000,7.936,63.600,6.758,0.000,0.000
"03:00",0.000,8.038,63.600,6.810,0.000,0.000
"03:15",0.000,7.987,63.600,6.758,0.000,0.000
"03:30",0.000,7.936,63.600,6.963,0.000,0.000
"03:45",0.000,8.141,63.600,7.168,0.000,0.000
"04:00",0.000,7.885,63.600,7.117,0.000,0.000
"04:15",0.000,7.885,63.600,7.066,0.000,0.000
"04:30",0.000,7.731,63.600,6.861,0.000,0.000
"04:45",0.000,7.680,63.600,7.014,0.000,0.000
"05:00",0.000,7.782,63.600,7.322,0.000,0.000
"05:15",0.000,7.731,63.600,7.322,0.000,0.000
"05:30",0.000,7.782,63.600,6.963,0.000,0.000
"05:45",0.000,8.243,63.600,6.861,0.000,0.000
"06:00",0.000,8.346,63.600,6.912,0.000,0.000
"06:15",0.000,5.530,63.600,8.346,0.000,0.000
"06:30",0.000,4.762,63.600,8.755,0.000,0.000
"06:45",0.000,5.376,63.600,7.987,0.000,0.000
"07:00",0.000,5.222,63.600,8.243,0.000,0.000
"07:15",0.000,31.949,63.600,1.536,11.008,0.000
"07:30",0.000,37.274,63.500,0.000,14.029,0.000
"07:45",0.000,57.856,63.600,0.000,28.774,0.000
"08:00",0.000,64.256,63.600,0.000,35.379,0.000
"08:15",0.000,60.979,63.600,0.000,35.072,0.000
"08:30",0.000,52.070,63.600,0.000,34.150,0.000
"08:45",0.000,45.363,63.600,0.000,34.304,0.000
"09:00",0.000,38.298,63.600,0.000,34.304,0.000
"09:15",0.000,31.795,63.500,0.000,34.560,0.000
"09:30",0.000,25.754,63.600,0.000,34.560,0.000
"09:45",0.000,19.456,63.600,0.000,35.021,0.000
"10:00",0.000,11.315,63.600,0.000,35.123,0.102
"10:15",0.000,9.216,63.600,0.000,35.635,0.000
"10:30",0.358,5.069,63.600,0.000,30.464,5.274
"10:45",2.304,6.144,63.600,0.000,17.920,17.562
"11:00",6.912,0.307,63.600,0.000,5.990,30.106
"11:15",10.189,0.000,63.600,0.000,0.000,36.301
"11:30",13.517,0.000,63.500,0.000,0.000,36.813
"11:45",16.640,0.000,63.600,0.000,0.000,36.864
"12:00",20.582,0.000,63.600,0.000,0.000,37.069
"12:15",22.835,0.000,63.600,0.000,0.000,37.376
"12:30",24.576,0.000,63.600,0.000,0.000,37.376
"12:45",25.242,0.000,63.600,0.000,0.000,37.581
"13:00",26.112,0.000,63.500,0.000,0.000,37.632
"13:15",27.136,0.000,63.500,0.000,0.000,36.966
"13:30",57.958,0.000,63.500,0.000,0.000,18.483
"13:45",59.750,0.000,63.500,0.000,0.000,17.203
"14:00",59.597,0.000,63.600,0.000,0.000,17.254
"14:15",58.470,0.000,63.500,0.000,0.000,17.152
"14:30",58.522,0.000,63.500,0.000,0.000,17.254
"14:45",57.190,0.000,63.500,0.000,0.000,17.101
"15:00",55.501,0.000,63.500,0.000,0.000,16.998
"15:15",52.480,0.000,63.500,0.000,0.000,16.896
"15:30",50.227,0.000,63.500,0.000,0.000,17.254
"15:45",47.155,0.000,63.500,0.000,0.000,17.510
"16:00",44.288,0.000,63.500,0.000,0.000,16.691
"16:15",40.243,0.000,63.500,0.000,0.000,16.435
"16:30",36.608,0.000,63.500,0.000,0.000,16.794
"16:45",32.922,0.000,63.500,0.000,0.000,16.384
"17:00",27.546,0.000,63.500,0.000,0.000,15.923
"17:15",22.016,0.000,63.500,0.000,0.000,15.718
"17:30",17.408,0.000,63.600,0.000,0.000,15.206
"17:45",14.182,0.000,63.500,0.000,0.000,13.568
"18:00",7.578,0.000,63.600,0.000,0.102,13.261
"18:15",2.970,0.922,63.600,0.000,4.762,8.243
"18:30",0.358,4.864,63.600,0.000,11.162,1.894
"18:45",0.000,11.008,63.600,0.000,12.902,0.000
"19:00",0.000,17.408,63.600,0.000,12.646,0.000
"19:15",0.000,23.910,63.600,0.000,13.107,0.000
"19:30",0.461,23.450,63.600,0.666,10.342,0.000
"19:45",1.485,1.178,63.600,4.301,0.000,0.000
"20:00",0.614,2.662,63.600,4.710,0.000,0.000
"20:15",0.154,3.635,63.600,5.222,0.000,0.000
"20:30",0.000,3.942,63.600,8.038,0.000,0.000
"20:45",0.000,4.198,63.600,8.550,0.000,0.000
"21:00",0.000,4.506,63.600,8.602,0.000,0.000
"21:15",0.000,6.656,63.600,7.885,0.307,0.000
"21:30",0.000,35.584,63.600,0.051,3.277,0.000
"21:45",0.000,35.379,63.600,0.051,2.970,0.000
"22:00",0.000,35.328,63.600,0.102,2.867,0.000
"22:15",0.000,35.226,63.600,0.102,2.867,0.000
"22:30",0.000,35.072,63.600,0.051,3.021,0.000
"22:45",0.000,35.226,63.600,0.000,3.123,0.000
"23:00",0.000,28.211,63.600,1.946,2.611,0.000
"23:15",0.000,4.608,63.600,8.448,0.000,0.000
"23:30",0.000,4.301,63.600,8.499,0.000,0.000
"23:45",0.000,4.557,63.600,8.653,0.000,0.000
" 1/29/26 24:00",0.000,4.864,63.600,8.704,0.000,0.000
