"kwh"
"Time ","DAGSR01P","DAGSR01P","DAGSR01P","DAGSR01P","DAGSR01P","DAGSR01P"
" 9/01/26 00:15",0.000,34.918,63.700,0.000,12.595,0.000
" 9/01/26 00:30",0.000,36.147,63.700,0.000,12.800,0.000
"00:45",0.000,35.277,63.700,0.000,12.800,0.000
"01:00",0.000,34.970,63.700,0.000,12.595,0.000
"01:15",0.000,35.174,63.700,0.000,13.005,0.000
"01:30",0.000,34.406,63.700,0.000,12.339,0.000
"01:45",0.000,35.021,63.700,0.000,12.749,0.000
"02:00",0.000,34.509,63.700,0.000,12.442,0.000
"02:15",0.000,34.458,63.700,0.000,12.544,0.000
"02:30",0.000,35.277,63.700,0.000,12.851,0.000
"02:45",0.000,34.611,63.700,0.000,12.442,0.000
"03:00",0.000,35.123,63.700,0.000,12.954,0.000
"03:15",0.000,35.430,63.700,0.000,13.005,0.000
"03:30",0.000,35.123,63.700,0.000,12.698,0.000
"03:45",0.000,35.635,63.700,0.000,12.954,0.000
"04:00",0.000,34.816,63.700,0.000,12.134,0.000
"04:15",0.000,35.379,63.700,0.000,12.595,0.000
"04:30",0.000,34.816,63.700,0.000,12.493,0.000
"04:45",0.000,34.611,63.700,0.000,12.339,0.000
"05:00",0.000,35.482,63.700,0.000,12.851,0.000
"05:15",0.000,35.072,63.700,0.000,12.390,0.000
"05:30",0.000,34.765,63.700,0.000,12.083,0.000
"05:45",0.000,35.277,63.700,0.000,12.544,0.000
"06:00",0.000,34.867,63.700,0.000,12.083,0.000
"06:15",0.000,36.301,63.700,0.000,12.544,0.000
"06:30",0.000,35.891,63.700,0.000,11.878,0.000
"06:45",0.000,36.045,63.700,0.000,11.930,0.000
"07:00",0.000,36.506,63.700,0.000,12.800,0.000
"07:15",0.000,36.352,63.700,0.000,12.083,0.000
"07:30",0.000,37.171,63.700,0.000,12.339,0.000
"07:45",0.000,36.659,63.700,0.000,12.800,0.000
"08:00",0.000,34.765,63.700,0.000,12.851,0.000
"08:15",1.126,9.267,63.700,2.099,3.430,0.000
"08:30",7.629,3.328,63.700,0.000,2.304,0.000
"08:45",19.251,0.000,63.700,0.000,0.000,0.000
"09:00",27.494,0.000,63.700,0.000,0.000,0.000
"09:15",17.050,0.000,63.700,0.000,0.051,8.755
"09:30",13.312,0.000,63.700,0.000,0.000,14.029
"09:45",22.170,0.000,63.700,0.000,0.000,14.234
"10:00",29.594,0.000,63.700,0.000,0.000,13.978
"10:15",35.738,0.000,63.700,0.000,0.000,15.002
"10:30",42.803,0.000,63.700,0.000,0.000,14.848
"10:45",48.640,0.000,63.700,0.000,0.000,14.899
"11:00",34.406,0.000,63.700,0.000,0.000,21.350
"11:15",25.651,0.000,63.600,0.000,0.000,27.238
"11:30",28.570,0.000,63.600,0.000,0.000,28.570
"11:45",38.554,0.000,63.600,0.000,0.000,24.013
"12:00",67.277,0.000,63.600,0.000,0.000,7.578
"12:15",70.042,0.000,63.600,0.000,0.000,7.424
"12:30",72.653,0.000,63.600,0.000,0.000,7.424
"12:45",73.318,0.000,63.600,0.000,0.000,8.192
"13:00",74.598,0.000,63.600,0.000,0.000,7.731
"13:15",73.523,0.000,63.600,0.000,0.000,8.192
"13:30",74.240,0.000,63.600,0.000,0.000,8.294
"13:45",73.523,0.000,63.500,0.000,0.000,8.602
"14:00",59.955,0.000,63.600,0.000,0.000,16.589
"14:15",11.469,0.000,63.500,0.000,0.000,45.312
"14:30",18.074,0.000,63.500,0.000,0.000,39.782
"14:45",35.174,0.000,63.500,0.000,0.051,28.314
"15:00",62.976,0.000,63.600,0.000,0.000,9.370
"15:15",65.741,0.000,63.500,0.000,0.000,5.888
"15:30",43.008,0.000,63.600,0.000,0.000,20.429
"15:45",58.522,0.000,63.600,0.000,0.000,16.128
"16:00",54.170,0.000,63.600,0.000,0.000,15.872
"16:15",48.077,0.000,63.600,0.000,0.000,16.026
"16:30",15.974,0.000,63.600,0.000,0.000,32.358
"16:45",2.150,1.178,63.600,0.000,11.469,25.498
"17:00",0.102,4.762,63.600,0.000,32.819,3.379
"17:15",0.000,12.595,63.600,0.000,36.506,0.000
"17:30",0.000,30.566,63.600,0.000,42.291,0.000
"17:45",0.000,60.774,63.600,0.000,54.989,0.000
"18:00",0.000,28.058,63.700,0.000,29.030,0.000
"18:15",0.000,11.776,63.800,0.000,14.131,0.000
"18:30",0.000,19.917,63.800,0.000,13.722,0.000
"18:45",0.000,29.082,63.700,0.000,14.029,0.000
"19:00",0.000,34.458,63.700,0.000,13.926,0.000
"19:15",0.000,36.659,63.700,0.000,14.182,0.000
"19:30",0.000,36.147,63.700,0.000,13.773,0.000
"19:45",0.000,36.966,63.700,0.000,14.387,0.000
"20:00",0.000,36.147,63.700,0.000,13.978,0.000
"20:15",0.000,37.018,63.700,0.000,14.438,0.000
"20:30",0.000,36.096,63.700,0.000,13.722,0.000
"20:45",0.000,38.298,63.700,0.000,14.336,0.000
"21:00",0.000,37.325,63.700,0.000,13.875,0.000
"21:15",0.000,37.786,63.700,0.000,14.336,0.000
"21:30",0.000,37.069,63.700,0.000,13.670,0.000
"21:45",0.000,37.325,63.700,0.000,14.336,0.000
"22:00",0.000,36.710,63.700,0.000,13.875,0.000
"22:15",0.000,37.478,63.700,0.000,14.285,0.000
"22:30",0.000,36.352,63.700,0.000,13.670,0.000
"22:45",0.000,36.250,63.700,0.000,13.107,0.000
"23:00",0.000,36.813,63.700,0.000,13.158,0.000
"23:15",0.000,36.915,63.700,0.000,13.773,0.000
"23:30",0.000,38.042,63.700,0.000,14.438,0.000
"23:45",0.000,37.939,63.700,0.000,15.002,0.000
" 9/01/26 24:00",0.000,69.990,63.700,0.000,35.738,0.000
