"kwh"
"Time ","DAGSR01P","DAGSR01P","DAGSR01P","DAGSR01P","DAGSR01P","DAGSR01P"
" 5/22/26 00:15",0.000,6.605,63.600,4.557,0.000,0.000
" 5/22/26 00:30",0.000,6.554,63.700,4.659,0.000,0.000
"00:45",0.000,6.554,63.700,5.171,0.000,0.000
"01:00",0.000,6.400,63.700,4.915,0.000,0.000
"01:15",0.000,6.349,63.700,4.710,0.000,0.000
"01:30",0.000,6.707,63.700,4.864,0.000,0.000
"01:45",0.000,5.939,63.700,4.864,0.000,0.000
"02:00",0.000,5.786,63.700,4.864,0.000,0.000
"02:15",0.000,7.014,63.700,4.659,0.000,0.000
"02:30",0.000,6.810,63.700,4.557,0.000,0.000
"02:45",0.000,6.298,63.700,4.352,0.000,0.000
"03:00",0.000,6.246,63.700,4.966,0.000,0.000
"03:15",0.000,5.888,63.700,5.069,0.000,0.000
"03:30",0.000,5.734,63.700,5.120,0.000,0.000
"03:45",0.000,5.581,63.700,5.734,0.000,0.000
"04:00",0.000,5.683,63.700,5.478,0.000,0.000
"04:15",0.000,5.325,63.700,5.427,0.000,0.000
"04:30",0.000,5.274,63.700,5.632,0.000,0.000
"04:45",0.000,5.325,63.700,5.632,0.000,0.000
"05:00",0.000,5.939,63.700,5.530,0.000,0.000
"05:15",0.000,5.632,63.700,5.478,0.000,0.000
"05:30",0.000,5.734,63.700,5.120,0.000,0.000
"05:45",0.000,5.325,63.700,5.018,0.000,0.000
"06:00",0.000,5.683,63.700,4.813,0.000,0.000
"06:15",0.000,6.195,63.700,4.506,0.000,0.000
"06:30",0.000,6.349,63.700,4.454,0.000,0.000
"06:45",0.000,6.861,63.700,4.710,0.000,0.000
"07:00",0.000,6.810,63.700,4.506,0.000,0.000
"07:15",0.000,6.502,63.700,4.301,0.000,0.000
"07:30",0.000,6.451,63.600,4.301,0.000,0.000
"07:45",0.000,6.810,63.600,4.352,0.000,0.000
"08:00",0.000,6.605,63.700,4.454,0.000,0.000
"08:15",0.000,7.578,63.700,4.147,0.000,0.000
"08:30",0.000,7.629,63.700,4.198,0.000,0.000
"08:45",0.256,3.482,63.700,3.226,0.000,0.000
"09:00",5.734,0.051,63.700,0.410,0.000,0.000
"09:15",18.586,0.000,63.700,0.000,0.000,0.154
"09:30",26.982,0.000,63.700,0.000,0.000,0.461
"09:45",36.608,0.000,63.700,0.000,0.000,0.410
"10:00",43.725,0.000,63.700,0.000,0.000,0.358
"10:15",51.917,0.000,63.700,0.000,0.000,0.205
"10:30",58.368,0.000,63.700,0.000,0.000,0.666
"10:45",65.741,0.000,63.700,0.000,0.000,0.410
"11:00",71.168,0.000,63.700,0.000,0.000,0.614
"11:15",77.210,0.000,63.700,0.000,0.000,0.666
"11:30",80.947,0.000,63.700,0.000,0.000,0.973
"11:45",85.248,0.000,63.700,0.000,0.000,0.717
"12:00",89.395,0.000,63.700,0.000,0.000,0.768
"12:15",91.648,0.000,63.700,0.000,0.000,1.075
"12:30",93.798,0.000,63.700,0.000,0.000,0.922
"12:45",95.283,0.000,63.700,0.000,0.000,1.075
"13:00",98.202,0.000,63.700,0.000,0.000,0.922
"13:15",98.048,0.000,63.700,0.000,0.000,1.382
"13:30",100.915,0.000,63.700,0.000,0.000,1.434
"13:45",78.029,0.000,63.700,0.000,0.000,1.382
"14:00",100.915,0.000,63.700,0.000,0.000,0.563
"14:15",101.939,0.000,63.700,0.000,0.000,0.717
"14:30",95.539,0.000,63.700,0.000,0.000,0.358
"14:45",96.000,0.000,63.700,0.000,0.000,0.563
"15:00",90.061,0.000,63.700,0.000,0.000,0.358
"15:15",84.224,0.000,63.700,0.000,0.000,0.563
"15:30",82.534,0.000,63.700,0.000,0.000,0.410
"15:45",76.544,0.000,63.700,0.000,0.000,0.819
"16:00",72.499,0.000,63.700,0.000,0.000,0.461
"16:15",66.714,0.000,63.700,0.000,0.000,0.768
"16:30",61.594,0.000,63.700,0.000,0.000,0.358
"16:45",53.504,0.000,63.700,0.000,0.000,0.512
"17:00",46.285,0.000,63.800,0.000,0.000,0.461
"17:15",37.069,0.000,63.800,0.000,0.000,0.768
"17:30",29.952,0.000,63.700,0.000,0.000,0.256
"17:45",20.429,0.000,63.700,0.000,0.000,0.205
"18:00",5.837,0.922,63.700,1.075,0.000,0.000
"18:15",0.051,4.966,63.700,2.150,0.154,0.000
"18:30",0.000,5.734,63.700,3.021,0.000,0.000
"18:45",0.000,7.782,63.700,2.458,0.154,0.000
"19:00",0.000,6.502,63.700,3.123,0.000,0.000
"19:15",0.000,7.629,63.700,2.816,0.000,0.000
"19:30",0.000,7.322,63.700,2.970,0.051,0.000
"19:45",0.000,7.475,63.700,3.021,0.051,0.000
"20:00",0.000,7.117,63.700,2.867,0.051,0.000
"20:15",0.000,6.502,63.700,2.970,0.000,0.000
"20:30",0.000,8.192,63.700,2.099,0.102,0.000
"20:45",0.000,7.219,63.700,2.714,0.000,0.000
"21:00",0.000,7.424,63.700,3.021,0.000,0.000
"21:15",0.000,7.322,63.700,2.458,0.051,0.000
"21:30",0.000,6.605,63.700,3.072,0.000,0.000
"21:45",0.000,6.758,63.700,3.021,0.000,0.000
"22:00",0.000,6.912,63.700,3.021,0.000,0.000
"22:15",0.000,6.451,63.700,3.533,0.000,0.000
"22:30",0.000,7.270,63.700,3.072,0.000,0.000
"22:45",0.000,6.451,63.700,3.635,0.000,0.000
"23:00",0.000,6.605,63.700,3.840,0.000,0.000
"23:15",0.000,7.987,63.700,2.918,0.000,0.000
"23:30",0.000,7.578,63.700,3.226,0.000,0.000
"23:45",0.000,7.936,63.700,3.226,0.000,0.000
" 5/22/26 24:00",0.000,9.114,63.700,3.072,0.000,0.000
