"kwh"
"Time ","DAGSR01P","DAGSR01P","DAGSR01P","DAGSR01P","DAGSR01P","DAGSR01P"
" 7/09/26 00:15",0.000,5.837,63.600,6.400,0.000,0.000
" 7/09/26 00:30",0.000,6.451,63.600,5.990,0.000,0.000
"00:45",0.000,5.530,63.600,6.605,0.000,0.000
"01:00",0.000,4.966,63.600,6.963,0.000,0.000
"01:15",0.000,5.171,63.600,6.963,0.000,0.000
"01:30",0.000,5.990,63.600,6.195,0.000,0.000
"01:45",0.000,5.478,63.600,6.758,0.000,0.000
"02:00",0.000,5.274,63.700,6.707,0.000,0.000
"02:15",0.000,5.069,63.700,6.912,0.000,0.000
"02:30",0.000,5.325,63.600,6.810,0.000,0.000
"02:45",0.000,5.530,63.600,6.656,0.000,0.000
"03:00",0.000,4.966,63.700,6.963,0.000,0.000
"03:15",0.000,5.376,63.700,6.810,0.000,0.000
"03:30",0.000,5.581,63.700,6.554,0.000,0.000
"03:45",0.000,5.274,63.700,6.656,0.000,0.000
"04:00",0.000,4.762,63.600,7.117,0.000,0.000
"04:15",0.000,4.915,63.600,7.168,0.000,0.000
"04:30",0.000,5.530,63.600,6.656,0.000,0.000
"04:45",0.000,4.813,63.600,7.322,0.000,0.000
"05:00",0.000,4.557,63.600,7.424,0.000,0.000
"05:15",0.000,4.762,63.600,6.963,0.000,0.000
"05:30",0.000,5.274,63.600,6.554,0.000,0.000
"05:45",0.000,5.018,63.600,7.219,0.000,0.000
"06:00",0.000,5.069,63.600,7.117,0.000,0.000
"06:15",0.000,4.608,63.600,7.117,0.000,0.000
"06:30",0.000,5.376,63.600,6.554,0.000,0.000
"06:45",0.000,4.762,63.600,7.219,0.000,0.000
"07:00",0.000,5.069,63.600,7.270,0.000,0.000
"07:15",0.000,5.274,63.600,7.373,0.000,0.000
"07:30",0.000,5.990,63.700,6.758,0.000,0.000
"07:45",0.000,5.069,63.600,7.066,0.000,0.000
"08:00",0.000,4.864,63.600,7.066,0.000,0.000
"08:15",0.000,5.018,63.600,6.963,0.000,0.000
"08:30",0.000,5.581,63.600,6.144,0.000,0.000
"08:45",0.000,5.581,63.600,5.683,0.000,0.000
"09:00",0.256,3.226,63.600,4.557,0.000,0.000
"09:15",1.485,0.922,63.700,2.406,0.000,0.000
"09:30",15.258,0.000,63.600,0.000,0.000,0.000
"09:45",28.109,0.000,63.600,0.000,0.000,0.000
"10:00",36.301,0.000,63.600,0.000,0.000,0.000
"10:15",44.954,0.000,63.600,0.000,0.000,0.000
"10:30",49.715,0.000,63.600,0.000,0.000,0.000
"10:45",59.546,0.000,63.600,0.000,0.000,0.000
"11:00",65.638,0.000,63.600,0.000,0.000,0.000
"11:15",70.451,0.000,63.600,0.000,0.000,0.000
"11:30",75.981,0.000,63.600,0.000,0.000,0.000
"11:45",79.718,0.000,63.600,0.000,0.000,0.000
"12:00",82.688,0.000,63.600,0.000,0.000,0.000
"12:15",86.221,0.000,63.600,0.000,0.000,0.000
"12:30",85.504,0.000,63.600,0.000,0.000,0.000
"12:45",87.347,0.000,63.600,0.000,0.000,0.102
"13:00",88.013,0.000,63.600,0.000,0.000,0.000
"13:15",93.338,0.000,63.600,0.000,0.000,0.205
"13:30",92.774,0.000,63.600,0.000,0.000,0.051
"13:45",94.669,0.000,63.600,0.000,0.000,0.205
"14:00",93.594,0.000,63.600,0.000,0.000,0.051
"14:15",92.774,0.000,63.600,0.000,0.000,0.051
"14:30",91.494,0.000,63.600,0.000,0.000,0.000
"14:45",90.624,0.000,63.500,0.000,0.000,0.051
"15:00",81.357,0.000,63.500,0.000,0.000,0.000
"15:15",75.469,0.000,63.500,0.000,0.000,0.000
"15:30",56.525,0.000,63.600,0.000,0.000,0.000
"15:45",47.923,0.000,63.600,0.000,0.000,0.000
"16:00",54.426,0.000,63.600,0.000,0.000,0.000
"16:15",42.291,0.000,63.500,0.000,0.000,0.000
"16:30",27.853,0.000,63.600,0.000,0.000,0.000
"16:45",19.917,0.000,63.600,0.000,0.000,0.000
"17:00",11.622,0.000,63.600,0.000,0.000,0.000
"17:15",8.704,0.000,63.600,0.000,0.000,0.000
"17:30",5.325,0.000,63.600,0.000,0.000,0.000
"17:45",1.946,0.154,63.600,1.075,0.000,0.000
"18:00",0.461,1.946,63.600,3.533,0.000,0.000
"18:15",0.000,4.762,63.600,4.454,0.000,0.000
"18:30",0.000,4.250,63.600,5.325,0.000,0.000
"18:45",0.000,4.403,63.600,5.530,0.000,0.000
"19:00",0.000,5.837,63.600,5.376,0.000,0.000
"19:15",0.000,5.325,63.600,5.427,0.000,0.000
"19:30",0.000,4.864,63.600,5.478,0.000,0.000
"19:45",0.000,5.325,63.600,5.222,0.000,0.000
"20:00",0.000,6.195,63.600,4.966,0.000,0.000
"20:15",0.000,5.376,63.600,5.478,0.000,0.000
"20:30",0.000,5.632,63.600,5.581,0.000,0.000
"20:45",0.000,5.427,63.600,5.786,0.000,0.000
"21:00",0.000,5.939,63.600,5.376,0.000,0.000
"21:15",0.000,5.069,63.600,5.478,0.000,0.000
"21:30",0.000,4.813,63.700,5.939,0.000,0.000
"21:45",0.000,4.762,63.600,6.246,0.000,0.000
"22:00",0.000,5.837,63.600,5.274,0.000,0.000
"22:15",0.000,5.171,63.700,5.837,0.000,0.000
"22:30",0.000,4.813,63.700,5.734,0.000,0.000
"22:45",0.000,5.018,63.600,5.734,0.000,0.000
"23:00",0.000,5.683,63.600,5.427,0.000,0.000
"23:15",0.000,4.966,63.600,5.734,0.000,0.000
"23:30",0.000,5.274,63.600,5.581,0.000,0.000
"23:45",0.000,5.683,63.600,6.093,0.000,0.000
" 7/09/26 24:00",0.000,6.195,63.600,5.222,0.000,0.000
