"kwh"
"Time ","DAGSR01P","DAGSR01P","DAGSR01P","DAGSR01P","DAGSR01P","DAGSR01P"
" 7/21/26 00:15",0.000,4.659,63.700,5.478,0.000,0.000
" 7/21/26 00:30",0.000,5.376,63.700,4.966,0.000,0.000
"00:45",0.000,4.198,63.700,5.325,0.000,0.000
"01:00",0.000,4.147,63.700,5.427,0.000,0.000
"01:15",0.000,4.506,63.600,5.171,0.000,0.000
"01:30",0.000,5.274,63.600,4.966,0.000,0.000
"01:45",0.000,4.352,63.600,5.376,0.000,0.000
"02:00",0.000,4.454,63.600,5.325,0.000,0.000
"02:15",0.000,5.325,63.600,4.864,0.000,0.000
"02:30",0.000,4.352,63.600,5.376,0.000,0.000
"02:45",0.000,5.222,63.600,4.403,0.000,0.000
"03:00",0.000,5.530,63.600,4.301,0.000,0.000
"03:15",0.000,5.888,63.600,4.096,0.000,0.000
"03:30",0.000,5.325,63.600,4.250,0.000,0.000
"03:45",0.000,5.120,63.600,4.352,0.000,0.000
"04:00",0.000,5.888,63.600,4.045,0.000,0.000
"04:15",0.000,5.274,63.600,4.557,0.000,0.000
"04:30",0.000,5.222,63.600,4.659,0.000,0.000
"04:45",0.000,6.554,63.600,4.147,0.000,0.000
"05:00",0.000,5.530,63.600,4.557,0.000,0.000
"05:15",0.000,5.222,63.600,4.403,0.000,0.000
"05:30",0.000,5.171,63.600,4.403,0.000,0.000
"05:45",0.000,5.786,63.600,4.045,0.000,0.000
"06:00",0.000,5.171,63.600,4.403,0.000,0.000
"06:15",0.000,5.376,63.600,4.454,0.000,0.000
"06:30",0.000,6.093,63.600,3.994,0.000,0.000
"06:45",0.000,5.171,63.700,4.403,0.000,0.000
"07:00",0.000,5.171,63.700,4.454,0.000,0.000
"07:15",0.000,5.632,63.600,4.352,0.000,0.000
"07:30",0.000,6.349,63.600,4.045,0.000,0.000
"07:45",0.000,6.246,63.700,4.352,0.000,0.000
"08:00",0.000,6.349,63.600,4.454,0.000,0.000
"08:15",0.000,6.810,63.600,3.994,0.000,0.000
"08:30",0.000,6.042,63.600,4.506,0.000,0.000
"08:45",0.000,5.325,63.600,4.096,0.000,0.000
"09:00",0.000,4.762,63.600,3.533,0.000,0.000
"09:15",0.410,2.253,63.600,3.021,0.000,0.000
"09:30",2.714,0.154,63.600,0.717,0.000,0.000
"09:45",15.002,0.000,63.600,0.000,0.000,0.000
"10:00",21.555,0.000,63.600,0.000,0.000,0.000
"10:15",33.178,0.000,63.600,0.000,0.000,0.000
"10:30",28.006,0.000,63.600,0.000,0.000,0.000
"10:45",23.040,0.000,63.600,0.000,0.000,0.000
"11:00",40.346,0.000,63.600,0.000,0.000,0.051
"11:15",19.712,0.000,63.700,0.000,0.000,0.000
"11:30",9.421,0.000,63.700,0.000,0.000,0.000
"11:45",3.840,13.517,63.700,0.000,9.984,0.000
"12:00",0.000,24.934,63.700,0.000,15.002,0.000
"12:15",0.000,22.426,63.600,0.000,14.541,0.000
"12:30",0.000,26.112,63.600,0.000,14.848,0.000
"12:45",0.000,24.115,63.600,0.000,15.206,0.000
"13:00",0.000,28.160,63.600,0.000,14.592,0.000
"13:15",0.000,27.494,63.600,0.000,14.848,0.000
"13:30",0.000,30.720,63.600,0.000,14.694,0.000
"13:45",0.000,31.846,63.600,0.000,14.438,0.000
"14:00",0.000,33.485,63.600,0.000,14.336,0.000
"14:15",0.000,33.843,63.600,0.000,14.541,0.000
"14:30",0.000,33.280,63.600,0.000,14.182,0.000
"14:45",0.000,31.078,63.600,0.000,14.029,0.000
"15:00",0.000,27.699,63.700,0.000,14.336,0.000
"15:15",0.000,29.798,63.600,0.000,14.592,0.000
"15:30",0.000,30.310,63.600,0.000,14.387,0.000
"15:45",0.000,21.453,63.600,0.000,15.002,0.000
"16:00",0.000,21.965,63.600,0.000,14.797,0.000
"16:15",0.000,20.736,63.600,0.000,14.490,0.000
"16:30",0.000,25.856,63.600,0.000,15.206,0.000
"16:45",0.000,27.494,63.600,0.000,14.797,0.000
"17:00",0.000,30.157,63.600,0.000,14.643,0.000
"17:15",0.000,30.618,63.700,0.000,15.155,0.000
"17:30",0.000,28.365,63.700,0.000,14.643,0.000
"17:45",0.000,15.053,63.700,3.174,5.120,0.000
"18:00",0.000,6.349,63.700,5.274,0.000,0.000
"18:15",0.000,5.478,63.700,5.683,0.000,0.000
"18:30",0.000,5.683,63.700,6.042,0.000,0.000
"18:45",0.000,6.144,63.700,5.888,0.000,0.000
"19:00",0.000,6.707,63.600,5.683,0.000,0.000
"19:15",0.000,6.502,63.600,5.683,0.000,0.000
"19:30",0.000,5.939,63.600,5.786,0.000,0.000
"19:45",0.000,6.502,63.700,5.632,0.000,0.000
"20:00",0.000,6.605,63.700,5.837,0.000,0.000
"20:15",0.000,6.605,63.600,5.939,0.000,0.000
"20:30",0.000,7.475,63.600,5.530,0.000,0.000
"20:45",0.000,6.554,63.600,5.990,0.000,0.000
"21:00",0.000,6.554,63.600,5.990,0.000,0.000
"21:15",0.000,7.270,63.600,5.427,0.000,0.000
"21:30",0.000,6.195,63.600,6.042,0.000,0.000
"21:45",0.000,6.554,63.600,5.734,0.000,0.000
"22:00",0.000,6.144,63.700,5.939,0.000,0.000
"22:15",0.000,6.861,63.700,5.632,0.000,0.000
"22:30",0.000,6.349,63.700,5.990,0.000,0.000
"22:45",0.000,6.298,63.700,6.144,0.000,0.000
"23:00",0.000,7.270,63.600,6.093,0.000,0.000
"23:15",0.000,6.246,63.600,5.990,0.000,0.000
"23:30",0.000,6.246,63.600,5.478,0.000,0.000
"23:45",0.000,6.400,63.700,5.478,0.000,0.000
" 7/21/26 24:00",0.000,7.014,63.700,5.478,0.000,0.000
