"kwh"
"Time ","DAGSR01P","DAGSR01P","DAGSR01P","DAGSR01P","DAGSR01P","DAGSR01P"
" 7/02/26 00:15",0.000,7.475,63.600,6.400,0.000,0.000
" 7/02/26 00:30",0.000,7.117,63.600,6.400,0.000,0.000
"00:45",0.000,7.014,63.600,6.349,0.000,0.000
"01:00",0.000,6.554,63.600,6.502,0.000,0.000
"01:15",0.000,6.451,63.600,7.014,0.000,0.000
"01:30",0.000,6.758,63.600,6.963,0.000,0.000
"01:45",0.000,7.014,63.600,6.963,0.000,0.000
"02:00",0.000,6.963,63.600,6.400,0.000,0.000
"02:15",0.000,6.707,63.600,6.605,0.000,0.000
"02:30",0.000,6.298,63.600,6.502,0.000,0.000
"02:45",0.000,6.298,63.600,6.707,0.000,0.000
"03:00",0.000,6.451,63.700,6.554,0.000,0.000
"03:15",0.000,6.400,63.600,6.605,0.000,0.000
"03:30",0.000,6.502,63.600,6.502,0.000,0.000
"03:45",0.000,6.656,63.600,6.502,0.000,0.000
"04:00",0.000,6.451,63.600,6.963,0.000,0.000
"04:15",0.000,6.451,63.600,6.912,0.000,0.000
"04:30",0.000,6.554,63.600,7.219,0.000,0.000
"04:45",0.000,6.656,63.600,7.168,0.000,0.000
"05:00",0.000,6.349,63.600,6.963,0.000,0.000
"05:15",0.000,6.298,63.600,6.912,0.000,0.000
"05:30",0.000,6.451,63.600,6.861,0.000,0.000
"05:45",0.000,6.246,63.600,6.912,0.000,0.000
"06:00",0.000,6.451,63.600,6.502,0.000,0.000
"06:15",0.000,6.605,63.700,7.066,0.000,0.000
"06:30",0.000,6.810,63.700,6.554,0.000,0.000
"06:45",0.000,6.810,63.700,6.246,0.000,0.000
"07:00",0.000,6.656,63.700,6.861,0.000,0.000
"07:15",0.000,6.246,63.600,6.502,0.000,0.000
"07:30",0.000,7.270,63.600,6.451,0.000,0.000
"07:45",0.000,7.526,63.600,6.246,0.000,0.000
"08:00",0.000,7.322,63.600,6.246,0.000,0.000
"08:15",0.000,7.987,63.700,5.990,0.000,0.000
"08:30",0.000,7.322,63.600,6.451,0.000,0.000
"08:45",0.000,7.066,63.600,6.246,0.000,0.000
"09:00",0.000,6.195,63.600,5.990,0.000,0.000
"09:15",0.000,4.915,63.600,5.632,0.000,0.000
"09:30",0.000,3.123,63.600,5.376,0.000,0.000
"09:45",0.051,2.304,63.600,4.506,0.000,0.000
"10:00",0.051,2.560,63.600,4.966,0.000,0.000
"10:15",1.126,0.614,63.600,2.458,0.000,0.000
"10:30",1.792,0.358,63.600,2.406,0.000,0.000
"10:45",9.523,0.000,63.600,0.000,0.000,0.000
"11:00",10.189,0.000,63.600,0.000,0.000,0.000
"11:15",9.626,0.000,63.600,0.000,0.000,0.000
"11:30",9.318,0.000,63.600,0.000,0.000,0.000
"11:45",17.766,0.000,63.600,0.000,0.000,0.000
"12:00",21.658,0.000,63.600,0.000,0.000,0.000
"12:15",19.354,0.000,63.600,0.000,0.000,0.000
"12:30",19.405,0.000,63.600,0.000,0.000,0.000
"12:45",21.658,0.000,63.600,0.000,0.000,0.000
"13:00",22.272,0.000,63.600,0.000,0.000,0.000
"13:15",22.477,0.000,63.600,0.000,0.000,0.102
"13:30",19.917,0.000,63.600,0.000,0.000,0.307
"13:45",17.459,0.000,63.600,0.000,0.000,0.563
"14:00",15.565,0.000,63.600,0.000,0.000,0.256
"14:15",20.992,0.000,63.600,0.000,0.000,0.102
"14:30",18.330,0.000,63.600,0.000,0.000,0.000
"14:45",30.720,0.000,63.600,0.000,0.000,0.102
"15:00",30.003,0.000,63.600,0.000,0.000,0.102
"15:15",19.610,0.000,63.600,0.000,0.000,0.000
"15:30",16.435,0.000,63.600,0.000,0.000,0.000
"15:45",15.360,0.000,63.600,0.000,0.000,0.000
"16:00",15.002,0.000,63.600,0.000,0.000,0.000
"16:15",10.496,0.000,63.600,0.000,0.000,0.000
"16:30",11.776,0.000,63.600,0.000,0.000,0.000
"16:45",12.646,0.000,63.600,0.000,0.000,0.000
"17:00",11.930,0.000,63.600,0.000,0.000,0.000
"17:15",8.346,0.000,63.600,0.000,0.000,0.000
"17:30",7.526,0.000,63.600,0.000,0.000,0.000
"17:45",2.253,0.358,63.600,2.099,0.000,0.000
"18:00",0.410,1.792,63.600,4.147,0.000,0.000
"18:15",0.000,3.174,63.600,6.502,0.000,0.000
"18:30",0.000,4.198,63.600,6.861,0.000,0.000
"18:45",0.000,4.352,63.700,6.912,0.000,0.000
"19:00",0.000,4.301,63.600,7.014,0.000,0.000
"19:15",0.000,4.198,63.600,7.014,0.000,0.000
"19:30",0.000,4.198,63.600,7.066,0.000,0.000
"19:45",0.000,3.994,63.600,7.219,0.000,0.000
"20:00",0.000,4.762,63.600,7.168,0.000,0.000
"20:15",0.000,4.659,63.600,7.168,0.000,0.000
"20:30",0.000,4.147,63.600,7.168,0.000,0.000
"20:45",0.000,4.250,63.600,6.963,0.000,0.000
"21:00",0.000,4.096,63.700,7.066,0.000,0.000
"21:15",0.000,4.250,63.700,6.912,0.000,0.000
"21:30",0.000,4.762,63.700,7.322,0.000,0.000
"21:45",0.000,4.557,63.700,7.680,0.000,0.000
"22:00",0.000,4.454,63.700,7.270,0.000,0.000
"22:15",0.000,4.147,63.700,7.066,0.000,0.000
"22:30",0.000,4.352,63.700,7.168,0.000,0.000
"22:45",0.000,4.301,63.700,7.219,0.000,0.000
"23:00",0.000,4.147,63.700,7.373,0.000,0.000
"23:15",0.000,4.403,63.700,7.424,0.000,0.000
"23:30",0.000,4.506,63.700,7.373,0.000,0.000
"23:45",0.000,4.659,63.600,7.475,0.000,0.000
" 7/02/26 24:00",0.000,4.966,63.700,7.578,0.000,0.000
