"kwh"
"Time ","DAGSR01P","DAGSR01P","DAGSR01P","DAGSR01P","DAGSR01P","DAGSR01P"
" 5/28/26 00:15",0.000,5.376,63.600,6.912,0.000,0.000
"00:30",0.000,4.864,63.600,7.066,0.000,0.000
"00:45",0.000,5.478,63.600,7.066,0.000,0.000
"01:00",0.000,5.786,63.600,5.683,0.000,0.000
"01:15",0.000,5.734,63.600,6.093,0.000,0.000
"01:30",0.000,6.195,63.700,5.683,0.000,0.000
"01:45",0.000,5.478,63.600,5.837,0.000,0.000
"02:00",0.000,5.274,63.700,6.349,0.000,0.000
"02:15",0.000,5.478,63.700,6.144,0.000,0.000
"02:30",0.000,5.478,63.600,6.093,0.000,0.000
"02:45",0.000,6.093,63.700,5.990,0.000,0.000
"03:00",0.000,6.502,63.700,5.171,0.000,0.000
"03:15",0.000,5.325,63.600,5.990,0.000,0.000
"03:30",0.000,4.915,63.700,6.502,0.000,0.000
"03:45",0.000,5.683,63.600,5.581,0.000,0.000
"04:00",0.000,4.915,63.600,6.144,0.000,0.000
"04:15",0.000,5.018,63.600,6.195,0.000,0.000
"04:30",0.000,5.683,63.600,5.786,0.000,0.000
"04:45",0.000,4.966,63.600,6.656,0.000,0.000
"05:00",0.000,4.864,63.600,6.707,0.000,0.000
"05:15",0.000,5.478,63.600,6.042,0.000,0.000
"05:30",0.000,4.966,63.600,6.093,0.000,0.000
"05:45",0.000,4.710,63.700,6.298,0.000,0.000
"06:00",0.000,5.581,63.600,5.939,0.000,0.000
"06:15",0.000,5.427,63.700,6.195,0.000,0.000
"06:30",0.000,4.864,63.700,6.451,0.000,0.000
"06:45",0.000,5.837,63.600,5.990,0.000,0.000
"07:00",0.000,6.963,63.600,5.888,0.000,0.000
"07:15",0.000,6.810,63.700,6.042,0.000,0.000
"07:30",0.000,7.731,63.700,5.427,0.000,0.000
"07:45",0.000,6.963,63.700,5.069,0.000,0.000
"08:00",0.000,5.581,63.700,5.939,0.000,0.000
"08:15",0.000,5.274,63.600,6.144,0.000,0.000
"08:30",0.000,5.734,63.600,5.683,0.000,0.000
"08:45",0.563,2.202,63.600,3.738,0.000,0.000
"09:00",1.587,0.614,63.700,2.765,0.000,0.000
"09:15",13.619,0.051,63.700,0.154,0.000,0.000
"09:30",30.157,0.000,63.600,0.000,0.000,0.000
"09:45",39.782,0.000,63.600,0.000,0.000,0.000
"10:00",28.109,0.000,63.700,0.000,0.000,0.000
"10:15",15.718,0.000,63.600,0.000,0.000,0.000
"10:30",10.445,0.000,63.700,0.000,0.000,0.000
"10:45",16.026,0.000,63.700,0.000,0.000,0.000
"11:00",21.299,0.000,63.700,0.000,0.000,0.000
"11:15",32.614,0.000,63.700,0.000,0.000,0.000
"11:30",52.787,0.000,63.700,0.000,0.000,0.051
"11:45",74.752,0.000,63.700,0.000,0.000,0.102
"12:00",85.146,0.000,63.700,0.000,0.000,0.051
"12:15",86.886,0.000,63.700,0.000,0.000,0.154
"12:30",88.986,0.000,63.700,0.000,0.000,0.256
"12:45",92.467,0.000,63.700,0.000,0.000,0.205
"13:00",96.051,0.000,63.700,0.000,0.000,0.205
"13:15",98.406,0.000,63.700,0.000,0.000,0.102
"13:30",97.024,0.000,63.700,0.000,0.000,0.051
"13:45",95.488,0.000,63.700,0.000,0.000,0.205
"14:00",96.512,0.000,63.700,0.000,0.000,0.051
"14:15",95.027,0.000,63.700,0.000,0.000,0.051
"14:30",96.307,0.000,63.700,0.000,0.000,0.256
"14:45",67.226,0.000,63.700,0.000,0.000,0.051
"15:00",27.494,0.000,63.700,0.000,0.000,0.000
"15:15",57.190,0.000,63.700,0.000,0.000,0.512
"15:30",67.686,0.000,63.700,0.000,0.000,0.000
"15:45",63.078,0.000,63.700,0.000,0.000,0.000
"16:00",14.182,3.686,63.700,0.000,3.482,0.000
"16:15",16.845,0.000,63.600,0.000,0.000,0.000
"16:30",19.200,0.000,63.700,0.000,0.000,0.000
"16:45",30.771,0.000,63.700,0.000,0.000,0.000
"17:00",29.338,0.000,63.700,0.000,0.000,0.000
"17:15",18.432,0.000,63.700,0.051,0.000,0.000
"17:30",3.021,0.154,63.700,1.229,0.000,0.000
"17:45",3.994,0.410,63.600,1.331,0.000,0.000
"18:00",1.485,0.717,63.600,2.560,0.000,0.000
"18:15",0.512,2.202,63.600,3.226,0.000,0.000
"18:30",0.000,3.686,63.600,5.683,0.000,0.000
"18:45",0.000,4.454,63.600,6.144,0.000,0.000
"19:00",0.000,5.376,63.300,5.632,0.000,0.000
"19:15",0.000,4.506,63.500,6.246,0.000,0.000
"19:30",0.000,4.352,63.500,6.195,0.000,0.000
"19:45",0.000,4.966,63.300,6.400,0.000,0.000
"20:00",0.000,5.018,63.200,6.758,0.000,0.000
"20:15",0.000,4.762,63.200,7.066,0.000,0.000
"20:30",0.000,4.762,63.200,7.219,0.000,0.000
"20:45",0.000,5.786,63.200,6.707,0.000,0.000
"21:00",0.000,4.864,63.700,5.222,0.000,0.000
"21:15",0.000,5.069,63.800,5.069,0.000,0.000
"21:30",0.000,6.298,63.800,4.198,0.000,0.000
"21:45",0.000,6.246,63.900,3.891,0.000,0.000
"22:00",0.000,5.683,64.000,3.226,0.000,0.000
"22:15",0.000,5.325,63.900,4.147,0.000,0.000
"22:30",0.000,5.530,63.600,5.120,0.000,0.000
"22:45",0.000,5.274,63.700,5.171,0.000,0.000
"23:00",0.000,5.069,64.100,3.738,0.000,0.000
"23:15",0.000,6.144,64.400,2.304,0.205,0.000
"23:30",0.000,5.376,63.900,4.659,0.000,0.000
"23:45",0.000,5.222,63.500,6.451,0.000,0.000
" 5/28/26 24:00",0.000,5.427,63.400,6.502,0.000,0.000
