"kwh"
"Time ","DAGSR01P","DAGSR01P","DAGSR01P","DAGSR01P","DAGSR01P","DAGSR01P"
" 7/22/26 00:15",0.000,6.656,63.700,5.632,0.000,0.000
" 7/22/26 00:30",0.000,7.117,63.700,5.888,0.000,0.000
"00:45",0.000,7.219,63.700,5.581,0.000,0.000
"01:00",0.000,7.117,63.700,5.734,0.000,0.000
"01:15",0.000,7.168,63.700,5.734,0.000,0.000
"01:30",0.000,7.424,63.700,5.325,0.000,0.000
"01:45",0.000,6.912,63.700,5.888,0.000,0.000
"02:00",0.000,7.322,63.700,5.683,0.000,0.000
"02:15",0.000,6.502,63.700,6.298,0.000,0.000
"02:30",0.000,6.605,63.700,6.400,0.000,0.000
"02:45",0.000,5.530,63.700,7.014,0.000,0.000
"03:00",0.000,5.325,63.700,7.066,0.000,0.000
"03:15",0.000,5.837,63.700,6.554,0.000,0.000
"03:30",0.000,4.915,63.700,6.963,0.000,0.000
"03:45",0.000,4.915,63.700,7.066,0.000,0.000
"04:00",0.000,4.915,63.700,7.117,0.000,0.000
"04:15",0.000,5.069,63.700,7.117,0.000,0.000
"04:30",0.000,4.710,63.700,7.117,0.000,0.000
"04:45",0.000,4.966,63.700,7.066,0.000,0.000
"05:00",0.000,5.837,63.700,6.861,0.000,0.000
"05:15",0.000,4.710,63.700,7.270,0.000,0.000
"05:30",0.000,4.506,63.700,6.912,0.000,0.000
"05:45",0.000,5.632,63.700,6.349,0.000,0.000
"06:00",0.000,4.762,63.700,6.963,0.000,0.000
"06:15",0.000,4.966,63.700,6.861,0.000,0.000
"06:30",0.000,5.018,63.700,7.066,0.000,0.000
"06:45",0.000,5.530,63.700,6.246,0.000,0.000
"07:00",0.000,4.864,63.700,6.707,0.000,0.000
"07:15",0.000,5.222,63.700,6.554,0.000,0.000
"07:30",0.000,5.990,63.600,6.195,0.000,0.000
"07:45",0.000,6.246,63.600,6.758,0.000,0.000
"08:00",0.000,5.632,63.600,6.861,0.000,0.000
"08:15",0.000,6.042,63.600,6.707,0.000,0.000
"08:30",0.000,6.093,63.600,6.400,0.000,0.000
"08:45",0.154,3.328,63.700,5.786,0.000,0.000
"09:00",2.202,0.205,63.600,1.690,0.000,0.000
"09:15",5.171,0.000,63.600,0.051,0.000,0.000
"09:30",6.298,0.000,63.600,0.000,0.000,0.000
"09:45",9.574,0.000,63.600,0.000,0.000,0.000
"10:00",20.122,0.000,63.600,0.000,0.000,0.000
"10:15",25.037,0.000,63.600,0.000,0.000,0.000
"10:30",32.614,0.000,63.600,0.000,0.000,0.000
"10:45",43.674,0.000,63.600,0.000,0.000,0.000
"11:00",63.846,0.000,63.600,0.000,0.000,0.000
"11:15",59.597,0.000,63.600,0.000,0.000,0.000
"11:30",64.358,0.000,63.600,0.000,0.000,0.000
"11:45",83.661,0.000,63.600,0.000,0.000,0.000
"12:00",92.570,0.000,63.600,0.000,0.000,0.000
"12:15",97.536,0.000,63.600,0.000,0.000,0.000
"12:30",99.533,0.000,63.600,0.000,0.000,0.051
"12:45",88.781,0.000,63.600,0.000,0.000,0.051
"13:00",79.667,0.000,63.600,0.000,0.000,0.000
"13:15",41.984,0.000,63.600,0.000,0.000,0.000
"13:30",52.224,0.000,63.600,0.000,0.000,0.051
"13:45",67.789,0.000,63.600,0.000,0.000,0.051
"14:00",49.818,0.000,63.600,0.000,0.000,0.000
"14:15",69.069,0.000,63.600,0.000,0.000,0.000
"14:30",91.290,0.000,63.600,0.000,0.000,0.000
"14:45",46.746,0.358,63.600,0.000,0.922,4.813
"15:00",78.797,0.000,63.600,0.000,0.000,0.000
"15:15",84.326,0.000,63.600,0.000,0.000,0.000
"15:30",74.906,0.000,63.600,0.000,0.000,0.000
"15:45",57.549,0.000,63.600,0.000,0.000,0.000
"16:00",66.970,0.000,63.600,0.000,0.000,0.000
"16:15",73.626,0.000,63.600,0.000,0.000,0.000
"16:30",56.422,0.000,63.600,0.000,0.000,0.000
"16:45",47.718,0.000,63.600,0.000,0.000,0.000
"17:00",18.176,0.000,63.600,0.000,0.000,0.000
"17:15",12.595,0.000,63.600,0.000,0.000,0.000
"17:30",11.264,0.000,63.700,0.000,0.000,0.000
"17:45",17.357,0.000,63.600,0.000,0.000,0.000
"18:00",19.814,0.000,63.600,0.000,0.000,0.000
"18:15",4.301,0.154,63.700,1.229,0.000,0.000
"18:30",0.205,2.816,63.700,4.813,0.000,0.000
"18:45",0.000,3.994,63.700,7.014,0.000,0.000
"19:00",0.000,3.891,63.600,6.912,0.000,0.000
"19:15",0.000,5.069,63.600,6.246,0.000,0.000
"19:30",0.000,4.403,63.600,6.758,0.000,0.000
"19:45",0.000,3.942,63.600,6.810,0.000,0.000
"20:00",0.000,4.608,63.600,6.349,0.000,0.000
"20:15",0.000,3.738,63.600,6.912,0.000,0.000
"20:30",0.000,3.686,63.600,7.014,0.000,0.000
"20:45",0.000,4.403,63.600,6.758,0.000,0.000
"21:00",0.000,4.813,63.600,6.605,0.000,0.000
"21:15",0.000,3.789,63.600,6.963,0.000,0.000
"21:30",0.000,3.738,63.600,6.758,0.000,0.000
"21:45",0.000,4.659,63.600,6.246,0.000,0.000
"22:00",0.000,3.635,63.600,7.117,0.000,0.000
"22:15",0.000,3.891,63.600,7.219,0.000,0.000
"22:30",0.000,5.171,63.700,6.810,0.000,0.000
"22:45",0.000,4.198,63.600,7.322,0.000,0.000
"23:00",0.000,4.403,63.700,7.578,0.000,0.000
"23:15",0.000,4.403,63.600,7.014,0.000,0.000
"23:30",0.000,4.659,63.600,6.298,0.000,0.000
"23:45",0.000,3.635,63.700,7.014,0.000,0.000
" 7/22/26 24:00",0.000,3.789,63.700,6.707,0.000,0.000
