"kwh"
"Time ","DAGSR01P","DAGSR01P","DAGSR01P","DAGSR01P","DAGSR01P","DAGSR01P"
" 6/12/26 00:15",0.000,4.147,63.700,7.936,0.000,0.000
" 6/12/26 00:30",0.000,3.840,63.700,7.885,0.000,0.000
"00:45",0.000,3.686,63.700,7.680,0.000,0.000
"01:00",0.000,3.840,63.700,7.936,0.000,0.000
"01:15",0.000,3.994,63.700,7.987,0.000,0.000
"01:30",0.000,4.301,63.700,8.038,0.000,0.000
"01:45",0.000,3.891,63.700,8.038,0.000,0.000
"02:00",0.000,3.584,63.700,8.090,0.000,0.000
"02:15",0.000,3.533,63.700,8.448,0.000,0.000
"02:30",0.000,3.738,63.700,8.090,0.000,0.000
"02:45",0.000,3.686,63.700,8.038,0.000,0.000
"03:00",0.000,4.198,63.700,8.038,0.000,0.000
"03:15",0.000,4.147,63.700,8.090,0.000,0.000
"03:30",0.000,3.686,63.700,8.243,0.000,0.000
"03:45",0.000,3.738,63.700,8.192,0.000,0.000
"04:00",0.000,3.789,63.700,8.448,0.000,0.000
"04:15",0.000,3.891,63.700,8.602,0.000,0.000
"04:30",0.000,4.045,63.700,8.499,0.000,0.000
"04:45",0.000,4.352,63.700,8.499,0.000,0.000
"05:00",0.000,3.635,63.700,8.550,0.000,0.000
"05:15",0.000,3.686,63.700,8.397,0.000,0.000
"05:30",0.000,3.584,63.700,8.397,0.000,0.000
"05:45",0.000,4.096,63.700,8.397,0.000,0.000
"06:00",0.000,3.994,63.700,8.499,0.000,0.000
"06:15",0.000,4.250,63.700,8.448,0.000,0.000
"06:30",0.000,4.250,63.700,9.062,0.000,0.000
"06:45",0.000,4.659,63.700,9.011,0.000,0.000
"07:00",0.000,4.608,63.700,8.192,0.000,0.000
"07:15",0.000,5.018,63.700,7.987,0.000,0.000
"07:30",0.000,4.966,63.700,7.782,0.000,0.000
"07:45",0.000,4.915,63.700,7.936,0.000,0.000
"08:00",0.000,5.478,63.700,7.885,0.000,0.000
"08:15",0.000,4.608,63.600,7.987,0.000,0.000
"08:30",0.000,4.659,63.600,8.192,0.000,0.000
"08:45",0.000,4.608,63.600,7.936,0.000,0.000
"09:00",0.000,4.710,63.600,7.782,0.000,0.000
"09:15",0.000,3.840,63.700,7.526,0.000,0.000
"09:30",0.051,3.072,63.700,6.042,0.000,0.000
"09:45",0.051,3.072,63.700,6.349,0.000,0.000
"10:00",0.614,1.741,63.700,4.710,0.000,0.000
"10:15",0.461,1.997,63.700,4.966,0.000,0.000
"10:30",1.024,0.819,63.700,3.482,0.000,0.000
"10:45",2.918,0.051,63.700,1.280,0.000,0.000
"11:00",5.581,0.000,63.700,0.000,0.000,0.000
"11:15",8.243,0.000,63.700,0.000,0.000,0.000
"11:30",11.776,0.000,63.800,0.000,0.000,0.000
"11:45",28.774,0.000,63.800,0.000,0.000,0.000
"12:00",90.982,0.000,63.800,0.000,0.000,0.000
"12:15",46.131,0.000,63.700,0.000,0.000,0.000
"12:30",64.154,0.000,63.700,0.000,0.000,0.000
"12:45",53.606,0.000,63.700,0.000,0.000,0.000
"13:00",76.442,0.000,63.700,0.000,0.000,0.000
"13:15",82.995,0.000,63.700,0.000,0.000,0.000
"13:30",63.488,0.000,63.700,0.000,0.000,0.000
"13:45",59.750,0.000,63.800,0.000,0.000,0.000
"14:00",75.930,0.000,63.800,0.000,0.000,0.000
"14:15",55.142,0.000,63.800,0.000,0.000,0.000
"14:30",101.274,0.000,63.800,0.000,0.000,0.000
"14:45",97.792,0.000,63.800,0.000,0.000,0.000
"15:00",86.579,0.000,63.800,0.000,0.000,0.000
"15:15",86.477,0.000,63.700,0.000,0.000,0.000
"15:30",82.790,0.000,63.700,0.000,0.000,0.000
"15:45",78.234,0.000,63.700,0.000,0.000,0.000
"16:00",74.547,0.000,63.700,0.000,0.000,0.000
"16:15",68.096,0.000,63.700,0.000,0.000,0.000
"16:30",60.672,0.000,63.700,0.000,0.000,0.000
"16:45",54.221,0.000,63.700,0.000,0.000,0.000
"17:00",47.360,0.000,63.700,0.000,0.000,0.000
"17:15",39.373,0.000,63.700,0.000,0.000,0.000
"17:30",29.798,0.000,63.700,0.000,0.000,0.000
"17:45",14.336,0.051,63.700,0.410,0.000,0.000
"18:00",0.870,1.434,63.700,3.226,0.000,0.000
"18:15",0.051,2.918,63.700,6.451,0.000,0.000
"18:30",0.000,3.789,63.700,6.963,0.000,0.000
"18:45",0.000,4.198,63.700,7.066,0.000,0.000
"19:00",0.000,4.250,63.700,7.117,0.000,0.000
"19:15",0.000,4.352,63.700,7.168,0.000,0.000
"19:30",0.000,4.096,63.700,6.963,0.000,0.000
"19:45",0.000,4.506,63.700,7.219,0.000,0.000
"20:00",0.000,3.891,63.700,7.424,0.000,0.000
"20:15",0.000,3.584,63.700,7.219,0.000,0.000
"20:30",0.000,3.430,63.700,7.270,0.000,0.000
"20:45",0.000,3.482,63.700,7.322,0.000,0.000
"21:00",0.000,3.994,63.700,7.219,0.000,0.000
"21:15",0.000,4.301,63.700,7.270,0.000,0.000
"21:30",0.000,4.045,63.700,7.219,0.000,0.000
"21:45",0.000,3.840,63.700,7.322,0.000,0.000
"22:00",0.000,3.994,63.700,7.475,0.000,0.000
"22:15",0.000,3.942,63.700,7.526,0.000,0.000
"22:30",0.000,3.789,63.700,7.680,0.000,0.000
"22:45",0.000,4.301,63.700,7.629,0.000,0.000
"23:00",0.000,4.301,63.700,7.526,0.000,0.000
"23:15",0.000,4.096,63.700,7.475,0.000,0.000
"23:30",0.000,4.198,63.700,7.578,0.000,0.000
"23:45",0.000,4.608,63.700,7.629,0.000,0.000
" 6/12/26 24:00",0.000,4.966,63.700,7.578,0.000,0.000
