"kwh"
"Time ","DAGSR01P","DAGSR01P","DAGSR01P","DAGSR01P","DAGSR01P","DAGSR01P"
" 1/26/26 00:15",0.000,140.698,63.600,0.000,80.589,0.000
" 1/26/26 00:30",0.000,140.544,63.500,0.000,80.384,0.000
"00:45",0.000,140.954,63.600,0.000,80.282,0.000
"01:00",0.000,141.107,63.600,0.000,79.974,0.000
"01:15",0.000,140.646,63.600,0.000,79.923,0.000
"01:30",0.000,140.493,63.600,0.000,79.974,0.000
"01:45",0.000,139.162,63.600,0.000,79.155,0.000
"02:00",0.000,137.574,63.600,0.000,78.131,0.000
"02:15",0.000,137.882,63.600,0.000,77.773,0.000
"02:30",0.000,137.318,63.600,0.000,78.490,0.000
"02:45",0.000,137.216,63.600,0.000,78.592,0.000
"03:00",0.000,137.267,63.600,0.000,78.694,0.000
"03:15",0.000,137.370,63.600,0.000,78.541,0.000
"03:30",0.000,137.165,63.600,0.000,78.643,0.000
"03:45",0.000,137.728,63.600,0.000,78.438,0.000
"04:00",0.000,137.882,63.600,0.000,78.182,0.000
"04:15",0.000,137.677,63.600,0.000,78.336,0.000
"04:30",0.000,137.523,63.600,0.000,78.438,0.000
"04:45",0.000,137.677,63.600,0.000,78.131,0.000
"05:00",0.000,137.984,63.600,0.000,77.568,0.000
"05:15",0.000,137.626,63.600,0.000,79.002,0.000
"05:30",0.000,137.984,63.600,0.000,79.360,0.000
"05:45",0.000,138.035,63.600,0.000,77.978,0.000
"06:00",0.000,138.291,63.600,0.000,77.773,0.000
"06:15",0.000,138.291,63.600,0.000,77.926,0.000
"06:30",0.000,138.342,63.600,0.000,77.978,0.000
"06:45",0.000,138.138,63.600,0.000,77.824,0.000
"07:00",0.000,137.882,63.600,0.000,77.978,0.000
"07:15",0.000,137.933,63.600,0.000,78.080,0.000
"07:30",0.000,138.189,63.600,0.000,77.875,0.000
"07:45",0.000,137.523,63.600,0.000,77.926,0.000
"08:00",0.000,136.858,63.600,0.000,77.926,0.000
"08:15",0.000,135.066,63.500,0.000,78.234,0.000
"08:30",0.000,128.102,63.600,0.000,76.442,0.000
"08:45",0.000,93.645,63.600,0.000,56.832,0.000
"09:00",0.000,67.942,63.600,0.000,42.291,0.000
"09:15",0.000,35.021,63.600,0.000,20.890,0.000
"09:30",0.000,32.666,63.600,0.000,15.821,0.000
"09:45",0.000,31.744,63.600,0.000,15.514,0.000
"10:00",0.000,30.720,63.600,0.000,15.360,0.000
"10:15",0.000,26.470,63.600,0.000,15.155,0.000
"10:30",0.000,15.770,63.600,0.000,15.360,0.051
"10:45",0.000,21.760,63.600,0.000,15.411,0.000
"11:00",0.000,24.781,63.600,0.000,15.411,0.000
"11:15",0.000,26.163,63.600,0.000,15.923,0.000
"11:30",0.000,20.326,63.600,0.000,15.872,0.000
"11:45",0.000,22.221,63.600,0.000,16.179,0.000
"12:00",0.000,25.805,63.600,0.000,15.974,0.000
"12:15",0.000,20.429,63.600,0.000,15.872,0.000
"12:30",11.110,0.358,63.600,0.000,1.485,14.285
"12:45",3.482,1.946,63.600,0.000,6.963,8.653
"13:00",12.288,0.205,63.600,0.000,1.024,14.746
"13:15",22.374,0.000,63.600,0.000,0.000,14.336
"13:30",52.224,0.000,63.600,0.000,0.000,15.411
"13:45",59.853,0.000,63.600,0.000,0.000,15.821
"14:00",62.515,0.000,63.600,0.000,0.000,15.872
"14:15",66.970,0.000,63.600,0.000,0.000,16.435
"14:30",65.536,0.000,63.600,0.000,0.000,16.077
"14:45",63.693,0.000,63.600,0.000,0.000,16.691
"15:00",61.850,0.000,63.600,0.000,0.000,16.742
"15:15",60.109,0.000,63.600,0.000,0.000,15.974
"15:30",57.549,0.000,63.600,0.000,0.000,16.026
"15:45",53.760,0.000,63.600,0.000,0.000,16.128
"16:00",48.538,0.000,63.500,0.000,0.000,16.128
"16:15",19.354,0.000,63.600,0.000,0.000,15.258
"16:30",23.501,0.000,63.500,0.000,0.000,14.797
"16:45",26.624,0.563,63.500,0.000,1.638,13.158
"17:00",33.434,0.000,63.500,0.000,0.000,15.104
"17:15",28.570,0.000,63.500,0.000,0.000,14.746
"17:30",23.142,0.000,63.500,0.000,0.000,14.592
"17:45",17.510,0.000,63.500,0.000,0.000,14.438
"18:00",10.854,0.000,63.500,0.000,0.000,14.336
"18:15",4.762,0.307,63.500,0.000,2.304,11.622
"18:30",0.819,2.816,63.500,0.000,9.114,4.762
"18:45",0.000,10.035,63.600,0.000,14.080,0.000
"19:00",0.000,17.818,63.600,0.000,14.336,0.000
"19:15",0.000,23.450,63.600,0.000,14.285,0.000
"19:30",0.000,26.214,63.600,0.000,14.285,0.000
"19:45",0.000,28.160,63.600,0.000,14.592,0.000
"20:00",0.000,35.942,63.600,0.000,15.923,0.000
"20:15",0.000,40.038,63.600,0.000,16.640,0.000
"20:30",0.000,40.550,63.600,0.000,16.333,0.000
"20:45",0.000,41.011,63.600,0.000,15.974,0.000
"21:00",0.000,40.448,63.600,0.000,16.179,0.000
"21:15",0.000,40.499,63.600,0.000,15.923,0.000
"21:30",0.000,41.165,63.500,0.000,16.077,0.000
"21:45",0.000,40.602,63.500,0.000,15.974,0.000
"22:00",0.000,40.550,63.600,0.000,15.821,0.000
"22:15",0.000,40.397,63.600,0.000,15.718,0.000
"22:30",0.000,40.704,63.600,0.000,15.411,0.000
"22:45",0.000,41.267,63.600,0.000,15.770,0.000
"23:00",0.000,40.602,63.600,0.000,15.974,0.000
"23:15",0.000,40.499,63.500,0.000,15.872,0.000
"23:30",0.000,40.909,63.600,0.000,16.026,0.000
"23:45",0.000,40.397,63.600,0.000,16.077,0.000
" 1/26/26 24:00",0.000,40.806,63.600,0.000,16.179,0.000
