"kwh"
"Time ","DAGSR01P","DAGSR01P","DAGSR01P","DAGSR01P","DAGSR01P","DAGSR01P"
" 8/12/26 00:15",0.000,5.120,63.700,7.526,0.000,0.000
" 8/12/26 00:30",0.000,4.454,63.700,8.397,0.000,0.000
"00:45",0.000,4.403,63.700,8.602,0.000,0.000
"01:00",0.000,5.018,63.700,7.936,0.000,0.000
"01:15",0.000,4.045,63.700,8.499,0.000,0.000
"01:30",0.000,4.352,63.700,8.038,0.000,0.000
"01:45",0.000,3.891,63.700,8.294,0.000,0.000
"02:00",0.000,4.352,63.700,8.294,0.000,0.000
"02:15",0.000,4.301,63.700,7.936,0.000,0.000
"02:30",0.000,3.533,63.700,8.550,0.000,0.000
"02:45",0.000,4.403,63.700,8.141,0.000,0.000
"03:00",0.000,3.635,63.700,8.602,0.000,0.000
"03:15",0.000,3.482,63.700,8.602,0.000,0.000
"03:30",0.000,4.096,63.700,8.192,0.000,0.000
"03:45",0.000,3.277,63.700,8.960,0.000,0.000
"04:00",0.000,4.147,63.700,8.397,0.000,0.000
"04:15",0.000,4.045,63.700,8.550,0.000,0.000
"04:30",0.000,3.635,63.700,8.909,0.000,0.000
"04:45",0.000,4.710,63.700,8.448,0.000,0.000
"05:00",0.000,3.789,63.700,8.960,0.000,0.000
"05:15",0.000,3.789,63.700,8.755,0.000,0.000
"05:30",0.000,3.840,63.700,8.755,0.000,0.000
"05:45",0.000,3.738,63.700,8.653,0.000,0.000
"06:00",0.000,4.557,63.700,8.448,0.000,0.000
"06:15",0.000,3.840,63.700,8.960,0.000,0.000
"06:30",0.000,3.994,63.700,8.090,0.000,0.000
"06:45",0.000,4.250,63.700,7.680,0.000,0.000
"07:00",0.000,4.403,63.600,8.141,0.000,0.000
"07:15",0.000,5.274,63.600,7.629,0.000,0.000
"07:30",0.000,4.403,63.600,8.038,0.000,0.000
"07:45",0.000,5.274,63.600,8.038,0.000,0.000
"08:00",0.000,5.120,63.600,7.987,0.000,0.000
"08:15",0.000,5.120,63.600,7.885,0.000,0.000
"08:30",0.000,4.915,63.600,7.168,0.000,0.000
"08:45",0.000,3.123,63.600,7.526,0.000,0.000
"09:00",2.406,0.512,63.600,1.894,0.000,0.000
"09:15",18.688,0.000,63.600,0.000,0.000,0.000
"09:30",34.611,0.000,63.600,0.000,0.000,0.000
"09:45",21.862,0.205,63.600,0.000,0.102,0.000
"10:00",0.256,12.237,63.700,0.000,11.469,0.717
"10:15",0.000,1.843,63.700,0.000,3.635,0.000
"10:30",15.616,6.451,63.700,0.000,6.912,5.888
"10:45",0.000,13.875,63.700,0.000,12.544,0.000
"11:00",0.000,11.981,63.700,0.000,12.954,0.051
"11:15",0.512,2.253,63.700,0.000,9.984,3.021
"11:30",0.000,6.963,63.700,0.000,13.005,0.000
"11:45",0.000,12.442,63.700,0.000,13.056,0.000
"12:00",0.000,16.947,63.700,0.000,12.698,0.000
"12:15",0.000,10.035,63.700,0.000,12.902,0.000
"12:30",0.358,3.482,63.700,0.000,10.394,2.406
"12:45",4.454,0.307,63.700,0.000,2.509,10.291
"13:00",15.718,0.000,63.700,0.000,0.000,13.517
"13:15",40.448,0.000,63.700,0.000,0.000,13.722
"13:30",56.218,0.000,63.600,0.000,0.000,14.694
"13:45",49.818,0.000,63.600,0.000,0.000,13.722
"14:00",22.784,0.563,63.600,0.000,1.946,11.110
"14:15",17.818,0.205,63.600,0.000,1.280,12.032
"14:30",9.779,0.051,63.700,0.000,0.512,12.032
"14:45",5.171,0.410,63.700,0.000,2.406,10.394
"15:00",1.280,1.024,63.700,0.000,5.990,6.656
"15:15",9.165,0.000,63.700,0.000,0.358,12.851
"15:30",9.062,0.051,63.700,0.000,0.410,12.646
"15:45",2.048,6.707,63.700,0.000,9.011,3.430
"16:00",0.000,19.149,63.700,0.000,13.005,0.000
"16:15",0.000,24.832,63.700,0.000,12.237,0.000
"16:30",0.000,29.286,63.700,0.000,12.390,0.000
"16:45",0.154,22.272,63.700,0.000,12.595,0.000
"17:00",9.165,0.000,63.700,0.000,0.000,0.000
"17:15",4.198,0.000,63.700,0.000,0.000,0.000
"17:30",5.683,0.000,63.700,0.000,0.000,0.000
"17:45",3.021,0.154,63.700,0.870,0.000,0.000
"18:00",1.126,0.717,63.700,4.198,0.000,0.000
"18:15",0.614,1.331,63.700,5.325,0.000,0.000
"18:30",0.051,3.328,63.700,6.349,0.000,0.000
"18:45",0.000,3.635,63.700,8.243,0.000,0.000
"19:00",0.000,3.686,63.700,8.192,0.000,0.000
"19:15",0.000,5.120,63.700,7.731,0.000,0.000
"19:30",0.000,4.096,63.700,8.346,0.000,0.000
"19:45",0.000,4.403,63.700,7.936,0.000,0.000
"20:00",0.000,4.454,63.700,8.192,0.000,0.000
"20:15",0.000,3.891,63.700,8.346,0.000,0.000
"20:30",0.000,4.659,63.600,7.782,0.000,0.000
"20:45",0.000,4.198,63.700,8.141,0.000,0.000
"21:00",0.000,4.352,63.600,8.141,0.000,0.000
"21:15",0.000,4.454,63.600,7.885,0.000,0.000
"21:30",0.000,3.840,63.600,8.294,0.000,0.000
"21:45",0.000,5.427,63.600,7.987,0.000,0.000
"22:00",0.000,4.454,63.600,8.448,0.000,0.000
"22:15",0.000,4.045,63.600,8.755,0.000,0.000
"22:30",0.000,5.069,63.700,7.834,0.000,0.000
"22:45",0.000,4.250,63.700,8.602,0.000,0.000
"23:00",0.000,4.454,63.700,8.704,0.000,0.000
"23:15",0.000,4.813,63.700,8.243,0.000,0.000
"23:30",0.000,4.198,63.700,8.090,0.000,0.000
"23:45",0.000,4.864,63.700,7.322,0.000,0.000
" 8/12/26 24:00",0.000,4.250,63.700,7.578,0.000,0.000
