"kwh"
"Time ","DAGSR01P","DAGSR01P","DAGSR01P","DAGSR01P","DAGSR01P","DAGSR01P"
" 9/30/26 00:15",0.000,102.656,63.700,0.000,48.486,0.000
" 9/30/26 00:30",0.000,102.810,63.700,0.000,48.333,0.000
"00:45",0.000,102.451,63.700,0.000,48.435,0.000
"01:00",0.000,102.656,63.700,0.000,48.333,0.000
"01:15",0.000,102.810,63.700,0.000,48.333,0.000
"01:30",0.000,102.605,63.700,0.000,48.384,0.000
"01:45",0.000,102.963,63.700,0.000,48.333,0.000
"02:00",0.000,102.605,63.700,0.000,48.230,0.000
"02:15",0.000,102.810,63.700,0.000,48.128,0.000
"02:30",0.000,102.963,63.700,0.000,48.128,0.000
"02:45",0.000,102.554,63.700,0.000,48.179,0.000
"03:00",0.000,102.451,63.700,0.000,48.230,0.000
"03:15",0.000,102.554,63.700,0.000,48.230,0.000
"03:30",0.000,102.810,63.700,0.000,48.282,0.000
"03:45",0.000,103.270,63.700,0.000,48.691,0.000
"04:00",0.000,103.117,63.700,0.000,48.896,0.000
"04:15",0.000,102.144,63.700,0.000,48.435,0.000
"04:30",0.000,102.144,63.700,0.000,48.128,0.000
"04:45",0.000,102.298,63.700,0.000,48.179,0.000
"05:00",0.000,102.554,63.700,0.000,48.128,0.000
"05:15",0.000,102.042,63.700,0.000,48.282,0.000
"05:30",0.000,102.144,63.700,0.000,48.026,0.000
"05:45",0.000,101.837,63.700,0.000,48.128,0.000
"06:00",0.000,102.195,63.700,0.000,48.128,0.000
"06:15",0.000,102.349,63.700,0.000,48.179,0.000
"06:30",0.000,102.400,63.700,0.000,48.230,0.000
"06:45",0.000,73.523,63.700,0.000,35.891,0.000
"07:00",0.000,69.786,63.700,0.000,34.406,0.000
"07:15",0.000,70.144,63.700,0.000,34.253,0.000
"07:30",0.000,72.141,63.600,0.000,35.942,0.000
"07:45",0.000,71.936,63.700,0.000,36.352,0.000
"08:00",0.000,71.424,63.700,0.000,36.659,0.000
"08:15",0.000,69.427,63.700,0.000,36.608,0.000
"08:30",0.000,70.605,63.700,0.000,36.403,0.000
"08:45",0.000,66.816,63.700,0.000,36.301,0.000
"09:00",0.000,60.621,63.700,0.000,36.557,0.000
"09:15",0.000,59.750,63.700,0.000,36.506,0.000
"09:30",0.000,56.986,63.700,0.000,36.864,0.000
"09:45",0.000,57.293,63.700,0.000,37.018,0.000
"10:00",0.000,52.480,63.700,0.000,37.069,0.000
"10:15",0.000,45.414,63.700,0.000,38.400,0.000
"10:30",0.000,34.355,63.700,0.000,38.349,0.102
"10:45",0.102,32.154,63.600,0.000,37.888,0.563
"11:00",6.554,16.486,63.700,0.000,26.880,11.213
"11:15",0.000,32.768,63.700,0.000,36.506,0.000
"11:30",0.000,34.458,63.700,0.000,37.018,0.000
"11:45",19.149,8.090,63.700,0.000,16.128,25.805
"12:00",6.656,3.379,63.700,0.000,8.858,50.074
"12:15",3.277,17.613,63.700,0.000,30.362,27.699
"12:30",7.680,1.331,63.600,0.000,3.942,55.142
"12:45",2.970,14.694,63.700,0.000,35.072,23.245
"13:00",2.560,17.510,63.700,0.000,37.325,20.941
"13:15",1.894,23.859,63.700,0.000,41.318,17.664
"13:30",1.997,18.893,63.700,0.000,39.270,21.197
"13:45",2.560,12.646,63.600,0.000,34.714,26.010
"14:00",6.400,0.973,63.700,0.000,6.502,55.552
"14:15",6.605,1.229,63.700,0.000,7.629,54.579
"14:30",0.000,26.368,63.700,0.000,81.613,0.000
"14:45",0.461,37.069,63.600,0.000,69.427,4.147
"15:00",2.867,26.061,63.600,0.000,33.485,27.597
"15:15",5.222,10.496,63.600,0.000,14.490,47.411
"15:30",2.918,1.178,63.600,0.000,22.170,39.424
"15:45",0.051,36.966,63.600,0.000,78.694,0.819
"16:00",0.000,53.606,63.600,0.000,80.128,0.000
"16:15",0.000,49.818,63.600,0.000,80.128,0.000
"16:30",0.000,56.064,63.600,0.000,79.770,0.000
"16:45",0.000,43.776,63.600,0.000,67.994,0.000
"17:00",0.000,46.029,63.600,0.000,57.651,0.000
"17:15",0.000,43.981,63.600,0.000,57.651,0.000
"17:30",0.000,81.152,63.600,0.000,56.371,0.000
"17:45",0.000,81.715,63.700,0.000,57.600,0.000
"18:00",0.000,80.896,63.700,0.000,57.805,0.000
"18:15",0.000,88.269,63.700,0.000,57.190,0.000
"18:30",0.000,90.368,63.700,0.000,57.190,0.000
"18:45",0.000,98.714,63.700,0.000,57.702,0.000
"19:00",0.000,102.246,63.700,0.000,57.856,0.000
"19:15",0.000,105.318,63.700,0.000,57.651,0.000
"19:30",0.000,106.138,63.700,0.000,57.293,0.000
"19:45",0.000,106.496,63.700,0.000,57.498,0.000
"20:00",0.000,106.547,63.700,0.000,57.498,0.000
"20:15",0.000,106.547,63.700,0.000,57.446,0.000
"20:30",0.000,106.496,63.700,0.000,57.395,0.000
"20:45",0.000,107.162,63.600,0.000,57.395,0.000
"21:00",0.000,105.114,63.600,0.000,56.166,0.000
"21:15",0.000,103.782,63.600,0.000,55.603,0.000
"21:30",0.000,103.885,63.700,0.000,55.450,0.000
"21:45",0.000,104.448,63.700,0.000,55.245,0.000
"22:00",0.000,103.680,63.700,0.000,55.808,0.000
"22:15",0.000,103.629,63.700,0.000,55.552,0.000
"22:30",0.000,104.038,63.700,0.000,55.040,0.000
"22:45",0.000,104.243,63.700,0.000,56.115,0.000
"23:00",0.000,104.038,63.700,0.000,56.064,0.000
"23:15",0.000,103.731,63.600,0.000,55.757,0.000
"23:30",0.000,103.578,63.600,0.000,55.245,0.000
"23:45",0.000,103.373,63.600,0.000,55.142,0.000
" 9/30/26 24:00",0.000,103.270,63.600,0.000,55.040,0.000
