"kwh"
"Time ","DAGSR01P","DAGSR01P","DAGSR01P","DAGSR01P","DAGSR01P","DAGSR01P"
" 9/08/26 00:15",0.000,136.038,63.600,0.000,67.482,0.000
" 9/08/26 00:30",0.000,134.554,63.600,0.000,67.277,0.000
"00:45",0.000,135.219,63.600,0.000,67.430,0.000
"01:00",0.000,135.885,63.600,0.000,67.789,0.000
"01:15",0.000,135.424,63.600,0.000,67.226,0.000
"01:30",0.000,135.270,63.600,0.000,67.686,0.000
"01:45",0.000,136.346,63.600,0.000,68.250,0.000
"02:00",0.000,134.912,63.600,0.000,67.328,0.000
"02:15",0.000,134.554,63.600,0.000,66.611,0.000
"02:30",0.000,135.629,63.600,0.000,67.226,0.000
"02:45",0.000,134.758,63.600,0.000,66.611,0.000
"03:00",0.000,134.298,63.600,0.000,66.816,0.000
"03:15",0.000,135.475,63.600,0.000,66.970,0.000
"03:30",0.000,134.912,63.600,0.000,66.355,0.000
"03:45",0.000,134.963,63.600,0.000,66.304,0.000
"04:00",0.000,135.629,63.600,0.000,67.021,0.000
"04:15",0.000,134.246,63.600,0.000,66.918,0.000
"04:30",0.000,134.246,63.600,0.000,66.918,0.000
"04:45",0.000,135.066,63.600,0.000,67.277,0.000
"05:00",0.000,134.298,63.600,0.000,66.970,0.000
"05:15",0.000,134.758,63.600,0.000,66.816,0.000
"05:30",0.000,135.270,63.600,0.000,67.328,0.000
"05:45",0.000,134.400,63.600,0.000,66.714,0.000
"06:00",0.000,134.502,63.600,0.000,66.714,0.000
"06:15",0.000,135.117,63.600,0.000,67.174,0.000
"06:30",0.000,135.117,63.600,0.000,66.816,0.000
"06:45",0.000,135.526,63.600,0.000,66.765,0.000
"07:00",0.000,136.960,63.600,0.000,67.277,0.000
"07:15",0.000,135.731,63.600,0.000,66.765,0.000
"07:30",0.000,134.758,63.600,0.000,66.611,0.000
"07:45",0.000,135.987,63.600,0.000,66.765,0.000
"08:00",0.000,131.891,63.600,0.000,66.867,0.000
"08:15",0.000,125.491,63.600,0.000,67.174,0.000
"08:30",0.000,117.146,63.600,0.000,67.635,0.000
"08:45",0.000,101.632,63.600,0.000,62.618,0.000
"09:00",0.000,84.890,63.600,0.000,58.112,0.000
"09:15",0.000,90.112,63.600,0.000,67.942,0.000
"09:30",0.000,81.050,63.700,0.000,67.226,0.000
"09:45",0.000,72.858,63.700,0.000,67.533,0.000
"10:00",0.000,65.792,63.700,0.000,68.506,0.000
"10:15",0.000,58.061,63.700,0.000,67.994,0.000
"10:30",0.000,51.610,63.700,0.000,68.454,0.000
"10:45",0.000,46.387,63.700,0.000,69.427,0.000
"11:00",0.000,39.731,63.700,0.000,69.018,0.000
"11:15",0.000,34.611,63.700,0.000,69.222,0.000
"11:30",0.000,31.130,63.700,0.000,70.246,0.000
"11:45",0.000,27.802,63.700,0.000,71.117,0.000
"12:00",0.000,25.600,63.700,0.000,70.400,0.000
"12:15",0.000,23.501,63.700,0.000,70.144,0.000
"12:30",0.000,21.709,63.700,0.000,70.861,0.000
"12:45",0.000,20.787,63.700,0.000,71.117,0.000
"13:00",0.000,19.302,63.700,0.000,70.400,0.000
"13:15",0.000,20.275,63.700,0.000,71.475,0.000
"13:30",0.000,20.122,63.700,0.000,71.219,0.000
"13:45",0.000,19.354,63.700,0.000,70.093,0.000
"14:00",0.000,20.224,63.700,0.000,71.117,0.000
"14:15",0.000,21.402,63.700,0.000,71.219,0.000
"14:30",0.000,22.221,63.700,0.000,71.219,0.000
"14:45",0.000,23.859,63.700,0.000,70.400,0.000
"15:00",0.000,26.982,63.700,0.000,71.424,0.000
"15:15",0.000,43.725,63.700,0.000,81.050,0.000
"15:30",0.000,45.363,63.700,0.000,77.875,0.000
"15:45",0.000,39.680,63.700,0.000,71.168,0.000
"16:00",0.000,43.622,63.700,0.000,71.168,0.000
"16:15",0.000,45.517,63.700,0.000,70.810,0.000
"16:30",0.000,50.688,63.700,0.000,70.912,0.000
"16:45",0.000,62.208,63.700,0.000,70.042,0.000
"17:00",0.000,98.765,63.700,0.000,69.734,0.000
"17:15",0.000,114.790,63.700,0.000,69.530,0.000
"17:30",0.000,120.525,63.600,0.000,69.888,0.000
"17:45",0.000,126.157,63.700,0.000,70.298,0.000
"18:00",0.000,123.238,63.700,0.000,69.837,0.000
"18:15",0.000,124.723,63.700,0.000,69.939,0.000
"18:30",0.000,129.075,63.700,0.000,69.478,0.000
"18:45",0.000,133.222,63.700,0.000,69.837,0.000
"19:00",0.000,136.653,63.700,0.000,69.274,0.000
"19:15",0.000,137.984,63.700,0.000,69.837,0.000
"19:30",0.000,137.830,63.700,0.000,69.325,0.000
"19:45",0.000,137.984,63.700,0.000,69.427,0.000
"20:00",0.000,138.598,63.600,0.000,69.837,0.000
"20:15",0.000,137.523,63.600,0.000,69.274,0.000
"20:30",0.000,138.086,63.700,0.000,69.683,0.000
"20:45",0.000,137.779,63.700,0.000,69.274,0.000
"21:00",0.000,138.496,63.700,0.000,69.734,0.000
"21:15",0.000,137.728,63.600,0.000,69.274,0.000
"21:30",0.000,138.906,63.600,0.000,69.888,0.000
"21:45",0.000,139.264,63.600,0.000,69.939,0.000
"22:00",0.000,137.882,63.600,0.000,69.120,0.000
"22:15",0.000,136.858,63.700,0.000,68.557,0.000
"22:30",0.000,134.656,63.700,0.000,67.226,0.000
"22:45",0.000,135.117,63.700,0.000,67.277,0.000
"23:00",0.000,135.731,63.700,0.000,67.840,0.000
"23:15",0.000,135.219,63.700,0.000,67.123,0.000
"23:30",0.000,135.117,63.600,0.000,67.226,0.000
"23:45",0.000,136.346,63.700,0.000,67.686,0.000
" 9/08/26 24:00",0.000,135.117,63.700,0.000,67.379,0.000
