"kwh"
"Time ","DAGSR01P","DAGSR01P","DAGSR01P","DAGSR01P","DAGSR01P","DAGSR01P"
" 3/28/26 00:15",0.000,72.090,63.600,0.000,39.117,0.000
" 3/28/26 00:30",0.000,71.680,63.700,0.000,38.554,0.000
"00:45",0.000,71.578,63.700,0.000,38.605,0.000
"01:00",0.000,72.448,63.700,0.000,38.861,0.000
"01:15",0.000,71.578,63.700,0.000,38.605,0.000
"01:30",0.000,72.090,63.700,0.000,38.707,0.000
"01:45",0.000,72.806,63.700,0.000,39.014,0.000
"02:00",0.000,71.680,63.700,0.000,38.400,0.000
"02:15",0.000,71.629,63.700,0.000,38.195,0.000
"02:30",0.000,72.141,63.700,0.000,38.810,0.000
"02:45",0.000,71.475,63.700,0.000,38.554,0.000
"03:00",0.000,71.578,63.700,0.000,38.554,0.000
"03:15",0.000,71.936,63.700,0.000,38.758,0.000
"03:30",0.000,72.243,63.700,0.000,38.656,0.000
"03:45",0.000,71.629,63.700,0.000,38.451,0.000
"04:00",0.000,71.578,63.700,0.000,38.554,0.000
"04:15",0.000,72.704,63.700,0.000,39.014,0.000
"04:30",0.000,71.578,63.700,0.000,38.195,0.000
"04:45",0.000,71.526,63.700,0.000,38.298,0.000
"05:00",0.000,72.346,63.700,0.000,38.707,0.000
"05:15",0.000,71.680,63.700,0.000,38.400,0.000
"05:30",0.000,72.090,63.700,0.000,38.298,0.000
"05:45",0.000,72.448,63.700,0.000,38.963,0.000
"06:00",0.000,71.731,63.700,0.000,38.451,0.000
"06:15",0.000,72.038,63.700,0.000,38.144,0.000
"06:30",0.000,72.346,63.700,0.000,38.810,0.000
"06:45",0.000,71.731,63.700,0.000,38.246,0.000
"07:00",0.000,72.090,63.700,0.000,38.093,0.000
"07:15",0.000,72.755,63.700,0.000,37.939,0.000
"07:30",0.000,72.397,63.700,0.000,38.042,0.000
"07:45",0.000,72.141,63.700,0.000,37.581,0.000
"08:00",0.000,71.578,63.700,0.000,38.144,0.000
"08:15",0.000,69.376,63.700,0.000,38.963,0.000
"08:30",0.000,55.091,63.700,0.000,29.952,0.000
"08:45",0.000,35.174,63.700,0.000,17.920,0.000
"09:00",0.000,35.430,63.700,0.000,18.330,0.000
"09:15",0.000,34.970,63.700,0.000,17.869,0.000
"09:30",0.000,50.637,63.700,0.000,27.187,0.000
"09:45",0.000,25.958,63.700,0.000,18.586,0.000
"10:00",6.810,1.690,63.700,0.000,1.126,0.000
"10:15",5.478,0.000,63.700,0.000,0.000,0.000
"10:30",14.285,0.000,63.700,0.000,0.000,0.102
"10:45",43.059,0.000,63.700,0.000,0.000,0.154
"11:00",52.582,0.000,63.600,0.000,0.000,5.888
"11:15",61.901,0.000,63.600,0.000,0.000,2.253
"11:30",63.693,0.000,63.600,0.000,0.000,0.102
"11:45",18.074,6.144,63.700,0.000,5.120,0.358
"12:00",30.976,1.178,63.700,0.000,0.666,0.205
"12:15",38.861,0.000,63.700,0.000,0.000,0.051
"12:30",56.627,0.000,63.700,0.000,0.000,0.205
"12:45",34.970,0.000,63.700,0.000,0.000,0.358
"13:00",53.350,0.000,63.700,0.000,0.000,0.154
"13:15",30.208,0.000,63.700,0.000,0.000,0.000
"13:30",67.430,0.000,63.700,0.000,0.000,0.358
"13:45",40.090,0.000,63.700,0.000,0.000,0.051
"14:00",53.043,0.000,63.700,0.000,0.000,0.307
"14:15",29.133,0.000,63.700,0.000,0.000,0.154
"14:30",43.469,0.000,63.700,0.000,0.000,0.205
"14:45",34.765,0.000,63.700,0.000,0.000,0.051
"15:00",28.826,0.000,63.700,0.000,0.000,0.051
"15:15",41.114,0.000,63.700,0.000,0.000,0.205
"15:30",59.034,0.000,63.700,0.000,0.000,0.358
"15:45",19.968,0.000,63.700,0.000,0.000,0.102
"16:00",23.757,0.000,63.700,0.000,0.000,0.154
"16:15",19.200,0.000,63.700,0.000,0.000,0.000
"16:30",36.915,0.000,63.700,0.000,0.000,0.205
"16:45",20.582,0.000,63.700,0.000,0.000,0.051
"17:00",17.613,0.000,63.700,0.000,0.000,0.051
"17:15",1.126,1.894,63.700,1.536,0.000,0.000
"17:30",2.714,0.512,63.700,1.229,0.000,0.000
"17:45",10.035,0.000,63.700,0.000,0.000,0.000
"18:00",5.786,0.000,63.700,0.051,0.000,0.154
"18:15",10.035,0.000,63.700,0.000,0.000,0.051
"18:30",1.126,15.155,63.700,0.666,5.069,0.000
"18:45",0.768,1.536,63.700,1.843,0.000,0.000
"19:00",0.973,1.434,63.700,2.099,0.000,0.000
"19:15",0.000,4.403,63.700,3.328,0.000,0.000
"19:30",0.000,5.786,63.700,3.226,0.000,0.000
"19:45",0.000,4.915,63.700,3.533,0.000,0.000
"20:00",0.000,4.864,63.700,3.686,0.000,0.000
"20:15",0.000,5.786,63.700,3.328,0.051,0.000
"20:30",0.000,5.171,63.700,3.789,0.000,0.000
"20:45",0.000,5.683,63.700,3.738,0.000,0.000
"21:00",0.000,5.888,63.700,3.584,0.000,0.000
"21:15",0.000,5.274,63.700,3.533,0.000,0.000
"21:30",0.000,4.762,63.700,3.840,0.000,0.000
"21:45",0.000,5.427,63.700,3.635,0.000,0.000
"22:00",0.000,5.376,63.700,3.533,0.000,0.000
"22:15",0.000,4.864,63.700,3.533,0.000,0.000
"22:30",0.000,5.171,63.700,3.584,0.000,0.000
"22:45",0.000,5.325,63.700,3.379,0.000,0.000
"23:00",0.000,6.963,63.600,3.533,0.768,0.000
"23:15",0.000,13.773,63.600,2.560,2.867,0.000
"23:30",0.000,5.376,63.600,3.072,0.000,0.000
"23:45",0.000,5.888,63.600,3.533,0.000,0.000
" 3/28/26 24:00",0.000,4.966,63.600,3.430,0.000,0.000
