"kwh"
"Time ","DAGSR01P","DAGSR01P","DAGSR01P","DAGSR01P","DAGSR01P","DAGSR01P"
" 4/02/26 00:15",0.000,5.325,63.600,3.533,0.000,0.000
" 4/02/26 00:30",0.000,5.171,63.600,3.635,0.000,0.000
"00:45",0.000,5.939,63.600,3.226,0.000,0.000
"01:00",0.000,5.222,63.600,3.738,0.000,0.000
"01:15",0.000,5.222,63.600,3.789,0.000,0.000
"01:30",0.000,6.246,63.600,3.379,0.000,0.000
"01:45",0.000,5.171,63.600,3.891,0.000,0.000
"02:00",0.000,5.171,63.600,3.891,0.000,0.000
"02:15",0.000,5.837,63.600,3.635,0.000,0.000
"02:30",0.000,5.478,63.600,3.994,0.000,0.000
"02:45",0.000,5.171,63.600,4.045,0.000,0.000
"03:00",0.000,5.325,63.600,3.994,0.000,0.000
"03:15",0.000,5.837,63.600,3.840,0.000,0.000
"03:30",0.000,5.376,63.700,4.198,0.000,0.000
"03:45",0.000,5.069,63.600,4.250,0.000,0.000
"04:00",0.000,5.939,63.600,4.147,0.000,0.000
"04:15",0.000,5.171,63.600,4.506,0.000,0.000
"04:30",0.000,5.069,63.600,4.608,0.000,0.000
"04:45",0.000,5.120,63.600,4.659,0.000,0.000
"05:00",0.000,5.837,63.600,4.250,0.000,0.000
"05:15",0.000,5.018,63.600,4.506,0.000,0.000
"05:30",0.000,4.864,63.600,4.506,0.000,0.000
"05:45",0.000,5.734,63.600,4.045,0.000,0.000
"06:00",0.000,4.915,63.600,4.557,0.000,0.000
"06:15",0.000,4.864,63.600,4.454,0.000,0.000
"06:30",0.000,5.632,63.600,4.301,0.000,0.000
"06:45",0.000,5.683,63.600,4.352,0.000,0.000
"07:00",0.000,5.120,63.600,4.813,0.000,0.000
"07:15",0.000,4.557,63.600,4.659,0.000,0.000
"07:30",0.000,5.325,63.600,4.813,0.000,0.000
"07:45",0.000,4.864,63.600,5.171,0.000,0.000
"08:00",0.000,4.608,63.600,4.813,0.000,0.000
"08:15",0.000,4.352,63.600,3.482,0.000,0.000
"08:30",1.126,0.922,63.600,2.150,0.000,0.000
"08:45",1.792,0.614,63.600,1.741,0.000,0.000
"09:00",5.120,0.000,63.600,0.000,0.000,0.051
"09:15",6.349,0.000,63.600,0.000,0.000,0.000
"09:30",4.147,0.000,63.600,0.000,0.000,0.000
"09:45",14.643,0.000,63.600,0.000,0.000,0.000
"10:00",20.634,0.000,63.700,0.000,0.000,0.102
"10:15",18.739,0.000,63.700,0.000,0.000,0.000
"10:30",18.688,0.000,63.700,0.000,0.000,0.051
"10:45",13.517,0.000,63.600,0.000,0.000,0.205
"11:00",18.739,0.000,63.700,0.000,0.000,0.051
"11:15",29.798,0.000,63.700,0.000,0.000,0.102
"11:30",16.282,0.000,63.700,0.000,0.000,0.154
"11:45",22.272,0.000,63.700,0.000,0.000,0.102
"12:00",52.224,0.000,63.700,0.000,0.000,0.410
"12:15",35.430,0.000,63.700,0.000,0.000,0.410
"12:30",42.445,0.000,63.700,0.000,0.000,0.410
"12:45",33.280,0.000,63.700,0.000,0.000,0.410
"13:00",47.155,0.000,63.700,0.000,0.000,0.768
"13:15",33.331,0.000,63.700,0.000,0.000,0.154
"13:30",40.448,0.000,63.700,0.000,0.000,0.154
"13:45",74.752,0.000,63.600,0.000,0.000,0.410
"14:00",67.789,0.000,63.600,0.000,0.000,0.205
"14:15",58.675,0.000,63.600,0.000,0.000,0.205
"14:30",52.378,0.000,63.700,0.000,0.000,0.051
"14:45",76.390,0.000,63.700,0.000,0.000,0.256
"15:00",80.896,0.000,63.600,0.000,0.000,0.307
"15:15",78.490,0.000,63.600,0.000,0.000,0.307
"15:30",68.045,0.000,63.700,0.000,0.000,0.205
"15:45",62.618,0.000,63.700,0.000,0.000,0.205
"16:00",64.614,0.000,63.700,0.000,0.000,0.102
"16:15",65.792,0.000,63.700,0.000,0.000,0.307
"16:30",49.254,0.000,63.700,0.000,0.000,0.410
"16:45",39.117,0.000,63.700,0.000,0.000,0.461
"17:00",19.354,0.000,63.700,0.000,0.000,0.154
"17:15",37.325,0.000,63.800,0.000,0.000,0.461
"17:30",8.192,0.000,63.700,0.000,0.000,0.000
"17:45",26.778,0.000,63.800,0.000,0.000,0.051
"18:00",11.213,0.000,63.800,0.000,0.000,0.051
"18:15",3.891,0.307,63.800,0.922,0.000,0.000
"18:30",0.717,2.099,63.700,2.048,0.000,0.000
"18:45",0.563,2.560,63.700,1.946,0.154,0.000
"19:00",0.717,2.304,63.700,1.997,0.000,0.000
"19:15",0.205,3.840,63.700,3.072,0.000,0.000
"19:30",0.000,6.246,63.700,3.226,0.000,0.000
"19:45",0.000,5.786,63.700,3.533,0.000,0.000
"20:00",0.000,5.888,63.600,3.635,0.000,0.000
"20:15",0.000,6.144,63.600,3.277,0.000,0.000
"20:30",0.000,5.376,63.600,3.994,0.000,0.000
"20:45",0.000,5.069,63.600,3.942,0.000,0.000
"21:00",0.000,5.581,63.700,3.584,0.000,0.000
"21:15",0.000,5.427,63.700,3.635,0.000,0.000
"21:30",0.000,4.915,63.700,3.994,0.000,0.000
"21:45",0.000,5.274,63.700,4.045,0.000,0.000
"22:00",0.000,5.632,63.700,4.045,0.000,0.000
"22:15",0.000,4.864,63.700,4.659,0.000,0.000
"22:30",0.000,5.171,63.700,4.301,0.000,0.000
"22:45",0.000,5.837,63.700,3.891,0.000,0.000
"23:00",0.000,4.915,63.700,4.659,0.000,0.000
"23:15",0.000,5.274,63.700,4.915,0.000,0.000
"23:30",0.000,5.683,63.600,3.379,0.000,0.000
"23:45",0.000,5.069,63.600,3.738,0.000,0.000
" 4/02/26 24:00",0.000,4.864,63.600,3.635,0.000,0.000
