"kwh"
"Time ","DAGSR01P","DAGSR01P","DAGSR01P","DAGSR01P","DAGSR01P","DAGSR01P"
" 7/19/26 00:15",0.000,3.738,63.700,7.373,0.000,0.000
" 7/19/26 00:30",0.000,3.891,63.700,7.168,0.000,0.000
"00:45",0.000,4.864,63.700,6.861,0.000,0.000
"01:00",0.000,3.840,63.700,7.219,0.000,0.000
"01:15",0.000,3.891,63.600,7.066,0.000,0.000
"01:30",0.000,4.147,63.700,6.963,0.000,0.000
"01:45",0.000,4.147,63.700,6.707,0.000,0.000
"02:00",0.000,3.789,63.700,7.475,0.000,0.000
"02:15",0.000,3.942,63.700,7.731,0.000,0.000
"02:30",0.000,4.352,63.700,7.424,0.000,0.000
"02:45",0.000,3.942,63.600,7.834,0.000,0.000
"03:00",0.000,3.379,63.700,7.731,0.000,0.000
"03:15",0.000,4.454,63.600,6.758,0.000,0.000
"03:30",0.000,3.738,63.600,7.322,0.000,0.000
"03:45",0.000,3.891,63.700,7.270,0.000,0.000
"04:00",0.000,4.352,63.600,7.014,0.000,0.000
"04:15",0.000,4.096,63.600,6.963,0.000,0.000
"04:30",0.000,3.686,63.700,7.373,0.000,0.000
"04:45",0.000,3.328,63.600,7.424,0.000,0.000
"05:00",0.000,4.506,63.700,7.014,0.000,0.000
"05:15",0.000,3.686,63.700,7.578,0.000,0.000
"05:30",0.000,3.891,63.700,7.322,0.000,0.000
"05:45",0.000,4.762,63.700,6.605,0.000,0.000
"06:00",0.000,4.813,63.700,6.810,0.000,0.000
"06:15",0.000,4.096,63.700,6.861,0.000,0.000
"06:30",0.000,4.403,63.700,7.066,0.000,0.000
"06:45",0.000,4.813,63.700,6.758,0.000,0.000
"07:00",0.000,4.659,63.700,7.066,0.000,0.000
"07:15",0.000,4.198,63.700,7.117,0.000,0.000
"07:30",0.000,4.762,63.700,6.656,0.000,0.000
"07:45",0.000,5.171,63.700,6.810,0.000,0.000
"08:00",0.000,4.864,63.700,6.912,0.000,0.000
"08:15",0.000,5.427,63.700,7.168,0.000,0.000
"08:30",0.000,6.349,63.600,6.758,0.000,0.000
"08:45",0.000,4.506,63.600,7.373,0.000,0.000
"09:00",0.205,2.662,63.600,5.222,0.000,0.000
"09:15",0.870,0.973,63.600,3.226,0.000,0.000
"09:30",7.731,0.000,63.600,0.000,0.000,0.000
"09:45",22.733,0.000,63.600,0.000,0.000,0.000
"10:00",35.379,0.000,63.600,0.000,0.000,0.000
"10:15",24.678,0.000,63.700,0.000,0.000,0.000
"10:30",24.320,0.000,63.700,0.000,0.000,0.000
"10:45",28.365,0.000,63.700,0.000,0.000,0.000
"11:00",32.154,0.000,63.600,0.000,0.000,0.000
"11:15",28.211,0.000,63.700,0.000,0.000,0.000
"11:30",30.208,0.000,63.700,0.000,0.000,0.000
"11:45",42.035,0.000,63.700,0.000,0.000,0.000
"12:00",38.144,0.000,63.700,0.000,0.000,0.000
"12:15",43.418,0.000,63.700,0.000,0.000,0.000
"12:30",53.094,0.000,63.700,0.000,0.000,0.000
"12:45",56.013,0.000,63.700,0.000,0.000,0.000
"13:00",39.373,0.000,63.700,0.000,0.000,0.000
"13:15",47.360,0.000,63.700,0.000,0.000,0.000
"13:30",44.646,0.000,63.700,0.000,0.000,0.000
"13:45",41.062,0.000,63.700,0.000,0.000,0.000
"14:00",38.758,0.000,63.700,0.000,0.000,0.000
"14:15",52.429,0.000,63.600,0.000,0.000,0.000
"14:30",32.973,0.000,63.600,0.000,0.000,0.000
"14:45",40.960,0.000,63.700,0.000,0.000,0.000
"15:00",32.870,0.000,63.700,0.000,0.000,0.000
"15:15",26.010,0.000,63.700,0.000,0.000,0.000
"15:30",26.624,0.000,63.600,0.000,0.000,0.000
"15:45",21.555,0.000,63.700,0.000,0.000,0.000
"16:00",17.562,0.000,63.700,0.000,0.000,0.000
"16:15",12.134,0.000,63.700,0.000,0.000,0.000
"16:30",8.704,0.000,63.700,0.000,0.000,0.000
"16:45",8.704,0.000,63.700,0.000,0.000,0.000
"17:00",7.885,0.000,63.700,0.000,0.000,0.000
"17:15",4.096,0.000,63.700,0.000,0.000,0.000
"17:30",4.045,0.000,63.700,0.000,0.000,0.000
"17:45",1.280,0.461,63.700,3.328,0.000,0.000
"18:00",0.102,2.662,63.700,5.222,0.000,0.000
"18:15",0.000,3.328,63.700,6.605,0.000,0.000
"18:30",0.000,3.686,63.700,6.963,0.000,0.000
"18:45",0.000,5.120,63.700,5.990,0.000,0.000
"19:00",0.000,4.147,63.600,6.195,0.000,0.000
"19:15",0.000,4.557,63.600,6.912,0.000,0.000
"19:30",0.000,5.171,63.600,6.144,0.000,0.000
"19:45",0.000,4.557,63.700,6.298,0.000,0.000
"20:00",0.000,4.147,63.600,6.093,0.000,0.000
"20:15",0.000,5.018,63.600,6.093,0.000,0.000
"20:30",0.000,4.045,63.600,6.707,0.000,0.000
"20:45",0.000,3.891,63.600,6.554,0.000,0.000
"21:00",0.000,4.403,63.600,5.990,0.000,0.000
"21:15",0.000,4.506,63.600,5.990,0.000,0.000
"21:30",0.000,4.198,63.600,6.298,0.000,0.000
"21:45",0.000,4.045,63.600,6.298,0.000,0.000
"22:00",0.000,4.762,63.600,5.990,0.000,0.000
"22:15",0.000,4.147,63.600,6.605,0.000,0.000
"22:30",0.000,4.403,63.600,6.758,0.000,0.000
"22:45",0.000,5.120,63.600,6.554,0.000,0.000
"23:00",0.000,4.813,63.600,7.066,0.000,0.000
"23:15",0.000,3.942,63.600,7.168,0.000,0.000
"23:30",0.000,3.994,63.600,6.349,0.000,0.000
"23:45",0.000,4.557,63.600,6.195,0.000,0.000
" 7/19/26 24:00",0.000,3.891,63.600,6.707,0.000,0.000
