"kwh"
"Time ","DAGSR01P","DAGSR01P","DAGSR01P","DAGSR01P","DAGSR01P","DAGSR01P"
" 1/21/26 00:15",0.000,240.077,63.500,0.000,132.659,0.000
" 1/21/26 00:30",0.000,239.565,63.600,0.000,132.659,0.000
"00:45",0.000,239.616,63.600,0.000,132.454,0.000
"01:00",0.000,239.718,63.600,0.000,132.506,0.000
"01:15",0.000,238.336,63.600,0.000,132.915,0.000
"01:30",0.000,238.899,63.600,0.000,133.069,0.000
"01:45",0.000,239.667,63.600,0.000,132.506,0.000
"02:00",0.000,239.872,63.600,0.000,132.557,0.000
"02:15",0.000,242.227,63.600,0.000,134.963,0.000
"02:30",0.000,242.483,63.600,0.000,134.810,0.000
"02:45",0.000,242.278,63.600,0.000,134.707,0.000
"03:00",0.000,241.818,63.600,0.000,134.861,0.000
"03:15",0.000,242.125,63.600,0.000,134.605,0.000
"03:30",0.000,242.534,63.600,0.000,134.656,0.000
"03:45",0.000,242.074,63.600,0.000,134.707,0.000
"04:00",0.000,241.306,63.600,0.000,135.117,0.000
"04:15",0.000,242.125,63.600,0.000,135.117,0.000
"04:30",0.000,242.330,63.600,0.000,135.014,0.000
"04:45",0.000,242.227,63.600,0.000,135.322,0.000
"05:00",0.000,242.739,63.600,0.000,135.731,0.000
"05:15",0.000,242.176,63.600,0.000,135.270,0.000
"05:30",0.000,241.306,63.600,0.000,134.093,0.000
"05:45",0.000,239.565,63.600,0.000,132.966,0.000
"06:00",0.000,239.309,63.600,0.000,132.762,0.000
"06:15",0.000,238.950,63.600,0.000,133.120,0.000
"06:30",0.000,159.488,60.600,0.102,73.882,0.000
"06:45",0.000,194.048,62.700,0.000,102.963,0.000
"07:00",0.000,239.462,63.600,0.000,133.990,0.000
"07:15",0.000,253.747,63.600,0.000,139.981,0.000
"07:30",0.000,271.462,63.600,0.000,147.456,0.000
"07:45",0.000,259.482,63.600,0.000,141.210,0.000
"08:00",0.000,230.042,63.500,0.000,125.696,0.000
"08:15",0.000,234.547,63.500,0.000,132.403,0.000
"08:30",0.000,217.907,63.500,0.000,125.030,0.000
"08:45",0.000,238.131,63.500,0.000,133.786,0.000
"09:00",0.000,235.776,63.500,0.000,135.270,0.000
"09:15",0.000,228.352,63.500,0.000,135.885,0.000
"09:30",0.000,222.054,63.500,0.000,135.987,0.000
"09:45",0.000,204.698,63.500,0.000,129.280,0.000
"10:00",0.000,208.691,63.500,0.000,136.243,0.000
"10:15",0.000,202.906,63.500,0.000,136.448,0.000
"10:30",0.000,198.349,63.400,0.000,136.755,0.000
"10:45",0.000,193.229,63.400,0.000,136.653,0.000
"11:00",0.000,188.518,63.400,0.000,137.062,0.000
"11:15",0.000,183.962,63.400,0.000,137.267,0.000
"11:30",0.000,181.555,63.500,0.000,137.574,0.000
"11:45",0.000,177.562,63.500,0.000,137.626,0.000
"12:00",0.000,175.462,63.500,0.000,137.779,0.000
"12:15",0.000,172.749,63.500,0.000,137.882,0.000
"12:30",0.000,172.134,63.500,0.000,137.882,0.000
"12:45",0.000,172.698,63.500,0.000,138.496,0.000
"13:00",0.000,173.722,63.500,0.000,139.827,0.000
"13:15",0.000,173.670,63.500,0.000,139.674,0.000
"13:30",0.000,174.490,63.500,0.000,139.674,0.000
"13:45",0.000,174.643,63.400,0.000,139.725,0.000
"14:00",0.000,174.746,63.400,0.000,140.032,0.000
"14:15",0.000,174.950,63.400,0.000,140.390,0.000
"14:30",0.000,174.643,63.400,0.000,139.674,0.000
"14:45",0.000,175.002,63.500,0.000,139.571,0.000
"15:00",0.000,176.845,63.500,0.000,139.469,0.000
"15:15",0.000,179.098,63.500,0.000,139.469,0.000
"15:30",0.000,186.214,63.500,0.000,142.387,0.000
"15:45",0.000,217.754,63.500,0.000,159.693,0.000
"16:00",0.000,221.747,63.500,0.000,159.590,0.000
"16:15",0.000,225.331,63.500,0.000,159.334,0.000
"16:30",0.000,229.786,63.500,0.000,159.078,0.000
"16:45",0.000,234.752,63.500,0.000,159.130,0.000
"17:00",0.000,237.466,63.500,0.000,157.850,0.000
"17:15",0.000,242.278,63.500,0.000,157.030,0.000
"17:30",0.000,247.654,63.500,0.000,156.518,0.000
"17:45",0.000,249.190,63.500,0.000,153.088,0.000
"18:00",0.000,225.382,63.500,0.000,134.810,0.000
"18:15",0.000,233.267,63.500,0.000,135.066,0.000
"18:30",0.000,239.565,63.500,0.000,134.912,0.000
"18:45",0.000,246.221,63.500,0.000,134.810,0.000
"19:00",0.000,253.030,63.500,0.000,134.758,0.000
"19:15",0.000,259.021,63.500,0.000,135.219,0.000
"19:30",0.000,265.011,63.500,0.000,135.373,0.000
"19:45",0.000,267.930,63.500,0.000,135.219,0.000
"20:00",0.000,270.694,63.500,0.000,135.014,0.000
"20:15",0.000,271.360,63.500,0.000,135.066,0.000
"20:30",0.000,272.333,63.500,0.000,134.656,0.000
"20:45",0.000,272.742,63.500,0.000,134.400,0.000
"21:00",0.000,272.282,63.500,0.000,134.502,0.000
"21:15",0.000,272.077,63.500,0.000,134.554,0.000
"21:30",0.000,261.581,63.600,0.000,128.307,0.000
"21:45",0.000,235.776,63.500,0.000,112.742,0.000
"22:00",0.000,235.827,63.600,0.000,112.742,0.000
"22:15",0.000,235.520,63.600,0.000,112.742,0.000
"22:30",0.000,236.288,63.600,0.000,113.101,0.000
"22:45",0.000,236.749,63.500,0.000,113.152,0.000
"23:00",0.000,236.186,63.500,0.000,112.742,0.000
"23:15",0.000,236.442,63.500,0.000,112.230,0.000
"23:30",0.000,236.134,63.500,0.000,112.538,0.000
"23:45",0.000,236.749,63.500,0.000,112.640,0.000
" 1/21/26 24:00",0.000,237.414,63.500,0.000,112.691,0.000
