"kwh"
"Time ","DAGSR01P","DAGSR01P","DAGSR01P","DAGSR01P","DAGSR01P","DAGSR01P"
" 6/02/26 00:15",0.000,4.710,63.700,4.966,0.000,0.000
" 6/02/26 00:30",0.000,4.403,63.700,4.864,0.000,0.000
"00:45",0.000,5.222,63.700,4.659,0.000,0.000
"01:00",0.000,4.250,63.700,5.581,0.000,0.000
"01:15",0.000,3.891,63.700,4.864,0.000,0.000
"01:30",0.000,4.250,63.700,4.557,0.000,0.000
"01:45",0.000,4.659,63.700,4.659,0.000,0.000
"02:00",0.000,4.147,63.700,5.069,0.000,0.000
"02:15",0.000,4.045,63.700,5.376,0.000,0.000
"02:30",0.000,4.762,63.700,4.557,0.000,0.000
"02:45",0.000,3.994,63.700,5.427,0.000,0.000
"03:00",0.000,3.738,63.700,5.120,0.000,0.000
"03:15",0.000,4.762,63.700,5.222,0.000,0.000
"03:30",0.000,3.738,63.700,5.222,0.000,0.000
"03:45",0.000,3.891,63.700,5.069,0.000,0.000
"04:00",0.000,4.147,63.700,4.813,0.000,0.000
"04:15",0.000,4.198,63.700,4.864,0.000,0.000
"04:30",0.000,3.891,63.700,5.120,0.000,0.000
"04:45",0.000,3.942,63.700,5.325,0.000,0.000
"05:00",0.000,5.171,63.700,4.403,0.000,0.000
"05:15",0.000,4.915,63.700,4.198,0.000,0.000
"05:30",0.000,5.018,63.700,4.250,0.000,0.000
"05:45",0.000,5.171,63.700,4.198,0.000,0.000
"06:00",0.000,5.786,63.700,3.686,0.000,0.000
"06:15",0.000,4.966,63.700,4.147,0.000,0.000
"06:30",0.000,4.915,63.700,4.506,0.000,0.000
"06:45",0.000,5.478,63.700,4.301,0.000,0.000
"07:00",0.000,5.171,63.700,4.045,0.000,0.000
"07:15",0.000,5.018,63.700,4.301,0.000,0.000
"07:30",0.000,5.376,63.700,4.250,0.000,0.000
"07:45",0.000,5.990,63.700,3.738,0.000,0.000
"08:00",0.000,5.222,63.700,4.403,0.000,0.000
"08:15",0.000,4.966,63.700,4.096,0.000,0.000
"08:30",0.000,6.042,63.700,3.533,0.000,0.000
"08:45",0.000,21.299,63.700,1.843,7.373,0.000
"09:00",0.000,37.939,63.700,0.000,15.514,0.000
"09:15",0.000,36.762,63.600,0.000,15.411,0.000
"09:30",0.000,36.864,63.600,0.000,16.026,0.000
"09:45",0.000,33.536,63.600,0.000,15.667,0.000
"10:00",0.000,31.130,63.600,0.000,15.667,0.000
"10:15",0.000,33.382,63.600,0.000,15.821,0.000
"10:30",0.000,31.590,63.600,0.000,15.616,0.000
"10:45",0.000,31.283,63.700,0.000,14.899,0.000
"11:00",0.000,32.154,63.700,0.000,15.770,0.000
"11:15",0.000,27.955,63.700,0.000,15.616,0.000
"11:30",0.000,19.558,63.700,0.000,16.077,0.000
"11:45",0.000,9.984,63.700,0.000,16.742,0.000
"12:00",0.000,12.646,63.700,0.000,15.923,0.000
"12:15",0.000,17.203,63.700,0.000,15.667,0.000
"12:30",0.000,11.162,63.700,0.000,16.230,0.000
"12:45",6.912,2.714,63.700,0.000,7.731,8.038
"13:00",0.512,7.373,63.700,0.000,13.773,2.406
"13:15",1.997,2.765,63.700,0.000,8.704,6.861
"13:30",23.603,0.102,63.700,0.000,0.666,16.384
"13:45",1.024,4.352,63.600,0.000,11.776,4.762
"14:00",0.000,9.318,63.700,0.000,16.026,0.000
"14:15",0.000,15.309,63.700,0.000,16.538,0.000
"14:30",0.000,13.824,63.700,0.000,16.282,0.000
"14:45",0.000,18.381,63.700,0.000,15.770,0.000
"15:00",17.459,3.123,63.700,0.000,2.202,0.000
"15:15",15.718,0.000,63.700,0.000,0.000,0.000
"15:30",4.762,0.051,63.700,0.410,0.000,0.000
"15:45",14.694,0.000,63.700,0.000,0.000,0.102
"16:00",14.387,0.000,63.700,0.000,0.000,0.000
"16:15",10.496,0.000,63.700,0.000,0.000,0.000
"16:30",9.677,0.000,63.700,0.000,0.000,0.000
"16:45",18.074,0.000,63.700,0.000,0.000,0.000
"17:00",11.674,0.000,63.700,0.000,0.000,0.000
"17:15",6.195,0.000,63.700,0.051,0.000,0.051
"17:30",3.021,1.382,63.700,1.536,0.000,0.000
"17:45",0.000,5.018,63.700,3.072,0.000,0.000
"18:00",0.000,4.506,63.700,3.789,0.051,0.000
"18:15",0.000,4.045,63.700,4.045,0.000,0.000
"18:30",0.000,5.990,63.700,3.430,0.000,0.000
"18:45",0.000,5.069,63.700,4.250,0.000,0.000
"19:00",0.000,4.966,63.700,4.147,0.000,0.000
"19:15",0.000,6.298,63.700,3.584,0.000,0.000
"19:30",0.000,5.222,63.700,4.198,0.000,0.000
"19:45",0.000,4.864,63.700,4.403,0.000,0.000
"20:00",0.000,5.427,63.700,3.994,0.000,0.000
"20:15",0.000,4.710,63.700,4.454,0.000,0.000
"20:30",0.000,5.274,63.700,4.557,0.000,0.000
"20:45",0.000,5.734,63.700,4.301,0.000,0.000
"21:00",0.000,5.632,63.700,4.198,0.000,0.000
"21:15",0.000,4.966,63.700,4.454,0.000,0.000
"21:30",0.000,5.018,63.700,4.659,0.000,0.000
"21:45",0.000,6.400,63.700,4.096,0.000,0.000
"22:00",0.000,5.427,63.700,4.710,0.000,0.000
"22:15",0.000,5.171,63.700,4.813,0.000,0.000
"22:30",0.000,6.298,63.700,4.608,0.000,0.000
"22:45",0.000,5.478,63.700,4.813,0.000,0.000
"23:00",0.000,4.813,63.700,5.222,0.000,0.000
"23:15",0.000,4.915,63.700,5.171,0.000,0.000
"23:30",0.000,5.683,63.700,4.762,0.000,0.000
"23:45",0.000,5.120,63.700,5.376,0.000,0.000
" 6/02/26 24:00",0.000,5.325,63.700,5.325,0.000,0.000
