"kwh"
"Time ","DAGSR01P","DAGSR01P","DAGSR01P","DAGSR01P","DAGSR01P","DAGSR01P"
" 8/07/26 00:15",0.000,4.915,63.700,7.834,0.000,0.000
" 8/07/26 00:30",0.000,3.942,63.700,8.141,0.000,0.000
"00:45",0.000,3.891,63.700,8.038,0.000,0.000
"01:00",0.000,3.482,63.700,8.243,0.000,0.000
"01:15",0.000,3.328,63.700,8.448,0.000,0.000
"01:30",0.000,4.710,63.700,7.782,0.000,0.000
"01:45",0.000,3.174,63.700,8.602,0.000,0.000
"02:00",0.000,3.226,63.700,8.499,0.000,0.000
"02:15",0.000,4.813,63.700,8.602,0.000,0.000
"02:30",0.000,3.379,63.700,9.062,0.000,0.000
"02:45",0.000,3.891,63.700,8.192,0.000,0.000
"03:00",0.000,3.942,63.700,8.550,0.000,0.000
"03:15",0.000,3.123,63.700,8.550,0.000,0.000
"03:30",0.000,4.045,63.700,8.141,0.000,0.000
"03:45",0.000,3.584,63.700,8.755,0.000,0.000
"04:00",0.000,3.072,63.700,9.165,0.000,0.000
"04:15",0.000,4.198,63.700,8.653,0.000,0.000
"04:30",0.000,3.533,63.700,8.858,0.000,0.000
"04:45",0.000,3.430,63.700,8.858,0.000,0.000
"05:00",0.000,4.301,63.700,8.397,0.000,0.000
"05:15",0.000,3.277,63.700,8.909,0.000,0.000
"05:30",0.000,3.584,63.700,8.602,0.000,0.000
"05:45",0.000,3.328,63.700,8.602,0.000,0.000
"06:00",0.000,3.584,63.700,8.806,0.000,0.000
"06:15",0.000,4.096,63.700,8.346,0.000,0.000
"06:30",0.000,3.226,63.700,8.704,0.000,0.000
"06:45",0.000,3.994,63.700,8.294,0.000,0.000
"07:00",0.000,4.506,63.700,8.038,0.000,0.000
"07:15",0.000,4.045,63.700,8.602,0.000,0.000
"07:30",0.000,4.454,63.700,8.397,0.000,0.000
"07:45",0.000,4.864,63.700,8.346,0.000,0.000
"08:00",0.000,4.710,63.600,8.499,0.000,0.000
"08:15",0.000,4.915,63.600,7.731,0.000,0.000
"08:30",0.051,3.482,63.700,7.066,0.000,0.000
"08:45",1.229,0.870,63.700,3.635,0.000,0.000
"09:00",10.701,0.000,63.700,0.000,0.000,0.000
"09:15",8.294,4.966,63.700,0.000,7.373,0.000
"09:30",1.382,1.843,63.700,0.000,6.554,5.478
"09:45",7.424,0.154,63.700,0.000,0.614,12.186
"10:00",15.565,0.000,63.700,0.000,0.000,12.237
"10:15",22.733,0.000,63.700,0.000,0.000,12.544
"10:30",29.594,0.000,63.700,0.000,0.000,12.902
"10:45",35.942,0.000,63.700,0.000,0.000,12.851
"11:00",41.421,0.000,63.700,0.000,0.000,13.670
"11:15",46.899,0.000,63.700,0.000,0.000,13.466
"11:30",51.507,0.000,63.700,0.000,0.000,13.875
"11:45",55.245,0.000,63.700,0.000,0.000,14.387
"12:00",57.958,0.000,63.800,0.000,0.000,14.182
"12:15",59.546,0.000,63.800,0.000,0.000,14.950
"12:30",63.898,0.000,63.700,0.000,0.000,15.206
"12:45",66.202,0.000,63.700,0.000,0.000,15.206
"13:00",69.222,0.000,63.700,0.000,0.000,15.104
"13:15",70.451,0.000,63.700,0.000,0.000,15.104
"13:30",71.731,0.000,63.800,0.000,0.000,15.053
"13:45",71.117,0.000,63.700,0.000,0.000,15.053
"14:00",69.683,0.000,63.700,0.000,0.000,15.462
"14:15",70.195,0.000,63.700,0.000,0.000,14.950
"14:30",67.635,0.000,63.800,0.000,0.000,16.538
"14:45",67.072,0.000,63.700,0.000,0.000,16.077
"15:00",63.846,0.000,63.700,0.000,0.000,16.640
"15:15",63.846,0.000,63.800,0.000,0.000,14.131
"15:30",91.238,0.000,63.700,0.000,0.000,0.000
"15:45",86.784,0.000,63.700,0.000,0.000,0.000
"16:00",83.354,0.000,63.700,0.000,0.000,0.000
"16:15",77.568,0.000,63.700,0.000,0.000,0.000
"16:30",71.680,0.000,63.700,0.000,0.000,0.000
"16:45",65.792,0.000,63.700,0.000,0.000,0.000
"17:00",57.805,0.000,63.700,0.000,0.000,0.000
"17:15",50.637,0.000,63.700,0.000,0.000,0.000
"17:30",42.189,0.000,63.700,0.000,0.000,0.000
"17:45",33.894,0.000,63.700,0.000,0.000,0.000
"18:00",24.832,0.000,63.800,0.000,0.000,0.000
"18:15",14.592,0.000,63.800,0.000,0.000,0.000
"18:30",4.250,0.614,63.800,2.048,0.000,0.000
"18:45",0.051,3.635,63.800,5.734,0.000,0.000
"19:00",0.000,4.454,63.700,7.475,0.000,0.000
"19:15",0.000,4.454,63.700,7.578,0.000,0.000
"19:30",0.000,5.427,63.700,6.349,0.000,0.000
"19:45",0.000,4.608,63.700,7.168,0.000,0.000
"20:00",0.000,4.864,63.700,6.861,0.000,0.000
"20:15",0.000,5.171,63.700,6.912,0.000,0.000
"20:30",0.000,4.557,63.700,7.117,0.000,0.000
"20:45",0.000,4.813,63.700,6.707,0.000,0.000
"21:00",0.000,4.045,63.700,6.963,0.000,0.000
"21:15",0.000,4.403,63.700,7.117,0.000,0.000
"21:30",0.000,4.915,63.700,7.117,0.000,0.000
"21:45",0.000,4.506,63.700,7.424,0.000,0.000
"22:00",0.000,4.966,63.700,6.810,0.000,0.000
"22:15",0.000,4.557,63.700,7.168,0.000,0.000
"22:30",0.000,4.045,63.700,7.322,0.000,0.000
"22:45",0.000,4.864,63.700,6.810,0.000,0.000
"23:00",0.000,4.250,63.700,7.322,0.000,0.000
"23:15",0.000,4.301,63.700,7.322,0.000,0.000
"23:30",0.000,5.069,63.700,7.066,0.000,0.000
"23:45",0.000,4.659,63.700,7.475,0.000,0.000
" 8/07/26 24:00",0.000,4.966,63.700,6.810,0.000,0.000
