"kwh"
"Time ","DAGSR01P","DAGSR01P","DAGSR01P","DAGSR01P","DAGSR01P","DAGSR01P"
" 2/24/26 00:15",0.000,7.680,63.600,5.069,0.000,0.000
" 2/24/26 00:30",0.000,7.834,63.700,5.376,0.000,0.000
"00:45",0.000,7.885,63.700,5.376,0.000,0.000
"01:00",0.000,7.219,63.700,5.888,0.000,0.000
"01:15",0.000,7.066,63.700,5.939,0.000,0.000
"01:30",0.000,7.424,63.700,5.990,0.000,0.000
"01:45",0.000,7.219,63.700,6.093,0.000,0.000
"02:00",0.000,7.526,63.700,5.683,0.000,0.000
"02:15",0.000,7.782,63.700,5.734,0.000,0.000
"02:30",0.000,7.731,63.700,5.530,0.000,0.000
"02:45",0.000,6.963,63.700,6.246,0.000,0.000
"03:00",0.000,6.963,63.700,6.451,0.000,0.000
"03:15",0.000,4.250,63.700,8.038,0.000,0.000
"03:30",0.000,4.506,63.700,7.885,0.000,0.000
"03:45",0.000,5.069,63.700,7.782,0.000,0.000
"04:00",0.000,4.915,63.700,7.270,0.000,0.000
"04:15",0.000,4.813,63.700,7.373,0.000,0.000
"04:30",0.000,4.045,63.700,8.141,0.000,0.000
"04:45",0.000,4.198,63.700,8.192,0.000,0.000
"05:00",0.000,4.096,63.700,8.448,0.000,0.000
"05:15",0.000,4.250,63.700,8.346,0.000,0.000
"05:30",0.000,5.018,63.700,7.322,0.000,0.000
"05:45",0.000,4.915,63.700,7.373,0.000,0.000
"06:00",0.000,4.915,63.700,7.475,0.000,0.000
"06:15",0.000,3.891,63.700,8.141,0.000,0.000
"06:30",0.000,3.789,63.700,8.346,0.000,0.000
"06:45",0.000,3.840,63.700,8.192,0.000,0.000
"07:00",0.000,3.942,63.700,8.090,0.000,0.000
"07:15",0.000,4.045,63.700,7.578,0.000,0.000
"07:30",0.000,4.403,63.700,6.912,0.000,0.000
"07:45",0.000,3.430,63.700,6.810,0.000,0.000
"08:00",0.461,1.075,63.700,4.762,0.000,0.000
"08:15",4.966,0.000,63.700,0.154,0.000,0.000
"08:30",11.469,0.000,63.700,0.000,0.000,0.000
"08:45",19.098,0.000,63.700,0.000,0.000,0.000
"09:00",26.470,0.000,63.700,0.000,0.000,0.000
"09:15",32.870,0.000,63.700,0.000,0.000,0.000
"09:30",40.141,0.000,63.700,0.000,0.000,0.000
"09:45",47.667,0.000,63.700,0.000,0.000,0.000
"10:00",54.426,0.000,63.700,0.000,0.000,0.000
"10:15",59.955,0.000,63.700,0.000,0.000,0.000
"10:30",65.075,0.000,63.700,0.000,0.000,0.000
"10:45",70.093,0.000,63.700,0.000,0.000,0.000
"11:00",76.186,0.000,63.700,0.000,0.000,0.358
"11:15",52.275,0.000,63.700,0.000,0.000,0.000
"11:30",52.531,0.000,63.700,0.000,0.000,0.000
"11:45",39.066,0.000,63.700,0.000,0.000,0.000
"12:00",95.130,0.000,63.700,0.000,0.000,0.000
"12:15",84.070,0.000,63.800,0.000,0.000,0.000
"12:30",25.958,0.000,63.800,0.000,0.000,0.000
"12:45",42.342,0.000,63.800,0.000,0.000,0.000
"13:00",97.434,0.000,63.800,0.000,0.000,0.000
"13:15",97.587,0.000,63.800,0.000,0.000,0.000
"13:30",96.051,0.000,63.800,0.000,0.000,0.000
"13:45",64.461,0.000,63.800,0.000,0.000,0.000
"14:00",23.194,0.000,63.800,0.000,0.000,0.000
"14:15",8.602,0.000,63.700,0.000,0.000,0.000
"14:30",1.946,0.307,63.700,2.611,0.000,0.000
"14:45",0.819,0.922,63.700,4.045,0.000,0.000
"15:00",0.563,1.434,63.700,4.198,0.000,0.000
"15:15",0.410,1.690,63.700,4.557,0.000,0.000
"15:30",0.358,1.587,63.700,4.506,0.000,0.000
"15:45",0.307,1.792,63.700,4.506,0.000,0.000
"16:00",0.051,2.611,63.700,5.786,0.000,0.000
"16:15",0.000,3.994,63.700,6.042,0.000,0.000
"16:30",0.000,4.915,63.700,5.120,0.000,0.000
"16:45",0.000,4.915,63.700,5.171,0.000,0.000
"17:00",0.000,4.659,63.700,5.478,0.000,0.000
"17:15",0.000,5.120,63.700,5.581,0.000,0.000
"17:30",0.000,7.219,63.700,4.198,0.000,0.000
"17:45",0.000,7.066,63.700,4.096,0.000,0.000
"18:00",0.000,6.963,63.700,4.147,0.000,0.000
"18:15",0.000,6.912,63.700,3.328,0.000,0.000
"18:30",0.000,6.246,63.700,2.918,0.000,0.000
"18:45",0.000,5.581,63.700,3.174,0.000,0.000
"19:00",0.512,1.741,63.700,2.458,0.000,0.000
"19:15",3.533,0.102,63.700,0.358,0.000,0.000
"19:30",3.840,0.000,63.700,0.205,0.000,0.000
"19:45",0.614,1.690,63.700,2.560,0.000,0.000
"20:00",0.000,5.222,63.700,3.738,0.000,0.000
"20:15",0.000,7.066,63.700,3.379,0.000,0.000
"20:30",0.000,8.090,63.700,3.430,0.000,0.000
"20:45",0.000,8.090,63.700,3.482,0.000,0.000
"21:00",0.000,7.270,63.700,4.147,0.000,0.000
"21:15",0.000,7.219,63.700,4.198,0.000,0.000
"21:30",0.000,6.093,63.700,5.478,0.000,0.000
"21:45",0.000,4.352,63.700,6.195,0.000,0.000
"22:00",0.000,4.557,63.700,5.632,0.000,0.000
"22:15",0.000,5.018,63.700,5.376,0.000,0.000
"22:30",0.000,5.325,63.700,5.581,0.000,0.000
"22:45",0.000,4.454,63.700,6.042,0.000,0.000
"23:00",0.000,4.198,63.700,6.298,0.000,0.000
"23:15",0.000,4.352,63.700,6.298,0.000,0.000
"23:30",0.000,4.147,63.700,5.939,0.000,0.000
"23:45",0.000,4.813,63.700,5.427,0.000,0.000
" 2/24/26 24:00",0.000,4.915,63.700,5.683,0.000,0.000
