"kwh"
"Time ","DAGSR01P","DAGSR01P","DAGSR01P","DAGSR01P","DAGSR01P","DAGSR01P"
" 6/24/26 00:15",0.000,6.861,63.600,5.939,0.000,0.000
" 6/24/26 00:30",0.000,5.069,63.600,6.246,0.000,0.000
"00:45",0.000,4.966,63.600,6.298,0.000,0.000
"01:00",0.000,5.734,63.700,5.581,0.000,0.000
"01:15",0.000,4.710,63.600,6.349,0.000,0.000
"01:30",0.000,4.762,63.600,6.554,0.000,0.000
"01:45",0.000,5.632,63.600,6.605,0.000,0.000
"02:00",0.000,5.990,63.600,6.246,0.000,0.000
"02:15",0.000,4.813,63.600,6.605,0.000,0.000
"02:30",0.000,4.659,63.600,6.810,0.000,0.000
"02:45",0.000,5.837,63.600,5.939,0.000,0.000
"03:00",0.000,4.710,63.600,6.605,0.000,0.000
"03:15",0.000,5.120,63.600,6.605,0.000,0.000
"03:30",0.000,4.813,63.600,6.656,0.000,0.000
"03:45",0.000,5.990,63.600,6.195,0.000,0.000
"04:00",0.000,4.454,63.600,6.861,0.000,0.000
"04:15",0.000,4.659,63.600,6.963,0.000,0.000
"04:30",0.000,4.915,63.600,6.963,0.000,0.000
"04:45",0.000,5.325,63.600,6.554,0.000,0.000
"05:00",0.000,4.813,63.600,6.810,0.000,0.000
"05:15",0.000,4.915,63.600,6.861,0.000,0.000
"05:30",0.000,5.274,63.600,6.195,0.000,0.000
"05:45",0.000,4.301,63.700,6.861,0.000,0.000
"06:00",0.000,4.352,63.700,6.810,0.000,0.000
"06:15",0.000,4.915,63.700,6.400,0.000,0.000
"06:30",0.000,5.478,63.600,6.195,0.000,0.000
"06:45",0.000,5.632,63.600,6.605,0.000,0.000
"07:00",0.000,5.683,63.600,6.502,0.000,0.000
"07:15",0.000,6.246,63.600,6.195,0.000,0.000
"07:30",0.000,6.656,63.600,6.195,0.000,0.000
"07:45",0.000,6.400,63.600,6.298,0.000,0.000
"08:00",0.000,6.912,63.600,6.605,0.000,0.000
"08:15",0.000,9.114,63.600,5.786,0.000,0.000
"08:30",0.000,7.731,63.600,6.195,0.000,0.000
"08:45",0.000,6.144,63.600,6.963,0.000,0.000
"09:00",0.614,1.894,63.600,4.659,0.000,0.000
"09:15",0.307,23.347,63.600,0.461,11.008,0.000
"09:30",0.000,16.282,63.600,0.000,14.336,0.102
"09:45",4.454,0.563,63.600,0.000,2.816,11.930
"10:00",2.458,8.602,63.600,0.000,9.882,4.659
"10:15",1.792,9.728,63.700,0.000,13.056,1.997
"10:30",0.256,13.824,63.700,0.000,13.824,1.024
"10:45",0.000,16.128,63.700,0.000,15.155,0.000
"11:00",0.000,18.534,63.700,0.000,16.230,0.000
"11:15",0.051,14.848,63.700,0.000,16.230,0.205
"11:30",0.973,7.168,63.700,0.000,15.565,1.894
"11:45",7.270,1.075,63.700,0.000,4.557,12.595
"12:00",2.918,1.485,63.700,0.000,8.038,9.011
"12:15",34.406,0.000,63.700,0.000,0.051,18.022
"12:30",29.747,0.614,63.700,0.000,1.690,16.333
"12:45",56.525,0.000,63.700,0.000,0.000,18.739
"13:00",49.818,0.000,63.700,0.000,0.000,18.432
"13:15",3.021,6.656,63.700,0.000,13.824,3.379
"13:30",29.389,0.205,63.700,0.000,1.024,16.691
"13:45",41.933,0.000,63.700,0.000,0.051,18.381
"14:00",4.301,2.099,63.700,0.000,8.141,8.397
"14:15",12.442,0.051,63.700,0.000,0.410,16.742
"14:30",37.120,0.000,63.700,0.000,0.000,17.562
"14:45",18.125,0.000,63.700,0.000,0.205,15.616
"15:00",0.358,5.581,63.700,0.000,12.954,2.509
"15:15",7.424,7.270,63.700,0.000,10.854,0.000
"15:30",29.747,0.000,63.700,0.000,0.000,0.000
"15:45",33.075,0.000,63.700,0.000,0.000,0.000
"16:00",14.541,0.000,63.700,0.000,0.000,0.000
"16:15",15.514,0.000,63.700,0.000,0.000,0.000
"16:30",6.912,0.000,63.700,0.000,0.000,0.000
"16:45",6.912,0.000,63.800,0.000,0.000,0.000
"17:00",15.002,0.000,63.700,0.000,0.000,0.000
"17:15",4.506,0.000,63.700,0.000,0.000,0.000
"17:30",2.304,0.205,63.700,1.946,0.000,0.000
"17:45",0.973,0.922,63.700,4.352,0.000,0.000
"18:00",0.102,4.454,63.700,5.683,0.000,0.000
"18:15",0.000,5.632,63.700,6.810,0.000,0.000
"18:30",0.000,8.038,63.700,6.810,0.358,0.000
"18:45",0.000,5.888,63.700,7.117,0.000,0.000
"19:00",0.000,5.939,63.700,6.912,0.000,0.000
"19:15",0.000,7.424,63.600,6.502,0.000,0.000
"19:30",0.000,5.990,63.600,7.168,0.000,0.000
"19:45",0.000,5.734,63.600,7.117,0.000,0.000
"20:00",0.000,5.325,63.600,6.861,0.000,0.000
"20:15",0.000,6.502,63.600,6.298,0.000,0.000
"20:30",0.000,5.683,63.600,6.912,0.000,0.000
"20:45",0.000,5.939,63.600,7.066,0.000,0.000
"21:00",0.000,6.605,63.600,6.400,0.000,0.000
"21:15",0.000,5.120,63.600,7.014,0.000,0.000
"21:30",0.000,5.171,63.600,7.117,0.000,0.000
"21:45",0.000,6.246,63.600,6.758,0.000,0.000
"22:00",0.000,6.298,63.600,6.861,0.000,0.000
"22:15",0.000,5.325,63.600,7.322,0.000,0.000
"22:30",0.000,5.888,63.600,7.322,0.000,0.000
"22:45",0.000,7.117,63.600,6.758,0.000,0.000
"23:00",0.000,5.990,63.600,7.270,0.000,0.000
"23:15",0.000,5.888,63.600,7.578,0.000,0.000
"23:30",0.000,5.734,63.600,7.322,0.000,0.000
"23:45",0.000,6.656,63.600,6.912,0.000,0.000
" 6/24/26 24:00",0.000,5.120,63.600,7.526,0.000,0.000
