"kwh"
"Time ","DAGSR01P","DAGSR01P","DAGSR01P","DAGSR01P","DAGSR01P","DAGSR01P"
" 5/20/26 00:15",0.000,7.270,63.600,5.734,0.000,0.000
" 5/20/26 00:30",0.000,7.219,63.700,5.581,0.000,0.000
"00:45",0.000,6.758,63.700,6.246,0.000,0.000
"01:00",0.000,6.144,63.700,6.349,0.000,0.000
"01:15",0.000,5.939,63.700,6.451,0.000,0.000
"01:30",0.000,5.939,63.700,6.349,0.000,0.000
"01:45",0.000,5.734,63.700,6.144,0.000,0.000
"02:00",0.000,5.376,63.700,6.451,0.000,0.000
"02:15",0.000,5.478,63.700,6.502,0.000,0.000
"02:30",0.000,5.325,63.700,6.349,0.000,0.000
"02:45",0.000,5.376,63.700,6.656,0.000,0.000
"03:00",0.000,5.069,63.700,7.066,0.000,0.000
"03:15",0.000,5.120,63.700,6.963,0.000,0.000
"03:30",0.000,5.990,63.700,5.990,0.000,0.000
"03:45",0.000,6.656,63.700,5.478,0.000,0.000
"04:00",0.000,5.837,63.700,5.990,0.000,0.000
"04:15",0.000,5.376,63.700,6.758,0.000,0.000
"04:30",0.000,5.632,63.700,6.451,0.000,0.000
"04:45",0.000,5.171,63.700,6.656,0.000,0.000
"05:00",0.000,5.274,63.700,6.349,0.000,0.000
"05:15",0.000,5.683,63.700,6.400,0.000,0.000
"05:30",0.000,5.120,63.700,6.554,0.000,0.000
"05:45",0.000,5.222,63.700,6.246,0.000,0.000
"06:00",0.000,5.530,63.700,6.246,0.000,0.000
"06:15",0.000,6.400,63.700,6.195,0.000,0.000
"06:30",0.000,5.786,63.600,6.758,0.000,0.000
"06:45",0.000,6.246,63.700,6.298,0.000,0.000
"07:00",0.000,6.246,63.600,5.837,0.000,0.000
"07:15",0.000,6.195,63.700,5.530,0.000,0.000
"07:30",0.000,6.195,63.700,5.632,0.000,0.000
"07:45",0.000,6.144,63.600,5.734,0.000,0.000
"08:00",0.000,6.963,63.700,5.786,0.000,0.000
"08:15",0.000,7.578,63.700,5.734,0.000,0.000
"08:30",0.000,9.574,63.700,5.376,1.536,0.000
"08:45",1.587,0.973,63.700,2.611,0.000,0.000
"09:00",9.267,0.000,63.700,0.000,0.000,0.000
"09:15",23.910,0.000,63.600,0.000,0.000,0.000
"09:30",33.229,0.000,63.700,0.000,0.000,0.000
"09:45",41.421,0.000,63.700,0.000,0.000,0.000
"10:00",27.238,0.000,63.700,0.000,0.000,9.882
"10:15",24.371,0.000,63.700,0.000,0.000,14.746
"10:30",30.771,0.000,63.800,0.000,0.000,15.002
"10:45",36.608,0.000,63.800,0.000,0.000,15.309
"11:00",41.370,0.000,63.800,0.000,0.000,15.616
"11:15",46.234,0.000,63.800,0.000,0.000,15.872
"11:30",50.842,0.000,63.700,0.000,0.000,16.538
"11:45",54.067,0.000,63.700,0.000,0.000,16.589
"12:00",59.494,0.000,63.800,0.000,0.000,16.794
"12:15",62.259,0.000,63.800,0.000,0.000,16.640
"12:30",61.901,0.000,63.700,0.000,0.000,16.794
"12:45",63.130,0.000,63.700,0.000,0.000,16.845
"13:00",68.813,0.000,63.700,0.000,0.000,17.254
"13:15",68.864,0.000,63.700,0.000,0.000,17.254
"13:30",70.912,0.000,63.700,0.000,0.000,17.306
"13:45",71.117,0.000,63.700,0.000,0.000,17.357
"14:00",63.949,0.000,63.700,0.000,0.000,17.101
"14:15",59.648,0.000,63.700,0.000,0.000,16.794
"14:30",49.664,0.000,63.700,0.000,0.000,16.230
"14:45",60.416,0.000,63.700,0.000,0.000,16.640
"15:00",59.802,0.000,63.700,0.000,0.000,16.486
"15:15",46.950,0.000,63.700,0.000,0.000,16.128
"15:30",77.056,0.000,63.700,0.000,0.000,0.102
"15:45",65.690,0.000,63.700,0.000,0.000,0.102
"16:00",49.203,0.000,63.700,0.000,0.000,0.000
"16:15",34.867,0.000,63.700,0.000,0.000,0.000
"16:30",54.989,0.000,63.700,0.000,0.000,0.000
"16:45",61.491,0.000,63.700,0.000,0.000,0.000
"17:00",51.200,0.000,63.700,0.000,0.000,0.000
"17:15",39.322,0.000,63.700,0.000,0.000,0.000
"17:30",28.723,0.000,63.700,0.000,0.000,0.000
"17:45",11.776,0.000,63.700,0.000,0.000,0.000
"18:00",1.638,1.741,63.700,2.662,0.000,0.000
"18:15",0.307,3.533,63.700,3.891,0.000,0.000
"18:30",0.000,4.966,63.700,5.325,0.000,0.000
"18:45",0.000,5.274,63.700,5.018,0.000,0.000
"19:00",0.000,5.683,63.700,4.608,0.000,0.000
"19:15",0.000,5.325,63.700,4.864,0.000,0.000
"19:30",0.000,4.659,63.700,5.325,0.000,0.000
"19:45",0.000,4.762,63.700,5.376,0.000,0.000
"20:00",0.000,4.506,63.700,5.274,0.000,0.000
"20:15",0.000,4.506,63.600,5.427,0.000,0.000
"20:30",0.000,4.352,63.600,5.376,0.000,0.000
"20:45",0.000,4.659,63.600,5.632,0.000,0.000
"21:00",0.000,4.710,63.600,5.530,0.000,0.000
"21:15",0.000,4.608,63.600,5.171,0.000,0.000
"21:30",0.000,4.966,63.600,5.325,0.000,0.000
"21:45",0.000,5.478,63.600,5.376,0.000,0.000
"22:00",0.000,5.376,63.600,5.478,0.000,0.000
"22:15",0.000,5.478,63.600,5.683,0.000,0.000
"22:30",0.000,5.171,63.600,5.530,0.000,0.000
"22:45",0.000,5.837,63.600,5.222,0.000,0.000
"23:00",0.000,5.939,63.600,5.274,0.000,0.000
"23:15",0.000,5.274,63.600,5.274,0.000,0.000
"23:30",0.000,4.762,63.600,5.530,0.000,0.000
"23:45",0.000,5.632,63.600,5.478,0.000,0.000
" 5/20/26 24:00",0.000,5.376,63.600,5.427,0.000,0.000
