"kwh"
"Time ","DAGSR01P","DAGSR01P","DAGSR01P","DAGSR01P","DAGSR01P","DAGSR01P"
" 2/07/26 00:15",0.000,37.018,63.600,0.000,4.762,0.000
" 2/07/26 00:30",0.000,36.659,63.600,0.000,4.454,0.000
"00:45",0.000,36.454,63.600,0.000,4.198,0.000
"01:00",0.000,36.710,63.600,0.000,3.891,0.000
"01:15",0.000,36.762,63.600,0.000,3.994,0.000
"01:30",0.000,36.608,63.600,0.000,3.942,0.000
"01:45",0.000,36.864,63.600,0.000,3.840,0.000
"02:00",0.000,37.274,63.600,0.000,3.789,0.000
"02:15",0.000,37.376,63.600,0.000,3.994,0.000
"02:30",0.000,37.274,63.600,0.000,4.403,0.000
"02:45",0.000,37.427,63.600,0.000,4.198,0.000
"03:00",0.000,37.530,63.600,0.051,3.840,0.000
"03:15",0.000,37.530,63.600,0.051,3.686,0.000
"03:30",0.000,37.581,63.600,0.000,3.891,0.000
"03:45",0.000,37.427,63.600,0.000,3.738,0.000
"04:00",0.000,37.171,63.600,0.000,3.738,0.000
"04:15",0.000,37.222,63.600,0.000,3.686,0.000
"04:30",0.000,37.632,63.600,0.000,3.686,0.000
"04:45",0.000,37.171,63.600,0.000,3.635,0.000
"05:00",0.000,36.966,63.600,0.000,3.533,0.000
"05:15",0.000,37.274,63.600,0.051,3.430,0.000
"05:30",0.000,37.274,63.600,0.051,3.328,0.000
"05:45",0.000,37.120,63.600,0.000,3.482,0.000
"06:00",0.000,36.506,63.600,0.000,3.430,0.000
"06:15",0.000,36.966,63.600,0.000,3.738,0.000
"06:30",0.000,36.352,63.600,0.000,3.277,0.000
"06:45",0.000,36.403,63.600,0.000,3.226,0.000
"07:00",0.000,36.352,63.600,0.000,3.277,0.000
"07:15",0.000,35.891,63.600,0.000,3.738,0.000
"07:30",0.000,35.226,63.600,0.000,3.994,0.000
"07:45",0.000,34.048,63.600,0.000,3.942,0.000
"08:00",2.048,18.842,63.600,0.051,1.946,0.000
"08:15",10.035,0.000,63.600,0.000,0.000,0.000
"08:30",12.339,0.000,63.600,0.000,0.000,0.000
"08:45",9.011,0.000,63.600,0.000,0.000,0.000
"09:00",10.598,0.000,63.600,0.000,0.000,0.000
"09:15",13.414,0.000,63.700,0.000,0.000,0.000
"09:30",15.718,0.000,63.600,0.000,0.000,0.051
"09:45",18.790,0.000,63.700,0.000,0.000,0.000
"10:00",23.245,0.000,63.700,0.000,0.000,0.000
"10:15",32.205,0.000,63.700,0.000,0.000,0.000
"10:30",40.448,0.000,63.700,0.000,0.000,0.000
"10:45",43.878,0.000,63.600,0.000,0.000,0.000
"11:00",36.864,0.000,63.600,0.000,0.000,0.000
"11:15",37.171,0.000,63.700,0.000,0.000,0.000
"11:30",38.912,0.000,63.600,0.000,0.000,0.000
"11:45",41.882,0.000,63.600,0.000,0.000,0.000
"12:00",66.099,0.000,63.700,0.000,0.000,0.000
"12:15",75.315,0.000,63.700,0.000,0.000,0.000
"12:30",42.906,0.000,63.700,0.000,0.000,0.000
"12:45",74.291,0.000,63.700,0.000,0.000,0.000
"13:00",67.379,0.000,63.700,0.000,0.000,0.000
"13:15",82.125,0.000,63.700,0.000,0.000,0.000
"13:30",62.208,0.000,63.700,0.000,0.000,0.000
"13:45",79.718,0.000,63.700,0.000,0.000,0.000
"14:00",74.906,0.000,63.700,0.000,0.000,0.000
"14:15",67.123,0.000,63.700,0.000,0.000,0.000
"14:30",74.752,0.000,63.700,0.000,0.000,0.000
"14:45",86.528,0.000,63.700,0.000,0.000,0.000
"15:00",97.382,0.000,63.700,0.000,0.000,0.000
"15:15",96.205,0.000,63.700,0.000,0.000,0.000
"15:30",96.154,0.000,63.700,0.000,0.000,0.000
"15:45",81.766,0.000,63.700,0.000,0.000,0.000
"16:00",84.992,0.000,63.700,0.000,0.000,0.000
"16:15",64.512,0.000,63.700,0.000,0.000,0.000
"16:30",71.270,0.000,63.700,0.000,0.000,0.000
"16:45",56.678,0.000,63.700,0.000,0.000,0.000
"17:00",55.501,0.000,63.700,0.000,0.000,0.000
"17:15",61.338,0.000,63.700,0.000,0.000,0.000
"17:30",55.757,0.000,63.600,0.000,0.000,0.000
"17:45",40.806,0.000,63.600,0.000,0.000,0.000
"18:00",44.237,0.000,63.700,0.000,0.000,0.000
"18:15",39.885,0.000,63.600,0.000,0.000,0.000
"18:30",27.443,0.051,63.700,0.410,0.000,0.000
"18:45",21.402,0.000,63.700,0.205,0.000,0.000
"19:00",13.158,0.051,63.700,0.154,0.000,0.000
"19:15",9.421,0.000,63.600,0.000,0.000,0.000
"19:30",3.635,0.051,63.600,1.485,0.000,0.000
"19:45",0.973,1.485,63.600,5.171,0.000,0.000
"20:00",0.205,3.328,63.600,6.093,0.000,0.000
"20:15",0.000,3.891,63.600,7.578,0.000,0.000
"20:30",0.000,4.301,63.600,9.114,0.000,0.000
"20:45",0.000,4.506,63.600,9.165,0.000,0.000
"21:00",0.000,4.710,63.600,9.062,0.000,0.000
"21:15",0.000,4.454,63.600,9.011,0.000,0.000
"21:30",0.000,4.301,63.600,9.267,0.000,0.000
"21:45",0.000,4.352,63.600,9.677,0.000,0.000
"22:00",0.000,4.301,63.600,9.165,0.000,0.000
"22:15",0.000,4.096,63.600,9.318,0.000,0.000
"22:30",0.000,4.096,63.600,8.806,0.000,0.000
"22:45",0.000,4.045,63.600,9.011,0.000,0.000
"23:00",0.000,4.710,63.600,9.370,0.000,0.000
"23:15",0.000,4.352,63.600,9.216,0.000,0.000
"23:30",0.000,4.096,63.600,9.011,0.000,0.000
"23:45",0.000,4.045,63.600,9.011,0.000,0.000
" 2/07/26 24:00",0.000,4.301,63.600,9.114,0.000,0.000
