"kwh"
"Time ","DAGSR01P","DAGSR01P","DAGSR01P","DAGSR01P","DAGSR01P","DAGSR01P"
" 6/29/26 00:15",0.000,4.966,63.700,5.939,0.000,0.000
" 6/29/26 00:30",0.000,4.966,63.700,6.144,0.000,0.000
"00:45",0.000,5.018,63.700,6.042,0.000,0.000
"01:00",0.000,5.478,63.700,5.939,0.000,0.000
"01:15",0.000,5.376,63.700,5.786,0.000,0.000
"01:30",0.000,5.376,63.700,6.246,0.000,0.000
"01:45",0.000,4.813,63.600,6.451,0.000,0.000
"02:00",0.000,5.222,63.600,6.400,0.000,0.000
"02:15",0.000,5.120,63.600,6.451,0.000,0.000
"02:30",0.000,4.762,63.600,6.707,0.000,0.000
"02:45",0.000,4.608,63.600,6.758,0.000,0.000
"03:00",0.000,5.222,63.600,6.400,0.000,0.000
"03:15",0.000,5.222,63.600,6.093,0.000,0.000
"03:30",0.000,4.506,63.600,6.963,0.000,0.000
"03:45",0.000,4.966,63.600,6.400,0.000,0.000
"04:00",0.000,5.018,63.600,6.246,0.000,0.000
"04:15",0.000,5.171,63.600,6.298,0.000,0.000
"04:30",0.000,5.274,63.600,6.246,0.000,0.000
"04:45",0.000,5.581,63.600,6.246,0.000,0.000
"05:00",0.000,5.120,63.600,6.246,0.000,0.000
"05:15",0.000,5.222,63.600,6.042,0.000,0.000
"05:30",0.000,4.813,63.600,6.093,0.000,0.000
"05:45",0.000,5.069,63.600,5.990,0.000,0.000
"06:00",0.000,5.069,63.700,6.400,0.000,0.000
"06:15",0.000,4.352,63.600,6.554,0.000,0.000
"06:30",0.000,4.557,63.600,6.707,0.000,0.000
"06:45",0.000,5.069,63.600,6.656,0.000,0.000
"07:00",0.000,5.274,63.600,6.093,0.000,0.000
"07:15",0.000,4.915,63.600,6.349,0.000,0.000
"07:30",0.000,5.274,63.600,6.605,0.000,0.000
"07:45",0.000,5.990,63.600,5.478,0.000,0.000
"08:00",0.000,5.734,63.600,6.093,0.000,0.000
"08:15",0.000,5.376,63.600,6.451,0.000,0.000
"08:30",0.000,4.915,63.600,6.554,0.000,0.000
"08:45",0.000,3.942,63.600,6.502,0.000,0.000
"09:00",1.024,0.819,63.600,2.867,0.000,0.000
"09:15",6.144,0.000,63.600,0.000,0.000,0.000
"09:30",16.947,0.000,63.600,0.000,0.000,0.000
"09:45",34.867,0.000,63.600,0.000,0.000,0.000
"10:00",43.366,0.000,63.600,0.000,0.000,0.000
"10:15",47.104,0.000,63.700,0.000,0.000,0.000
"10:30",53.606,0.000,63.600,0.000,0.000,0.000
"10:45",59.955,0.000,63.600,0.000,0.000,0.000
"11:00",65.126,0.000,63.600,0.000,0.000,0.000
"11:15",70.605,0.000,63.600,0.000,0.000,0.000
"11:30",74.598,0.000,63.600,0.000,0.000,0.102
"11:45",78.336,0.000,63.600,0.000,0.000,0.051
"12:00",81.510,0.000,63.600,0.000,0.000,0.205
"12:15",84.890,0.000,63.600,0.000,0.000,0.205
"12:30",88.269,0.000,63.600,0.000,0.000,0.358
"12:45",77.210,0.000,63.600,0.000,0.000,0.102
"13:00",94.310,0.000,63.600,0.000,0.000,0.205
"13:15",91.750,0.000,63.600,0.000,0.000,0.205
"13:30",94.618,0.000,63.600,0.000,0.000,0.307
"13:45",94.874,0.000,63.600,0.000,0.000,0.154
"14:00",93.440,0.000,63.700,0.000,0.000,0.102
"14:15",89.498,0.000,63.700,0.000,0.000,0.256
"14:30",91.648,0.000,63.600,0.000,0.000,0.307
"14:45",92.518,0.000,63.600,0.000,0.000,0.256
"15:00",29.440,0.307,63.600,1.587,0.000,0.051
"15:15",2.355,0.512,63.600,2.662,0.000,0.000
"15:30",3.277,9.370,63.600,0.102,5.274,0.000
"15:45",8.141,0.000,63.600,0.000,0.000,0.000
"16:00",7.117,0.000,63.700,0.000,0.000,0.000
"16:15",8.192,0.000,63.700,0.000,0.000,0.000
"16:30",8.653,0.000,63.700,0.000,0.000,0.000
"16:45",8.294,0.000,63.700,0.000,0.000,0.000
"17:00",7.066,0.000,63.700,0.000,0.000,0.000
"17:15",4.454,0.000,63.700,0.000,0.000,0.000
"17:30",1.843,0.051,63.700,0.717,0.000,0.000
"17:45",0.614,1.024,63.700,3.226,0.000,0.000
"18:00",0.102,2.714,63.600,4.608,0.000,0.000
"18:15",0.000,4.352,63.700,6.400,0.000,0.000
"18:30",0.000,5.120,63.700,6.195,0.000,0.000
"18:45",0.000,5.222,63.700,6.349,0.000,0.000
"19:00",0.000,5.530,63.700,5.990,0.000,0.000
"19:15",0.000,5.274,63.700,6.042,0.000,0.000
"19:30",0.000,4.506,63.700,6.246,0.000,0.000
"19:45",0.000,5.376,63.700,6.195,0.000,0.000
"20:00",0.000,5.530,63.700,6.195,0.000,0.000
"20:15",0.000,5.581,63.700,6.605,0.000,0.000
"20:30",0.000,5.478,63.700,6.195,0.000,0.000
"20:45",0.000,4.966,63.600,6.246,0.000,0.000
"21:00",0.000,5.325,63.600,6.144,0.000,0.000
"21:15",0.000,5.990,63.600,6.093,0.000,0.000
"21:30",0.000,5.990,63.600,6.605,0.000,0.000
"21:45",0.000,5.939,63.600,6.042,0.000,0.000
"22:00",0.000,5.427,63.600,6.246,0.000,0.000
"22:15",0.000,5.786,63.600,6.451,0.000,0.000
"22:30",0.000,5.837,63.600,6.451,0.000,0.000
"22:45",0.000,5.683,63.600,6.912,0.000,0.000
"23:00",0.000,6.451,63.600,6.707,0.000,0.000
"23:15",0.000,5.734,63.600,6.810,0.000,0.000
"23:30",0.000,5.581,63.600,6.656,0.000,0.000
"23:45",0.000,5.990,63.700,6.912,0.000,0.000
" 6/29/26 24:00",0.000,5.222,63.700,6.810,0.000,0.000
