"kwh"
"Time ","DAGSR01P","DAGSR01P","DAGSR01P","DAGSR01P","DAGSR01P","DAGSR01P"
" 3/04/26 00:15",0.000,5.120,63.600,6.605,0.000,0.000
" 3/04/26 00:30",0.000,5.171,63.600,6.400,0.000,0.000
"00:45",0.000,4.915,63.600,6.451,0.000,0.000
"01:00",0.000,5.325,63.600,6.707,0.000,0.000
"01:15",0.000,5.171,63.600,5.990,0.000,0.000
"01:30",0.000,4.813,63.600,6.707,0.000,0.000
"01:45",0.000,4.352,63.600,7.475,0.000,0.000
"02:00",0.000,4.710,63.700,7.270,0.000,0.000
"02:15",0.000,4.506,63.600,7.424,0.000,0.000
"02:30",0.000,4.403,63.600,6.912,0.000,0.000
"02:45",0.000,5.171,63.600,6.349,0.000,0.000
"03:00",0.000,5.171,63.700,6.451,0.000,0.000
"03:15",0.000,5.478,63.600,6.502,0.000,0.000
"03:30",0.000,4.403,63.600,7.373,0.000,0.000
"03:45",0.000,4.198,63.600,7.680,0.000,0.000
"04:00",0.000,4.301,63.600,7.270,0.000,0.000
"04:15",0.000,4.710,63.600,7.219,0.000,0.000
"04:30",0.000,4.557,63.600,6.963,0.000,0.000
"04:45",0.000,5.069,63.700,6.349,0.000,0.000
"05:00",0.000,5.120,63.700,6.451,0.000,0.000
"05:15",0.000,4.659,63.600,7.373,0.000,0.000
"05:30",0.000,4.250,63.600,7.475,0.000,0.000
"05:45",0.000,4.403,63.600,7.475,0.000,0.000
"06:00",0.000,4.250,63.700,7.475,0.000,0.000
"06:15",0.000,4.403,63.600,7.168,0.000,0.000
"06:30",0.000,5.069,63.700,6.451,0.000,0.000
"06:45",0.000,4.915,63.600,6.195,0.000,0.000
"07:00",0.000,4.813,63.600,6.861,0.000,0.000
"07:15",0.000,4.198,63.600,6.349,0.000,0.000
"07:30",0.000,4.608,63.600,6.605,0.000,0.000
"07:45",0.000,4.096,63.600,6.656,0.000,0.000
"08:00",0.000,4.096,63.600,5.478,0.000,0.000
"08:15",0.000,4.710,63.600,5.171,0.000,0.000
"08:30",0.000,4.096,63.600,5.274,0.000,0.000
"08:45",0.000,3.533,63.600,6.042,0.000,0.000
"09:00",0.205,2.355,63.600,4.045,0.000,0.000
"09:15",0.973,0.922,63.600,3.328,0.000,0.000
"09:30",2.099,0.000,63.600,1.536,0.000,0.000
"09:45",3.021,0.051,63.600,0.307,0.000,0.000
"10:00",3.277,0.000,63.700,0.512,0.000,0.000
"10:15",5.120,0.000,63.700,0.000,0.000,0.000
"10:30",9.421,0.000,63.700,0.000,0.000,0.000
"10:45",15.053,0.000,63.700,0.000,0.000,0.000
"11:00",16.333,0.000,63.700,0.000,0.000,0.000
"11:15",16.998,0.000,63.700,0.000,0.000,0.000
"11:30",18.842,0.000,63.700,0.000,0.000,0.000
"11:45",25.907,0.000,63.600,0.000,0.000,0.000
"12:00",42.189,0.000,63.700,0.000,0.000,0.000
"12:15",69.581,0.000,63.700,0.000,0.000,0.051
"12:30",68.301,0.000,63.700,0.000,0.000,0.154
"12:45",50.944,0.000,63.700,0.000,0.000,0.000
"13:00",62.362,0.000,63.700,0.000,0.000,0.102
"13:15",87.347,0.000,63.700,0.000,0.000,0.410
"13:30",97.434,0.000,63.700,0.000,0.000,0.717
"13:45",90.112,0.000,63.700,0.000,0.000,0.358
"14:00",82.022,0.000,63.700,0.000,0.000,0.205
"14:15",64.358,0.000,63.700,0.000,0.000,0.102
"14:30",94.771,0.000,63.700,0.000,0.000,0.205
"14:45",96.512,0.000,63.700,0.000,0.000,0.563
"15:00",83.866,0.000,63.700,0.000,0.000,0.512
"15:15",40.550,0.000,63.700,0.000,0.000,0.000
"15:30",44.544,0.000,63.700,0.000,0.000,0.000
"15:45",40.704,0.000,63.700,0.000,0.000,0.000
"16:00",28.518,0.000,63.700,0.000,0.000,0.000
"16:15",23.603,0.000,63.600,0.000,0.000,0.000
"16:30",28.723,0.000,63.700,0.000,0.000,0.000
"16:45",25.651,0.000,63.600,0.000,0.000,0.102
"17:00",17.203,0.000,63.600,0.000,0.000,0.000
"17:15",6.144,0.000,63.600,0.000,0.000,0.205
"17:30",2.202,0.512,63.600,1.229,0.051,0.154
"17:45",1.075,1.434,63.600,2.048,0.000,0.000
"18:00",4.454,0.000,63.600,0.205,0.000,0.000
"18:15",11.315,0.000,63.600,0.000,0.000,0.000
"18:30",8.550,0.000,63.600,0.000,0.000,0.000
"18:45",5.837,0.051,63.600,0.256,0.000,0.102
"19:00",6.144,0.154,63.700,0.358,0.000,0.051
"19:15",0.614,2.406,63.700,2.150,0.000,0.000
"19:30",0.154,3.840,63.600,3.226,0.000,0.000
"19:45",0.000,5.990,63.600,3.379,0.000,0.000
"20:00",0.000,5.069,63.600,5.069,0.000,0.000
"20:15",0.000,4.250,63.600,5.530,0.000,0.000
"20:30",0.000,5.069,63.600,5.171,0.000,0.000
"20:45",0.000,5.683,63.600,4.710,0.000,0.000
"21:00",0.000,5.939,63.600,4.762,0.000,0.000
"21:15",0.000,4.966,63.600,5.530,0.000,0.000
"21:30",0.000,5.018,63.600,5.683,0.000,0.000
"21:45",0.000,5.171,63.600,5.683,0.000,0.000
"22:00",0.000,5.120,63.600,5.734,0.000,0.000
"22:15",0.000,4.762,63.600,5.683,0.000,0.000
"22:30",0.000,5.171,63.600,5.171,0.000,0.000
"22:45",0.000,5.120,63.600,5.171,0.000,0.000
"23:00",0.000,5.222,63.600,5.837,0.000,0.000
"23:15",0.000,5.018,63.600,5.837,0.000,0.000
"23:30",0.000,5.888,63.600,5.939,0.000,0.000
"23:45",0.000,5.632,63.600,5.530,0.000,0.000
" 3/04/26 24:00",0.000,5.120,63.600,6.093,0.000,0.000
