"kwh"
"Time ","DAGSR01P","DAGSR01P","DAGSR01P","DAGSR01P","DAGSR01P","DAGSR01P"
" 1/10/26 00:15",0.000,69.018,62.800,0.000,18.739,0.000
" 1/10/26 00:30",0.000,69.018,62.800,0.000,18.586,0.000
"00:45",0.000,69.632,62.900,0.000,19.456,0.000
"01:00",0.000,69.786,63.200,0.000,20.685,0.000
"01:15",0.000,70.144,63.200,0.000,21.606,0.000
"01:30",0.000,69.837,63.200,0.000,21.146,0.000
"01:45",0.000,69.274,63.300,0.000,21.197,0.000
"02:00",0.000,69.325,63.400,0.000,21.760,0.000
"02:15",0.000,69.376,63.300,0.000,21.555,0.000
"02:30",0.000,69.069,62.900,0.000,19.558,0.000
"02:45",0.000,69.171,63.100,0.000,19.917,0.000
"03:00",0.000,69.427,63.200,0.000,20.531,0.000
"03:15",0.000,69.581,63.200,0.000,20.685,0.000
"03:30",0.000,69.274,63.200,0.000,20.736,0.000
"03:45",0.000,69.325,63.300,0.000,20.992,0.000
"04:00",0.000,69.376,63.300,0.000,21.299,0.000
"04:15",0.000,69.325,63.300,0.000,21.709,0.000
"04:30",0.000,69.427,63.400,0.000,21.504,0.000
"04:45",0.000,69.325,63.400,0.000,21.709,0.000
"05:00",0.000,69.837,63.400,0.000,21.914,0.000
"05:15",0.000,69.427,63.200,0.000,20.429,0.000
"05:30",0.000,69.530,63.200,0.000,20.582,0.000
"05:45",0.000,69.530,63.200,0.000,20.582,0.000
"06:00",0.000,69.325,63.200,0.000,20.531,0.000
"06:15",0.000,69.427,63.200,0.000,20.326,0.000
"06:30",0.000,69.581,63.200,0.000,20.429,0.000
"06:45",0.000,69.222,63.300,0.000,21.402,0.000
"07:00",0.000,68.710,63.500,0.000,22.989,0.000
"07:15",0.000,68.403,64.200,0.000,28.006,0.000
"07:30",0.000,69.683,65.100,0.000,36.864,0.000
"07:45",0.000,67.942,65.800,0.000,44.390,0.000
"08:00",0.000,62.515,66.200,0.000,49.152,0.000
"08:15",0.000,56.320,66.500,0.000,51.814,0.000
"08:30",0.000,47.770,66.500,0.000,50.790,0.000
"08:45",0.000,39.731,66.500,0.000,51.302,0.000
"09:00",0.000,32.102,66.600,0.000,54.016,0.000
"09:15",0.000,25.242,66.700,0.000,55.194,0.000
"09:30",0.000,18.022,66.500,0.000,53.965,0.000
"09:45",0.000,11.878,66.400,0.000,52.326,0.000
"10:00",0.768,6.195,66.400,0.000,38.656,13.824
"10:15",2.560,2.509,66.400,0.000,32.205,21.094
"10:30",5.427,0.358,66.800,0.000,11.776,45.261
"10:45",60.314,0.000,64.500,0.000,0.000,11.059
"11:00",83.098,0.000,63.600,0.000,0.000,0.000
"11:15",89.190,0.000,63.600,0.000,0.000,0.000
"11:30",91.597,0.000,63.600,0.000,0.000,0.000
"11:45",94.208,0.000,63.600,0.000,0.000,0.000
"12:00",97.536,0.000,63.600,0.000,0.000,0.000
"12:15",99.021,0.000,63.600,0.000,0.000,0.000
"12:30",99.379,0.000,63.600,0.000,0.000,0.000
"12:45",99.584,0.000,63.600,0.000,0.000,0.000
"13:00",100.096,0.000,63.600,0.000,0.000,0.000
"13:15",99.942,0.000,63.600,0.000,0.000,0.000
"13:30",99.891,0.000,63.600,0.000,0.000,0.000
"13:45",99.840,0.000,63.600,0.000,0.000,0.000
"14:00",99.738,0.000,63.600,0.000,0.000,0.000
"14:15",91.802,0.000,63.600,0.000,0.000,0.000
"14:30",96.973,0.000,63.600,0.000,0.000,0.000
"14:45",88.627,0.000,63.600,0.000,0.000,0.000
"15:00",97.638,0.000,63.600,0.000,0.000,0.000
"15:15",93.184,0.000,63.600,0.000,0.000,0.000
"15:30",97.229,0.000,63.600,0.000,0.000,0.000
"15:45",76.134,0.000,63.600,0.000,0.000,0.000
"16:00",83.046,0.000,63.600,0.000,0.000,0.000
"16:15",83.968,0.000,63.600,0.000,0.000,0.000
"16:30",78.285,0.000,63.600,0.000,0.000,0.000
"16:45",74.240,0.000,63.600,0.000,0.000,0.000
"17:00",68.915,0.000,63.600,0.000,0.000,0.000
"17:15",63.949,0.000,63.500,0.000,0.000,0.000
"17:30",57.702,0.000,63.500,0.000,0.000,0.000
"17:45",50.944,0.000,63.600,0.000,0.000,0.000
"18:00",44.544,0.000,63.600,0.000,0.000,0.000
"18:15",37.734,0.000,63.600,0.000,0.000,0.000
"18:30",30.976,0.000,63.600,0.000,0.000,0.000
"18:45",23.501,0.000,63.600,0.000,0.000,0.000
"19:00",15.053,0.000,63.600,0.000,0.000,0.000
"19:15",7.270,0.000,63.600,0.000,0.000,0.000
"19:30",2.150,0.410,63.600,2.406,0.000,0.000
"19:45",0.410,2.202,63.600,4.659,0.000,0.000
"20:00",0.102,3.789,63.600,6.144,0.000,0.000
"20:15",0.000,5.069,63.600,7.424,0.000,0.000
"20:30",0.000,6.502,63.600,7.014,0.000,0.000
"20:45",0.000,7.578,63.600,6.707,0.000,0.000
"21:00",0.000,6.758,63.600,7.373,0.000,0.000
"21:15",0.000,6.349,63.600,7.629,0.000,0.000
"21:30",0.000,7.014,63.600,8.038,0.000,0.000
"21:45",0.000,7.526,63.600,8.448,0.000,0.000
"22:00",0.000,6.451,63.600,8.346,0.000,0.000
"22:15",0.000,6.502,63.600,8.294,0.000,0.000
"22:30",0.000,6.912,63.600,8.090,0.000,0.000
"22:45",0.000,6.400,63.600,7.731,0.000,0.000
"23:00",0.000,5.478,63.600,8.090,0.000,0.000
"23:15",0.000,3.482,63.600,9.370,0.000,0.000
"23:30",0.000,3.738,63.600,9.728,0.000,0.000
"23:45",0.000,3.635,63.600,9.882,0.000,0.000
" 1/10/26 24:00",0.000,3.379,63.600,8.550,0.000,0.000
