"kwh"
"Time ","DAGSR01P","DAGSR01P","DAGSR01P","DAGSR01P","DAGSR01P","DAGSR01P"
" 3/18/26 00:15",0.000,4.301,63.600,6.042,0.000,0.000
" 3/18/26 00:30",0.000,4.096,63.700,6.298,0.000,0.000
"00:45",0.000,4.096,63.700,6.246,0.000,0.000
"01:00",0.000,4.198,63.600,5.888,0.000,0.000
"01:15",0.000,4.147,63.700,6.093,0.000,0.000
"01:30",0.000,4.506,63.700,5.990,0.000,0.000
"01:45",0.000,5.120,63.700,5.888,0.000,0.000
"02:00",0.000,5.325,63.600,5.888,0.000,0.000
"02:15",0.000,4.250,63.600,6.195,0.000,0.000
"02:30",0.000,4.147,63.600,6.502,0.000,0.000
"02:45",0.000,4.096,63.600,6.554,0.000,0.000
"03:00",0.000,4.147,63.600,6.195,0.000,0.000
"03:15",0.000,4.096,63.600,6.451,0.000,0.000
"03:30",0.000,4.147,63.600,6.912,0.000,0.000
"03:45",0.000,4.403,63.700,6.963,0.000,0.000
"04:00",0.000,4.096,63.700,7.168,0.000,0.000
"04:15",0.000,4.096,63.600,6.963,0.000,0.000
"04:30",0.000,4.096,63.700,6.963,0.000,0.000
"04:45",0.000,4.608,63.700,6.502,0.000,0.000
"05:00",0.000,4.864,63.700,6.246,0.000,0.000
"05:15",0.000,4.966,63.600,6.298,0.000,0.000
"05:30",0.000,4.557,63.600,6.605,0.000,0.000
"05:45",0.000,4.096,63.600,6.656,0.000,0.000
"06:00",0.000,4.403,63.600,6.758,0.000,0.000
"06:15",0.000,4.352,63.600,6.554,0.000,0.000
"06:30",0.000,4.147,63.600,6.656,0.000,0.000
"06:45",0.000,4.147,63.600,6.349,0.000,0.000
"07:00",0.000,5.069,63.600,5.888,0.000,0.000
"07:15",0.000,4.198,63.600,6.042,0.000,0.000
"07:30",0.000,4.045,63.600,6.144,0.000,0.000
"07:45",0.000,4.301,63.600,6.144,0.000,0.000
"08:00",0.000,3.482,63.600,5.376,0.000,0.000
"08:15",0.563,1.638,63.600,3.174,0.000,0.000
"08:30",1.894,0.051,63.700,2.509,0.000,0.000
"08:45",1.331,3.891,63.600,2.355,1.997,0.000
"09:00",0.000,25.958,63.600,0.000,16.230,0.000
"09:15",0.000,33.894,63.600,0.000,21.965,0.000
"09:30",0.000,49.101,63.700,0.000,30.106,0.000
"09:45",0.000,48.640,63.600,0.000,30.259,0.000
"10:00",0.000,40.346,63.700,0.000,30.362,0.000
"10:15",0.000,43.622,63.700,0.000,30.464,0.000
"10:30",0.000,39.885,63.700,0.000,30.413,0.000
"10:45",0.000,34.662,63.700,0.000,30.413,0.000
"11:00",0.358,19.610,63.700,0.000,29.030,2.253
"11:15",0.000,1.997,63.700,0.000,1.997,0.000
"11:30",0.000,0.000,0.000,0.000,0.000,0.000
"11:45",5.018,2.048,63.600,1.485,0.922,0.000
"12:00",29.133,0.000,63.700,0.000,0.000,13.158
"12:15",10.086,0.000,63.700,0.000,0.461,15.923
"12:30",28.262,0.000,63.800,0.000,0.000,17.152
"12:45",52.992,0.000,63.800,0.000,0.000,18.227
"13:00",61.952,0.000,63.700,0.000,0.000,18.432
"13:15",63.283,0.000,63.800,0.000,0.000,18.739
"13:30",62.208,0.000,63.800,0.000,0.000,18.688
"13:45",62.054,0.000,63.800,0.000,0.000,18.483
"14:00",58.522,0.000,63.800,0.000,0.000,18.381
"14:15",59.904,0.000,63.800,0.000,0.000,18.227
"14:30",58.982,0.000,63.800,0.000,0.000,18.330
"14:45",56.218,0.461,63.700,0.000,0.410,18.125
"15:00",56.013,0.000,63.700,0.000,0.000,18.586
"15:15",50.022,0.256,63.700,0.000,0.307,18.125
"15:30",27.802,0.051,63.700,0.000,0.256,29.235
"15:45",20.224,1.382,63.700,0.000,2.202,29.594
"16:00",14.387,3.789,63.700,0.000,7.987,25.907
"16:15",6.144,5.120,63.700,0.000,12.134,25.088
"16:30",3.482,1.024,63.700,0.000,10.291,23.040
"16:45",0.973,3.584,63.700,0.000,20.531,12.493
"17:00",0.051,7.578,63.700,0.000,29.696,2.202
"17:15",0.000,14.285,63.700,0.000,31.590,0.000
"17:30",0.000,19.251,63.700,0.000,31.590,0.000
"17:45",0.000,28.160,63.700,0.000,31.539,0.000
"18:00",0.000,34.611,63.800,0.000,32.461,0.000
"18:15",0.000,41.472,63.800,0.000,31.744,0.000
"18:30",0.000,47.821,63.700,0.000,31.488,0.000
"18:45",0.000,53.862,63.700,0.000,31.078,0.000
"19:00",0.000,59.955,63.700,0.000,30.976,0.000
"19:15",0.000,64.666,63.700,0.000,31.386,0.000
"19:30",0.000,68.915,63.700,0.000,31.642,0.000
"19:45",0.000,69.683,63.700,0.000,31.232,0.000
"20:00",0.000,69.734,63.600,0.000,31.283,0.000
"20:15",0.000,70.093,63.600,0.000,31.078,0.000
"20:30",0.000,69.683,63.600,0.000,31.283,0.000
"20:45",0.000,69.427,63.600,0.000,31.437,0.000
"21:00",0.000,70.042,63.600,0.000,32.051,0.000
"21:15",0.000,70.042,63.600,0.000,32.051,0.000
"21:30",0.000,70.298,63.600,0.000,31.898,0.000
"21:45",0.000,69.581,63.600,0.000,31.283,0.000
"22:00",0.000,69.683,63.600,0.000,31.283,0.000
"22:15",0.000,69.222,63.600,0.000,31.232,0.000
"22:30",0.000,69.222,63.600,0.000,31.283,0.000
"22:45",0.000,69.069,63.600,0.000,31.283,0.000
"23:00",0.000,69.530,63.700,0.000,31.232,0.000
"23:15",0.000,69.530,63.600,0.000,31.181,0.000
"23:30",0.000,69.734,63.600,0.000,31.181,0.000
"23:45",0.000,69.581,63.600,0.000,31.232,0.000
" 3/18/26 24:00",0.000,69.018,63.600,0.000,31.386,0.000
