"kwh"
"Time ","DAGSR01P","DAGSR01P","DAGSR01P","DAGSR01P","DAGSR01P","DAGSR01P"
" 6/10/26 00:15",0.000,4.454,63.700,7.014,0.000,0.000
" 6/10/26 00:30",0.000,5.478,63.700,7.270,0.000,0.000
"00:45",0.000,4.454,63.700,7.680,0.000,0.000
"01:00",0.000,4.454,63.700,6.861,0.000,0.000
"01:15",0.000,4.045,63.700,7.066,0.000,0.000
"01:30",0.000,3.686,63.700,7.117,0.000,0.000
"01:45",0.000,3.942,63.700,7.270,0.000,0.000
"02:00",0.000,3.891,63.700,7.373,0.000,0.000
"02:15",0.000,4.557,63.700,7.526,0.000,0.000
"02:30",0.000,4.250,63.700,7.475,0.000,0.000
"02:45",0.000,3.994,63.700,7.578,0.000,0.000
"03:00",0.000,3.840,63.700,7.424,0.000,0.000
"03:15",0.000,3.482,63.700,7.475,0.000,0.000
"03:30",0.000,3.891,63.700,7.526,0.000,0.000
"03:45",0.000,3.942,63.700,7.629,0.000,0.000
"04:00",0.000,4.301,63.700,7.782,0.000,0.000
"04:15",0.000,3.942,63.700,7.680,0.000,0.000
"04:30",0.000,3.789,63.700,8.090,0.000,0.000
"04:45",0.000,3.482,63.700,7.936,0.000,0.000
"05:00",0.000,3.891,63.700,7.629,0.000,0.000
"05:15",0.000,3.584,63.700,7.731,0.000,0.000
"05:30",0.000,4.608,63.800,7.629,0.000,0.000
"05:45",0.000,4.301,63.800,7.731,0.000,0.000
"06:00",0.000,3.891,63.800,7.731,0.000,0.000
"06:15",0.000,3.891,63.700,7.629,0.000,0.000
"06:30",0.000,3.635,63.700,7.885,0.000,0.000
"06:45",0.000,4.454,63.700,8.038,0.000,0.000
"07:00",0.000,4.608,63.700,7.373,0.000,0.000
"07:15",0.000,4.710,63.700,7.373,0.000,0.000
"07:30",0.000,5.222,63.700,7.168,0.000,0.000
"07:45",0.000,4.966,63.700,7.424,0.000,0.000
"08:00",0.000,4.454,63.700,7.475,0.000,0.000
"08:15",0.000,4.557,63.700,7.475,0.000,0.000
"08:30",0.000,4.966,63.700,7.526,0.000,0.000
"08:45",0.000,4.710,63.700,7.782,0.000,0.000
"09:00",0.000,4.096,63.700,7.782,0.000,0.000
"09:15",0.051,2.867,63.700,6.298,0.000,0.000
"09:30",0.205,2.662,63.700,4.966,0.000,0.000
"09:45",0.205,2.406,63.700,4.710,0.000,0.000
"10:00",0.154,2.560,63.700,5.018,0.000,0.000
"10:15",0.358,2.099,63.700,5.990,0.000,0.000
"10:30",5.274,0.102,63.700,0.461,0.000,0.000
"10:45",6.963,0.000,63.700,0.000,0.000,0.000
"11:00",3.021,0.154,63.700,1.946,0.000,0.000
"11:15",1.280,1.075,63.700,3.226,0.000,0.000
"11:30",2.202,0.614,63.700,2.406,0.000,0.000
"11:45",3.072,0.563,63.700,1.997,0.000,0.000
"12:00",4.454,0.154,63.800,1.485,0.000,0.000
"12:15",6.707,0.410,63.800,1.229,0.000,0.000
"12:30",1.024,1.638,63.700,3.533,0.000,0.000
"12:45",5.274,0.256,63.800,1.280,0.000,0.000
"13:00",2.611,0.614,63.700,2.253,0.000,0.000
"13:15",6.451,0.000,63.800,0.000,0.000,0.000
"13:30",9.523,0.000,63.800,0.000,0.000,0.000
"13:45",15.616,0.000,63.800,0.000,0.000,0.000
"14:00",32.563,0.000,63.800,0.000,0.000,0.000
"14:15",12.186,0.000,63.800,0.000,0.000,0.000
"14:30",15.258,0.000,63.700,0.000,0.000,0.000
"14:45",18.842,0.000,63.700,0.000,0.000,0.000
"15:00",37.990,0.000,63.700,0.000,0.000,0.000
"15:15",77.107,0.000,63.800,0.000,0.000,0.000
"15:30",19.968,0.000,63.700,0.000,0.000,0.000
"15:45",18.995,0.000,63.700,0.000,0.000,0.000
"16:00",10.496,0.000,63.700,0.000,0.000,0.000
"16:15",27.238,0.000,63.700,0.000,0.000,0.000
"16:30",11.571,0.000,63.700,0.000,0.000,0.000
"16:45",2.560,0.461,63.800,2.048,0.000,0.000
"17:00",2.304,1.587,63.800,2.918,0.000,0.000
"17:15",5.786,0.000,63.700,0.000,0.000,0.000
"17:30",0.819,1.434,63.800,4.096,0.000,0.000
"17:45",1.075,0.819,63.800,4.352,0.000,0.000
"18:00",0.563,1.792,63.700,4.659,0.000,0.000
"18:15",0.051,3.123,63.800,5.683,0.000,0.000
"18:30",0.000,3.789,63.800,7.373,0.000,0.000
"18:45",0.000,3.994,63.800,7.526,0.000,0.000
"19:00",0.000,4.250,63.700,7.270,0.000,0.000
"19:15",0.000,4.710,63.800,7.424,0.000,0.000
"19:30",0.000,3.942,63.700,7.219,0.000,0.000
"19:45",0.000,3.430,63.700,7.475,0.000,0.000
"20:00",0.000,3.738,63.700,7.578,0.000,0.000
"20:15",0.000,4.301,63.700,7.475,0.000,0.000
"20:30",0.000,4.250,63.700,7.475,0.000,0.000
"20:45",0.000,4.506,63.700,7.424,0.000,0.000
"21:00",0.000,4.352,63.700,7.270,0.000,0.000
"21:15",0.000,4.045,63.800,7.373,0.000,0.000
"21:30",0.000,3.891,63.700,7.424,0.000,0.000
"21:45",0.000,3.635,63.700,7.424,0.000,0.000
"22:00",0.000,3.738,63.700,7.475,0.000,0.000
"22:15",0.000,3.789,63.700,7.731,0.000,0.000
"22:30",0.000,3.994,63.700,7.731,0.000,0.000
"22:45",0.000,3.686,63.700,7.680,0.000,0.000
"23:00",0.000,3.891,63.700,7.578,0.000,0.000
"23:15",0.000,4.301,63.700,7.629,0.000,0.000
"23:30",0.000,4.352,63.700,7.731,0.000,0.000
"23:45",0.000,3.840,63.700,7.680,0.000,0.000
" 6/10/26 24:00",0.000,4.147,63.700,7.782,0.000,0.000
