"kwh"
"Time ","DAGSR01P","DAGSR01P","DAGSR01P","DAGSR01P","DAGSR01P","DAGSR01P"
" 5/26/26 00:15",0.000,4.454,63.700,7.629,0.000,0.000
" 5/26/26 00:30",0.000,5.376,63.700,7.117,0.000,0.000
"00:45",0.000,4.301,63.700,7.885,0.000,0.000
"01:00",0.000,4.250,63.700,7.834,0.000,0.000
"01:15",0.000,5.222,63.700,7.475,0.000,0.000
"01:30",0.000,4.762,63.700,7.629,0.000,0.000
"01:45",0.000,4.608,63.700,8.038,0.000,0.000
"02:00",0.000,4.506,63.700,7.885,0.000,0.000
"02:15",0.000,4.966,63.700,7.526,0.000,0.000
"02:30",0.000,4.762,63.700,7.475,0.000,0.000
"02:45",0.000,5.427,63.700,6.963,0.000,0.000
"03:00",0.000,4.813,63.700,7.424,0.000,0.000
"03:15",0.000,4.198,63.700,7.834,0.000,0.000
"03:30",0.000,3.635,63.700,7.834,0.000,0.000
"03:45",0.000,4.352,63.700,7.373,0.000,0.000
"04:00",0.000,3.635,63.700,7.936,0.000,0.000
"04:15",0.000,3.942,63.700,7.987,0.000,0.000
"04:30",0.000,4.762,63.700,7.475,0.000,0.000
"04:45",0.000,3.686,63.700,8.090,0.000,0.000
"05:00",0.000,3.789,63.700,8.141,0.000,0.000
"05:15",0.000,4.710,63.700,7.424,0.000,0.000
"05:30",0.000,4.045,63.600,7.987,0.000,0.000
"05:45",0.000,3.686,63.700,7.885,0.000,0.000
"06:00",0.000,4.608,63.700,7.322,0.000,0.000
"06:15",0.000,3.584,63.700,7.987,0.000,0.000
"06:30",0.000,4.045,63.700,8.141,0.000,0.000
"06:45",0.000,5.376,63.700,7.475,0.000,0.000
"07:00",0.000,5.376,63.700,7.424,0.000,0.000
"07:15",0.000,5.069,63.700,7.168,0.000,0.000
"07:30",0.000,5.632,63.700,7.270,0.000,0.000
"07:45",0.000,5.018,63.700,7.424,0.000,0.000
"08:00",0.000,4.710,63.700,7.987,0.000,0.000
"08:15",0.000,5.018,63.700,7.578,0.000,0.000
"08:30",0.000,5.376,63.700,6.861,0.000,0.000
"08:45",0.819,1.178,63.700,4.198,0.000,0.000
"09:00",3.533,0.154,63.600,1.075,0.000,0.000
"09:15",13.312,0.000,63.700,0.000,0.000,0.000
"09:30",29.235,0.000,63.700,0.000,0.000,0.000
"09:45",38.656,0.000,63.700,0.000,0.000,0.000
"10:00",44.954,0.000,63.700,0.000,0.000,0.000
"10:15",53.914,0.000,63.700,0.000,0.000,0.000
"10:30",62.874,0.000,63.700,0.000,0.000,0.000
"10:45",73.728,0.000,63.700,0.000,0.000,0.000
"11:00",75.418,0.000,63.700,0.000,0.000,0.000
"11:15",60.979,0.000,63.700,0.000,0.000,0.000
"11:30",54.784,0.000,63.700,0.000,0.000,0.000
"11:45",57.498,0.000,63.700,0.000,0.000,0.000
"12:00",55.808,0.000,63.700,0.000,0.000,0.000
"12:15",59.597,0.000,63.700,0.000,0.000,0.051
"12:30",69.786,0.512,63.700,0.000,0.154,2.662
"12:45",32.922,3.584,63.700,0.154,1.178,4.198
"13:00",95.232,0.000,63.700,0.000,0.000,1.894
"13:15",62.976,0.000,63.700,0.000,0.000,0.000
"13:30",85.299,0.000,63.700,0.000,0.000,0.000
"13:45",98.202,0.000,63.700,0.000,0.000,0.000
"14:00",97.229,0.000,63.700,0.000,0.000,0.000
"14:15",97.126,0.000,63.700,0.000,0.000,0.000
"14:30",86.579,0.000,63.700,0.000,0.000,0.000
"14:45",83.302,0.000,63.700,0.000,0.000,0.000
"15:00",91.238,0.000,63.700,0.000,0.000,0.000
"15:15",86.016,0.000,63.700,0.000,0.000,0.000
"15:30",82.125,0.000,63.700,0.000,0.000,0.000
"15:45",76.186,0.000,63.700,0.000,0.000,0.000
"16:00",72.858,0.000,63.700,0.000,0.000,0.000
"16:15",66.662,0.000,63.700,0.000,0.000,0.000
"16:30",59.546,0.000,63.700,0.000,0.000,0.000
"16:45",53.453,0.000,63.700,0.000,0.000,0.000
"17:00",45.414,0.000,63.600,0.000,0.000,0.000
"17:15",37.222,0.000,63.700,0.000,0.000,0.000
"17:30",31.027,0.000,63.700,0.000,0.000,0.000
"17:45",21.350,0.000,63.700,0.000,0.000,0.000
"18:00",3.942,0.563,63.700,1.997,0.000,0.000
"18:15",0.461,2.304,63.700,4.506,0.000,0.000
"18:30",0.000,4.608,63.700,6.656,0.000,0.000
"18:45",0.000,5.069,63.700,6.758,0.000,0.000
"19:00",0.000,5.069,63.700,6.758,0.000,0.000
"19:15",0.000,5.939,63.700,6.502,0.000,0.000
"19:30",0.000,5.786,63.700,6.554,0.000,0.000
"19:45",0.000,5.530,63.700,6.758,0.000,0.000
"20:00",0.000,5.888,63.700,6.400,0.000,0.000
"20:15",0.000,5.990,63.700,6.605,0.000,0.000
"20:30",0.000,6.042,63.700,6.707,0.000,0.000
"20:45",0.000,6.707,63.600,6.605,0.000,0.000
"21:00",0.000,6.400,63.600,6.656,0.000,0.000
"21:15",0.000,5.990,63.600,6.810,0.000,0.000
"21:30",0.000,6.912,63.700,6.298,0.000,0.000
"21:45",0.000,6.758,63.700,6.195,0.000,0.000
"22:00",0.000,6.912,63.700,6.400,0.000,0.000
"22:15",0.000,6.810,63.700,6.810,0.000,0.000
"22:30",0.000,7.014,63.700,6.810,0.000,0.000
"22:45",0.000,5.888,63.700,7.526,0.000,0.000
"23:00",0.000,5.990,63.700,7.219,0.000,0.000
"23:15",0.000,6.400,63.700,6.656,0.000,0.000
"23:30",0.000,5.837,63.700,7.322,0.000,0.000
"23:45",0.000,6.810,63.700,7.373,0.000,0.000
" 5/26/26 24:00",0.000,7.373,63.700,6.656,0.000,0.000
