"kwh"
"Time ","DAGSR01P","DAGSR01P","DAGSR01P","DAGSR01P","DAGSR01P","DAGSR01P"
" 7/23/26 00:15",0.000,4.557,63.700,6.554,0.000,0.000
" 7/23/26 00:30",0.000,3.738,63.700,7.322,0.000,0.000
"00:45",0.000,3.533,63.600,7.270,0.000,0.000
"01:00",0.000,3.635,63.600,7.219,0.000,0.000
"01:15",0.000,3.738,63.600,7.270,0.000,0.000
"01:30",0.000,4.045,63.600,7.578,0.000,0.000
"01:45",0.000,3.174,63.700,7.629,0.000,0.000
"02:00",0.000,4.250,63.700,7.066,0.000,0.000
"02:15",0.000,3.738,63.700,7.680,0.000,0.000
"02:30",0.000,3.533,63.700,8.141,0.000,0.000
"02:45",0.000,4.557,63.700,7.424,0.000,0.000
"03:00",0.000,3.738,63.700,7.782,0.000,0.000
"03:15",0.000,3.840,63.700,7.731,0.000,0.000
"03:30",0.000,3.789,63.600,6.912,0.000,0.000
"03:45",0.000,3.840,63.700,7.117,0.000,0.000
"04:00",0.000,3.891,63.700,7.578,0.000,0.000
"04:15",0.000,3.686,63.700,7.526,0.000,0.000
"04:30",0.000,4.147,63.700,7.270,0.000,0.000
"04:45",0.000,3.430,63.600,7.731,0.000,0.000
"05:00",0.000,3.328,63.600,7.987,0.000,0.000
"05:15",0.000,3.789,63.600,7.373,0.000,0.000
"05:30",0.000,4.301,63.700,7.066,0.000,0.000
"05:45",0.000,3.686,63.700,7.578,0.000,0.000
"06:00",0.000,3.328,63.700,7.680,0.000,0.000
"06:15",0.000,4.147,63.700,7.066,0.000,0.000
"06:30",0.000,3.533,63.700,7.373,0.000,0.000
"06:45",0.000,3.686,63.700,7.782,0.000,0.000
"07:00",0.000,4.045,63.600,7.270,0.000,0.000
"07:15",0.000,4.045,63.600,7.219,0.000,0.000
"07:30",0.000,4.198,63.600,7.270,0.000,0.000
"07:45",0.000,4.352,63.600,7.168,0.000,0.000
"08:00",0.000,5.478,63.600,7.014,0.000,0.000
"08:15",0.000,5.325,63.600,7.270,0.000,0.000
"08:30",0.000,5.120,63.600,6.810,0.000,0.000
"08:45",0.000,5.581,63.600,6.195,0.000,0.000
"09:00",0.000,3.891,63.600,6.912,0.000,0.000
"09:15",0.358,2.867,63.600,4.864,0.000,0.000
"09:30",1.075,1.331,63.600,3.635,0.000,0.000
"09:45",2.406,0.102,63.600,1.126,0.000,0.000
"10:00",1.690,0.307,63.600,3.482,0.000,0.000
"10:15",3.072,0.205,63.600,1.178,0.000,0.000
"10:30",1.997,0.205,63.600,2.714,0.000,0.000
"10:45",4.813,0.000,63.700,0.563,0.000,0.000
"11:00",5.274,0.000,63.700,0.000,0.000,0.000
"11:15",8.704,0.000,63.600,0.000,0.000,0.000
"11:30",5.274,0.000,63.700,0.000,0.000,0.000
"11:45",8.499,0.000,63.700,0.000,0.000,0.000
"12:00",9.472,0.000,63.700,0.000,0.000,0.000
"12:15",9.318,0.000,63.700,0.000,0.000,0.000
"12:30",14.182,0.000,63.700,0.000,0.000,0.000
"12:45",20.070,0.000,63.700,0.000,0.000,0.000
"13:00",18.893,2.099,63.600,0.000,2.150,0.000
"13:15",0.205,6.605,63.600,0.000,12.339,1.638
"13:30",3.840,0.410,63.600,0.000,2.765,10.957
"13:45",1.690,1.280,63.600,0.000,5.888,7.936
"14:00",5.888,0.819,63.600,0.000,2.458,11.366
"14:15",0.102,4.915,63.600,0.000,12.032,1.382
"14:30",0.000,10.496,63.600,0.000,13.824,0.000
"14:45",0.000,12.544,63.600,0.000,13.568,0.000
"15:00",8.192,1.382,63.700,0.000,4.301,9.830
"15:15",11.264,0.000,63.700,0.000,0.563,13.978
"15:30",19.098,1.382,63.600,0.000,3.994,10.394
"15:45",12.442,2.867,63.700,0.000,2.662,0.000
"16:00",10.957,0.000,63.700,0.000,0.000,0.000
"16:15",19.354,0.000,63.700,0.000,0.000,0.000
"16:30",42.240,0.000,63.700,0.000,0.000,0.000
"16:45",33.485,0.000,63.600,0.000,0.000,0.000
"17:00",55.552,0.000,63.600,0.000,0.000,0.000
"17:15",28.109,0.000,63.700,0.000,0.000,0.000
"17:30",26.522,0.000,63.700,0.000,0.000,0.000
"17:45",25.498,0.000,63.700,0.000,0.000,0.000
"18:00",22.067,0.000,63.700,0.000,0.000,0.000
"18:15",3.584,1.587,63.700,3.072,0.000,0.000
"18:30",0.051,3.021,63.700,5.990,0.000,0.000
"18:45",0.000,3.226,63.700,6.810,0.000,0.000
"19:00",0.000,4.352,63.700,6.349,0.000,0.000
"19:15",0.000,4.250,63.700,6.554,0.000,0.000
"19:30",0.000,3.584,63.700,6.707,0.000,0.000
"19:45",0.000,4.198,63.700,6.246,0.000,0.000
"20:00",0.000,3.789,63.700,6.554,0.000,0.000
"20:15",0.000,3.584,63.700,6.861,0.000,0.000
"20:30",0.000,4.608,63.600,6.758,0.000,0.000
"20:45",0.000,5.018,63.600,6.605,0.000,0.000
"21:00",0.000,4.301,63.700,6.963,0.000,0.000
"21:15",0.000,3.738,63.600,6.861,0.000,0.000
"21:30",0.000,4.454,63.600,6.400,0.000,0.000
"21:45",0.000,3.738,63.600,7.014,0.000,0.000
"22:00",0.000,4.045,63.600,7.168,0.000,0.000
"22:15",0.000,4.608,63.600,6.963,0.000,0.000
"22:30",0.000,3.942,63.600,7.578,0.000,0.000
"22:45",0.000,4.147,63.600,7.475,0.000,0.000
"23:00",0.000,4.966,63.600,7.219,0.000,0.000
"23:15",0.000,4.147,63.600,7.526,0.000,0.000
"23:30",0.000,4.762,63.600,7.014,0.000,0.000
"23:45",0.000,4.301,63.600,7.014,0.000,0.000
" 7/23/26 24:00",0.000,5.171,63.700,6.554,0.000,0.000
