"kwh"
"Time ","DAGSR01P","DAGSR01P","DAGSR01P","DAGSR01P","DAGSR01P","DAGSR01P"
"10/01/26 00:15",0.000,103.680,63.700,0.000,54.989,0.000
"10/01/26 00:30",0.000,103.424,63.600,0.000,54.989,0.000
"00:45",0.000,103.373,63.700,0.000,55.142,0.000
"01:00",0.000,103.373,63.600,0.000,55.040,0.000
"01:15",0.000,103.680,63.600,0.000,54.886,0.000
"01:30",0.000,103.475,63.600,0.000,54.989,0.000
"01:45",0.000,103.680,63.600,0.000,54.938,0.000
"02:00",0.000,103.526,63.600,0.000,54.682,0.000
"02:15",0.000,103.424,63.600,0.000,54.938,0.000
"02:30",0.000,103.219,63.600,0.000,55.091,0.000
"02:45",0.000,103.270,63.600,0.000,55.040,0.000
"03:00",0.000,103.680,63.600,0.000,54.835,0.000
"03:15",0.000,103.424,63.600,0.000,54.682,0.000
"03:30",0.000,103.373,63.600,0.000,54.835,0.000
"03:45",0.000,103.629,63.600,0.000,54.733,0.000
"04:00",0.000,103.731,63.600,0.000,54.886,0.000
"04:15",0.000,103.526,63.600,0.000,54.886,0.000
"04:30",0.000,103.270,63.600,0.000,54.886,0.000
"04:45",0.000,103.629,63.600,0.000,54.886,0.000
"05:00",0.000,103.322,63.600,0.000,54.733,0.000
"05:15",0.000,103.270,63.600,0.000,54.938,0.000
"05:30",0.000,103.578,63.600,0.000,54.886,0.000
"05:45",0.000,103.834,63.600,0.000,55.091,0.000
"06:00",0.000,103.578,63.600,0.000,54.733,0.000
"06:15",0.000,86.426,63.600,0.000,44.902,0.000
"06:30",0.000,70.144,63.600,0.000,34.662,0.000
"06:45",0.000,69.632,63.600,0.000,34.867,0.000
"07:00",0.000,69.683,63.600,0.000,34.765,0.000
"07:15",0.000,69.427,63.600,0.000,34.867,0.000
"07:30",0.000,68.813,63.600,0.000,35.328,0.000
"07:45",0.000,67.123,63.700,0.000,35.635,0.000
"08:00",0.000,59.392,63.600,0.000,35.840,0.000
"08:15",0.000,68.659,63.600,0.000,48.845,0.000
"08:30",0.000,73.114,63.600,0.000,56.371,0.000
"08:45",0.000,63.590,63.600,0.000,56.422,0.000
"09:00",0.000,55.450,63.600,0.000,56.832,0.000
"09:15",0.000,46.592,63.600,0.000,57.037,0.000
"09:30",0.000,37.018,63.600,0.000,56.781,0.000
"09:45",0.000,29.338,63.600,0.000,57.037,0.000
"10:00",0.000,21.760,63.600,0.000,57.395,0.000
"10:15",0.000,15.002,63.600,0.000,57.805,0.000
"10:30",0.000,9.626,63.600,0.000,58.931,0.000
"10:45",0.000,6.144,63.600,0.000,59.085,1.075
"11:00",1.024,2.458,63.600,0.000,29.645,30.822
"11:15",2.970,1.331,63.600,0.000,19.968,40.806
"11:30",4.813,0.410,63.600,0.000,16.384,44.493
"11:45",4.915,0.614,63.600,0.000,10.650,50.381
"12:00",4.762,0.922,63.600,0.000,14.541,46.336
"12:15",21.350,0.461,63.700,0.000,7.731,42.394
"12:30",39.373,0.000,63.700,0.000,0.000,39.680
"12:45",39.014,0.000,63.700,0.000,0.000,39.731
"13:00",41.062,0.000,63.600,0.000,0.000,39.834
"13:15",39.014,0.000,63.600,0.000,0.000,39.680
"13:30",39.475,0.000,63.700,0.000,0.000,39.629
"13:45",37.325,0.000,63.600,0.000,0.000,39.578
"14:00",38.707,0.000,63.700,0.000,0.000,39.885
"14:15",38.195,0.000,63.700,0.000,0.000,40.038
"14:30",40.550,0.000,63.700,0.000,0.000,39.782
"14:45",36.915,0.000,63.700,0.000,0.000,39.680
"15:00",26.778,0.973,63.700,0.000,4.403,34.816
"15:15",4.352,7.629,63.600,0.000,22.938,15.206
"15:30",0.000,42.342,63.600,0.000,54.682,0.000
"15:45",0.000,42.394,63.700,0.000,59.853,0.000
"16:00",0.000,45.670,63.600,0.000,59.699,0.000
"16:15",1.536,5.018,63.700,0.000,41.370,19.661
"16:30",0.000,71.731,63.600,0.000,71.066,0.000
"16:45",0.000,65.946,63.600,0.000,63.846,0.000
"17:00",0.000,71.373,63.600,0.000,58.829,0.000
"17:15",0.000,48.538,63.600,0.000,59.392,0.000
"17:30",0.000,44.646,63.600,0.000,59.034,0.000
"17:45",0.000,59.648,63.600,0.000,58.112,0.000
"18:00",0.000,69.990,63.700,0.000,58.163,0.000
"18:15",0.000,79.155,63.700,0.000,58.163,0.000
"18:30",0.000,89.293,63.700,0.000,58.470,0.000
"18:45",0.000,95.642,63.700,0.000,58.982,0.000
"19:00",0.000,102.093,63.600,0.000,58.829,0.000
"19:15",0.000,105.165,63.600,0.000,58.522,0.000
"19:30",0.000,106.035,63.600,0.000,58.726,0.000
"19:45",0.000,106.496,63.600,0.000,58.470,0.000
"20:00",0.000,106.291,63.600,0.000,58.573,0.000
"20:15",0.000,106.394,63.600,0.000,58.726,0.000
"20:30",0.000,106.445,63.600,0.000,58.675,0.000
"20:45",0.000,106.650,63.600,0.000,58.726,0.000
"21:00",0.000,106.445,63.600,0.000,58.675,0.000
"21:15",0.000,106.291,63.600,0.000,58.573,0.000
"21:30",0.000,106.496,63.600,0.000,58.573,0.000
"21:45",0.000,106.650,63.600,0.000,58.675,0.000
"22:00",0.000,106.445,63.600,0.000,58.624,0.000
"22:15",0.000,106.394,63.600,0.000,58.522,0.000
"22:30",0.000,106.394,63.600,0.000,58.470,0.000
"22:45",0.000,106.342,63.600,0.000,58.419,0.000
"23:00",0.000,106.445,63.700,0.000,58.522,0.000
"23:15",0.000,106.342,63.600,0.000,58.368,0.000
"23:30",0.000,104.653,63.600,0.000,56.883,0.000
"23:45",0.000,104.038,63.600,0.000,56.576,0.000
"10/01/26 24:00",0.000,104.141,63.600,0.000,56.474,0.000
