"kwh"
"Time ","DAGSR01P","DAGSR01P","DAGSR01P","DAGSR01P","DAGSR01P","DAGSR01P"
" 3/30/26 00:15",0.000,5.427,63.600,3.226,0.000,0.000
" 3/30/26 00:30",0.000,5.376,63.600,3.021,0.000,0.000
"00:45",0.000,4.915,63.600,3.482,0.000,0.000
"01:00",0.000,5.530,63.600,3.021,0.000,0.000
"01:15",0.000,5.120,63.700,3.328,0.000,0.000
"01:30",0.000,5.274,63.700,3.430,0.000,0.000
"01:45",0.000,5.530,63.700,3.021,0.051,0.000
"02:00",0.000,4.966,63.600,3.277,0.000,0.000
"02:15",0.000,5.120,63.600,3.328,0.000,0.000
"02:30",0.000,5.990,63.600,3.021,0.000,0.000
"02:45",0.000,5.120,63.700,3.430,0.000,0.000
"03:00",0.000,4.813,63.700,3.533,0.000,0.000
"03:15",0.000,5.530,63.700,3.021,0.000,0.000
"03:30",0.000,5.478,63.700,3.482,0.000,0.000
"03:45",0.000,4.864,63.700,3.635,0.000,0.000
"04:00",0.000,5.837,63.700,3.174,0.000,0.000
"04:15",0.000,4.710,63.700,3.686,0.000,0.000
"04:30",0.000,4.813,63.700,3.686,0.000,0.000
"04:45",0.000,5.581,63.700,3.226,0.000,0.000
"05:00",0.000,4.762,63.700,3.686,0.000,0.000
"05:15",0.000,5.120,63.700,3.533,0.000,0.000
"05:30",0.000,5.734,63.700,3.328,0.000,0.000
"05:45",0.000,4.966,63.700,3.584,0.000,0.000
"06:00",0.000,5.632,63.700,3.328,0.000,0.000
"06:15",0.000,4.864,63.600,3.738,0.000,0.000
"06:30",0.000,4.915,63.600,3.738,0.000,0.000
"06:45",0.000,5.888,63.700,3.226,0.000,0.000
"07:00",0.000,5.222,63.600,3.891,0.000,0.000
"07:15",0.000,6.144,63.600,3.533,0.000,0.000
"07:30",0.000,5.478,63.600,3.584,0.000,0.000
"07:45",0.000,5.427,63.600,3.840,0.051,0.000
"08:00",0.000,4.454,63.600,3.328,0.000,0.000
"08:15",0.922,1.485,63.600,2.150,0.000,0.000
"08:30",3.891,0.051,63.600,0.410,0.000,0.000
"08:45",4.864,10.342,63.600,0.000,5.069,0.102
"09:00",16.998,0.000,63.600,0.000,0.000,0.000
"09:15",24.218,0.000,63.600,0.000,0.000,0.154
"09:30",31.283,0.000,63.600,0.000,0.000,0.051
"09:45",37.632,0.000,63.600,0.000,0.000,0.102
"10:00",42.752,0.000,63.600,0.000,0.000,0.717
"10:15",47.923,0.000,63.600,0.000,0.000,0.768
"10:30",53.350,0.000,63.600,0.000,0.000,0.973
"10:45",51.302,0.000,63.600,0.000,0.000,1.024
"11:00",54.886,0.000,63.600,0.000,0.000,2.918
"11:15",38.605,0.000,63.600,0.000,0.051,14.950
"11:30",41.114,0.051,63.600,0.000,0.102,14.182
"11:45",19.405,4.762,63.600,0.000,5.222,7.168
"12:00",2.099,9.933,63.600,0.000,13.670,5.581
"12:15",3.994,10.445,63.600,0.000,15.053,7.834
"12:30",2.560,38.144,63.600,0.000,18.483,3.226
"12:45",0.307,30.208,63.600,0.000,16.589,0.922
"13:00",20.838,3.328,63.700,0.000,4.147,9.421
"13:15",11.315,3.584,63.600,0.000,6.861,5.888
"13:30",25.498,2.765,63.600,0.000,4.250,9.523
"13:45",29.133,2.918,63.600,0.000,3.533,9.421
"14:00",32.717,1.997,63.600,0.000,2.253,11.264
"14:15",41.472,2.816,63.600,0.000,2.611,11.520
"14:30",50.790,1.178,63.600,0.000,1.178,12.646
"14:45",50.022,0.307,63.700,0.000,0.358,13.210
"15:00",30.618,3.277,63.600,0.000,3.686,9.421
"15:15",25.344,5.990,63.600,0.000,4.813,7.373
"15:30",27.597,2.355,63.600,0.000,3.226,8.755
"15:45",3.789,11.571,63.600,0.000,11.571,2.304
"16:00",3.533,28.723,63.600,0.000,24.986,4.966
"16:15",3.328,32.102,63.600,0.000,24.166,5.888
"16:30",4.045,25.190,63.600,0.000,18.893,11.827
"16:45",1.075,24.422,63.600,0.000,24.422,5.581
"17:00",0.051,28.826,63.600,0.000,29.338,0.768
"17:15",5.274,13.005,63.600,0.000,15.565,2.765
"17:30",5.939,11.366,63.600,0.000,5.069,3.072
"17:45",0.000,20.531,63.700,0.000,7.987,0.000
"18:00",0.154,15.565,63.700,0.000,8.448,0.410
"18:15",0.000,10.598,63.700,0.000,8.499,0.000
"18:30",0.000,20.173,63.600,0.000,7.936,0.000
"18:45",0.000,27.392,63.600,0.000,9.114,0.000
"19:00",0.000,32.512,63.600,0.000,10.035,0.000
"19:15",0.000,37.376,63.600,0.000,10.906,0.000
"19:30",0.000,38.195,63.600,0.000,10.598,0.000
"19:45",0.000,38.298,63.600,0.000,10.342,0.000
"20:00",0.000,38.605,63.600,0.000,10.854,0.000
"20:15",0.000,38.554,63.600,0.000,10.394,0.000
"20:30",0.000,38.349,63.600,0.000,10.496,0.000
"20:45",0.000,38.605,63.600,0.000,10.650,0.000
"21:00",0.000,37.734,63.600,0.000,10.394,0.000
"21:15",0.000,38.707,63.600,0.000,10.394,0.000
"21:30",0.000,39.834,63.600,0.000,10.650,0.000
"21:45",0.000,38.707,63.600,0.000,10.291,0.000
"22:00",0.000,38.246,63.600,0.000,10.342,0.000
"22:15",0.000,39.219,63.600,0.000,10.701,0.000
"22:30",0.000,38.298,63.600,0.000,10.547,0.000
"22:45",0.000,38.554,63.600,0.000,10.598,0.000
"23:00",0.000,37.990,63.600,0.000,10.598,0.000
"23:15",0.000,37.990,63.600,0.000,10.496,0.000
"23:30",0.000,39.014,63.600,0.000,11.008,0.000
"23:45",0.000,39.270,63.600,0.000,10.906,0.000
" 3/30/26 24:00",0.000,38.963,63.600,0.000,10.547,0.000
