"kwh"
"Time ","DAGSR01P","DAGSR01P","DAGSR01P","DAGSR01P","DAGSR01P","DAGSR01P"
" 1/20/26 00:15",0.000,238.541,63.500,0.000,133.069,0.000
" 1/20/26 00:30",0.000,238.541,63.500,0.000,132.966,0.000
"00:45",0.000,238.746,63.500,0.000,132.710,0.000
"01:00",0.000,238.490,63.500,0.000,132.762,0.000
"01:15",0.000,239.923,63.600,0.000,132.147,0.000
"01:30",0.000,239.053,63.600,0.000,132.915,0.000
"01:45",0.000,239.002,63.600,0.000,133.734,0.000
"02:00",0.000,238.592,63.600,0.000,133.427,0.000
"02:15",0.000,238.438,63.600,0.000,132.864,0.000
"02:30",0.000,238.336,63.600,0.000,133.120,0.000
"02:45",0.000,240.179,63.600,0.000,134.144,0.000
"03:00",0.000,241.203,63.600,0.000,134.912,0.000
"03:15",0.000,241.254,63.600,0.000,134.707,0.000
"03:30",0.000,241.152,63.600,0.000,134.758,0.000
"03:45",0.000,241.254,63.600,0.000,134.758,0.000
"04:00",0.000,241.101,63.600,0.000,134.861,0.000
"04:15",0.000,241.408,63.600,0.000,134.451,0.000
"04:30",0.000,242.278,63.600,0.000,134.093,0.000
"04:45",0.000,242.739,63.600,0.000,133.939,0.000
"05:00",0.000,242.688,63.600,0.000,133.734,0.000
"05:15",0.000,242.432,63.600,0.000,134.298,0.000
"05:30",0.000,233.165,63.500,0.000,129.434,0.000
"05:45",0.000,207.718,63.600,0.000,113.920,0.000
"06:00",0.000,207.872,63.600,0.000,113.920,0.000
"06:15",0.000,206.336,63.600,0.000,112.947,0.000
"06:30",0.000,204.339,63.500,0.000,112.128,0.000
"06:45",0.000,204.186,63.600,0.000,111.821,0.000
"07:00",0.000,204.186,63.600,0.000,112.589,0.000
"07:15",0.000,203.110,63.600,0.000,112.486,0.000
"07:30",0.000,216.678,63.600,0.000,121.088,0.000
"07:45",0.000,235.776,63.600,0.000,133.478,0.000
"08:00",0.000,233.011,63.600,0.000,132.864,0.000
"08:15",0.000,222.976,63.600,0.000,133.530,0.000
"08:30",0.000,216.422,63.500,0.000,133.632,0.000
"08:45",0.000,214.221,63.500,0.000,134.758,0.000
"09:00",0.000,235.981,63.500,0.000,143.667,0.000
"09:15",0.000,228.557,63.500,0.000,143.616,0.000
"09:30",0.000,221.594,63.500,0.000,143.565,0.000
"09:45",0.000,201.728,63.500,0.000,133.325,0.000
"10:00",0.000,175.309,63.500,0.000,123.341,0.000
"10:15",0.000,174.285,63.500,0.000,123.597,0.000
"10:30",0.000,165.274,63.500,0.000,124.211,0.000
"10:45",0.000,158.822,63.500,0.000,124.672,0.000
"11:00",0.000,153.344,63.500,0.000,124.058,0.000
"11:15",0.000,150.118,63.500,0.000,124.314,0.000
"11:30",0.000,145.510,63.500,0.000,124.672,0.000
"11:45",0.000,142.899,63.500,0.000,124.928,0.000
"12:00",0.000,140.595,63.500,0.000,124.826,0.000
"12:15",0.000,138.496,63.500,0.000,124.826,0.000
"12:30",0.000,137.830,63.500,0.000,124.979,0.000
"12:45",0.000,137.523,63.500,0.000,124.877,0.000
"13:00",0.000,136.602,63.500,0.000,125.133,0.000
"13:15",0.000,136.755,63.500,0.000,125.030,0.000
"13:30",0.000,139.059,63.500,0.000,126.566,0.000
"13:45",0.000,139.469,63.500,0.000,126.925,0.000
"14:00",0.000,139.162,63.500,0.000,126.874,0.000
"14:15",0.000,139.571,63.500,0.000,126.822,0.000
"14:30",0.000,140.032,63.500,0.000,126.874,0.000
"14:45",0.000,140.339,63.500,0.000,126.720,0.000
"15:00",0.000,141.670,63.500,0.000,126.566,0.000
"15:15",0.000,143.821,63.500,0.000,126.566,0.000
"15:30",0.000,154.214,63.500,0.000,131.635,0.000
"15:45",0.000,182.221,63.500,0.000,147.046,0.000
"16:00",0.000,186.061,63.500,0.000,146.944,0.000
"16:15",0.000,190.259,63.500,0.000,146.483,0.000
"16:30",0.000,195.738,63.500,0.000,146.381,0.000
"16:45",0.000,211.098,63.500,0.000,145.818,0.000
"17:00",0.000,205.875,63.500,0.000,145.715,0.000
"17:15",0.000,209.715,63.500,0.000,145.459,0.000
"17:30",0.000,214.067,63.500,0.000,145.050,0.000
"17:45",0.000,218.112,63.500,0.000,143.462,0.000
"18:00",0.000,224.307,63.500,0.000,143.462,0.000
"18:15",0.000,231.578,63.500,0.000,142.899,0.000
"18:30",0.000,237.875,63.500,0.000,143.258,0.000
"18:45",0.000,245.299,63.500,0.000,142.899,0.000
"19:00",0.000,252.416,63.500,0.000,143.155,0.000
"19:15",0.000,259.226,63.500,0.000,142.899,0.000
"19:30",0.000,264.499,63.500,0.000,143.309,0.000
"19:45",0.000,269.210,63.500,0.000,144.179,0.000
"20:00",0.000,271.923,63.500,0.000,144.230,0.000
"20:15",0.000,272.128,63.500,0.000,143.667,0.000
"20:30",0.000,272.742,63.500,0.000,143.514,0.000
"20:45",0.000,273.203,63.500,0.000,143.053,0.000
"21:00",0.000,273.254,63.500,0.000,142.899,0.000
"21:15",0.000,273.306,63.500,0.000,142.848,0.000
"21:30",0.000,273.254,63.500,0.000,143.002,0.000
"21:45",0.000,273.664,63.500,0.000,142.950,0.000
"22:00",0.000,274.278,63.500,0.000,143.053,0.000
"22:15",0.000,245.043,63.600,0.000,134.656,0.000
"22:30",0.000,238.694,63.600,0.000,132.813,0.000
"22:45",0.000,239.258,63.600,0.000,132.864,0.000
"23:00",0.000,239.514,63.600,0.000,132.710,0.000
"23:15",0.000,239.206,63.500,0.000,132.710,0.000
"23:30",0.000,238.899,63.500,0.000,132.454,0.000
"23:45",0.000,239.718,63.600,0.000,132.250,0.000
" 1/20/26 24:00",0.000,239.565,63.600,0.000,132.454,0.000
