"kwh"
"Time ","DAGSR01P","DAGSR01P","DAGSR01P","DAGSR01P","DAGSR01P","DAGSR01P"
" 8/06/26 00:15",0.000,5.171,63.700,6.554,0.000,0.000
" 8/06/26 00:30",0.000,4.762,63.600,7.014,0.000,0.000
"00:45",0.000,5.376,63.700,6.554,0.000,0.000
"01:00",0.000,4.454,63.600,7.373,0.000,0.000
"01:15",0.000,4.966,63.600,7.168,0.000,0.000
"01:30",0.000,5.786,63.600,6.707,0.000,0.000
"01:45",0.000,4.301,63.700,7.168,0.000,0.000
"02:00",0.000,4.250,63.700,7.168,0.000,0.000
"02:15",0.000,4.506,63.700,7.066,0.000,0.000
"02:30",0.000,3.891,63.700,7.424,0.000,0.000
"02:45",0.000,4.762,63.700,6.758,0.000,0.000
"03:00",0.000,4.352,63.700,7.322,0.000,0.000
"03:15",0.000,4.608,63.700,7.270,0.000,0.000
"03:30",0.000,5.120,63.700,6.810,0.000,0.000
"03:45",0.000,3.994,63.700,7.629,0.000,0.000
"04:00",0.000,4.762,63.700,7.322,0.000,0.000
"04:15",0.000,4.198,63.700,7.168,0.000,0.000
"04:30",0.000,4.045,63.700,7.270,0.000,0.000
"04:45",0.000,5.171,63.700,6.758,0.000,0.000
"05:00",0.000,4.506,63.700,7.782,0.000,0.000
"05:15",0.000,4.250,63.700,7.373,0.000,0.000
"05:30",0.000,4.915,63.700,6.963,0.000,0.000
"05:45",0.000,3.686,63.700,7.834,0.000,0.000
"06:00",0.000,4.198,63.700,7.782,0.000,0.000
"06:15",0.000,3.584,63.700,8.038,0.000,0.000
"06:30",0.000,3.891,63.700,8.243,0.000,0.000
"06:45",0.000,4.710,63.700,7.373,0.000,0.000
"07:00",0.000,4.506,63.700,7.936,0.000,0.000
"07:15",0.000,4.352,63.700,7.578,0.000,0.000
"07:30",0.000,5.018,63.700,7.322,0.000,0.000
"07:45",0.000,4.762,63.700,8.141,0.000,0.000
"08:00",0.000,5.376,63.700,8.038,0.000,0.000
"08:15",0.000,5.018,63.700,8.090,0.000,0.000
"08:30",0.000,3.738,63.700,7.578,0.000,0.000
"08:45",0.051,3.738,63.700,5.990,0.000,0.000
"09:00",0.102,2.560,63.600,6.605,0.000,0.000
"09:15",0.922,15.872,63.700,0.614,7.117,0.000
"09:30",0.051,29.338,63.700,0.000,11.981,0.307
"09:45",4.250,0.154,63.700,0.000,1.382,10.803
"10:00",11.520,0.000,63.700,0.000,0.000,12.442
"10:15",20.429,0.000,63.700,0.000,0.000,12.493
"10:30",28.211,0.000,63.700,0.000,0.000,13.005
"10:45",34.509,0.000,63.700,0.000,0.000,13.670
"11:00",29.747,3.430,63.700,0.000,2.662,10.240
"11:15",5.069,11.469,63.700,0.000,8.806,3.840
"11:30",0.051,14.797,63.700,0.000,12.339,0.154
"11:45",0.000,18.637,63.700,0.000,13.158,0.000
"12:00",0.000,19.251,63.700,0.000,12.851,0.000
"12:15",0.000,14.438,63.800,0.000,12.698,0.000
"12:30",0.563,4.813,63.700,0.000,10.035,3.021
"12:45",2.406,1.331,63.700,0.000,6.400,5.734
"13:00",33.946,0.000,63.800,0.000,0.000,13.414
"13:15",49.715,0.051,63.700,0.000,0.256,13.926
"13:30",56.934,0.000,63.700,0.000,0.051,14.182
"13:45",67.021,0.102,63.700,0.000,0.102,14.950
"14:00",69.632,0.000,63.700,0.000,0.051,14.643
"14:15",70.554,0.000,63.800,0.000,0.000,15.155
"14:30",71.885,0.000,63.800,0.000,0.000,14.899
"14:45",70.451,0.000,63.700,0.000,0.000,14.541
"15:00",68.762,0.000,63.700,0.000,0.000,14.950
"15:15",67.174,0.000,63.700,0.000,0.000,14.438
"15:30",63.027,0.000,63.800,0.000,0.000,14.387
"15:45",58.010,0.000,63.800,0.000,0.000,14.285
"16:00",53.299,0.000,63.700,0.000,0.000,13.722
"16:15",47.258,0.000,63.700,0.000,0.000,13.875
"16:30",43.315,0.000,63.700,0.000,0.000,13.107
"16:45",36.403,0.000,63.800,0.000,0.000,13.414
"17:00",49.664,0.000,63.800,0.000,0.000,5.171
"17:15",54.630,0.000,63.800,0.000,0.000,0.000
"17:30",45.619,0.000,63.800,0.000,0.000,0.000
"17:45",37.888,0.000,63.800,0.000,0.000,0.000
"18:00",28.774,0.000,63.700,0.000,0.000,0.000
"18:15",18.893,0.000,63.700,0.000,0.000,0.000
"18:30",5.222,0.666,63.700,2.406,0.000,0.000
"18:45",0.051,4.659,63.700,6.400,0.000,0.000
"19:00",0.000,5.274,63.700,7.731,0.000,0.000
"19:15",0.000,4.762,63.700,7.885,0.000,0.000
"19:30",0.000,5.018,63.700,7.219,0.000,0.000
"19:45",0.000,3.891,63.700,7.731,0.000,0.000
"20:00",0.000,4.352,63.700,7.578,0.000,0.000
"20:15",0.000,4.710,63.700,7.629,0.000,0.000
"20:30",0.000,4.352,63.700,7.936,0.000,0.000
"20:45",0.000,4.966,63.700,7.629,0.000,0.000
"21:00",0.000,4.198,63.700,8.346,0.000,0.000
"21:15",0.000,4.250,63.700,8.397,0.000,0.000
"21:30",0.000,5.222,63.700,7.782,0.000,0.000
"21:45",0.000,4.403,63.700,8.090,0.000,0.000
"22:00",0.000,4.352,63.700,7.936,0.000,0.000
"22:15",0.000,4.864,63.700,7.834,0.000,0.000
"22:30",0.000,3.994,63.700,8.499,0.000,0.000
"22:45",0.000,4.608,63.700,7.782,0.000,0.000
"23:00",0.000,3.584,63.700,8.653,0.000,0.000
"23:15",0.000,3.789,63.700,8.602,0.000,0.000
"23:30",0.000,4.454,63.700,8.192,0.000,0.000
"23:45",0.000,4.096,63.700,8.294,0.000,0.000
" 8/06/26 24:00",0.000,3.994,63.700,8.192,0.000,0.000
