"kwh"
"Time ","DAGSR01P","DAGSR01P","DAGSR01P","DAGSR01P","DAGSR01P","DAGSR01P"
" 5/13/26 00:15",0.000,6.246,63.700,4.813,0.000,0.000
" 5/13/26 00:30",0.000,5.581,63.700,5.376,0.000,0.000
"00:45",0.000,4.915,63.700,4.915,0.000,0.000
"01:00",0.000,5.069,63.700,4.915,0.000,0.000
"01:15",0.000,5.478,63.700,5.120,0.000,0.000
"01:30",0.000,5.222,63.700,5.018,0.000,0.000
"01:45",0.000,4.915,63.700,5.120,0.000,0.000
"02:00",0.000,5.376,63.700,5.069,0.000,0.000
"02:15",0.000,5.734,63.700,5.222,0.000,0.000
"02:30",0.000,5.786,63.700,4.864,0.000,0.000
"02:45",0.000,5.632,63.600,4.506,0.000,0.000
"03:00",0.000,5.274,63.600,5.120,0.000,0.000
"03:15",0.000,4.864,63.600,5.274,0.000,0.000
"03:30",0.000,4.966,63.600,5.120,0.000,0.000
"03:45",0.000,5.222,63.600,5.274,0.000,0.000
"04:00",0.000,4.864,63.600,5.376,0.000,0.000
"04:15",0.000,4.813,63.600,5.581,0.000,0.000
"04:30",0.000,4.864,63.600,5.478,0.000,0.000
"04:45",0.000,5.171,63.700,5.581,0.000,0.000
"05:00",0.000,5.120,63.600,5.325,0.000,0.000
"05:15",0.000,6.144,63.700,4.864,0.000,0.000
"05:30",0.000,5.734,63.700,4.966,0.000,0.000
"05:45",0.000,5.837,63.700,4.813,0.000,0.000
"06:00",0.000,5.222,63.700,5.274,0.000,0.000
"06:15",0.000,5.325,63.600,5.478,0.000,0.000
"06:30",0.000,5.325,63.600,5.120,0.000,0.000
"06:45",0.000,5.683,63.600,4.710,0.000,0.000
"07:00",0.000,5.939,63.600,5.376,0.000,0.000
"07:15",0.000,5.683,63.700,4.813,0.000,0.000
"07:30",0.000,5.786,63.600,4.762,0.000,0.000
"07:45",0.000,6.298,63.600,4.762,0.000,0.000
"08:00",0.000,6.707,63.700,5.018,0.000,0.000
"08:15",0.000,5.888,63.600,4.966,0.000,0.000
"08:30",0.154,3.891,63.600,3.994,0.000,0.000
"08:45",2.150,2.918,63.600,1.638,0.461,0.000
"09:00",14.182,0.000,63.700,0.000,0.000,0.000
"09:15",24.883,0.000,63.600,0.000,0.000,0.000
"09:30",33.741,0.000,63.600,0.000,0.000,0.000
"09:45",41.984,0.000,63.600,0.000,0.000,0.102
"10:00",49.306,0.000,63.600,0.000,0.000,0.051
"10:15",56.013,0.000,63.700,0.000,0.000,0.102
"10:30",62.413,0.000,63.700,0.000,0.000,0.154
"10:45",68.352,0.000,63.700,0.000,0.000,0.307
"11:00",74.342,0.000,63.700,0.000,0.000,0.512
"11:15",79.514,0.000,63.700,0.000,0.000,0.461
"11:30",82.022,0.000,63.600,0.000,0.000,0.666
"11:45",86.170,0.000,63.600,0.000,0.000,0.819
"12:00",88.371,0.000,63.600,0.000,0.000,0.870
"12:15",91.955,0.000,63.700,0.000,0.000,0.819
"12:30",95.181,0.000,63.600,0.000,0.000,0.666
"12:45",98.150,0.000,63.600,0.000,0.000,0.768
"13:00",97.741,0.000,63.600,0.000,0.000,0.819
"13:15",96.512,0.000,63.700,0.000,0.000,0.717
"13:30",47.002,0.000,63.700,0.000,0.000,0.102
"13:45",38.093,0.000,63.700,0.000,0.000,0.000
"14:00",57.651,0.000,63.700,0.000,0.000,0.256
"14:15",43.930,0.000,63.700,0.000,0.000,0.102
"14:30",56.422,0.000,63.700,0.000,0.000,0.256
"14:45",45.158,0.000,63.700,0.000,0.000,0.205
"15:00",62.157,0.000,63.700,0.000,0.000,0.614
"15:15",49.510,0.000,63.700,0.000,0.000,0.205
"15:30",56.934,0.000,63.700,0.000,0.000,0.205
"15:45",53.197,0.000,63.700,0.000,0.000,0.870
"16:00",53.862,0.000,63.700,0.000,0.000,0.205
"16:15",28.518,0.000,63.700,0.000,0.000,0.000
"16:30",45.005,0.000,63.700,0.000,0.000,0.000
"16:45",44.493,0.000,63.700,0.000,0.000,0.154
"17:00",39.475,0.000,63.700,0.000,0.000,0.051
"17:15",15.206,0.000,63.700,0.000,0.000,0.000
"17:30",6.861,0.000,63.700,0.000,0.000,0.000
"17:45",2.406,0.205,63.700,1.331,0.000,0.000
"18:00",1.178,1.075,63.700,1.946,0.000,0.000
"18:15",0.717,1.997,63.700,2.202,0.000,0.000
"18:30",0.102,4.096,63.700,3.430,0.000,0.000
"18:45",0.000,5.069,63.700,4.454,0.000,0.000
"19:00",0.000,5.734,63.700,4.096,0.000,0.000
"19:15",0.000,5.325,63.700,4.250,0.000,0.000
"19:30",0.000,5.427,63.700,4.198,0.000,0.000
"19:45",0.000,5.530,63.700,4.352,0.000,0.000
"20:00",0.000,6.042,63.700,4.454,0.000,0.000
"20:15",0.000,5.939,63.600,4.198,0.000,0.000
"20:30",0.000,5.734,63.600,4.659,0.000,0.000
"20:45",0.000,6.042,63.700,4.710,0.000,0.000
"21:00",0.000,6.093,63.700,4.454,0.000,0.000
"21:15",0.000,5.786,63.700,4.557,0.000,0.000
"21:30",0.000,5.734,63.700,4.659,0.000,0.000
"21:45",0.000,5.990,63.700,4.301,0.000,0.000
"22:00",0.000,6.810,63.700,4.045,0.000,0.000
"22:15",0.000,7.219,63.700,4.147,0.000,0.000
"22:30",0.000,6.605,63.700,4.557,0.000,0.000
"22:45",0.000,5.734,63.700,5.069,0.000,0.000
"23:00",0.000,5.683,63.700,4.762,0.000,0.000
"23:15",0.000,5.990,63.600,4.710,0.000,0.000
"23:30",0.000,5.939,63.600,4.198,0.000,0.000
"23:45",0.000,5.632,63.700,4.403,0.000,0.000
" 5/13/26 24:00",0.000,6.144,63.600,4.864,0.000,0.000
