"kwh"
"Time ","DAGSR01P","DAGSR01P","DAGSR01P","DAGSR01P","DAGSR01P","DAGSR01P"
" 2/03/26 00:15",0.000,71.219,63.600,0.000,34.304,0.000
" 2/03/26 00:30",0.000,71.782,63.600,0.000,34.355,0.000
"00:45",0.000,71.834,63.600,0.000,34.406,0.000
"01:00",0.000,71.629,63.600,0.000,34.406,0.000
"01:15",0.000,73.370,63.600,0.000,35.174,0.000
"01:30",0.000,74.547,63.600,0.000,35.942,0.000
"01:45",0.000,74.598,63.600,0.000,35.891,0.000
"02:00",0.000,74.598,63.600,0.000,35.840,0.000
"02:15",0.000,74.598,63.600,0.000,35.840,0.000
"02:30",0.000,74.803,63.600,0.000,35.789,0.000
"02:45",0.000,74.854,63.600,0.000,35.789,0.000
"03:00",0.000,74.803,63.600,0.000,35.840,0.000
"03:15",0.000,74.752,63.600,0.000,35.738,0.000
"03:30",0.000,75.008,63.600,0.000,35.635,0.000
"03:45",0.000,75.418,63.600,0.000,35.635,0.000
"04:00",0.000,74.957,63.600,0.000,35.738,0.000
"04:15",0.000,74.803,63.600,0.000,35.686,0.000
"04:30",0.000,74.650,63.600,0.000,35.584,0.000
"04:45",0.000,74.906,63.600,0.000,35.430,0.000
"05:00",0.000,74.906,63.600,0.000,35.328,0.000
"05:15",0.000,74.854,63.600,0.000,34.867,0.000
"05:30",0.000,75.315,63.600,0.000,34.560,0.000
"05:45",0.000,74.803,63.600,0.000,34.560,0.000
"06:00",0.000,71.680,63.600,0.000,33.741,0.000
"06:15",0.000,71.834,63.600,0.000,33.741,0.000
"06:30",0.000,71.526,63.600,0.000,33.638,0.000
"06:45",0.000,71.936,63.600,0.000,33.331,0.000
"07:00",0.000,71.475,63.600,0.000,33.382,0.000
"07:15",0.000,70.605,63.600,0.000,33.894,0.000
"07:30",0.000,70.093,63.600,0.000,34.406,0.000
"07:45",0.000,68.659,63.600,0.000,34.458,0.000
"08:00",0.000,65.280,63.600,0.000,34.714,0.000
"08:15",0.000,59.597,63.600,0.000,34.714,0.000
"08:30",0.000,52.531,63.600,0.000,33.485,0.000
"08:45",0.000,46.029,63.600,0.000,33.280,0.000
"09:00",0.000,38.912,63.600,0.000,33.587,0.000
"09:15",0.000,31.846,63.600,0.000,33.792,0.000
"09:30",0.000,25.446,63.600,0.000,33.946,0.000
"09:45",0.000,19.558,63.700,0.000,34.202,0.000
"10:00",0.000,13.158,63.700,0.000,34.202,0.000
"10:15",0.000,7.373,63.700,0.000,34.253,0.256
"10:30",0.768,2.714,63.700,0.000,19.302,15.565
"10:45",4.147,0.870,63.700,0.000,10.189,24.986
"11:00",1.638,5.018,63.700,0.000,23.091,12.442
"11:15",3.379,2.458,63.600,0.000,15.104,19.917
"11:30",28.928,0.000,63.600,0.000,0.256,26.010
"11:45",50.227,0.000,63.600,0.000,0.000,14.694
"12:00",53.350,0.000,63.600,0.000,0.000,14.797
"12:15",49.562,0.051,63.600,0.000,0.102,14.694
"12:30",56.525,0.000,63.600,0.000,0.000,15.206
"12:45",58.778,0.000,63.600,0.000,0.000,15.309
"13:00",60.058,0.000,63.600,0.000,0.000,15.411
"13:15",60.416,0.000,63.600,0.000,0.000,15.514
"13:30",61.184,0.000,63.600,0.000,0.000,15.616
"13:45",61.133,0.000,63.600,0.000,0.000,15.616
"14:00",60.672,0.000,63.600,0.000,0.000,15.718
"14:15",59.904,0.000,63.600,0.000,0.000,15.616
"14:30",59.290,0.000,63.600,0.000,0.000,15.616
"14:45",57.651,0.000,63.500,0.000,0.000,15.514
"15:00",55.245,0.000,63.500,0.000,0.000,15.309
"15:15",55.347,0.000,63.600,0.000,0.000,15.206
"15:30",50.637,0.000,63.600,0.000,0.000,15.053
"15:45",47.718,0.000,63.600,0.000,0.000,15.411
"16:00",41.984,0.000,63.600,0.000,0.000,16.794
"16:15",11.315,11.162,63.600,0.000,23.450,14.643
"16:30",0.000,32.307,63.600,0.000,51.763,0.000
"16:45",0.000,89.293,63.600,0.000,64.922,0.000
"17:00",0.000,109.670,63.600,0.000,73.574,0.000
"17:15",0.000,109.363,63.600,0.000,73.216,0.000
"17:30",0.000,116.838,63.600,0.000,73.472,0.000
"17:45",0.000,105.165,63.600,0.000,62.259,0.000
"18:00",0.000,92.570,63.600,0.000,51.149,0.000
"18:15",0.000,99.174,63.600,0.000,50.842,0.000
"18:30",0.000,105.472,63.600,0.000,50.637,0.000
"18:45",0.000,111.667,63.600,0.000,50.637,0.000
"19:00",0.000,118.374,63.600,0.000,50.586,0.000
"19:15",0.000,124.570,63.600,0.000,50.893,0.000
"19:30",0.000,130.406,63.600,0.000,50.534,0.000
"19:45",0.000,134.144,63.500,0.000,50.995,0.000
"20:00",0.000,136.243,63.500,0.000,51.763,0.000
"20:15",0.000,136.499,63.500,0.000,50.842,0.000
"20:30",0.000,134.912,63.500,0.000,49.459,0.000
"20:45",0.000,135.168,63.500,0.000,48.998,0.000
"21:00",0.000,134.861,63.500,0.000,49.203,0.000
"21:15",0.000,135.117,63.500,0.000,49.357,0.000
"21:30",0.000,135.987,63.500,0.000,49.254,0.000
"21:45",0.000,136.090,63.500,0.000,49.562,0.000
"22:00",0.000,135.987,63.500,0.000,49.510,0.000
"22:15",0.000,136.243,63.500,0.000,49.203,0.000
"22:30",0.000,135.782,63.500,0.000,49.562,0.000
"22:45",0.000,136.346,63.500,0.000,49.613,0.000
"23:00",0.000,136.141,63.600,0.000,49.203,0.000
"23:15",0.000,136.294,63.500,0.000,49.306,0.000
"23:30",0.000,136.141,63.600,0.000,49.357,0.000
"23:45",0.000,136.397,63.600,0.000,49.306,0.000
" 2/03/26 24:00",0.000,136.192,63.600,0.000,49.254,0.000
