"kwh"
"Time ","DAGSR01P","DAGSR01P","DAGSR01P","DAGSR01P","DAGSR01P","DAGSR01P"
" 3/29/26 00:15",0.000,5.888,63.700,3.021,0.000,0.000
" 3/29/26 00:30",0.000,5.120,63.600,3.430,0.000,0.000
"00:45",0.000,5.120,63.700,3.584,0.000,0.000
"01:00",0.000,5.530,63.700,3.226,0.000,0.000
"01:15",0.000,5.120,63.700,3.482,0.000,0.000
"01:30",0.000,5.786,63.700,3.635,0.000,0.000
"01:45",0.000,5.632,63.700,3.533,0.000,0.000
"02:00",0.000,5.530,63.700,3.328,0.000,0.000
"02:15",0.000,4.864,63.700,3.686,0.000,0.000
"02:30",0.000,4.864,63.700,3.635,0.000,0.000
"02:45",0.000,5.632,63.700,3.072,0.000,0.000
"03:00",0.000,4.966,63.700,3.584,0.000,0.000
"03:15",0.000,5.222,63.700,3.686,0.000,0.000
"03:30",0.000,5.990,63.700,3.379,0.000,0.000
"03:45",0.000,4.813,63.700,3.840,0.000,0.000
"04:00",0.000,4.966,63.700,3.686,0.000,0.000
"04:15",0.000,5.222,63.700,3.686,0.000,0.000
"04:30",0.000,5.274,63.700,3.584,0.000,0.000
"04:45",0.000,5.069,63.700,3.891,0.000,0.000
"05:00",0.000,5.069,63.700,4.147,0.000,0.000
"05:15",0.000,5.939,63.700,3.584,0.000,0.000
"05:30",0.000,5.018,63.700,4.250,0.000,0.000
"05:45",0.000,4.813,63.700,3.942,0.000,0.000
"06:00",0.000,5.683,63.700,3.584,0.000,0.000
"06:15",0.000,4.813,63.700,3.994,0.000,0.000
"06:30",0.000,4.813,63.700,4.045,0.000,0.000
"06:45",0.000,5.632,63.700,3.840,0.000,0.000
"07:00",0.000,5.222,63.700,4.198,0.000,0.000
"07:15",0.000,5.325,63.700,4.250,0.000,0.000
"07:30",0.000,5.222,63.700,3.686,0.000,0.000
"07:45",0.000,4.506,63.700,3.738,0.000,0.000
"08:00",0.000,4.147,63.700,3.328,0.000,0.000
"08:15",0.768,2.304,63.700,1.741,0.051,0.000
"08:30",6.502,0.000,63.700,0.000,0.000,0.000
"08:45",13.210,0.000,63.700,0.000,0.000,0.000
"09:00",20.224,0.000,63.700,0.000,0.000,0.051
"09:15",15.360,1.126,63.700,0.000,1.280,0.614
"09:30",18.483,1.843,63.700,0.000,1.280,3.840
"09:45",30.566,0.000,63.700,0.000,0.000,0.102
"10:00",42.496,0.000,63.700,0.000,0.000,0.051
"10:15",54.989,0.000,63.700,0.000,0.000,0.154
"10:30",50.739,0.000,63.700,0.000,0.000,0.358
"10:45",60.723,0.000,63.700,0.000,0.000,0.307
"11:00",48.589,0.000,63.700,0.000,0.000,0.205
"11:15",65.843,0.000,63.700,0.000,0.000,0.512
"11:30",43.469,0.000,63.700,0.000,0.000,0.205
"11:45",29.747,0.000,63.700,0.000,0.000,0.205
"12:00",27.392,0.000,63.700,0.000,0.000,0.205
"12:15",34.918,0.000,63.700,0.000,0.000,0.307
"12:30",29.696,0.000,63.700,0.000,0.000,2.509
"12:45",39.424,0.000,63.800,0.000,0.000,0.307
"13:00",47.206,0.000,63.800,0.000,0.000,0.205
"13:15",45.005,0.000,63.700,0.000,0.000,0.205
"13:30",48.845,0.000,63.800,0.000,0.000,0.614
"13:45",39.475,0.000,63.800,0.000,0.000,0.358
"14:00",54.528,0.000,63.800,0.000,0.000,0.666
"14:15",39.987,0.000,63.800,0.000,0.000,0.614
"14:30",53.350,0.000,63.800,0.000,0.000,0.768
"14:45",24.422,0.000,63.700,0.000,0.000,0.410
"15:00",37.632,0.000,63.700,0.000,0.000,0.512
"15:15",29.440,0.000,63.700,0.000,0.000,0.461
"15:30",30.310,0.000,63.700,0.000,0.000,0.256
"15:45",31.386,0.000,63.700,0.000,0.000,0.256
"16:00",28.109,0.000,63.700,0.000,0.000,0.461
"16:15",32.205,0.000,63.700,0.000,0.000,0.358
"16:30",37.530,0.000,63.700,0.000,0.000,0.461
"16:45",26.163,0.000,63.700,0.000,0.000,0.205
"17:00",40.755,0.000,63.700,0.000,0.000,0.512
"17:15",23.654,0.000,63.700,0.000,0.000,0.256
"17:30",37.376,0.000,63.700,0.000,0.000,0.256
"17:45",32.870,0.000,63.800,0.000,0.000,0.256
"18:00",14.336,0.000,63.800,0.000,0.000,0.051
"18:15",17.459,0.000,63.800,0.000,0.000,0.000
"18:30",2.714,0.717,63.700,1.126,0.051,0.000
"18:45",0.819,2.304,63.700,2.048,0.000,0.000
"19:00",0.154,4.301,63.700,2.560,0.154,0.000
"19:15",0.000,5.530,63.700,3.328,0.000,0.000
"19:30",0.000,5.478,63.700,3.686,0.000,0.000
"19:45",0.000,5.888,63.700,3.482,0.000,0.000
"20:00",0.000,5.120,63.700,3.789,0.000,0.000
"20:15",0.000,5.990,63.700,3.379,0.000,0.000
"20:30",0.000,6.451,63.700,3.482,0.000,0.000
"20:45",0.000,5.376,63.600,3.686,0.000,0.000
"21:00",0.000,5.683,63.700,3.072,0.000,0.000
"21:15",0.000,4.915,63.600,3.686,0.000,0.000
"21:30",0.000,4.506,63.600,3.738,0.000,0.000
"21:45",0.000,5.990,63.700,3.277,0.000,0.000
"22:00",0.000,5.683,63.700,3.482,0.000,0.000
"22:15",0.000,5.581,63.600,3.635,0.000,0.000
"22:30",0.000,6.605,63.700,3.174,0.000,0.000
"22:45",0.000,5.274,63.700,3.738,0.000,0.000
"23:00",0.000,5.530,63.700,3.533,0.000,0.000
"23:15",0.000,4.966,63.700,3.891,0.000,0.000
"23:30",0.000,5.222,63.600,3.635,0.000,0.000
"23:45",0.000,5.990,63.600,3.072,0.000,0.000
" 3/29/26 24:00",0.000,5.069,63.600,3.430,0.000,0.000
