"kwh"
"Time ","DAGSR01P","DAGSR01P","DAGSR01P","DAGSR01P","DAGSR01P","DAGSR01P"
" 6/30/26 00:15",0.000,5.581,63.600,6.349,0.000,0.000
" 6/30/26 00:30",0.000,5.939,63.700,6.554,0.000,0.000
"00:45",0.000,5.581,63.700,6.502,0.000,0.000
"01:00",0.000,5.581,63.600,6.298,0.000,0.000
"01:15",0.000,5.120,63.700,6.707,0.000,0.000
"01:30",0.000,5.530,63.700,6.502,0.000,0.000
"01:45",0.000,5.376,63.700,6.656,0.000,0.000
"02:00",0.000,6.144,63.700,6.656,0.000,0.000
"02:15",0.000,5.581,63.700,6.656,0.000,0.000
"02:30",0.000,5.274,63.700,6.707,0.000,0.000
"02:45",0.000,5.530,63.700,6.605,0.000,0.000
"03:00",0.000,5.325,63.700,6.810,0.000,0.000
"03:15",0.000,5.222,63.700,6.707,0.000,0.000
"03:30",0.000,5.274,63.600,6.861,0.000,0.000
"03:45",0.000,4.864,63.600,7.014,0.000,0.000
"04:00",0.000,5.325,63.600,6.963,0.000,0.000
"04:15",0.000,5.018,63.600,7.014,0.000,0.000
"04:30",0.000,5.274,63.600,7.014,0.000,0.000
"04:45",0.000,5.939,63.600,7.168,0.000,0.000
"05:00",0.000,5.018,63.600,7.117,0.000,0.000
"05:15",0.000,4.966,63.600,6.963,0.000,0.000
"05:30",0.000,4.710,63.600,6.861,0.000,0.000
"05:45",0.000,4.608,63.600,7.014,0.000,0.000
"06:00",0.000,4.813,63.600,6.861,0.000,0.000
"06:15",0.000,5.120,63.600,6.912,0.000,0.000
"06:30",0.000,5.274,63.600,6.810,0.000,0.000
"06:45",0.000,5.069,63.700,6.810,0.000,0.000
"07:00",0.000,5.325,63.600,6.554,0.000,0.000
"07:15",0.000,5.530,63.600,6.246,0.000,0.000
"07:30",0.000,5.888,63.600,6.605,0.000,0.000
"07:45",0.000,5.939,63.600,6.554,0.000,0.000
"08:00",0.000,6.451,63.600,6.656,0.000,0.000
"08:15",0.000,6.298,63.600,6.400,0.000,0.000
"08:30",0.000,5.478,63.600,6.195,0.000,0.000
"08:45",0.000,5.171,63.600,6.042,0.000,0.000
"09:00",0.000,4.762,63.600,5.837,0.000,0.000
"09:15",1.997,0.768,63.600,1.638,0.000,0.000
"09:30",17.818,0.000,63.600,0.000,0.000,0.000
"09:45",29.747,0.000,63.600,0.000,0.000,0.000
"10:00",37.632,0.000,63.600,0.000,0.000,0.000
"10:15",45.210,0.000,63.600,0.000,0.000,0.000
"10:30",43.059,0.000,63.700,0.000,0.000,4.813
"10:45",60.058,0.000,63.700,0.000,0.000,0.000
"11:00",66.611,0.000,63.700,0.000,0.000,0.000
"11:15",72.243,0.000,63.700,0.000,0.000,0.000
"11:30",76.083,0.000,63.700,0.000,0.000,0.000
"11:45",80.998,0.000,63.700,0.000,0.000,0.000
"12:00",84.582,0.000,63.700,0.000,0.000,0.000
"12:15",87.962,0.000,63.700,0.000,0.000,0.051
"12:30",91.034,0.000,63.700,0.000,0.000,0.000
"12:45",85.350,0.000,63.700,0.000,0.000,3.789
"13:00",94.208,0.000,63.700,0.000,0.000,0.000
"13:15",96.410,0.000,63.700,0.000,0.000,0.051
"13:30",96.666,0.000,63.700,0.000,0.000,0.051
"13:45",88.218,0.000,63.700,0.000,0.000,4.762
"14:00",94.618,0.000,63.700,0.000,0.000,0.870
"14:15",90.675,0.000,63.700,0.000,0.000,0.000
"14:30",92.928,0.000,63.800,0.000,0.000,0.051
"14:45",81.050,0.000,63.800,0.000,0.000,6.400
"15:00",89.395,0.000,63.700,0.000,0.000,0.000
"15:15",86.579,0.000,63.700,0.000,0.000,0.000
"15:30",82.483,0.000,63.800,0.000,0.000,0.000
"15:45",78.029,0.000,63.800,0.000,0.000,0.000
"16:00",73.062,0.000,63.700,0.000,0.000,0.000
"16:15",67.942,0.000,63.700,0.000,0.000,0.000
"16:30",61.901,0.000,63.700,0.000,0.000,0.000
"16:45",19.405,0.000,63.100,0.000,0.000,0.000
"17:00",0.051,1.126,63.300,0.717,0.051,0.000
"17:15",17.408,0.000,63.700,0.000,0.000,0.000
"17:30",32.000,0.000,63.700,0.000,0.000,0.000
"17:45",22.170,0.000,63.700,0.000,0.000,0.000
"18:00",2.048,0.205,63.700,1.536,0.000,0.000
"18:15",0.307,2.048,63.700,4.147,0.000,0.000
"18:30",0.000,5.376,63.700,6.042,0.000,0.000
"18:45",0.000,5.632,63.700,5.786,0.000,0.000
"19:00",0.000,5.786,63.700,5.530,0.000,0.000
"19:15",0.000,5.581,63.700,5.530,0.000,0.000
"19:30",0.000,5.427,63.700,5.683,0.000,0.000
"19:45",0.000,5.632,63.700,5.939,0.000,0.000
"20:00",0.000,5.274,63.700,5.837,0.000,0.000
"20:15",0.000,5.427,63.700,6.093,0.000,0.000
"20:30",0.000,6.554,63.700,5.888,0.000,0.000
"20:45",0.000,5.939,63.700,5.939,0.000,0.000
"21:00",0.000,6.042,63.700,5.786,0.000,0.000
"21:15",0.000,6.246,63.700,5.888,0.000,0.000
"21:30",0.000,5.888,63.700,6.042,0.000,0.000
"21:45",0.000,5.581,63.700,5.734,0.000,0.000
"22:00",0.000,5.683,63.700,6.042,0.000,0.000
"22:15",0.000,5.939,63.700,6.400,0.000,0.000
"22:30",0.000,6.093,63.700,6.758,0.000,0.000
"22:45",0.000,5.786,63.600,6.861,0.000,0.000
"23:00",0.000,5.530,63.600,6.349,0.000,0.000
"23:15",0.000,5.325,63.600,6.144,0.000,0.000
"23:30",0.000,5.581,63.600,6.554,0.000,0.000
"23:45",0.000,5.990,63.600,5.786,0.000,0.000
" 6/30/26 24:00",0.000,6.042,63.600,6.042,0.000,0.000
