"kwh"
"Time ","DAGSR01P","DAGSR01P","DAGSR01P","DAGSR01P","DAGSR01P","DAGSR01P"
"10/08/26 00:15",0.000,139.366,63.600,0.000,70.554,0.000
"10/08/26 00:30",0.000,139.827,63.600,0.000,70.451,0.000
"00:45",0.000,139.469,63.600,0.000,70.707,0.000
"01:00",0.000,139.162,63.600,0.000,70.758,0.000
"01:15",0.000,139.520,63.600,0.000,70.810,0.000
"01:30",0.000,139.059,63.600,0.000,70.861,0.000
"01:45",0.000,139.162,63.600,0.000,70.707,0.000
"02:00",0.000,139.110,63.600,0.000,70.758,0.000
"02:15",0.000,139.162,63.600,0.000,70.707,0.000
"02:30",0.000,139.162,63.600,0.000,70.605,0.000
"02:45",0.000,139.725,63.600,0.000,70.451,0.000
"03:00",0.000,140.186,63.600,0.000,69.786,0.000
"03:15",0.000,139.571,63.600,0.000,70.400,0.000
"03:30",0.000,139.059,63.600,0.000,70.758,0.000
"03:45",0.000,139.776,63.600,0.000,70.554,0.000
"04:00",0.000,139.213,63.600,0.000,70.758,0.000
"04:15",0.000,139.008,63.600,0.000,70.963,0.000
"04:30",0.000,139.571,63.600,0.000,70.400,0.000
"04:45",0.000,140.186,63.600,0.000,70.758,0.000
"05:00",0.000,140.544,63.600,0.000,70.502,0.000
"05:15",0.000,139.981,63.600,0.000,70.451,0.000
"05:30",0.000,139.264,63.600,0.000,70.349,0.000
"05:45",0.000,139.264,63.600,0.000,70.349,0.000
"06:00",0.000,139.264,63.600,0.000,70.400,0.000
"06:15",0.000,139.981,63.700,0.000,70.554,0.000
"06:30",0.000,139.827,63.700,0.000,70.246,0.000
"06:45",0.000,122.317,63.700,0.000,59.494,0.000
"07:00",0.000,104.397,63.700,0.000,48.230,0.000
"07:15",0.000,103.373,63.700,0.000,48.435,0.000
"07:30",0.000,101.018,63.700,0.000,48.691,0.000
"07:45",0.000,95.232,63.700,0.000,48.640,0.000
"08:00",0.000,87.808,63.700,0.000,48.742,0.000
"08:15",0.000,84.070,63.700,0.000,49.152,0.000
"08:30",0.000,90.880,63.700,0.000,49.510,0.000
"08:45",0.000,80.333,63.700,0.000,50.074,0.000
"09:00",0.000,72.653,63.600,0.000,50.125,0.000
"09:15",0.000,55.091,63.600,0.000,50.176,0.000
"09:30",0.000,39.987,63.600,0.000,50.022,0.000
"09:45",0.000,47.616,63.700,0.000,50.637,0.000
"10:00",0.051,22.630,63.700,0.000,50.125,1.382
"10:15",0.512,31.744,63.700,0.000,43.520,8.243
"10:30",1.536,38.963,63.700,0.000,41.421,9.267
"10:45",3.021,30.976,63.700,0.000,34.714,14.643
"11:00",0.410,41.216,63.600,0.000,46.336,2.253
"11:15",0.410,46.694,63.700,0.000,46.029,2.560
"11:30",2.816,28.928,63.700,0.000,36.506,12.851
"11:45",8.499,7.526,63.700,0.000,12.954,37.734
"12:00",11.520,0.717,63.700,0.000,2.560,48.384
"12:15",5.734,8.397,63.700,0.000,17.203,32.768
"12:30",2.970,27.750,63.700,0.000,32.410,16.589
"12:45",9.216,9.114,63.700,0.000,13.466,37.069
"13:00",7.987,14.182,63.700,0.000,18.483,31.949
"13:15",4.966,17.408,63.700,0.000,27.392,22.733
"13:30",5.530,18.227,63.700,0.000,26.112,24.320
"13:45",5.120,24.986,63.700,0.000,28.365,21.402
"14:00",0.666,38.042,63.700,0.000,46.182,2.867
"14:15",10.957,1.434,63.700,0.000,4.966,45.875
"14:30",8.243,5.427,63.700,0.000,11.366,39.219
"14:45",6.195,25.600,63.700,0.000,20.685,29.491
"15:00",13.261,0.000,63.600,0.000,0.000,50.227
"15:15",10.496,0.717,63.600,0.000,3.482,47.002
"15:30",9.370,0.000,63.700,0.000,1.331,48.845
"15:45",3.891,37.171,63.600,0.000,29.082,19.456
"16:00",2.406,45.466,63.700,0.000,33.946,15.258
"16:15",0.666,4.250,63.600,0.000,37.222,13.107
"16:30",0.000,12.902,63.700,0.000,50.381,0.000
"16:45",0.000,25.088,63.700,0.000,51.558,0.000
"17:00",0.000,29.645,63.700,0.000,49.203,0.000
"17:15",0.000,37.120,63.700,0.000,49.254,0.000
"17:30",0.000,44.442,63.700,0.000,48.794,0.000
"17:45",0.000,45.517,63.700,0.000,44.442,0.000
"18:00",0.000,36.403,63.700,0.000,33.741,0.000
"18:15",0.000,41.677,63.800,0.000,33.792,0.000
"18:30",0.000,49.971,63.700,0.000,34.099,0.000
"18:45",0.000,57.498,63.700,0.000,34.304,0.000
"19:00",0.000,63.232,63.700,0.000,34.662,0.000
"19:15",0.000,66.714,63.700,0.000,34.714,0.000
"19:30",0.000,68.403,63.600,0.000,34.253,0.000
"19:45",0.000,68.710,63.700,0.000,34.048,0.000
"20:00",0.000,68.659,63.700,0.000,33.946,0.000
"20:15",0.000,68.762,63.700,0.000,33.894,0.000
"20:30",0.000,68.608,63.600,0.000,33.946,0.000
"20:45",0.000,68.506,63.600,0.000,34.099,0.000
"21:00",0.000,68.659,63.600,0.000,34.150,0.000
"21:15",0.000,69.069,63.600,0.000,34.099,0.000
"21:30",0.000,68.966,63.700,0.000,33.690,0.000
"21:45",0.000,68.915,63.700,0.000,33.690,0.000
"22:00",0.000,68.608,63.700,0.000,33.690,0.000
"22:15",0.000,68.710,63.700,0.000,33.741,0.000
"22:30",0.000,69.018,63.600,0.000,33.690,0.000
"22:45",0.000,70.246,63.700,0.000,34.304,0.000
"23:00",0.000,71.731,63.700,0.000,35.482,0.000
"23:15",0.000,71.629,63.600,0.000,35.738,0.000
"23:30",0.000,71.526,63.700,0.000,35.840,0.000
"23:45",0.000,71.526,63.600,0.000,35.738,0.000
"10/08/26 24:00",0.000,71.373,63.700,0.000,35.635,0.000
