"kwh"
"Time ","DAGSR01P","DAGSR01P","DAGSR01P","DAGSR01P","DAGSR01P","DAGSR01P"
" 1/01/26 00:15",0.000,6.810,63.600,8.141,0.000,0.000
" 1/01/26 00:30",0.000,6.656,63.600,7.782,0.000,0.000
"00:45",0.000,4.250,63.600,8.704,0.000,0.000
"01:00",0.000,3.635,63.600,9.011,0.000,0.000
"01:15",0.000,3.635,63.600,9.267,0.000,0.000
"01:30",0.000,3.584,63.600,9.574,0.000,0.000
"01:45",0.000,3.686,63.600,9.523,0.000,0.000
"02:00",0.000,3.686,63.600,9.779,0.000,0.000
"02:15",0.000,3.942,63.600,9.523,0.000,0.000
"02:30",0.000,3.533,63.600,9.523,0.000,0.000
"02:45",0.000,3.738,63.600,9.421,0.000,0.000
"03:00",0.000,3.686,63.600,9.677,0.000,0.000
"03:15",0.000,3.379,63.600,9.574,0.000,0.000
"03:30",0.000,3.430,63.600,9.728,0.000,0.000
"03:45",0.000,3.482,63.600,9.677,0.000,0.000
"04:00",0.000,3.430,63.600,9.779,0.000,0.000
"04:15",0.000,3.430,63.600,9.984,0.000,0.000
"04:30",0.000,3.533,63.600,9.779,0.000,0.000
"04:45",0.000,3.942,63.600,9.882,0.000,0.000
"05:00",0.000,3.686,63.600,9.882,0.000,0.000
"05:15",0.000,3.430,63.600,9.984,0.000,0.000
"05:30",0.000,3.379,63.600,10.086,0.000,0.000
"05:45",0.000,3.430,63.600,10.138,0.000,0.000
"06:00",0.000,3.482,63.600,9.779,0.000,0.000
"06:15",0.000,3.430,63.600,9.882,0.000,0.000
"06:30",0.000,3.584,63.600,9.472,0.000,0.000
"06:45",0.102,3.277,63.600,6.554,0.000,0.000
"07:00",0.102,2.867,63.600,5.990,0.000,0.000
"07:15",0.461,2.304,63.600,5.939,0.000,0.000
"07:30",1.075,1.126,63.600,5.018,0.000,0.000
"07:45",4.147,0.051,63.600,1.331,0.000,0.000
"08:00",10.342,0.000,63.700,0.000,0.000,0.000
"08:15",17.562,0.000,63.600,0.000,0.000,0.000
"08:30",25.190,0.000,63.600,0.000,0.000,0.000
"08:45",28.467,0.000,63.600,0.000,0.000,0.000
"09:00",36.045,0.000,63.600,0.000,0.000,0.000
"09:15",43.776,0.000,63.600,0.000,0.000,0.000
"09:30",50.125,0.000,63.600,0.000,0.000,0.000
"09:45",56.474,0.000,63.600,0.000,0.000,0.000
"10:00",62.464,0.000,63.600,0.000,0.000,0.000
"10:15",68.250,0.000,63.600,0.000,0.000,0.000
"10:30",72.960,0.000,63.600,0.000,0.000,0.000
"10:45",77.722,0.000,63.600,0.000,0.000,0.000
"11:00",80.640,0.000,63.600,0.000,0.000,0.000
"11:15",84.582,0.000,63.600,0.000,0.000,0.000
"11:30",87.757,0.000,63.600,0.000,0.000,0.000
"11:45",90.163,0.000,63.700,0.000,0.000,0.000
"12:00",92.672,0.000,63.700,0.000,0.000,0.000
"12:15",97.075,0.000,63.700,0.000,0.000,0.000
"12:30",98.099,0.000,63.600,0.000,0.000,0.000
"12:45",98.304,0.000,63.600,0.000,0.000,0.000
"13:00",98.714,0.000,63.600,0.000,0.000,0.000
"13:15",98.765,0.000,63.700,0.000,0.000,0.000
"13:30",98.970,0.000,63.600,0.000,0.000,0.000
"13:45",98.662,0.000,63.600,0.000,0.000,0.000
"14:00",98.509,0.000,63.700,0.000,0.000,0.000
"14:15",97.792,0.000,63.600,0.000,0.000,0.000
"14:30",97.894,0.000,63.600,0.000,0.000,0.000
"14:45",96.666,0.000,63.700,0.000,0.000,0.000
"15:00",94.566,0.000,63.700,0.000,0.000,0.000
"15:15",92.211,0.000,63.700,0.000,0.000,0.000
"15:30",89.805,0.000,63.700,0.000,0.000,0.000
"15:45",86.323,0.000,63.700,0.000,0.000,0.000
"16:00",82.893,0.000,63.700,0.000,0.000,0.000
"16:15",78.848,0.000,63.700,0.000,0.000,0.000
"16:30",75.008,0.000,63.700,0.000,0.000,0.000
"16:45",69.069,0.000,63.700,0.000,0.000,0.000
"17:00",64.051,0.000,63.700,0.000,0.000,0.000
"17:15",59.187,0.000,63.600,0.000,0.000,0.000
"17:30",53.299,0.000,63.600,0.000,0.000,0.000
"17:45",47.923,0.000,63.700,0.000,0.000,0.000
"18:00",41.626,0.000,63.700,0.000,0.000,0.000
"18:15",34.918,0.000,63.700,0.000,0.000,0.000
"18:30",27.955,0.000,63.700,0.000,0.000,0.000
"18:45",20.890,0.000,63.700,0.000,0.000,0.000
"19:00",14.029,0.000,63.700,0.000,0.000,0.000
"19:15",7.680,0.000,63.600,0.000,0.000,0.000
"19:30",2.355,0.870,63.600,2.867,0.000,0.000
"19:45",0.000,3.891,63.600,6.810,0.000,0.000
"20:00",0.000,5.222,63.600,6.707,0.000,0.000
"20:15",0.000,5.939,63.600,6.656,0.000,0.000
"20:30",0.000,6.810,63.600,6.758,0.000,0.000
"20:45",0.000,7.168,63.600,7.168,0.000,0.000
"21:00",0.000,7.168,63.600,7.270,0.000,0.000
"21:15",0.000,7.219,63.600,7.270,0.000,0.000
"21:30",0.000,7.219,63.600,7.373,0.000,0.000
"21:45",0.000,7.168,63.600,7.731,0.000,0.000
"22:00",0.000,7.526,63.600,7.731,0.000,0.000
"22:15",0.000,7.117,63.600,7.782,0.000,0.000
"22:30",0.000,7.066,63.600,7.526,0.000,0.000
"22:45",0.000,7.219,63.600,7.782,0.000,0.000
"23:00",0.000,7.168,63.600,7.578,0.000,0.000
"23:15",0.000,7.117,63.600,7.526,0.000,0.000
"23:30",0.000,7.373,63.600,7.322,0.000,0.000
"23:45",0.000,7.782,63.600,7.117,0.000,0.000
" 1/01/26 24:00",0.000,5.325,63.600,8.653,0.000,0.000
