"kwh"
"Time ","DAGSR01P","DAGSR01P","DAGSR01P","DAGSR01P","DAGSR01P","DAGSR01P"
" 3/21/26 00:15",0.000,0.000,0.000,0.000,0.000,0.000
" 3/21/26 00:30",0.000,0.000,0.000,0.000,0.000,0.000
"00:45",0.000,0.000,0.000,0.000,0.000,0.000
"01:00",0.000,0.000,0.000,0.000,0.000,0.000
"01:15",0.000,0.000,0.000,0.000,0.000,0.000
"01:30",0.000,0.000,0.000,0.000,0.000,0.000
"01:45",0.000,0.000,0.000,0.000,0.000,0.000
"02:00",0.000,0.000,0.000,0.000,0.000,0.000
"02:15",0.000,0.000,0.000,0.000,0.000,0.000
"02:30",0.000,0.000,0.000,0.000,0.000,0.000
"02:45",0.000,0.000,0.000,0.000,0.000,0.000
"03:00",0.000,0.000,0.000,0.000,0.000,0.000
"03:15",0.000,0.000,0.000,0.000,0.000,0.000
"03:30",0.000,0.000,0.000,0.000,0.000,0.000
"03:45",0.000,0.000,0.000,0.000,0.000,0.000
"04:00",0.000,0.000,0.000,0.000,0.000,0.000
"04:15",0.000,0.000,0.000,0.000,0.000,0.000
"04:30",0.000,0.000,0.000,0.000,0.000,0.000
"04:45",0.000,0.000,0.000,0.000,0.000,0.000
"05:00",0.000,0.000,0.000,0.000,0.000,0.000
"05:15",0.000,0.000,0.000,0.000,0.000,0.000
"05:30",0.000,0.000,0.000,0.000,0.000,0.000
"05:45",0.000,0.000,0.000,0.000,0.000,0.000
"06:00",0.000,0.000,0.000,0.000,0.000,0.000
"06:15",0.000,0.000,0.000,0.000,0.000,0.000
"06:30",0.000,0.000,0.000,0.000,0.000,0.000
"06:45",0.000,0.000,0.000,0.000,0.000,0.000
"07:00",0.000,0.000,0.000,0.000,0.000,0.000
"07:15",0.000,0.000,0.000,0.000,0.000,0.000
"07:30",0.000,0.000,0.000,0.000,0.000,0.000
"07:45",0.000,0.000,0.000,0.000,0.000,0.000
"08:00",0.000,0.000,0.000,0.000,0.000,0.000
"08:15",0.000,0.000,0.000,0.000,0.000,0.000
"08:30",0.000,0.000,0.000,0.000,0.000,0.000
"08:45",0.000,0.000,0.000,0.000,0.000,0.000
"09:00",0.000,0.000,0.000,0.000,0.000,0.000
"09:15",0.000,0.000,0.000,0.000,0.000,0.000
"09:30",0.000,0.922,18.800,6.298,0.000,0.000
"09:45",0.051,2.765,30.200,9.677,0.000,0.000
"10:00",15.360,1.331,63.600,2.304,0.000,0.000
"10:15",40.192,0.000,63.700,0.000,0.000,0.000
"10:30",50.790,0.000,63.600,0.000,0.000,0.000
"10:45",55.398,0.000,63.600,0.000,0.000,0.000
"11:00",59.699,0.000,63.700,0.000,0.000,0.000
"11:15",61.850,0.000,63.600,0.000,0.000,0.000
"11:30",64.973,0.000,63.600,0.000,0.000,0.000
"11:45",67.072,0.000,63.700,0.000,0.000,0.000
"12:00",68.710,0.000,63.700,0.000,0.000,0.000
"12:15",68.096,0.000,63.700,0.000,0.000,0.256
"12:30",70.963,0.000,63.700,0.000,0.000,0.102
"12:45",71.322,0.000,63.700,0.000,0.000,0.000
"13:00",71.834,0.000,63.700,0.000,0.000,0.000
"13:15",72.602,0.000,63.700,0.000,0.000,0.000
"13:30",72.755,0.000,63.700,0.000,0.000,0.000
"13:45",65.024,0.000,63.700,0.000,0.000,0.000
"14:00",70.912,0.000,63.700,0.000,0.000,0.000
"14:15",70.246,0.000,63.700,0.000,0.000,0.000
"14:30",72.346,0.000,63.700,0.000,0.000,0.000
"14:45",71.270,0.000,63.700,0.000,0.000,0.000
"15:00",70.502,0.000,63.700,0.000,0.000,0.000
"15:15",68.198,0.000,63.700,0.000,0.000,0.000
"15:30",66.304,0.000,63.700,0.000,0.000,0.000
"15:45",64.410,0.000,63.700,0.000,0.000,0.000
"16:00",61.901,0.000,63.700,0.000,0.000,0.000
"16:15",57.907,0.000,63.700,0.000,0.000,0.000
"16:30",54.221,0.000,63.700,0.000,0.000,0.000
"16:45",49.971,0.000,63.700,0.000,0.000,0.000
"17:00",46.234,0.000,63.700,0.000,0.000,0.000
"17:15",41.523,0.000,63.700,0.000,0.000,0.000
"17:30",36.147,0.000,63.700,0.000,0.000,0.000
"17:45",30.822,0.000,63.700,0.000,0.000,0.000
"18:00",25.498,0.000,63.700,0.000,0.000,0.000
"18:15",19.200,0.000,63.700,0.000,0.000,0.000
"18:30",13.773,0.000,63.700,0.000,0.000,0.000
"18:45",7.885,0.000,63.700,0.000,0.000,0.000
"19:00",2.867,0.102,63.700,1.280,0.000,0.000
"19:15",0.819,2.048,63.700,3.635,0.000,0.000
"19:30",0.051,3.686,63.700,4.813,0.000,0.000
"19:45",0.000,3.994,63.700,5.786,0.000,0.000
"20:00",0.000,4.198,63.700,5.325,0.000,0.000
"20:15",0.000,4.710,63.700,4.966,0.000,0.000
"20:30",0.000,4.198,63.700,5.325,0.000,0.000
"20:45",0.000,4.198,63.700,5.376,0.000,0.000
"21:00",0.000,4.557,63.700,5.683,0.000,0.000
"21:15",0.000,4.096,63.700,5.734,0.000,0.000
"21:30",0.000,4.096,63.700,5.734,0.000,0.000
"21:45",0.000,4.250,63.700,5.786,0.000,0.000
"22:00",0.000,4.659,63.700,6.093,0.000,0.000
"22:15",0.000,3.994,63.700,5.990,0.000,0.000
"22:30",0.000,4.045,63.700,6.144,0.000,0.000
"22:45",0.000,4.045,63.700,6.042,0.000,0.000
"23:00",0.000,4.762,63.700,6.144,0.000,0.000
"23:15",0.000,4.608,63.700,6.298,0.000,0.000
"23:30",0.000,4.608,63.700,5.990,0.000,0.000
"23:45",0.000,4.710,63.700,5.888,0.000,0.000
" 3/21/26 24:00",0.000,4.557,63.700,5.888,0.000,0.000
