"kwh"
"Time ","DAGSR01P","DAGSR01P","DAGSR01P","DAGSR01P","DAGSR01P","DAGSR01P"
" 2/18/26 00:15",0.000,5.171,63.600,6.810,0.000,0.000
" 2/18/26 00:30",0.000,4.659,63.600,7.322,0.000,0.000
"00:45",0.000,5.018,63.600,7.475,0.000,0.000
"01:00",0.000,5.018,63.600,7.424,0.000,0.000
"01:15",0.000,5.581,63.600,7.424,0.000,0.000
"01:30",0.000,6.554,63.600,6.605,0.000,0.000
"01:45",0.000,6.554,63.600,6.246,0.000,0.000
"02:00",0.000,5.734,63.600,6.758,0.000,0.000
"02:15",0.000,5.222,63.600,7.424,0.000,0.000
"02:30",0.000,5.120,63.600,7.424,0.000,0.000
"02:45",0.000,5.018,63.600,7.475,0.000,0.000
"03:00",0.000,5.018,63.600,7.629,0.000,0.000
"03:15",0.000,5.837,63.600,7.219,0.000,0.000
"03:30",0.000,5.837,63.600,6.912,0.000,0.000
"03:45",0.000,5.632,63.600,6.810,0.000,0.000
"04:00",0.000,4.915,63.600,7.475,0.000,0.000
"04:15",0.000,4.762,63.600,7.475,0.000,0.000
"04:30",0.000,5.222,63.600,7.526,0.000,0.000
"04:45",0.000,5.069,63.600,7.731,0.000,0.000
"05:00",0.000,5.427,63.600,7.219,0.000,0.000
"05:15",0.000,5.478,63.600,7.117,0.000,0.000
"05:30",0.000,5.683,63.600,7.066,0.000,0.000
"05:45",0.000,5.069,63.600,7.629,0.000,0.000
"06:00",0.000,4.762,63.600,7.680,0.000,0.000
"06:15",0.000,4.403,63.600,7.475,0.000,0.000
"06:30",0.000,4.454,63.600,7.834,0.000,0.000
"06:45",0.000,4.659,63.600,7.885,0.000,0.000
"07:00",0.000,5.018,63.600,7.885,0.000,0.000
"07:15",0.000,5.069,63.600,7.219,0.000,0.000
"07:30",0.000,4.045,63.600,7.066,0.000,0.000
"07:45",0.307,2.714,63.600,5.018,0.000,0.000
"08:00",1.024,1.434,63.600,4.506,0.000,0.000
"08:15",4.045,0.000,63.600,0.512,0.000,0.000
"08:30",10.035,0.000,63.600,0.000,0.000,0.000
"08:45",19.610,0.000,63.600,0.000,0.000,0.000
"09:00",23.142,0.000,63.600,0.000,0.000,0.307
"09:15",30.003,0.000,63.700,0.000,0.000,0.102
"09:30",37.376,0.000,63.600,0.000,0.000,0.000
"09:45",43.878,0.000,63.600,0.000,0.000,0.000
"10:00",50.944,0.000,63.600,0.000,0.000,0.154
"10:15",56.115,0.000,63.600,0.000,0.000,0.461
"10:30",64.410,0.000,63.600,0.000,0.000,0.563
"10:45",68.762,0.000,63.700,0.000,0.000,0.717
"11:00",74.752,0.000,63.700,0.000,0.000,0.461
"11:15",63.232,0.000,63.700,0.000,0.000,0.410
"11:30",59.085,0.000,63.600,0.000,0.000,0.358
"11:45",46.643,0.000,63.600,0.000,0.000,0.205
"12:00",64.870,0.000,63.700,0.000,0.000,0.461
"12:15",57.498,0.000,63.700,0.000,0.000,0.819
"12:30",84.378,0.000,63.700,0.000,0.000,1.075
"12:45",95.949,0.000,63.700,0.000,0.000,0.563
"13:00",86.323,0.000,63.600,0.000,0.000,0.256
"13:15",95.027,0.000,63.600,0.000,0.000,0.307
"13:30",89.958,0.000,63.600,0.000,0.000,0.205
"13:45",96.307,0.000,63.700,0.000,0.000,0.205
"14:00",96.154,0.000,63.700,0.000,0.000,0.461
"14:15",95.642,0.000,63.700,0.000,0.000,0.563
"14:30",94.310,0.000,63.700,0.000,0.000,0.563
"14:45",93.440,0.000,63.700,0.000,0.000,0.358
"15:00",91.853,0.000,63.600,0.000,0.000,0.256
"15:15",89.139,0.000,63.600,0.000,0.000,0.307
"15:30",63.949,0.000,63.600,0.000,0.000,0.307
"15:45",86.682,0.000,63.600,0.000,0.000,0.358
"16:00",80.640,0.000,63.600,0.000,0.000,0.410
"16:15",74.854,0.000,63.600,0.000,0.000,0.410
"16:30",71.936,0.000,63.600,0.000,0.000,0.307
"16:45",66.714,0.000,63.600,0.000,0.000,0.102
"17:00",62.157,0.000,63.600,0.000,0.000,0.000
"17:15",57.088,0.000,63.600,0.000,0.000,0.000
"17:30",51.149,0.000,63.600,0.000,0.000,0.000
"17:45",44.749,0.000,63.600,0.000,0.000,0.000
"18:00",37.478,0.000,63.600,0.000,0.000,0.000
"18:15",30.720,0.000,63.600,0.000,0.000,0.000
"18:30",24.320,0.000,63.600,0.000,0.000,0.000
"18:45",18.278,0.000,63.600,0.000,0.000,0.000
"19:00",12.032,0.000,63.600,0.000,0.000,0.000
"19:15",5.990,0.000,63.600,0.000,0.000,0.000
"19:30",1.843,0.870,63.600,3.123,0.000,0.000
"19:45",0.461,2.867,63.600,3.686,0.000,0.000
"20:00",0.000,5.171,63.600,5.171,0.000,0.000
"20:15",0.000,6.400,63.600,5.325,0.000,0.000
"20:30",0.000,6.502,63.600,5.734,0.000,0.000
"20:45",0.000,5.478,63.600,6.349,0.000,0.000
"21:00",0.000,5.274,63.600,6.349,0.000,0.000
"21:15",0.000,4.966,63.600,6.656,0.000,0.000
"21:30",0.000,4.864,63.600,6.400,0.000,0.000
"21:45",0.000,5.530,63.600,5.888,0.000,0.000
"22:00",0.000,5.581,63.600,6.144,0.000,0.000
"22:15",0.000,5.478,63.600,6.502,0.000,0.000
"22:30",0.000,4.864,63.600,6.758,0.000,0.000
"22:45",0.000,5.120,63.600,6.912,0.000,0.000
"23:00",0.000,5.018,63.600,7.117,0.000,0.000
"23:15",0.000,5.171,63.600,6.963,0.000,0.000
"23:30",0.000,5.990,63.600,5.632,0.000,0.000
"23:45",0.000,6.195,63.600,5.734,0.000,0.000
" 2/18/26 24:00",0.000,6.605,63.600,5.888,0.000,0.000
