"kwh"
"Time ","DAGSR01P","DAGSR01P","DAGSR01P","DAGSR01P","DAGSR01P","DAGSR01P"
" 5/05/26 00:15",0.000,71.731,63.600,0.000,28.928,0.000
" 5/05/26 00:30",0.000,70.810,63.600,0.000,28.570,0.000
"00:45",0.000,70.758,63.600,0.000,28.723,0.000
"01:00",0.000,71.526,63.600,0.000,28.928,0.000
"01:15",0.000,70.400,63.600,0.000,28.467,0.000
"01:30",0.000,70.656,63.600,0.000,28.467,0.000
"01:45",0.000,72.090,63.600,0.000,29.338,0.000
"02:00",0.000,71.219,63.600,0.000,28.877,0.000
"02:15",0.000,70.400,63.600,0.000,28.006,0.000
"02:30",0.000,70.605,63.600,0.000,28.160,0.000
"02:45",0.000,71.680,63.600,0.000,28.877,0.000
"03:00",0.000,70.758,63.600,0.000,27.802,0.000
"03:15",0.000,71.014,63.600,0.000,27.546,0.000
"03:30",0.000,71.885,63.600,0.000,28.467,0.000
"03:45",0.000,71.219,63.600,0.000,28.109,0.000
"04:00",0.000,70.912,63.600,0.000,27.494,0.000
"04:15",0.000,70.861,63.600,0.000,27.648,0.000
"04:30",0.000,71.475,63.600,0.000,28.365,0.000
"04:45",0.000,70.502,63.600,0.000,27.546,0.000
"05:00",0.000,70.912,63.600,0.000,27.494,0.000
"05:15",0.000,71.885,63.600,0.000,28.774,0.000
"05:30",0.000,71.014,63.600,0.000,28.211,0.000
"05:45",0.000,43.213,63.600,0.000,11.776,0.000
"06:00",0.000,37.376,63.600,0.000,8.806,0.000
"06:15",0.000,37.478,63.600,0.000,9.062,0.000
"06:30",0.000,37.018,63.600,0.000,8.602,0.000
"06:45",0.000,37.222,63.600,0.000,8.755,0.000
"07:00",0.000,38.400,63.600,0.000,9.626,0.000
"07:15",0.000,43.622,63.500,0.000,10.906,0.000
"07:30",0.000,70.042,63.500,0.000,18.739,0.000
"07:45",0.000,58.266,63.500,0.000,15.514,0.000
"08:00",0.000,38.144,63.600,0.000,9.370,0.000
"08:15",0.000,37.888,63.500,0.000,9.011,0.000
"08:30",0.000,35.635,63.500,0.000,9.472,0.000
"08:45",0.000,27.904,63.600,0.000,10.086,0.000
"09:00",0.000,16.282,63.600,0.000,9.523,0.000
"09:15",0.000,8.141,63.600,0.000,9.421,0.000
"09:30",1.229,1.894,63.600,0.000,5.734,4.506
"09:45",7.680,0.000,63.600,0.000,0.154,10.138
"10:00",15.821,0.000,63.600,0.000,0.000,9.626
"10:15",20.992,0.000,63.700,0.000,0.000,10.957
"10:30",27.443,0.000,63.600,0.000,0.000,10.957
"10:45",34.202,0.000,63.600,0.000,0.000,10.240
"11:00",38.349,0.000,63.600,0.000,0.000,11.264
"11:15",42.957,0.000,63.700,0.000,0.000,11.725
"11:30",47.155,0.000,63.700,0.000,0.000,11.213
"11:45",50.893,0.000,63.700,0.000,0.000,11.776
"12:00",54.323,0.000,63.700,0.000,0.000,12.442
"12:15",58.982,0.000,63.700,0.000,0.000,11.981
"12:30",60.109,0.000,63.700,0.000,0.000,11.674
"12:45",60.570,0.000,63.700,0.000,0.000,12.749
"13:00",56.730,0.000,63.700,0.000,0.000,12.186
"13:15",49.869,0.000,63.700,0.000,0.000,11.315
"13:30",61.645,0.000,63.700,0.000,0.000,12.390
"13:45",72.653,0.000,63.700,0.000,0.000,13.670
"14:00",69.274,0.000,63.700,0.000,0.000,12.186
"14:15",62.259,0.000,63.700,0.000,0.000,11.981
"14:30",64.973,0.000,63.700,0.000,0.000,13.005
"14:45",61.184,0.000,63.700,0.000,0.000,11.878
"15:00",55.501,0.000,63.700,0.000,0.000,11.366
"15:15",50.995,0.000,63.700,0.000,0.000,11.930
"15:30",68.352,0.000,63.700,0.000,0.000,4.250
"15:45",75.674,0.000,63.700,0.000,0.000,0.102
"16:00",70.400,0.000,63.700,0.000,0.000,0.205
"16:15",64.614,0.000,63.700,0.000,0.000,0.461
"16:30",60.006,0.000,63.700,0.000,0.000,0.000
"16:45",54.067,0.000,63.700,0.000,0.000,0.000
"17:00",46.848,0.000,63.700,0.000,0.000,0.102
"17:15",39.987,0.000,63.700,0.000,0.000,0.051
"17:30",33.178,0.000,63.700,0.000,0.000,0.000
"17:45",24.525,0.000,63.700,0.000,0.000,0.000
"18:00",15.155,0.000,63.700,0.000,0.000,0.051
"18:15",6.861,0.256,63.700,0.512,0.000,0.000
"18:30",0.256,2.970,63.700,2.918,0.000,0.000
"18:45",0.000,5.939,63.700,3.174,0.051,0.000
"19:00",0.000,5.683,63.700,3.840,0.000,0.000
"19:15",0.000,5.325,63.700,4.301,0.000,0.000
"19:30",0.000,6.246,63.700,3.533,0.000,0.000
"19:45",0.000,6.400,63.700,3.277,0.000,0.000
"20:00",0.000,5.018,63.700,3.942,0.000,0.000
"20:15",0.000,5.274,63.700,3.994,0.000,0.000
"20:30",0.000,6.605,63.700,3.174,0.000,0.000
"20:45",0.000,5.530,63.600,4.352,0.000,0.000
"21:00",0.000,5.478,63.600,4.557,0.000,0.000
"21:15",0.000,5.786,63.600,4.096,0.000,0.000
"21:30",0.000,6.502,63.600,3.891,0.000,0.000
"21:45",0.000,4.557,63.700,4.659,0.000,0.000
"22:00",0.000,4.352,63.700,4.659,0.000,0.000
"22:15",0.000,5.478,63.700,3.686,0.000,0.000
"22:30",0.000,5.069,63.700,4.301,0.000,0.000
"22:45",0.000,4.403,63.700,4.659,0.000,0.000
"23:00",0.000,5.274,63.700,4.454,0.000,0.000
"23:15",0.000,6.246,63.700,4.454,0.000,0.000
"23:30",0.000,5.376,63.700,5.222,0.000,0.000
"23:45",0.000,5.274,63.700,4.454,0.000,0.000
" 5/05/26 24:00",0.000,5.990,63.700,3.635,0.000,0.000
