"kwh"
"Time ","DAGSR01P","DAGSR01P","DAGSR01P","DAGSR01P","DAGSR01P","DAGSR01P"
" 4/16/26 00:15",0.000,4.352,63.600,5.120,0.000,0.000
" 4/16/26 00:30",0.000,4.762,63.600,5.018,0.000,0.000
"00:45",0.000,4.966,63.600,4.659,0.000,0.000
"01:00",0.000,4.506,63.700,5.581,0.000,0.000
"01:15",0.000,4.608,63.700,5.786,0.000,0.000
"01:30",0.000,4.762,63.600,5.632,0.000,0.000
"01:45",0.000,4.352,63.700,5.888,0.000,0.000
"02:00",0.000,4.506,63.600,5.734,0.000,0.000
"02:15",0.000,4.915,63.600,5.888,0.000,0.000
"02:30",0.000,4.454,63.700,5.888,0.000,0.000
"02:45",0.000,4.506,63.600,5.786,0.000,0.000
"03:00",0.000,5.120,63.600,5.939,0.000,0.000
"03:15",0.000,4.915,63.600,5.990,0.000,0.000
"03:30",0.000,4.608,63.600,5.939,0.000,0.000
"03:45",0.000,4.506,63.600,6.042,0.000,0.000
"04:00",0.000,4.608,63.600,5.990,0.000,0.000
"04:15",0.000,5.581,63.700,5.376,0.000,0.000
"04:30",0.000,4.710,63.600,6.042,0.000,0.000
"04:45",0.000,4.557,63.600,6.093,0.000,0.000
"05:00",0.000,4.608,63.600,5.990,0.000,0.000
"05:15",0.000,4.557,63.600,5.990,0.000,0.000
"05:30",0.000,4.813,63.600,5.939,0.000,0.000
"05:45",0.000,4.762,63.600,5.939,0.000,0.000
"06:00",0.000,4.506,63.600,5.837,0.000,0.000
"06:15",0.000,5.325,63.600,5.734,0.000,0.000
"06:30",0.000,4.710,63.600,5.632,0.000,0.000
"06:45",0.000,4.608,63.700,5.734,0.000,0.000
"07:00",0.000,5.222,63.600,5.837,0.000,0.000
"07:15",0.000,5.939,63.700,5.581,0.000,0.000
"07:30",0.000,5.376,63.600,5.581,0.000,0.000
"07:45",0.000,5.018,63.600,5.683,0.000,0.000
"08:00",0.000,5.581,63.600,5.069,0.000,0.000
"08:15",0.154,3.226,63.600,4.710,0.000,0.000
"08:30",3.174,0.205,63.700,1.075,0.000,0.000
"08:45",10.086,0.000,63.700,0.000,0.000,0.000
"09:00",16.589,0.000,63.700,0.000,0.000,0.000
"09:15",24.371,0.000,63.700,0.000,0.000,0.000
"09:30",31.846,0.000,63.600,0.000,0.000,0.000
"09:45",38.042,0.000,63.600,0.000,0.000,0.000
"10:00",44.442,0.000,63.600,0.000,0.000,0.000
"10:15",50.381,0.000,63.600,0.000,0.000,0.000
"10:30",54.528,0.000,63.600,0.000,0.000,0.205
"10:45",27.341,0.000,63.600,0.000,0.000,5.990
"11:00",32.051,0.000,63.600,0.000,0.000,5.939
"11:15",41.318,0.000,63.600,0.000,0.000,5.120
"11:30",71.373,0.000,63.600,0.000,0.000,0.154
"11:45",75.264,0.000,63.600,0.000,0.000,0.051
"12:00",78.285,0.000,63.600,0.000,0.000,0.000
"12:15",80.282,0.000,63.600,0.000,0.000,0.154
"12:30",81.715,0.000,63.600,0.000,0.000,0.256
"12:45",83.814,0.000,63.600,0.000,0.000,0.358
"13:00",85.453,0.000,63.600,0.000,0.000,0.461
"13:15",86.016,0.000,63.600,0.000,0.000,0.358
"13:30",86.528,0.000,63.600,0.000,0.000,0.256
"13:45",87.245,0.000,63.600,0.000,0.000,0.307
"14:00",86.426,0.000,63.600,0.000,0.000,0.358
"14:15",85.197,0.000,63.600,0.000,0.000,0.307
"14:30",83.507,0.000,63.600,0.000,0.000,0.256
"14:45",81.715,0.000,63.600,0.000,0.000,0.358
"15:00",78.950,0.000,63.600,0.000,0.000,0.461
"15:15",76.698,0.000,63.600,0.000,0.000,0.154
"15:30",71.578,0.000,63.600,0.000,0.000,0.256
"15:45",70.400,0.000,63.600,0.000,0.000,0.205
"16:00",66.253,0.000,63.600,0.000,0.000,0.000
"16:15",61.798,0.000,63.600,0.000,0.000,0.000
"16:30",56.525,0.000,63.600,0.000,0.000,0.051
"16:45",51.354,0.000,63.600,0.000,0.000,0.051
"17:00",45.875,0.000,63.600,0.000,0.000,0.000
"17:15",40.243,0.000,63.600,0.000,0.000,0.000
"17:30",21.402,0.000,63.600,0.000,0.000,0.000
"17:45",7.270,0.000,63.700,0.000,0.000,0.000
"18:00",24.320,0.000,63.700,0.000,0.000,0.000
"18:15",15.872,0.000,63.700,0.051,0.000,0.000
"18:30",1.229,1.075,63.700,1.946,0.000,0.000
"18:45",0.512,2.458,63.700,2.611,0.000,0.000
"19:00",0.000,4.147,63.700,4.352,0.000,0.000
"19:15",0.000,4.301,63.700,4.506,0.000,0.000
"19:30",0.000,4.454,63.700,4.250,0.000,0.000
"19:45",0.000,4.352,63.700,4.250,0.000,0.000
"20:00",0.000,4.454,63.700,4.096,0.000,0.000
"20:15",0.000,4.659,63.700,4.147,0.000,0.000
"20:30",0.000,4.966,63.700,4.198,0.000,0.000
"20:45",0.000,4.813,63.700,4.250,0.000,0.000
"21:00",0.000,4.915,63.700,4.352,0.000,0.000
"21:15",0.000,5.171,63.700,4.659,0.000,0.000
"21:30",0.000,5.530,63.700,4.403,0.000,0.000
"21:45",0.000,5.786,63.700,3.891,0.000,0.000
"22:00",0.000,4.403,63.700,5.069,0.000,0.000
"22:15",0.000,4.403,63.700,4.813,0.000,0.000
"22:30",0.000,4.608,63.700,5.222,0.000,0.000
"22:45",0.000,5.018,63.700,4.915,0.000,0.000
"23:00",0.000,5.018,63.700,5.018,0.000,0.000
"23:15",0.000,4.454,63.700,4.915,0.000,0.000
"23:30",0.000,4.557,63.700,4.966,0.000,0.000
"23:45",0.000,4.966,63.700,5.274,0.000,0.000
" 4/16/26 24:00",0.000,4.966,63.700,5.018,0.000,0.000
