"kwh"
"Time ","DAGSR01P","DAGSR01P","DAGSR01P","DAGSR01P","DAGSR01P","DAGSR01P"
" 5/31/26 00:15",0.000,5.120,63.700,4.966,0.000,0.000
"00:30",0.000,3.942,63.700,5.171,0.000,0.000
"00:45",0.000,4.301,63.700,5.376,0.000,0.000
"01:00",0.000,4.762,63.700,5.018,0.000,0.000
"01:15",0.000,3.840,63.800,5.734,0.000,0.000
"01:30",0.000,3.891,63.800,5.530,0.000,0.000
"01:45",0.000,5.171,63.700,4.966,0.000,0.000
"02:00",0.000,3.994,63.700,5.632,0.000,0.000
"02:15",0.000,3.840,63.700,5.888,0.000,0.000
"02:30",0.000,5.171,63.800,5.274,0.000,0.000
"02:45",0.000,3.789,63.700,5.990,0.000,0.000
"03:00",0.000,4.045,63.700,6.042,0.000,0.000
"03:15",0.000,5.069,63.700,5.632,0.000,0.000
"03:30",0.000,4.352,63.700,6.246,0.000,0.000
"03:45",0.000,3.942,63.700,6.093,0.000,0.000
"04:00",0.000,4.403,63.700,5.888,0.000,0.000
"04:15",0.000,4.557,63.700,5.888,0.000,0.000
"04:30",0.000,3.789,63.700,6.502,0.000,0.000
"04:45",0.000,3.840,63.700,6.349,0.000,0.000
"05:00",0.000,5.069,63.700,5.632,0.000,0.000
"05:15",0.000,3.942,63.700,5.990,0.000,0.000
"05:30",0.000,3.994,63.700,5.939,0.000,0.000
"05:45",0.000,5.069,63.700,5.530,0.000,0.000
"06:00",0.000,3.738,63.700,6.246,0.000,0.000
"06:15",0.000,4.198,63.700,6.144,0.000,0.000
"06:30",0.000,4.915,63.700,5.478,0.000,0.000
"06:45",0.000,4.352,63.700,5.683,0.000,0.000
"07:00",0.000,4.147,63.700,5.837,0.000,0.000
"07:15",0.000,3.942,63.700,5.888,0.000,0.000
"07:30",0.000,5.171,63.700,5.274,0.000,0.000
"07:45",0.000,3.891,63.700,5.888,0.000,0.000
"08:00",0.000,4.301,63.700,5.939,0.000,0.000
"08:15",0.000,4.915,63.700,5.325,0.000,0.000
"08:30",0.000,3.840,63.700,5.734,0.000,0.000
"08:45",0.000,3.891,63.700,5.530,0.000,0.000
"09:00",0.000,4.710,63.700,5.120,0.000,0.000
"09:15",0.000,3.840,63.700,5.888,0.000,0.000
"09:30",0.000,3.277,63.700,5.018,0.000,0.000
"09:45",0.307,2.406,63.700,3.686,0.000,0.000
"10:00",6.451,0.000,63.700,0.000,0.000,0.000
"10:15",9.216,0.000,63.700,0.000,0.000,0.000
"10:30",14.592,0.000,63.700,0.000,0.000,0.000
"10:45",16.998,0.000,63.700,0.000,0.000,0.000
"11:00",17.971,0.000,63.700,0.000,0.000,0.000
"11:15",21.402,0.000,63.700,0.000,0.000,0.000
"11:30",14.899,0.000,63.700,0.000,0.000,0.000
"11:45",20.480,0.000,63.700,0.000,0.000,0.000
"12:00",23.040,0.000,63.700,0.000,0.000,0.000
"12:15",29.850,0.000,63.700,0.000,0.000,0.000
"12:30",25.907,0.000,63.700,0.000,0.000,0.000
"12:45",34.765,0.000,63.700,0.000,0.000,0.000
"13:00",37.734,0.000,63.700,0.000,0.000,0.000
"13:15",54.323,0.000,63.700,0.000,0.000,0.051
"13:30",40.141,0.000,63.700,0.000,0.000,0.000
"13:45",49.766,0.000,63.700,0.000,0.000,0.000
"14:00",27.853,0.000,63.800,0.000,0.000,0.000
"14:15",44.698,0.000,63.800,0.000,0.000,0.000
"14:30",22.170,0.000,63.800,0.000,0.000,0.051
"14:45",11.571,0.000,63.800,0.000,0.000,0.000
"15:00",27.136,0.000,63.800,0.000,0.000,0.000
"15:15",14.797,0.000,63.800,0.000,0.000,0.000
"15:30",30.310,0.000,63.800,0.000,0.000,0.000
"15:45",18.176,0.000,63.800,0.000,0.000,0.000
"16:00",18.586,0.000,63.700,0.000,0.000,0.000
"16:15",11.878,0.000,63.700,0.000,0.000,0.000
"16:30",14.797,0.000,63.700,0.000,0.000,0.000
"16:45",9.523,0.000,63.700,0.000,0.000,0.000
"17:00",9.370,0.000,63.700,0.000,0.000,0.000
"17:15",9.318,0.000,63.700,0.000,0.000,0.000
"17:30",3.840,0.102,63.700,0.614,0.000,0.000
"17:45",1.741,0.922,63.700,1.894,0.000,0.000
"18:00",1.075,1.229,63.700,2.918,0.000,0.000
"18:15",0.410,2.253,63.800,3.226,0.000,0.000
"18:30",0.051,4.352,63.700,4.147,0.000,0.000
"18:45",0.000,3.891,63.700,4.966,0.000,0.000
"19:00",0.000,3.584,63.700,5.018,0.000,0.000
"19:15",0.000,4.403,63.700,4.557,0.000,0.000
"19:30",0.000,4.198,63.700,4.557,0.000,0.000
"19:45",0.000,3.686,63.700,5.120,0.000,0.000
"20:00",0.000,3.994,63.700,4.813,0.000,0.000
"20:15",0.000,4.198,63.700,4.864,0.000,0.000
"20:30",0.000,3.584,63.700,4.864,0.000,0.000
"20:45",0.000,3.994,63.700,4.659,0.000,0.000
"21:00",0.000,4.813,63.700,4.198,0.000,0.000
"21:15",0.000,3.789,63.700,5.171,0.000,0.000
"21:30",0.000,4.659,63.700,5.222,0.000,0.000
"21:45",0.000,4.915,63.700,4.762,0.000,0.000
"22:00",0.000,3.942,63.700,5.018,0.000,0.000
"22:15",0.000,3.789,63.700,5.069,0.000,0.000
"22:30",0.000,4.403,63.700,4.813,0.000,0.000
"22:45",0.000,5.018,63.700,5.171,0.000,0.000
"23:00",0.000,4.454,63.800,5.888,0.000,0.000
"23:15",0.000,4.250,63.700,5.837,0.000,0.000
"23:30",0.000,4.506,63.700,5.222,0.000,0.000
"23:45",0.000,3.738,63.700,5.888,0.000,0.000
" 5/31/26 24:00",0.000,4.096,63.700,6.093,0.000,0.000
