"kwh"
"Time ","DAGSR01P","DAGSR01P","DAGSR01P","DAGSR01P","DAGSR01P","DAGSR01P"
" 2/09/26 00:15",0.000,40.090,63.600,0.000,13.312,0.000
" 2/09/26 00:30",0.000,40.090,63.600,0.000,13.619,0.000
"00:45",0.000,40.243,63.600,0.000,13.517,0.000
"01:00",0.000,40.397,63.600,0.000,13.056,0.000
"01:15",0.000,40.346,63.600,0.000,13.261,0.000
"01:30",0.000,40.550,63.600,0.000,13.466,0.000
"01:45",0.000,40.602,63.600,0.000,13.466,0.000
"02:00",0.000,40.243,63.600,0.000,13.107,0.000
"02:15",0.000,40.192,63.600,0.000,13.875,0.000
"02:30",0.000,40.346,63.600,0.000,13.926,0.000
"02:45",0.000,40.448,63.500,0.000,13.414,0.000
"03:00",0.000,40.448,63.600,0.000,13.210,0.000
"03:15",0.000,40.499,63.600,0.000,12.800,0.000
"03:30",0.000,40.346,63.600,0.000,12.800,0.000
"03:45",0.000,40.397,63.600,0.000,12.698,0.000
"04:00",0.000,40.602,63.600,0.000,13.005,0.000
"04:15",0.000,40.602,63.600,0.000,12.800,0.000
"04:30",0.000,40.192,63.600,0.000,12.595,0.000
"04:45",0.000,40.294,63.600,0.000,12.544,0.000
"05:00",0.000,40.294,63.600,0.000,12.237,0.000
"05:15",0.000,40.397,63.600,0.000,12.595,0.000
"05:30",0.000,40.294,63.600,0.000,13.005,0.000
"05:45",0.000,40.141,63.600,0.000,13.210,0.000
"06:00",0.000,40.192,63.600,0.000,13.414,0.000
"06:15",0.000,40.243,63.600,0.000,13.466,0.000
"06:30",0.000,40.499,63.600,0.000,13.312,0.000
"06:45",0.000,40.141,63.600,0.000,13.158,0.000
"07:00",0.000,39.629,63.600,0.000,12.800,0.000
"07:15",0.000,38.758,63.600,0.000,12.493,0.000
"07:30",0.000,38.861,63.600,0.000,12.442,0.000
"07:45",0.000,38.451,63.600,0.000,12.288,0.000
"08:00",0.000,38.963,63.600,0.000,11.674,0.000
"08:15",0.000,38.912,63.600,0.000,11.725,0.000
"08:30",0.000,38.605,63.600,0.000,12.134,0.000
"08:45",0.000,36.813,63.600,0.000,12.698,0.000
"09:00",0.000,35.277,63.700,0.000,12.032,0.000
"09:15",0.000,34.150,63.700,0.000,11.827,0.000
"09:30",0.000,33.587,63.700,0.000,11.930,0.000
"09:45",0.000,34.048,63.700,0.000,12.186,0.000
"10:00",0.000,26.317,63.700,0.000,12.032,0.000
"10:15",0.000,15.104,63.700,0.000,12.237,0.000
"10:30",3.430,10.086,63.700,0.000,9.984,2.867
"10:45",0.154,13.670,63.700,0.000,11.315,0.666
"11:00",17.613,0.102,63.700,0.000,1.075,12.134
"11:15",19.763,0.154,63.700,0.000,0.922,13.005
"11:30",12.237,0.819,63.700,0.000,3.072,10.240
"11:45",52.122,1.280,63.700,0.000,1.434,13.568
"12:00",2.253,12.698,63.600,0.000,11.622,1.280
"12:15",1.178,9.421,63.700,0.000,10.086,2.918
"12:30",0.000,27.494,63.700,0.000,13.107,0.000
"12:45",2.867,9.933,63.700,0.000,9.626,3.379
"13:00",13.978,0.000,63.700,0.000,0.000,13.056
"13:15",17.050,0.000,63.700,0.000,0.000,13.414
"13:30",45.414,0.000,63.600,0.000,0.000,14.285
"13:45",60.979,0.000,63.600,0.000,0.000,14.746
"14:00",62.515,0.000,63.600,0.000,0.000,14.899
"14:15",63.283,0.000,63.600,0.000,0.000,15.309
"14:30",65.382,0.000,63.600,0.000,0.000,15.462
"14:45",64.000,0.000,63.600,0.000,0.000,15.002
"15:00",63.795,0.000,63.600,0.000,0.000,15.360
"15:15",63.283,0.000,63.600,0.000,0.000,14.950
"15:30",60.774,0.000,63.700,0.000,0.000,15.206
"15:45",58.982,0.000,63.700,0.000,0.000,14.746
"16:00",83.149,0.000,63.700,0.000,0.000,2.304
"16:15",82.842,0.000,63.700,0.000,0.000,0.000
"16:30",77.926,0.000,63.700,0.000,0.000,0.000
"16:45",72.704,0.000,63.700,0.000,0.000,0.000
"17:00",68.045,0.000,63.700,0.000,0.000,0.000
"17:15",62.054,0.000,63.700,0.000,0.000,0.000
"17:30",56.218,0.000,63.600,0.000,0.000,0.000
"17:45",51.302,0.000,63.600,0.000,0.000,0.000
"18:00",44.390,0.000,63.600,0.000,0.000,0.000
"18:15",37.427,0.000,63.600,0.000,0.000,0.000
"18:30",30.720,0.000,63.700,0.000,0.000,0.000
"18:45",23.347,0.000,63.700,0.000,0.000,0.000
"19:00",15.053,0.000,63.700,0.000,0.000,0.000
"19:15",8.602,0.000,63.700,0.000,0.000,0.000
"19:30",2.765,0.358,63.700,1.997,0.000,0.000
"19:45",0.717,1.997,63.600,4.506,0.000,0.000
"20:00",0.000,4.557,63.600,6.707,0.000,0.000
"20:15",0.000,5.478,63.600,6.912,0.000,0.000
"20:30",0.000,5.018,63.600,7.782,0.000,0.000
"20:45",0.000,5.683,63.600,8.141,0.000,0.000
"21:00",0.000,4.608,63.600,8.499,0.000,0.000
"21:15",0.000,4.915,63.600,8.602,0.000,0.000
"21:30",0.000,5.274,63.600,8.448,0.000,0.000
"21:45",0.000,5.939,63.600,8.038,0.000,0.000
"22:00",0.000,5.786,63.600,8.192,0.000,0.000
"22:15",0.000,5.888,63.600,7.987,0.000,0.000
"22:30",0.000,5.171,63.600,7.987,0.000,0.000
"22:45",0.000,4.659,63.600,8.397,0.000,0.000
"23:00",0.000,4.659,63.600,8.346,0.000,0.000
"23:15",0.000,4.352,63.600,8.704,0.000,0.000
"23:30",0.000,4.966,63.600,8.243,0.000,0.000
"23:45",0.000,4.250,63.600,8.909,0.000,0.000
" 2/09/26 24:00",0.000,5.530,63.600,7.936,0.000,0.000
