"kwh"
"Time ","DAGSR01P","DAGSR01P","DAGSR01P","DAGSR01P","DAGSR01P","DAGSR01P"
" 3/13/26 00:15",0.000,7.322,63.600,5.222,0.000,0.000
" 3/13/26 00:30",0.000,7.168,63.600,5.325,0.000,0.000
"00:45",0.000,6.963,63.600,5.376,0.000,0.000
"01:00",0.000,7.373,63.600,5.427,0.000,0.000
"01:15",0.000,7.168,63.600,5.069,0.000,0.000
"01:30",0.000,7.117,63.600,5.018,0.000,0.000
"01:45",0.000,6.963,63.600,5.222,0.000,0.000
"02:00",0.000,7.373,63.600,5.376,0.000,0.000
"02:15",0.000,7.322,63.600,5.581,0.000,0.000
"02:30",0.000,6.554,63.600,5.990,0.000,0.000
"02:45",0.000,6.400,63.600,6.042,0.000,0.000
"03:00",0.000,6.349,63.600,6.349,0.000,0.000
"03:15",0.000,6.400,63.600,6.400,0.000,0.000
"03:30",0.000,6.400,63.600,6.093,0.000,0.000
"03:45",0.000,6.605,63.700,6.042,0.000,0.000
"04:00",0.000,6.912,63.700,6.502,0.000,0.000
"04:15",0.000,6.912,63.700,6.144,0.000,0.000
"04:30",0.000,6.554,63.700,6.093,0.000,0.000
"04:45",0.000,6.502,63.700,6.246,0.000,0.000
"05:00",0.000,6.758,63.700,6.349,0.000,0.000
"05:15",0.000,6.656,63.700,6.298,0.000,0.000
"05:30",0.000,6.451,63.700,6.400,0.000,0.000
"05:45",0.000,6.605,63.700,6.246,0.000,0.000
"06:00",0.000,7.066,63.700,6.144,0.000,0.000
"06:15",0.000,6.963,63.700,5.837,0.000,0.000
"06:30",0.000,6.554,63.600,5.683,0.000,0.000
"06:45",0.000,6.656,63.600,5.837,0.000,0.000
"07:00",0.000,6.758,63.600,6.246,0.000,0.000
"07:15",0.000,6.963,63.600,5.632,0.000,0.000
"07:30",0.000,6.963,63.600,5.734,0.000,0.000
"07:45",0.000,6.810,63.600,5.632,0.000,0.000
"08:00",0.000,7.578,63.600,5.222,0.000,0.000
"08:15",0.000,6.195,63.600,5.018,0.000,0.000
"08:30",0.000,5.786,63.600,5.018,0.000,0.000
"08:45",0.000,4.762,63.600,4.762,0.000,0.000
"09:00",0.154,3.635,63.600,4.301,0.000,0.000
"09:15",1.229,2.304,63.600,2.304,0.461,0.000
"09:30",4.864,0.000,63.600,0.000,0.000,0.000
"09:45",4.250,0.000,63.600,0.000,0.000,0.000
"10:00",6.502,0.000,63.600,0.000,0.000,0.000
"10:15",8.397,0.000,63.700,0.000,0.000,0.000
"10:30",11.418,0.000,63.700,0.000,0.000,0.000
"10:45",14.899,0.000,63.700,0.000,0.000,0.000
"11:00",18.688,0.000,63.700,0.000,0.000,0.000
"11:15",31.949,0.000,63.700,0.000,0.000,0.000
"11:30",25.190,0.000,63.700,0.000,0.000,0.000
"11:45",27.494,0.000,63.700,0.000,0.000,0.000
"12:00",33.382,0.000,63.700,0.000,0.000,0.000
"12:15",24.883,0.000,63.700,0.000,0.000,0.000
"12:30",27.085,0.000,63.700,0.000,0.000,0.000
"12:45",31.130,0.000,63.700,0.000,0.000,0.000
"13:00",24.730,0.000,63.700,0.000,0.000,0.000
"13:15",19.507,0.000,63.700,0.000,0.000,0.000
"13:30",24.269,0.000,63.700,0.000,0.000,0.000
"13:45",33.229,0.000,63.700,0.000,0.000,0.000
"14:00",40.141,0.000,63.700,0.000,0.000,0.000
"14:15",35.072,0.000,63.700,0.000,0.000,0.000
"14:30",35.277,0.000,63.700,0.000,0.000,0.000
"14:45",43.981,0.000,63.700,0.000,0.000,0.051
"15:00",45.773,0.000,63.700,0.000,0.000,0.000
"15:15",52.275,0.000,63.700,0.000,0.000,0.205
"15:30",54.067,0.000,63.700,0.000,0.000,0.154
"15:45",40.602,0.000,63.700,0.000,0.000,0.051
"16:00",79.155,0.000,63.700,0.000,0.000,0.563
"16:15",71.936,0.000,63.700,0.000,0.000,0.358
"16:30",66.918,0.000,63.700,0.000,0.000,0.358
"16:45",61.542,0.000,63.700,0.000,0.000,0.256
"17:00",56.678,0.000,63.700,0.000,0.000,0.205
"17:15",50.944,0.000,63.700,0.000,0.000,0.102
"17:30",44.339,0.000,63.700,0.000,0.000,0.102
"17:45",38.144,0.000,63.700,0.000,0.000,0.154
"18:00",33.075,0.000,63.700,0.000,0.000,0.051
"18:15",31.488,0.000,63.700,0.000,0.000,0.051
"18:30",24.269,0.000,63.700,0.000,0.000,0.000
"18:45",13.466,0.000,63.600,0.000,0.000,0.000
"19:00",6.349,0.000,63.600,0.154,0.000,0.000
"19:15",0.819,1.792,63.600,2.662,0.000,0.000
"19:30",0.000,5.427,63.600,3.738,0.000,0.000
"19:45",0.000,6.912,63.700,4.198,0.000,0.000
"20:00",0.000,7.219,63.700,4.403,0.000,0.000
"20:15",0.000,7.526,63.700,4.198,0.000,0.000
"20:30",0.000,7.270,63.600,4.301,0.000,0.000
"20:45",0.000,7.885,63.600,4.506,0.000,0.000
"21:00",0.000,7.629,63.700,4.454,0.000,0.000
"21:15",0.000,7.680,63.700,4.608,0.000,0.000
"21:30",0.000,7.782,63.700,4.506,0.000,0.000
"21:45",0.000,7.731,63.600,4.506,0.000,0.000
"22:00",0.000,7.526,63.600,4.659,0.000,0.000
"22:15",0.000,7.526,63.600,4.813,0.000,0.000
"22:30",0.000,7.731,63.700,4.659,0.000,0.000
"22:45",0.000,7.270,63.700,4.710,0.000,0.000
"23:00",0.000,7.424,63.700,4.659,0.000,0.000
"23:15",0.000,7.270,63.600,4.813,0.000,0.000
"23:30",0.000,7.168,63.600,4.762,0.000,0.000
"23:45",0.000,7.629,63.600,4.762,0.000,0.000
" 3/13/26 24:00",0.000,7.219,63.600,5.274,0.000,0.000
