"kwh"
"Time ","DAGSR01P","DAGSR01P","DAGSR01P","DAGSR01P","DAGSR01P","DAGSR01P"
" 7/07/26 00:15",0.000,4.557,63.600,7.322,0.000,0.000
" 7/07/26 00:30",0.000,4.250,63.700,7.526,0.000,0.000
"00:45",0.000,4.352,63.700,6.758,0.000,0.000
"01:00",0.000,4.659,63.700,6.861,0.000,0.000
"01:15",0.000,4.403,63.700,6.810,0.000,0.000
"01:30",0.000,4.403,63.700,6.707,0.000,0.000
"01:45",0.000,4.352,63.600,6.861,0.000,0.000
"02:00",0.000,4.301,63.600,6.912,0.000,0.000
"02:15",0.000,4.557,63.700,6.963,0.000,0.000
"02:30",0.000,4.454,63.600,7.219,0.000,0.000
"02:45",0.000,4.352,63.700,7.219,0.000,0.000
"03:00",0.000,4.454,63.600,7.322,0.000,0.000
"03:15",0.000,4.710,63.700,7.168,0.000,0.000
"03:30",0.000,4.147,63.700,7.219,0.000,0.000
"03:45",0.000,4.301,63.700,7.219,0.000,0.000
"04:00",0.000,4.096,63.700,7.117,0.000,0.000
"04:15",0.000,3.994,63.700,7.168,0.000,0.000
"04:30",0.000,4.045,63.700,7.219,0.000,0.000
"04:45",0.000,4.250,63.700,7.270,0.000,0.000
"05:00",0.000,3.994,63.700,7.322,0.000,0.000
"05:15",0.000,4.352,63.700,7.168,0.000,0.000
"05:30",0.000,4.045,63.700,7.168,0.000,0.000
"05:45",0.000,3.942,63.700,7.168,0.000,0.000
"06:00",0.000,4.762,63.700,7.168,0.000,0.000
"06:15",0.000,5.990,63.700,7.014,0.000,0.000
"06:30",0.000,6.246,63.700,7.014,0.000,0.000
"06:45",0.000,5.069,63.700,7.219,0.000,0.000
"07:00",0.000,5.120,63.700,6.912,0.000,0.000
"07:15",0.000,5.274,63.700,6.963,0.000,0.000
"07:30",0.000,5.069,63.700,7.168,0.000,0.000
"07:45",0.000,5.530,63.700,7.219,0.000,0.000
"08:00",0.000,6.144,63.600,6.298,0.000,0.000
"08:15",0.000,5.478,63.600,6.246,0.000,0.000
"08:30",0.000,5.581,63.600,6.298,0.000,0.000
"08:45",0.000,4.915,63.600,6.349,0.000,0.000
"09:00",0.051,3.533,63.600,5.632,0.000,0.000
"09:15",2.714,0.307,63.600,1.229,0.000,0.000
"09:30",5.274,0.000,63.600,0.000,0.000,0.000
"09:45",20.787,0.000,63.600,0.000,0.000,0.000
"10:00",22.016,0.000,63.600,0.000,0.000,0.000
"10:15",26.163,0.000,63.700,0.000,0.000,0.000
"10:30",33.331,0.000,63.700,0.000,0.000,0.000
"10:45",58.112,0.000,63.700,0.000,0.000,0.000
"11:00",68.403,0.000,63.700,0.000,0.000,0.000
"11:15",72.909,0.000,63.700,0.000,0.000,0.000
"11:30",78.029,0.000,63.700,0.000,0.000,0.000
"11:45",82.074,0.000,63.700,0.000,0.000,0.000
"12:00",85.146,0.000,63.700,0.000,0.000,0.102
"12:15",87.296,0.000,63.700,0.000,0.000,0.512
"12:30",90.470,0.000,63.700,0.000,0.000,0.512
"12:45",94.771,0.000,63.700,0.000,0.000,0.256
"13:00",95.898,0.000,63.600,0.000,0.000,0.256
"13:15",86.886,0.000,63.700,0.000,0.000,0.154
"13:30",86.938,0.000,63.700,0.000,0.000,0.205
"13:45",84.275,0.000,63.700,0.000,0.000,0.154
"14:00",56.781,0.000,63.700,0.000,0.000,0.000
"14:15",88.781,0.000,63.700,0.000,0.000,0.102
"14:30",91.648,0.000,63.700,0.000,0.000,0.000
"14:45",79.002,0.000,63.700,0.000,0.000,0.000
"15:00",64.563,0.000,63.600,0.000,0.000,0.000
"15:15",43.622,0.000,63.600,0.000,0.000,0.000
"15:30",78.541,0.000,63.600,0.000,0.000,0.000
"15:45",80.691,0.000,63.600,0.000,0.000,0.000
"16:00",74.803,0.000,63.600,0.000,0.000,0.000
"16:15",70.502,0.000,63.600,0.000,0.000,0.000
"16:30",64.358,0.000,63.600,0.000,0.000,0.000
"16:45",57.907,0.000,63.600,0.000,0.000,0.000
"17:00",51.405,0.000,63.600,0.000,0.000,0.000
"17:15",37.734,0.000,63.600,0.000,0.000,0.000
"17:30",28.826,0.000,63.600,0.000,0.000,0.000
"17:45",19.558,0.000,63.600,0.000,0.000,0.000
"18:00",5.734,0.000,63.700,0.000,0.000,0.000
"18:15",1.587,0.666,63.700,2.662,0.000,0.000
"18:30",0.154,3.379,63.700,4.608,0.000,0.000
"18:45",0.000,5.581,63.700,5.581,0.000,0.000
"19:00",0.000,5.325,63.700,5.530,0.000,0.000
"19:15",0.000,5.478,63.700,5.581,0.000,0.000
"19:30",0.000,5.581,63.600,5.274,0.000,0.000
"19:45",0.000,5.120,63.700,5.427,0.000,0.000
"20:00",0.000,4.915,63.700,5.632,0.000,0.000
"20:15",0.000,4.966,63.700,5.427,0.000,0.000
"20:30",0.000,5.018,63.700,5.478,0.000,0.000
"20:45",0.000,5.222,63.700,5.581,0.000,0.000
"21:00",0.000,5.120,63.600,5.632,0.000,0.000
"21:15",0.000,5.069,63.700,5.581,0.000,0.000
"21:30",0.000,5.018,63.700,5.632,0.000,0.000
"21:45",0.000,5.018,63.700,5.427,0.000,0.000
"22:00",0.000,4.966,63.700,5.478,0.000,0.000
"22:15",0.000,5.222,63.700,5.581,0.000,0.000
"22:30",0.000,5.120,63.700,5.888,0.000,0.000
"22:45",0.000,5.018,63.700,6.502,0.000,0.000
"23:00",0.000,5.581,63.700,6.042,0.000,0.000
"23:15",0.000,5.274,63.600,5.939,0.000,0.000
"23:30",0.000,5.171,63.700,6.144,0.000,0.000
"23:45",0.000,5.837,63.700,6.195,0.000,0.000
" 7/07/26 24:00",0.000,5.683,63.700,6.298,0.000,0.000
