"kwh"
"Time ","DAGSR01P","DAGSR01P","DAGSR01P","DAGSR01P","DAGSR01P","DAGSR01P"
" 1/12/26 00:15",0.000,3.226,63.600,10.189,0.000,0.000
" 1/12/26 00:30",0.000,3.277,63.600,9.984,0.000,0.000
"00:45",0.000,3.174,63.600,9.574,0.000,0.000
"01:00",0.000,3.942,63.600,9.421,0.000,0.000
"01:15",0.000,6.502,63.600,8.448,0.000,0.000
"01:30",0.000,6.195,63.600,8.602,0.000,0.000
"01:45",0.000,6.093,63.600,8.858,0.000,0.000
"02:00",0.000,6.195,63.600,9.165,0.000,0.000
"02:15",0.000,6.144,63.600,8.704,0.000,0.000
"02:30",0.000,6.144,63.600,8.602,0.000,0.000
"02:45",0.000,6.554,63.600,8.448,0.000,0.000
"03:00",0.000,6.298,63.600,8.499,0.000,0.000
"03:15",0.000,6.195,63.600,8.653,0.000,0.000
"03:30",0.000,6.400,63.600,8.755,0.000,0.000
"03:45",0.000,6.298,63.600,8.909,0.000,0.000
"04:00",0.000,6.298,63.600,8.858,0.000,0.000
"04:15",0.000,6.298,63.600,8.960,0.000,0.000
"04:30",0.000,6.605,63.600,8.909,0.000,0.000
"04:45",0.000,6.298,63.600,8.960,0.000,0.000
"05:00",0.000,6.246,63.600,9.011,0.000,0.000
"05:15",0.000,6.144,63.600,9.216,0.000,0.000
"05:30",0.000,6.195,63.600,9.114,0.000,0.000
"05:45",0.000,3.226,63.600,10.803,0.000,0.000
"06:00",0.000,3.379,63.600,10.906,0.000,0.000
"06:15",0.000,3.226,63.600,10.598,0.000,0.000
"06:30",0.000,3.482,63.600,10.752,0.000,0.000
"06:45",0.051,3.021,63.600,8.243,0.000,0.000
"07:00",0.307,2.509,63.600,6.554,0.000,0.000
"07:15",0.000,31.283,63.600,2.150,1.382,0.000
"07:30",0.000,34.099,63.600,1.638,1.485,0.000
"07:45",0.000,31.334,63.600,1.434,1.690,0.000
"08:00",0.000,25.805,63.600,1.638,1.690,0.000
"08:15",0.000,18.534,63.600,1.434,1.792,0.000
"08:30",0.000,11.418,63.600,1.536,1.741,0.000
"08:45",0.717,4.250,63.600,1.024,1.946,0.000
"09:00",3.123,4.352,63.600,0.717,3.584,1.690
"09:15",0.000,22.016,63.600,0.000,23.245,0.000
"09:30",0.000,31.949,63.500,0.000,34.253,0.000
"09:45",0.000,47.718,63.500,0.000,48.640,0.000
"10:00",0.000,69.530,63.500,0.000,66.253,0.000
"10:15",0.000,63.795,63.600,0.000,66.406,0.000
"10:30",0.000,59.443,63.500,0.000,66.611,0.000
"10:45",0.000,54.733,63.600,0.000,67.072,0.000
"11:00",0.000,50.534,63.600,0.000,67.226,0.000
"11:15",0.000,47.411,63.600,0.000,67.584,0.000
"11:30",0.000,44.493,63.600,0.000,67.635,0.000
"11:45",0.000,40.806,63.600,0.000,67.840,0.000
"12:00",0.000,39.014,63.500,0.000,68.147,0.000
"12:15",0.000,36.557,63.600,0.000,68.147,0.000
"12:30",0.000,36.506,63.500,0.000,68.096,0.000
"12:45",0.922,8.858,63.600,0.000,38.144,12.442
"13:00",1.382,3.789,63.600,0.000,32.666,14.592
"13:15",1.331,3.738,63.600,0.000,32.666,14.746
"13:30",1.280,3.789,63.600,0.000,32.563,14.694
"13:45",1.434,3.533,63.600,0.000,32.614,14.797
"14:00",1.331,3.584,63.500,0.000,32.614,14.797
"14:15",1.331,3.584,63.500,0.000,32.768,14.746
"14:30",1.075,4.045,63.600,0.000,32.614,14.694
"14:45",0.922,4.352,63.500,0.000,32.768,14.694
"15:00",0.666,4.762,63.500,0.000,32.973,14.336
"15:15",0.102,6.810,63.500,0.000,42.189,5.120
"15:30",0.000,9.267,63.500,0.000,47.155,0.000
"15:45",0.000,11.981,63.500,0.000,46.694,0.000
"16:00",0.000,17.818,63.500,0.000,48.179,0.000
"16:15",0.000,21.862,63.500,0.000,48.230,0.000
"16:30",0.000,26.061,63.500,0.000,47.923,0.000
"16:45",0.000,30.925,63.500,0.000,47.616,0.000
"17:00",0.000,37.786,63.500,0.000,47.155,0.000
"17:15",0.000,50.739,63.500,0.000,46.899,0.000
"17:30",0.000,44.954,63.500,0.000,46.950,0.000
"17:45",0.000,58.931,63.500,0.000,46.797,0.000
"18:00",0.000,72.550,63.600,0.000,47.206,0.000
"18:15",0.000,70.707,63.500,0.000,47.104,0.000
"18:30",0.000,69.734,63.500,0.000,46.131,0.000
"18:45",0.000,89.293,63.500,0.000,46.182,0.000
"19:00",0.000,89.139,63.500,0.000,46.387,0.000
"19:15",0.000,90.624,63.500,0.000,46.336,0.000
"19:30",0.000,98.611,63.500,0.000,46.438,0.000
"19:45",0.000,103.168,63.500,0.000,46.899,0.000
"20:00",0.000,103.885,63.500,0.000,46.694,0.000
"20:15",0.000,105.830,63.500,0.000,46.848,0.000
"20:30",0.000,105.267,63.500,0.000,45.619,0.000
"20:45",0.000,105.114,63.500,0.000,44.749,0.000
"21:00",0.000,104.960,63.500,0.000,44.698,0.000
"21:15",0.000,105.267,63.500,0.000,44.698,0.000
"21:30",0.000,100.864,63.500,0.000,41.933,0.000
"21:45",0.000,81.203,63.500,0.000,28.314,0.000
"22:00",0.000,72.192,63.600,0.000,21.299,0.000
"22:15",0.000,76.595,63.500,0.000,24.474,0.000
"22:30",0.000,105.011,63.500,0.000,44.646,0.000
"22:45",0.000,104.858,63.600,0.000,44.595,0.000
"23:00",0.000,105.062,63.500,0.000,44.186,0.000
"23:15",0.000,104.755,63.500,0.000,44.544,0.000
"23:30",0.000,104.653,63.500,0.000,44.800,0.000
"23:45",0.000,105.062,63.600,0.000,44.339,0.000
" 1/12/26 24:00",0.000,105.216,63.600,0.000,44.493,0.000
