"kwh"
"Time ","DAGSR01P","DAGSR01P","DAGSR01P","DAGSR01P","DAGSR01P","DAGSR01P"
" 8/08/26 00:15",0.000,3.994,63.700,7.373,0.000,0.000
" 8/08/26 00:30",0.000,4.557,63.700,7.424,0.000,0.000
"00:45",0.000,5.990,63.700,6.810,0.000,0.000
"01:00",0.000,5.274,63.700,7.526,0.000,0.000
"01:15",0.000,5.325,63.700,6.912,0.000,0.000
"01:30",0.000,5.069,63.700,7.066,0.000,0.000
"01:45",0.000,4.659,63.700,7.475,0.000,0.000
"02:00",0.000,5.325,63.700,7.270,0.000,0.000
"02:15",0.000,4.813,63.700,7.936,0.000,0.000
"02:30",0.000,5.274,63.700,7.731,0.000,0.000
"02:45",0.000,5.222,63.700,7.629,0.000,0.000
"03:00",0.000,4.557,63.700,7.680,0.000,0.000
"03:15",0.000,5.478,63.700,7.373,0.000,0.000
"03:30",0.000,5.018,63.800,8.294,0.000,0.000
"03:45",0.000,4.813,63.800,8.243,0.000,0.000
"04:00",0.000,5.683,63.800,7.885,0.000,0.000
"04:15",0.000,4.813,63.700,7.936,0.000,0.000
"04:30",0.000,5.018,63.800,7.782,0.000,0.000
"04:45",0.000,5.018,63.700,7.834,0.000,0.000
"05:00",0.000,4.659,63.800,8.141,0.000,0.000
"05:15",0.000,5.581,63.800,7.885,0.000,0.000
"05:30",0.000,4.864,63.800,7.987,0.000,0.000
"05:45",0.000,4.813,63.800,8.141,0.000,0.000
"06:00",0.000,5.632,63.800,7.373,0.000,0.000
"06:15",0.000,4.608,63.800,7.731,0.000,0.000
"06:30",0.000,5.274,63.800,7.424,0.000,0.000
"06:45",0.000,6.246,63.700,7.322,0.000,0.000
"07:00",0.000,5.734,63.700,8.141,0.000,0.000
"07:15",0.000,6.246,63.700,7.168,0.000,0.000
"07:30",0.000,5.274,63.700,7.475,0.000,0.000
"07:45",0.000,5.632,63.700,7.475,0.000,0.000
"08:00",0.000,6.144,63.700,7.936,0.000,0.000
"08:15",0.000,5.990,63.700,7.782,0.000,0.000
"08:30",0.000,5.018,63.700,6.861,0.000,0.000
"08:45",1.331,1.331,63.700,3.635,0.000,0.000
"09:00",12.800,0.000,63.700,0.000,0.000,0.000
"09:15",22.118,0.000,63.800,0.000,0.000,0.000
"09:30",31.795,0.000,63.800,0.000,0.000,0.000
"09:45",40.960,0.000,63.800,0.000,0.000,0.000
"10:00",49.254,0.000,63.800,0.000,0.000,0.000
"10:15",58.112,0.000,63.800,0.000,0.000,0.000
"10:30",64.922,0.000,63.800,0.000,0.000,0.000
"10:45",51.302,0.000,63.800,0.000,0.000,11.315
"11:00",60.774,0.000,63.800,0.000,0.000,9.472
"11:15",84.582,0.000,63.900,0.000,0.000,0.000
"11:30",91.034,0.000,63.900,0.000,0.000,0.000
"11:45",94.515,0.000,63.800,0.000,0.000,0.000
"12:00",99.635,0.000,63.900,0.000,0.000,0.000
"12:15",100.915,0.000,63.900,0.000,0.000,0.000
"12:30",104.243,0.000,63.900,0.000,0.000,0.000
"12:45",103.168,0.000,63.800,0.000,0.000,0.256
"13:00",106.650,0.000,63.900,0.000,0.000,0.000
"13:15",107.366,0.000,63.900,0.000,0.000,0.051
"13:30",104.243,0.000,63.900,0.000,0.000,0.000
"13:45",109.722,0.000,63.800,0.000,0.000,0.102
"14:00",106.496,0.000,63.800,0.000,0.000,0.000
"14:15",107.776,0.000,63.900,0.000,0.000,0.000
"14:30",106.496,0.000,63.900,0.000,0.000,0.000
"14:45",105.370,0.000,63.900,0.000,0.000,0.000
"15:00",102.912,0.000,63.900,0.000,0.000,0.000
"15:15",100.454,0.000,63.900,0.000,0.000,0.000
"15:30",97.741,0.000,63.800,0.000,0.000,0.000
"15:45",92.467,0.000,63.900,0.000,0.000,0.000
"16:00",88.730,0.000,63.900,0.000,0.000,0.000
"16:15",82.227,0.000,63.900,0.000,0.000,0.000
"16:30",76.749,0.000,63.900,0.000,0.000,0.000
"16:45",69.786,0.000,63.800,0.000,0.000,0.000
"17:00",62.618,0.000,63.900,0.000,0.000,0.000
"17:15",55.245,0.000,63.900,0.000,0.000,0.000
"17:30",46.490,0.000,63.900,0.000,0.000,0.000
"17:45",38.093,0.000,63.900,0.000,0.000,0.000
"18:00",28.416,0.000,63.900,0.000,0.000,0.000
"18:15",19.661,0.000,63.800,0.000,0.000,0.000
"18:30",6.605,0.461,63.800,1.690,0.000,0.000
"18:45",0.000,3.328,63.800,6.810,0.000,0.000
"19:00",0.000,3.891,63.800,7.782,0.000,0.000
"19:15",0.000,5.274,63.800,7.168,0.000,0.000
"19:30",0.000,4.454,63.800,7.526,0.000,0.000
"19:45",0.000,4.147,63.700,7.680,0.000,0.000
"20:00",0.000,4.864,63.700,7.168,0.000,0.000
"20:15",0.000,4.403,63.700,7.834,0.000,0.000
"20:30",0.000,5.018,63.700,7.322,0.000,0.000
"20:45",0.000,4.659,63.700,7.731,0.000,0.000
"21:00",0.000,3.942,63.700,7.834,0.000,0.000
"21:15",0.000,4.608,63.800,7.322,0.000,0.000
"21:30",0.000,3.533,63.800,8.090,0.000,0.000
"21:45",0.000,4.250,63.800,8.192,0.000,0.000
"22:00",0.000,4.147,63.800,8.038,0.000,0.000
"22:15",0.000,4.301,63.800,7.936,0.000,0.000
"22:30",0.000,4.710,63.800,7.629,0.000,0.000
"22:45",0.000,4.045,63.800,8.192,0.000,0.000
"23:00",0.000,4.608,63.800,8.090,0.000,0.000
"23:15",0.000,3.635,63.800,8.550,0.000,0.000
"23:30",0.000,4.147,63.700,7.731,0.000,0.000
"23:45",0.000,4.813,63.700,7.270,0.000,0.000
" 8/08/26 24:00",0.000,4.454,63.800,7.834,0.000,0.000
