"kwh"
"Time ","DAGSR01P","DAGSR01P","DAGSR01P","DAGSR01P","DAGSR01P","DAGSR01P"
" 9/19/26 00:15",0.000,3.789,60.800,14.746,0.000,0.000
" 9/19/26 00:30",0.000,4.915,60.900,13.978,0.000,0.000
"00:45",0.000,3.789,60.800,14.950,0.000,0.000
"01:00",0.000,3.789,60.700,14.848,0.000,0.000
"01:15",0.000,3.994,60.700,14.950,0.000,0.000
"01:30",0.000,3.584,60.900,14.797,0.000,0.000
"01:45",0.000,4.710,61.000,14.131,0.000,0.000
"02:00",0.000,3.635,61.100,14.541,0.000,0.000
"02:15",0.000,4.301,61.100,14.131,0.000,0.000
"02:30",0.000,4.813,61.200,13.722,0.000,0.000
"02:45",0.000,5.069,61.200,13.619,0.000,0.000
"03:00",0.000,3.533,61.200,14.285,0.000,0.000
"03:15",0.000,3.584,61.400,13.926,0.000,0.000
"03:30",0.000,4.454,61.500,13.210,0.000,0.000
"03:45",0.000,3.482,61.100,14.387,0.000,0.000
"04:00",0.000,3.482,61.000,14.643,0.000,0.000
"04:15",0.000,4.096,61.200,14.234,0.000,0.000
"04:30",0.000,3.584,61.400,14.029,0.000,0.000
"04:45",0.000,4.608,61.400,13.312,0.000,0.000
"05:00",0.000,3.942,61.500,13.722,0.000,0.000
"05:15",0.000,3.635,61.500,13.926,0.000,0.000
"05:30",0.000,4.045,61.500,13.619,0.000,0.000
"05:45",0.000,3.840,61.600,13.773,0.000,0.000
"06:00",0.000,3.942,61.600,13.773,0.000,0.000
"06:15",0.000,4.403,61.600,13.773,0.000,0.000
"06:30",0.000,3.584,61.500,14.029,0.000,0.000
"06:45",0.000,4.966,61.400,13.363,0.000,0.000
"07:00",0.000,4.096,61.200,14.490,0.000,0.000
"07:15",0.000,3.942,61.300,14.387,0.000,0.000
"07:30",0.000,4.864,61.300,13.875,0.000,0.000
"07:45",0.000,3.226,61.200,12.749,0.000,0.000
"08:00",0.358,1.485,61.100,9.216,0.000,0.000
"08:15",2.458,0.154,60.900,2.458,0.000,0.000
"08:30",9.882,0.000,60.800,0.000,0.000,0.000
"08:45",27.597,0.000,61.200,0.000,0.000,0.000
"09:00",35.328,0.000,61.200,0.000,0.000,0.000
"09:15",29.747,0.000,61.000,0.000,0.000,0.000
"09:30",37.376,0.000,61.300,0.000,0.000,0.000
"09:45",56.883,0.000,61.300,0.000,0.000,0.000
"10:00",23.296,0.000,60.900,0.000,0.000,0.000
"10:15",71.066,0.000,60.800,0.000,0.000,0.000
"10:30",76.698,0.000,60.800,0.000,0.000,0.000
"10:45",82.483,0.000,61.500,0.000,0.000,0.000
"11:00",87.040,0.000,61.500,0.000,0.000,0.000
"11:15",91.494,0.000,61.500,0.000,0.000,0.000
"11:30",96.717,0.000,61.600,0.000,0.000,0.000
"11:45",100.301,0.000,61.300,0.000,0.000,0.000
"12:00",101.018,0.000,61.100,0.000,0.000,0.000
"12:15",103.270,0.000,61.100,0.000,0.000,0.000
"12:30",104.294,0.000,61.100,0.000,0.000,0.000
"12:45",105.882,0.000,61.200,0.000,0.000,0.000
"13:00",105.779,0.000,61.200,0.000,0.000,0.000
"13:15",105.472,0.000,61.100,0.000,0.000,0.000
"13:30",106.035,0.000,61.000,0.000,0.000,0.000
"13:45",105.574,0.000,61.000,0.000,0.000,0.000
"14:00",105.626,0.000,61.000,0.000,0.000,0.000
"14:15",105.318,0.000,60.900,0.000,0.000,0.000
"14:30",103.782,0.000,60.900,0.000,0.000,0.000
"14:45",103.117,0.000,60.900,0.000,0.000,0.000
"15:00",100.352,0.000,60.600,0.000,0.000,0.000
"15:15",96.512,0.000,61.100,0.000,0.000,0.000
"15:30",95.693,0.000,63.200,0.000,0.000,0.000
"15:45",87.962,0.000,63.300,0.000,0.000,0.000
"16:00",76.032,0.000,63.400,0.000,0.000,0.000
"16:15",74.598,0.000,63.500,0.000,0.000,0.000
"16:30",67.174,0.000,63.300,0.000,0.000,0.000
"16:45",54.733,0.000,63.300,0.000,0.000,0.000
"17:00",54.067,0.000,63.400,0.000,0.000,0.000
"17:15",27.085,0.000,63.500,0.000,0.000,0.000
"17:30",21.709,0.000,63.700,0.000,0.000,0.000
"17:45",24.218,0.000,63.800,0.000,0.000,0.000
"18:00",21.760,0.000,63.800,0.000,0.000,0.051
"18:15",10.547,0.000,63.600,0.000,0.000,0.000
"18:30",17.766,0.000,63.500,0.000,0.000,0.000
"18:45",7.373,0.000,63.500,0.102,0.000,0.000
"19:00",0.563,2.611,63.500,4.710,0.000,0.000
"19:15",0.000,5.018,63.600,5.990,0.000,0.000
"19:30",0.000,4.864,63.300,7.578,0.000,0.000
"19:45",0.000,4.915,63.100,8.038,0.000,0.000
"20:00",0.000,4.250,63.000,8.499,0.000,0.000
"20:15",0.000,3.840,63.000,8.909,0.000,0.000
"20:30",0.000,4.710,63.000,8.243,0.000,0.000
"20:45",0.000,4.147,63.100,8.602,0.000,0.000
"21:00",0.000,4.762,63.200,8.294,0.000,0.000
"21:15",0.000,3.942,63.300,8.499,0.000,0.000
"21:30",0.000,4.659,63.200,7.731,0.000,0.000
"21:45",0.000,5.222,63.300,7.066,0.000,0.000
"22:00",0.000,4.813,63.400,6.758,0.000,0.000
"22:15",0.000,4.966,63.700,6.298,0.000,0.000
"22:30",0.000,4.096,63.800,5.683,0.000,0.000
"22:45",0.000,5.325,64.000,4.966,0.000,0.000
"23:00",0.000,4.403,63.300,8.550,0.000,0.000
"23:15",0.000,5.069,62.300,11.315,0.000,0.000
"23:30",0.000,3.942,61.300,13.824,0.000,0.000
"23:45",0.000,3.482,61.000,14.490,0.000,0.000
" 9/19/26 24:00",0.000,4.454,61.000,14.234,0.000,0.000
