"kwh"
"Time ","DAGSR01P","DAGSR01P","DAGSR01P","DAGSR01P","DAGSR01P","DAGSR01P"
" 5/18/26 00:15",0.000,6.298,63.700,6.144,0.000,0.000
" 5/18/26 00:30",0.000,6.451,63.700,6.042,0.000,0.000
"00:45",0.000,6.298,63.700,5.786,0.000,0.000
"01:00",0.000,6.656,63.700,5.683,0.000,0.000
"01:15",0.000,6.195,63.700,5.581,0.000,0.000
"01:30",0.000,5.376,63.700,6.246,0.000,0.000
"01:45",0.000,4.915,63.700,6.502,0.000,0.000
"02:00",0.000,5.171,63.700,6.605,0.000,0.000
"02:15",0.000,5.069,63.700,6.554,0.000,0.000
"02:30",0.000,4.608,63.700,6.502,0.000,0.000
"02:45",0.000,4.659,63.700,6.656,0.000,0.000
"03:00",0.000,5.632,63.700,6.042,0.000,0.000
"03:15",0.000,5.530,63.700,5.837,0.000,0.000
"03:30",0.000,6.554,63.700,5.990,0.000,0.000
"03:45",0.000,5.427,63.700,6.144,0.000,0.000
"04:00",0.000,4.915,63.700,6.605,0.000,0.000
"04:15",0.000,4.915,63.700,6.554,0.000,0.000
"04:30",0.000,4.915,63.700,6.656,0.000,0.000
"04:45",0.000,4.762,63.700,6.656,0.000,0.000
"05:00",0.000,5.222,63.700,6.707,0.000,0.000
"05:15",0.000,5.478,63.700,6.656,0.000,0.000
"05:30",0.000,4.966,63.700,6.656,0.000,0.000
"05:45",0.000,4.915,63.700,6.605,0.000,0.000
"06:00",0.000,5.222,63.700,6.400,0.000,0.000
"06:15",0.000,5.786,63.700,5.990,0.000,0.000
"06:30",0.000,6.349,63.700,5.939,0.000,0.000
"06:45",0.000,5.786,63.700,6.144,0.000,0.000
"07:00",0.000,5.478,63.700,6.502,0.000,0.000
"07:15",0.000,5.786,63.700,6.400,0.000,0.000
"07:30",0.000,5.683,63.700,6.144,0.000,0.000
"07:45",0.000,5.478,63.700,6.195,0.000,0.000
"08:00",0.000,5.837,63.700,6.451,0.000,0.000
"08:15",0.000,6.093,63.700,6.144,0.000,0.000
"08:30",0.000,6.605,63.700,6.144,0.256,0.000
"08:45",0.870,7.270,63.700,3.021,2.816,0.000
"09:00",0.000,42.854,63.700,0.000,27.955,0.000
"09:15",0.000,41.574,63.700,0.000,35.738,0.000
"09:30",0.000,33.178,63.700,0.000,35.789,0.000
"09:45",0.000,24.934,63.700,0.000,36.454,0.000
"10:00",0.000,16.896,63.700,0.000,36.352,0.000
"10:15",0.000,9.318,63.700,0.000,36.710,0.051
"10:30",1.280,2.816,63.700,0.000,23.501,13.005
"10:45",3.072,5.376,63.700,0.154,10.598,21.555
"11:00",6.810,10.291,63.800,0.000,10.445,5.427
"11:15",48.794,0.000,63.700,0.000,0.000,17.971
"11:30",53.606,0.000,63.700,0.000,0.000,18.278
"11:45",57.549,0.000,63.800,0.000,0.000,18.330
"12:00",61.286,0.000,63.800,0.000,0.000,18.534
"12:15",64.051,0.000,63.800,0.000,0.000,18.637
"12:30",62.669,0.000,63.800,0.000,0.000,20.224
"12:45",67.430,0.000,63.800,0.000,0.000,19.251
"13:00",98.560,0.000,63.800,0.000,0.000,2.714
"13:15",103.014,0.000,63.800,0.000,0.000,0.358
"13:30",102.605,0.000,63.800,0.000,0.000,0.461
"13:45",102.656,0.000,63.800,0.000,0.000,0.512
"14:00",102.451,0.000,63.800,0.000,0.000,0.410
"14:15",102.042,0.000,63.800,0.000,0.000,0.205
"14:30",99.686,0.000,63.800,0.000,0.000,0.205
"14:45",97.280,0.000,63.800,0.000,0.000,0.154
"15:00",59.699,0.819,63.700,0.461,0.768,0.051
"15:15",50.739,0.000,63.800,0.000,0.000,0.000
"15:30",86.374,0.000,63.800,0.000,0.000,0.205
"15:45",81.766,0.000,63.800,0.000,0.000,0.000
"16:00",77.005,0.000,63.800,0.000,0.000,0.000
"16:15",71.168,0.000,63.800,0.000,0.000,0.000
"16:30",64.870,0.000,63.800,0.000,0.000,0.000
"16:45",49.152,0.000,63.800,0.000,0.000,4.045
"17:00",17.766,0.000,63.700,0.000,0.000,14.899
"17:15",9.984,0.000,63.800,0.000,0.000,15.360
"17:30",2.304,0.922,63.700,0.000,6.093,9.318
"17:45",0.000,7.373,63.700,0.000,14.592,0.614
"18:00",0.000,21.094,63.700,0.000,14.490,0.000
"18:15",0.000,35.123,63.700,0.000,14.131,0.000
"18:30",0.000,37.581,63.700,0.000,13.926,0.000
"18:45",0.000,38.093,63.700,0.000,14.234,0.000
"19:00",0.000,38.502,63.700,0.000,14.336,0.000
"19:15",0.000,38.963,63.700,0.000,14.234,0.000
"19:30",0.000,38.656,63.700,0.000,14.234,0.000
"19:45",0.000,38.195,63.700,0.000,14.234,0.000
"20:00",0.000,38.400,63.700,0.000,14.080,0.000
"20:15",0.000,38.758,63.600,0.000,13.926,0.000
"20:30",0.000,38.810,63.600,0.000,13.722,0.000
"20:45",0.000,38.656,63.600,0.000,13.568,0.000
"21:00",0.000,39.168,63.600,0.000,13.824,0.000
"21:15",0.000,39.936,63.600,0.000,14.080,0.000
"21:30",0.000,40.038,63.600,0.000,14.234,0.000
"21:45",0.000,38.349,63.600,0.000,13.466,0.000
"22:00",0.000,38.502,63.600,0.000,13.619,0.000
"22:15",0.000,38.656,63.600,0.000,13.466,0.000
"22:30",0.000,38.810,63.600,0.000,13.414,0.000
"22:45",0.000,39.168,63.600,0.000,13.466,0.000
"23:00",0.000,40.243,63.700,0.000,13.466,0.000
"23:15",0.000,40.653,63.700,0.000,13.414,0.000
"23:30",0.000,40.755,63.700,0.000,13.466,0.000
"23:45",0.000,40.448,63.600,0.000,13.466,0.000
" 5/18/26 24:00",0.000,40.806,63.700,0.000,13.261,0.000
