"kwh"
"Time ","DAGSR01P","DAGSR01P","DAGSR01P","DAGSR01P","DAGSR01P","DAGSR01P"
" 1/03/26 00:15",0.000,143.923,63.600,0.000,80.026,0.000
" 1/03/26 00:30",0.000,143.974,63.600,0.000,79.974,0.000
"00:45",0.000,143.616,63.600,0.000,79.821,0.000
"01:00",0.000,143.104,63.600,0.000,79.974,0.000
"01:15",0.000,143.718,63.600,0.000,79.770,0.000
"01:30",0.000,143.718,63.500,0.000,80.128,0.000
"01:45",0.000,143.360,63.600,0.000,80.026,0.000
"02:00",0.000,140.800,63.600,0.000,78.592,0.000
"02:15",0.000,140.442,63.600,0.000,78.336,0.000
"02:30",0.000,140.646,63.600,0.000,78.182,0.000
"02:45",0.000,140.493,63.500,0.000,78.182,0.000
"03:00",0.000,140.134,63.600,0.000,78.080,0.000
"03:15",0.000,140.083,63.600,0.000,78.029,0.000
"03:30",0.000,140.083,63.600,0.000,78.029,0.000
"03:45",0.000,140.288,63.600,0.000,78.387,0.000
"04:00",0.000,140.032,63.500,0.000,78.182,0.000
"04:15",0.000,139.930,63.500,0.000,78.182,0.000
"04:30",0.000,139.725,63.500,0.000,78.029,0.000
"04:45",0.000,139.930,63.600,0.000,77.978,0.000
"05:00",0.000,139.827,63.600,0.000,78.182,0.000
"05:15",0.000,140.032,63.600,0.000,78.490,0.000
"05:30",0.000,140.800,63.600,0.000,78.643,0.000
"05:45",0.000,140.800,63.600,0.000,77.978,0.000
"06:00",0.000,140.083,63.600,0.000,78.080,0.000
"06:15",0.000,139.776,63.600,0.000,78.029,0.000
"06:30",0.000,139.571,63.600,0.000,78.234,0.000
"06:45",0.000,139.469,63.600,0.000,78.643,0.000
"07:00",0.000,138.906,63.600,0.000,78.592,0.000
"07:15",0.000,148.429,63.600,0.000,85.248,0.000
"07:30",0.000,172.954,63.600,0.000,100.864,0.000
"07:45",0.000,165.171,63.600,0.000,98.714,0.000
"08:00",0.000,159.744,63.600,0.000,98.611,0.000
"08:15",0.000,152.627,63.600,0.000,98.970,0.000
"08:30",0.000,144.794,63.600,0.000,99.021,0.000
"08:45",0.000,139.110,63.500,0.000,99.021,0.000
"09:00",0.000,163.277,63.500,0.000,105.318,0.000
"09:15",0.000,177.050,63.500,0.000,119.450,0.000
"09:30",0.000,181.709,63.600,0.000,127.232,0.000
"09:45",0.000,205.210,63.500,0.000,137.421,0.000
"10:00",0.000,200.448,63.600,0.000,138.342,0.000
"10:15",0.000,194.304,63.500,0.000,138.752,0.000
"10:30",0.000,188.109,63.500,0.000,138.906,0.000
"10:45",0.000,182.938,63.600,0.000,139.264,0.000
"11:00",0.000,178.432,63.500,0.000,139.520,0.000
"11:15",0.000,181.094,63.500,0.000,142.285,0.000
"11:30",0.000,204.800,63.500,0.000,152.832,0.000
"11:45",0.000,205.005,63.500,0.000,154.317,0.000
"12:00",0.000,185.293,63.500,0.000,143.053,0.000
"12:15",0.000,171.469,63.500,0.000,134.758,0.000
"12:30",0.000,157.389,63.500,0.000,126.515,0.000
"12:45",0.000,136.141,63.500,0.000,114.022,0.000
"13:00",0.000,136.243,63.500,0.000,114.125,0.000
"13:15",0.000,135.885,63.500,0.000,114.074,0.000
"13:30",0.000,135.731,63.500,0.000,114.125,0.000
"13:45",0.000,137.011,63.500,0.000,114.739,0.000
"14:00",0.000,137.318,63.500,0.000,114.637,0.000
"14:15",0.000,136.909,63.500,0.000,114.125,0.000
"14:30",0.000,136.550,63.500,0.000,114.227,0.000
"14:45",0.000,136.346,63.500,0.000,114.278,0.000
"15:00",0.000,136.806,63.500,0.000,114.432,0.000
"15:15",0.000,133.734,63.500,0.000,112.486,0.000
"15:30",0.000,134.656,63.500,0.000,111.821,0.000
"15:45",0.000,138.394,63.500,0.000,111.667,0.000
"16:00",0.000,112.794,63.500,0.000,93.747,0.000
"16:15",0.000,112.282,63.500,0.000,90.419,0.000
"16:30",0.000,116.941,63.500,0.000,90.266,0.000
"16:45",0.000,122.317,63.500,0.000,89.600,0.000
"17:00",0.000,127.846,63.600,0.000,89.446,0.000
"17:15",0.000,133.120,63.600,0.000,89.190,0.000
"17:30",0.000,139.162,63.600,0.000,88.678,0.000
"17:45",0.000,146.125,63.600,0.000,88.422,0.000
"18:00",0.000,135.987,63.500,0.000,81.920,0.000
"18:15",0.000,128.051,63.500,0.000,75.981,0.000
"18:30",0.000,135.373,63.500,0.000,76.134,0.000
"18:45",0.000,142.643,63.500,0.000,75.981,0.000
"19:00",0.000,149.811,63.500,0.000,76.134,0.000
"19:15",0.000,156.467,63.500,0.000,76.442,0.000
"19:30",0.000,161.690,63.500,0.000,76.595,0.000
"19:45",0.000,165.069,63.500,0.000,77.056,0.000
"20:00",0.000,166.707,63.600,0.000,77.158,0.000
"20:15",0.000,168.243,63.600,0.000,76.902,0.000
"20:30",0.000,169.062,63.600,0.000,76.954,0.000
"20:45",0.000,169.523,63.600,0.000,76.442,0.000
"21:00",0.000,169.267,63.500,0.000,76.288,0.000
"21:15",0.000,169.318,63.600,0.000,76.134,0.000
"21:30",0.000,169.216,63.600,0.000,76.237,0.000
"21:45",0.000,169.421,63.600,0.000,76.237,0.000
"22:00",0.000,169.114,63.600,0.000,75.878,0.000
"22:15",0.000,169.779,63.500,0.000,75.878,0.000
"22:30",0.000,169.421,63.500,0.000,76.390,0.000
"22:45",0.000,172.442,63.500,0.000,78.336,0.000
"23:00",0.000,172.851,63.500,0.000,78.285,0.000
"23:15",0.000,172.800,63.500,0.000,78.029,0.000
"23:30",0.000,172.544,63.600,0.000,78.131,0.000
"23:45",0.000,172.237,63.500,0.000,78.029,0.000
" 1/03/26 24:00",0.000,172.800,63.500,0.000,77.978,0.000
