"kwh"
"Time ","DAGSR01P","DAGSR01P","DAGSR01P","DAGSR01P","DAGSR01P","DAGSR01P"
" 6/23/26 00:15",0.000,4.966,63.700,7.322,0.000,0.000
" 6/23/26 00:30",0.000,3.840,63.700,8.141,0.000,0.000
"00:45",0.000,3.738,63.700,7.987,0.000,0.000
"01:00",0.000,3.840,63.700,7.629,0.000,0.000
"01:15",0.000,4.710,63.700,7.936,0.000,0.000
"01:30",0.000,3.789,63.700,8.704,0.000,0.000
"01:45",0.000,3.328,63.700,8.448,0.000,0.000
"02:00",0.000,3.891,63.700,7.782,0.000,0.000
"02:15",0.000,3.174,63.700,8.499,0.000,0.000
"02:30",0.000,3.328,63.700,8.448,0.000,0.000
"02:45",0.000,3.277,63.700,8.346,0.000,0.000
"03:00",0.000,4.454,63.700,7.526,0.000,0.000
"03:15",0.000,2.918,63.700,8.192,0.000,0.000
"03:30",0.000,3.021,63.700,8.499,0.000,0.000
"03:45",0.000,3.021,63.700,8.448,0.000,0.000
"04:00",0.000,4.506,63.700,7.936,0.000,0.000
"04:15",0.000,3.174,63.700,8.397,0.000,0.000
"04:30",0.000,3.430,63.700,8.397,0.000,0.000
"04:45",0.000,4.454,63.700,7.885,0.000,0.000
"05:00",0.000,3.123,63.700,8.192,0.000,0.000
"05:15",0.000,2.970,63.700,8.294,0.000,0.000
"05:30",0.000,3.226,63.700,8.243,0.000,0.000
"05:45",0.000,4.250,63.700,7.834,0.000,0.000
"06:00",0.000,3.174,63.700,8.653,0.000,0.000
"06:15",0.000,3.379,63.700,8.090,0.000,0.000
"06:30",0.000,3.482,63.700,8.755,0.000,0.000
"06:45",0.000,4.813,63.700,7.936,0.000,0.000
"07:00",0.000,3.994,63.700,8.038,0.000,0.000
"07:15",0.000,3.635,63.700,7.885,0.000,0.000
"07:30",0.000,3.891,63.700,8.141,0.000,0.000
"07:45",0.000,3.891,63.700,7.885,0.000,0.000
"08:00",0.000,4.813,63.700,7.629,0.000,0.000
"08:15",0.000,4.915,63.700,7.987,0.000,0.000
"08:30",0.000,5.274,63.700,7.834,0.000,0.000
"08:45",0.000,5.018,63.600,7.578,0.000,0.000
"09:00",0.000,5.018,63.700,7.526,0.000,0.000
"09:15",4.762,0.307,63.700,1.229,0.000,0.000
"09:30",21.094,0.000,63.700,0.000,0.000,0.000
"09:45",32.717,0.000,63.700,0.000,0.000,0.000
"10:00",43.110,0.000,63.700,0.000,0.000,0.000
"10:15",51.046,0.000,63.700,0.000,0.000,0.000
"10:30",57.242,0.000,63.800,0.000,0.000,0.000
"10:45",62.874,0.000,63.800,0.000,0.000,0.000
"11:00",66.918,0.000,63.800,0.000,0.000,0.000
"11:15",73.165,0.000,63.800,0.000,0.000,0.000
"11:30",78.336,0.000,63.800,0.000,0.000,0.000
"11:45",83.046,0.000,63.800,0.000,0.000,0.000
"12:00",85.248,0.000,63.800,0.000,0.000,0.051
"12:15",89.446,0.000,63.800,0.000,0.000,0.000
"12:30",91.750,0.000,63.800,0.000,0.000,0.000
"12:45",93.952,0.000,63.700,0.000,0.000,0.000
"13:00",95.642,0.000,63.700,0.000,0.000,0.000
"13:15",95.795,0.000,63.700,0.000,0.000,0.154
"13:30",98.048,0.000,63.700,0.000,0.000,0.000
"13:45",98.509,0.000,63.700,0.000,0.000,0.000
"14:00",97.792,0.000,63.700,0.000,0.000,0.000
"14:15",96.256,0.000,63.700,0.000,0.000,0.102
"14:30",95.334,0.000,63.700,0.000,0.000,0.000
"14:45",92.314,0.000,63.700,0.000,0.000,0.102
"15:00",89.907,0.000,63.700,0.000,0.000,0.205
"15:15",86.118,0.000,63.700,0.000,0.000,0.102
"15:30",82.893,0.000,63.700,0.000,0.000,0.000
"15:45",79.104,0.000,63.700,0.000,0.000,0.000
"16:00",73.267,0.000,63.700,0.000,0.000,0.051
"16:15",68.198,0.000,63.700,0.000,0.000,0.000
"16:30",62.413,0.000,63.700,0.000,0.000,0.000
"16:45",55.450,0.000,63.700,0.000,0.000,0.000
"17:00",47.923,0.000,63.700,0.000,0.000,0.000
"17:15",41.370,0.000,63.700,0.000,0.000,0.000
"17:30",33.126,0.000,63.700,0.000,0.000,0.000
"17:45",18.022,0.051,63.700,0.307,0.000,0.000
"18:00",1.894,0.666,63.700,2.304,0.000,0.000
"18:15",0.154,3.174,63.700,4.813,0.000,0.000
"18:30",0.000,5.325,63.700,5.581,0.000,0.000
"18:45",0.000,5.990,63.700,4.915,0.000,0.000
"19:00",0.000,6.042,63.700,5.171,0.000,0.000
"19:15",0.000,6.042,63.700,5.581,0.000,0.000
"19:30",0.000,5.939,63.600,5.530,0.000,0.000
"19:45",0.000,7.117,63.600,5.120,0.000,0.000
"20:00",0.000,5.888,63.700,5.786,0.000,0.000
"20:15",0.000,6.042,63.600,6.144,0.000,0.000
"20:30",0.000,7.526,63.600,5.376,0.000,0.000
"20:45",0.000,6.554,63.600,5.939,0.000,0.000
"21:00",0.000,6.246,63.600,5.683,0.000,0.000
"21:15",0.000,6.502,63.600,5.683,0.000,0.000
"21:30",0.000,6.963,63.600,5.376,0.000,0.000
"21:45",0.000,6.605,63.600,5.786,0.000,0.000
"22:00",0.000,5.632,63.600,5.990,0.000,0.000
"22:15",0.000,7.014,63.600,5.376,0.000,0.000
"22:30",0.000,5.888,63.600,6.093,0.000,0.000
"22:45",0.000,5.786,63.600,6.195,0.000,0.000
"23:00",0.000,6.042,63.600,6.195,0.000,0.000
"23:15",0.000,6.605,63.700,5.734,0.000,0.000
"23:30",0.000,5.530,63.700,6.451,0.000,0.000
"23:45",0.000,5.888,63.700,6.246,0.000,0.000
" 6/23/26 24:00",0.000,6.758,63.600,6.349,0.000,0.000
