"kwh"
"Time ","DAGSR01P","DAGSR01P","DAGSR01P","DAGSR01P","DAGSR01P","DAGSR01P"
" 5/09/26 00:15",0.000,6.093,63.700,4.557,0.000,0.000
" 5/09/26 00:30",0.000,5.939,63.700,4.966,0.000,0.000
"00:45",0.000,5.530,63.700,5.786,0.000,0.000
"01:00",0.000,5.530,63.700,5.632,0.000,0.000
"01:15",0.000,6.810,63.700,4.557,0.000,0.000
"01:30",0.000,6.554,63.700,4.762,0.000,0.000
"01:45",0.000,6.502,63.700,4.710,0.000,0.000
"02:00",0.000,6.810,63.700,4.557,0.000,0.000
"02:15",0.000,6.451,63.700,4.710,0.000,0.000
"02:30",0.000,6.144,63.700,4.915,0.000,0.000
"02:45",0.000,6.093,63.700,4.710,0.000,0.000
"03:00",0.000,5.939,63.700,4.966,0.000,0.000
"03:15",0.000,6.349,63.700,4.966,0.000,0.000
"03:30",0.000,6.554,63.700,4.813,0.000,0.000
"03:45",0.000,6.093,63.700,4.403,0.000,0.000
"04:00",0.000,6.093,63.700,4.557,0.000,0.000
"04:15",0.000,6.400,63.700,4.352,0.000,0.000
"04:30",0.000,6.144,63.700,4.352,0.000,0.000
"04:45",0.000,6.093,63.700,4.301,0.000,0.000
"05:00",0.000,6.246,63.700,4.403,0.000,0.000
"05:15",0.000,6.246,63.700,4.557,0.000,0.000
"05:30",0.000,6.093,63.700,4.506,0.000,0.000
"05:45",0.000,5.990,63.700,4.506,0.000,0.000
"06:00",0.000,6.451,63.700,4.352,0.000,0.000
"06:15",0.000,6.298,63.700,4.506,0.000,0.000
"06:30",0.000,6.554,63.700,4.454,0.000,0.000
"06:45",0.000,6.502,63.700,4.506,0.000,0.000
"07:00",0.000,6.502,63.700,4.813,0.000,0.000
"07:15",0.000,6.042,63.700,4.864,0.000,0.000
"07:30",0.000,5.990,63.700,4.557,0.000,0.000
"07:45",0.000,5.990,63.700,4.352,0.000,0.000
"08:00",0.000,6.400,63.700,4.250,0.000,0.000
"08:15",0.000,6.758,63.700,4.250,0.000,0.000
"08:30",0.051,5.376,63.700,3.891,0.000,0.000
"08:45",4.762,0.461,63.700,1.075,0.000,0.000
"09:00",16.691,0.000,63.700,0.000,0.000,0.000
"09:15",14.438,0.922,63.700,0.000,3.226,1.792
"09:30",36.659,0.000,63.700,0.000,0.000,0.000
"09:45",43.776,0.000,63.600,0.000,0.000,0.051
"10:00",51.200,0.000,63.600,0.000,0.000,0.000
"10:15",59.136,0.000,63.700,0.000,0.000,0.051
"10:30",66.406,0.000,63.700,0.000,0.000,0.154
"10:45",72.141,0.000,63.700,0.000,0.000,0.205
"11:00",34.970,0.819,63.600,0.410,0.768,0.102
"11:15",71.680,0.000,63.700,0.000,0.000,0.410
"11:30",92.518,0.000,63.700,0.000,0.000,0.666
"11:45",97.843,0.000,63.700,0.000,0.000,0.819
"12:00",94.925,0.000,63.700,0.000,0.000,0.768
"12:15",101.837,0.000,63.700,0.000,0.000,0.768
"12:30",103.475,0.000,63.700,0.000,0.000,0.819
"12:45",88.986,0.000,63.700,0.000,0.000,0.614
"13:00",55.091,0.000,63.700,0.000,0.000,0.307
"13:15",92.262,0.000,63.700,0.000,0.000,0.768
"13:30",106.803,0.000,63.700,0.000,0.000,0.973
"13:45",68.659,0.000,63.700,0.000,0.000,0.461
"14:00",63.590,0.000,63.700,0.000,0.000,0.461
"14:15",77.466,0.000,63.700,0.000,0.000,0.512
"14:30",80.486,0.000,63.700,0.000,0.000,0.461
"14:45",90.061,0.000,63.700,0.000,0.000,0.717
"15:00",64.614,0.000,63.700,0.000,0.000,0.358
"15:15",30.515,0.000,63.700,0.000,0.000,0.000
"15:30",12.493,8.704,63.700,0.000,4.813,0.051
"15:45",80.230,0.000,63.700,0.000,0.000,0.614
"16:00",62.515,0.000,63.700,0.000,0.000,0.307
"16:15",78.797,0.000,63.800,0.000,0.000,0.410
"16:30",76.083,0.000,63.800,0.000,0.000,0.307
"16:45",69.632,0.000,63.700,0.000,0.000,0.205
"17:00",58.061,0.000,63.700,0.000,0.000,0.051
"17:15",48.282,0.000,63.700,0.000,0.000,0.051
"17:30",37.171,0.000,63.700,0.000,0.000,0.000
"17:45",27.904,0.000,63.700,0.000,0.000,0.000
"18:00",18.432,0.000,63.700,0.000,0.000,0.000
"18:15",4.403,1.075,63.700,1.382,0.000,0.000
"18:30",0.051,4.454,63.600,3.533,0.000,0.000
"18:45",0.000,5.120,63.700,3.840,0.000,0.000
"19:00",0.000,5.683,63.600,3.840,0.000,0.000
"19:15",0.000,5.478,63.700,3.891,0.000,0.000
"19:30",0.000,5.222,63.700,3.686,0.000,0.000
"19:45",0.000,5.581,63.700,4.096,0.000,0.000
"20:00",0.000,5.325,63.700,4.147,0.000,0.000
"20:15",0.000,5.171,63.700,4.096,0.000,0.000
"20:30",0.000,5.837,63.700,3.942,0.000,0.000
"20:45",0.000,5.478,63.700,3.994,0.000,0.000
"21:00",0.000,5.274,63.700,3.994,0.000,0.000
"21:15",0.000,5.632,63.700,3.994,0.000,0.000
"21:30",0.000,5.427,63.700,4.147,0.000,0.000
"21:45",0.000,5.376,63.700,4.352,0.000,0.000
"22:00",0.000,5.222,63.700,4.301,0.000,0.000
"22:15",0.000,5.990,63.700,4.301,0.000,0.000
"22:30",0.000,5.888,63.700,4.250,0.000,0.000
"22:45",0.000,5.888,63.700,4.198,0.000,0.000
"23:00",0.000,6.246,63.800,4.454,0.000,0.000
"23:15",0.000,6.144,63.700,4.557,0.000,0.000
"23:30",0.000,5.837,63.700,4.557,0.000,0.000
"23:45",0.000,5.837,63.700,4.608,0.000,0.000
" 5/09/26 24:00",0.000,5.990,63.700,4.608,0.000,0.000
