"kwh"
"Time ","DAGSR01P","DAGSR01P","DAGSR01P","DAGSR01P","DAGSR01P","DAGSR01P"
" 8/04/26 00:15",0.000,3.840,63.700,7.117,0.000,0.000
" 8/04/26 00:30",0.000,3.942,63.700,7.834,0.000,0.000
"00:45",0.000,5.120,63.700,7.014,0.000,0.000
"01:00",0.000,3.789,63.700,7.731,0.000,0.000
"01:15",0.000,4.250,63.700,7.475,0.000,0.000
"01:30",0.000,4.557,63.700,7.168,0.000,0.000
"01:45",0.000,3.430,63.700,7.578,0.000,0.000
"02:00",0.000,4.198,63.700,7.424,0.000,0.000
"02:15",0.000,3.533,63.700,7.629,0.000,0.000
"02:30",0.000,3.533,63.700,7.680,0.000,0.000
"02:45",0.000,4.250,63.700,7.270,0.000,0.000
"03:00",0.000,3.686,63.700,7.782,0.000,0.000
"03:15",0.000,3.942,63.700,7.782,0.000,0.000
"03:30",0.000,4.045,63.700,7.680,0.000,0.000
"03:45",0.000,3.430,63.700,7.782,0.000,0.000
"04:00",0.000,4.506,63.700,7.219,0.000,0.000
"04:15",0.000,3.635,63.700,7.629,0.000,0.000
"04:30",0.000,3.840,63.700,7.680,0.000,0.000
"04:45",0.000,4.454,63.700,7.475,0.000,0.000
"05:00",0.000,3.482,63.700,7.782,0.000,0.000
"05:15",0.000,3.840,63.700,7.373,0.000,0.000
"05:30",0.000,4.250,63.700,7.270,0.000,0.000
"05:45",0.000,3.379,63.600,8.243,0.000,0.000
"06:00",0.000,4.301,63.600,7.475,0.000,0.000
"06:15",0.000,3.686,63.600,7.629,0.000,0.000
"06:30",0.000,3.533,63.600,7.987,0.000,0.000
"06:45",0.000,4.608,63.600,7.834,0.000,0.000
"07:00",0.000,3.635,63.600,7.936,0.000,0.000
"07:15",0.000,4.352,63.600,7.629,0.000,0.000
"07:30",0.000,4.045,63.600,7.373,0.000,0.000
"07:45",0.000,3.840,63.600,8.038,0.000,0.000
"08:00",0.000,4.915,63.600,7.578,0.000,0.000
"08:15",0.000,3.994,63.600,7.782,0.000,0.000
"08:30",0.000,3.840,63.600,7.680,0.000,0.000
"08:45",0.000,4.454,63.600,6.963,0.000,0.000
"09:00",0.410,1.638,63.600,5.478,0.000,0.000
"09:15",0.614,17.869,63.600,1.280,7.475,0.000
"09:30",0.000,33.075,63.600,0.000,12.851,0.000
"09:45",0.000,30.720,63.600,0.000,12.288,0.000
"10:00",0.000,27.136,63.600,0.000,13.107,0.000
"10:15",0.000,20.275,63.600,0.000,12.544,0.000
"10:30",0.461,12.544,63.600,0.000,12.595,0.307
"10:45",9.216,3.635,63.600,0.000,5.427,8.346
"11:00",6.861,4.454,63.700,0.000,6.963,6.451
"11:15",27.034,0.000,63.700,0.000,0.000,13.978
"11:30",22.170,0.000,63.700,0.000,0.051,13.210
"11:45",24.986,1.894,63.700,0.000,4.301,10.957
"12:00",5.069,25.446,63.700,0.000,25.856,7.578
"12:15",6.554,11.520,63.700,0.000,13.363,6.912
"12:30",37.939,0.000,63.700,0.000,0.154,14.592
"12:45",2.611,4.403,63.700,0.000,7.373,5.069
"13:00",17.562,0.000,63.700,0.000,0.000,13.619
"13:15",9.728,4.096,63.700,0.000,15.872,15.360
"13:30",11.878,3.328,63.700,0.000,11.315,13.158
"13:45",25.344,0.051,63.700,0.000,0.256,14.285
"14:00",42.752,0.000,63.700,0.000,0.256,13.824
"14:15",36.198,0.102,63.700,0.000,0.819,13.414
"14:30",11.981,0.819,63.700,0.000,3.686,9.523
"14:45",7.219,0.256,63.700,0.000,1.894,11.213
"15:00",21.965,0.000,63.700,0.000,0.358,13.773
"15:15",7.270,5.734,63.700,0.000,8.038,5.274
"15:30",0.563,7.885,63.700,0.000,12.390,1.382
"15:45",43.264,1.638,63.700,0.000,2.355,11.878
"16:00",14.182,3.072,63.700,0.000,6.502,6.707
"16:15",0.000,10.547,63.700,0.000,13.363,0.102
"16:30",0.000,10.854,63.700,0.000,13.312,0.000
"16:45",0.205,11.878,63.700,0.000,12.749,0.307
"17:00",20.224,4.506,63.700,0.000,4.813,0.563
"17:15",18.893,0.000,63.700,0.000,0.000,0.000
"17:30",10.650,0.000,63.700,0.000,0.000,0.000
"17:45",5.581,0.000,63.700,0.000,0.000,0.000
"18:00",1.382,0.666,63.700,3.738,0.000,0.000
"18:15",0.512,1.843,63.800,5.325,0.000,0.000
"18:30",0.358,11.725,63.700,3.430,3.994,0.000
"18:45",0.000,35.635,63.700,0.000,13.312,0.000
"19:00",0.000,34.918,63.700,0.000,12.851,0.000
"19:15",0.000,35.072,63.700,0.000,13.107,0.000
"19:30",0.000,36.710,63.700,0.000,13.619,0.000
"19:45",0.000,35.635,63.700,0.000,13.056,0.000
"20:00",0.000,36.198,63.700,0.000,13.363,0.000
"20:15",0.000,35.789,63.700,0.000,13.056,0.000
"20:30",0.000,35.942,63.700,0.000,12.493,0.000
"20:45",0.000,35.942,63.600,0.000,12.698,0.000
"21:00",0.000,34.918,63.600,0.000,12.237,0.000
"21:15",0.000,35.072,63.700,0.000,12.390,0.000
"21:30",0.000,35.891,63.600,0.000,13.261,0.000
"21:45",0.000,35.174,63.700,0.000,12.954,0.000
"22:00",0.000,35.789,63.700,0.000,13.107,0.000
"22:15",0.000,35.482,63.700,0.000,13.005,0.000
"22:30",0.000,34.970,63.700,0.000,12.646,0.000
"22:45",0.000,35.635,63.700,0.000,13.107,0.000
"23:00",0.000,35.174,63.700,0.000,11.725,0.000
"23:15",0.000,34.918,63.700,0.000,12.390,0.000
"23:30",0.000,35.789,63.700,0.000,13.722,0.000
"23:45",0.000,35.840,63.700,0.000,13.056,0.000
" 8/04/26 24:00",0.000,35.840,63.700,0.000,13.261,0.000
