"kwh"
"Time ","DAGSR01P","DAGSR01P","DAGSR01P","DAGSR01P","DAGSR01P","DAGSR01P"
" 9/20/26 00:15",0.000,3.635,61.200,14.285,0.000,0.000
" 9/20/26 00:30",0.000,4.301,61.200,13.670,0.000,0.000
"00:45",0.000,3.533,61.300,13.875,0.000,0.000
"01:00",0.000,3.635,61.400,13.722,0.000,0.000
"01:15",0.000,4.608,61.500,13.005,0.000,0.000
"01:30",0.000,3.584,61.600,13.517,0.000,0.000
"01:45",0.000,3.942,61.700,13.107,0.000,0.000
"02:00",0.000,3.942,61.600,13.261,0.000,0.000
"02:15",0.000,3.482,61.500,13.722,0.000,0.000
"02:30",0.000,4.506,61.400,13.363,0.000,0.000
"02:45",0.000,3.738,61.500,13.670,0.000,0.000
"03:00",0.000,3.738,61.400,13.670,0.000,0.000
"03:15",0.000,4.403,61.500,13.261,0.000,0.000
"03:30",0.000,3.840,61.600,13.312,0.000,0.000
"03:45",0.000,3.584,61.600,13.158,0.000,0.000
"04:00",0.000,4.352,61.700,12.902,0.000,0.000
"04:15",0.000,3.840,61.700,13.363,0.000,0.000
"04:30",0.000,3.584,61.400,13.773,0.000,0.000
"04:45",0.000,4.454,61.700,12.851,0.000,0.000
"05:00",0.000,3.482,61.400,13.978,0.000,0.000
"05:15",0.000,3.482,61.300,14.182,0.000,0.000
"05:30",0.000,3.533,61.200,14.336,0.000,0.000
"05:45",0.000,4.813,61.100,13.824,0.000,0.000
"06:00",0.000,3.789,61.200,14.387,0.000,0.000
"06:15",0.000,3.533,61.200,14.336,0.000,0.000
"06:30",0.000,4.352,61.200,13.978,0.000,0.000
"06:45",0.000,3.635,61.200,14.592,0.000,0.000
"07:00",0.000,4.710,61.100,14.387,0.000,0.000
"07:15",0.000,5.018,61.100,13.926,0.000,0.000
"07:30",0.000,5.018,61.200,13.466,0.000,0.000
"07:45",0.000,2.970,61.300,13.773,0.000,0.000
"08:00",0.461,1.331,61.200,9.114,0.000,0.000
"08:15",0.717,0.973,61.300,7.885,0.000,0.000
"08:30",4.250,0.051,61.200,0.870,0.000,0.000
"08:45",4.403,0.000,61.200,0.256,0.000,0.000
"09:00",27.187,0.000,61.100,0.461,0.000,0.000
"09:15",24.678,0.000,61.200,0.000,0.000,0.000
"09:30",26.880,0.000,61.700,0.000,0.000,0.000
"09:45",58.061,0.000,61.800,0.000,0.000,0.000
"10:00",67.379,0.000,61.800,0.000,0.000,0.000
"10:15",61.030,0.000,61.800,0.000,0.000,0.000
"10:30",61.133,0.000,61.700,0.000,0.000,0.000
"10:45",60.877,0.000,61.600,0.000,0.000,0.000
"11:00",78.592,0.000,61.900,0.000,0.000,0.000
"11:15",94.515,0.000,62.000,0.000,0.000,0.000
"11:30",94.310,0.000,62.000,0.000,0.000,0.000
"11:45",97.331,0.000,62.000,0.000,0.000,0.000
"12:00",102.707,0.000,62.200,0.000,0.000,0.000
"12:15",104.448,0.000,62.100,0.000,0.000,0.000
"12:30",105.523,0.000,62.100,0.000,0.000,0.000
"12:45",56.627,0.000,62.100,0.000,0.000,0.000
"13:00",105.318,0.000,62.600,0.000,0.000,0.000
"13:15",67.994,0.000,62.000,0.000,0.000,0.000
"13:30",99.789,0.000,62.200,0.000,0.000,0.000
"13:45",104.448,0.000,62.200,0.000,0.000,0.000
"14:00",107.571,0.000,62.300,0.000,0.000,0.000
"14:15",81.766,0.000,62.200,0.000,0.000,0.000
"14:30",85.043,0.000,62.100,0.000,0.000,0.000
"14:45",56.627,0.000,62.000,0.000,0.000,0.000
"15:00",89.498,0.000,62.200,0.000,0.000,0.000
"15:15",103.014,0.000,62.400,0.000,0.000,0.000
"15:30",97.485,0.000,62.600,0.000,0.000,0.000
"15:45",94.106,0.000,62.900,0.000,0.000,0.000
"16:00",89.037,0.000,62.900,0.000,0.000,0.000
"16:15",75.366,0.000,62.800,0.000,0.000,0.000
"16:30",56.934,0.000,62.700,0.000,0.000,0.000
"16:45",49.306,0.000,62.300,0.000,0.000,0.000
"17:00",45.568,0.000,62.200,0.000,0.000,0.000
"17:15",36.250,0.000,62.400,0.000,0.000,0.000
"17:30",33.843,0.000,62.600,0.000,0.000,0.000
"17:45",36.454,0.000,63.000,0.000,0.000,0.000
"18:00",26.522,0.000,63.200,0.000,0.000,0.051
"18:15",19.661,0.000,64.100,0.051,0.000,0.205
"18:30",3.226,0.410,64.000,1.024,0.000,0.051
"18:45",2.355,0.512,63.700,1.843,0.000,0.000
"19:00",0.563,3.533,63.800,2.714,0.205,0.000
"19:15",0.000,6.861,63.900,3.686,0.102,0.000
"19:30",0.000,7.219,63.700,4.966,0.000,0.000
"19:45",0.000,8.243,64.000,3.174,0.154,0.000
"20:00",0.000,7.168,64.000,3.430,0.000,0.000
"20:15",0.000,8.141,64.100,2.867,0.051,0.000
"20:30",0.000,6.963,64.000,3.482,0.000,0.000
"20:45",0.000,7.475,64.000,3.379,0.000,0.000
"21:00",0.000,7.629,64.000,3.328,0.051,0.000
"21:15",0.000,7.782,64.000,3.430,0.000,0.000
"21:30",0.000,8.243,64.000,3.123,0.051,0.000
"21:45",0.000,6.963,64.100,3.430,0.000,0.000
"22:00",0.000,7.885,64.200,2.765,0.205,0.000
"22:15",0.000,7.066,64.100,3.686,0.000,0.000
"22:30",0.000,7.680,64.100,3.021,0.102,0.000
"22:45",0.000,7.270,64.200,3.379,0.051,0.000
"23:00",0.000,7.373,64.300,2.867,0.102,0.000
"23:15",0.000,7.526,63.500,5.786,0.051,0.000
"23:30",0.000,6.810,62.400,9.728,0.000,0.000
"23:45",0.000,7.117,62.100,10.496,0.000,0.000
" 9/20/26 24:00",0.000,6.810,62.300,9.933,0.000,0.000
