"kwh"
"Time ","DAGSR01P","DAGSR01P","DAGSR01P","DAGSR01P","DAGSR01P","DAGSR01P"
" 8/21/26 00:15",0.000,3.942,63.700,7.322,0.000,0.000
" 8/21/26 00:30",0.000,3.789,63.600,7.373,0.000,0.000
"00:45",0.000,4.096,63.600,7.219,0.000,0.000
"01:00",0.000,3.891,63.600,7.526,0.000,0.000
"01:15",0.000,3.840,63.600,7.219,0.000,0.000
"01:30",0.000,3.789,63.600,7.322,0.000,0.000
"01:45",0.000,3.994,63.600,7.424,0.000,0.000
"02:00",0.000,3.226,63.600,7.680,0.000,0.000
"02:15",0.000,3.174,63.700,7.936,0.000,0.000
"02:30",0.000,3.379,63.700,8.653,0.000,0.000
"02:45",0.000,3.379,63.700,7.885,0.000,0.000
"03:00",0.000,3.123,63.700,8.448,0.000,0.000
"03:15",0.000,3.328,63.700,8.090,0.000,0.000
"03:30",0.000,4.045,63.700,7.987,0.000,0.000
"03:45",0.000,3.123,63.700,8.499,0.000,0.000
"04:00",0.000,3.328,63.700,9.011,0.000,0.000
"04:15",0.000,3.174,63.700,8.192,0.000,0.000
"04:30",0.000,3.226,63.600,7.834,0.000,0.000
"04:45",0.000,3.277,63.700,7.834,0.000,0.000
"05:00",0.000,3.482,63.700,8.038,0.000,0.000
"05:15",0.000,3.686,63.700,8.397,0.000,0.000
"05:30",0.000,3.840,63.700,7.782,0.000,0.000
"05:45",0.000,3.226,63.700,8.550,0.000,0.000
"06:00",0.000,3.072,63.700,8.704,0.000,0.000
"06:15",0.000,3.072,63.700,8.243,0.000,0.000
"06:30",0.000,3.738,63.600,8.192,0.000,0.000
"06:45",0.000,3.942,63.600,8.294,0.000,0.000
"07:00",0.000,3.738,63.700,8.090,0.000,0.000
"07:15",0.000,3.891,63.700,7.987,0.000,0.000
"07:30",0.000,4.557,63.700,7.526,0.000,0.000
"07:45",0.000,4.710,63.700,8.141,0.000,0.000
"08:00",0.000,7.629,63.700,5.939,0.000,0.000
"08:15",0.000,5.990,63.700,5.734,0.000,0.000
"08:30",1.997,1.126,63.700,2.560,0.000,0.000
"08:45",11.213,0.000,63.700,0.000,0.000,0.000
"09:00",20.378,0.000,63.700,0.000,0.000,0.000
"09:15",28.979,0.000,63.700,0.000,0.000,0.000
"09:30",35.942,0.000,63.700,0.000,0.000,0.000
"09:45",44.288,0.000,63.600,0.000,0.000,0.000
"10:00",21.811,0.000,63.600,0.000,0.000,13.670
"10:15",26.317,0.000,63.700,0.000,0.000,14.797
"10:30",32.051,0.000,63.700,0.000,0.000,15.104
"10:45",38.246,0.000,63.700,0.000,0.000,15.360
"11:00",43.366,0.000,63.700,0.000,0.000,15.718
"11:15",48.282,0.000,63.700,0.000,0.000,16.026
"11:30",51.763,0.000,63.700,0.000,0.000,16.538
"11:45",56.525,0.000,63.700,0.000,0.000,16.384
"12:00",60.723,0.000,63.700,0.000,0.000,16.333
"12:15",63.283,0.000,63.700,0.000,0.000,16.640
"12:30",65.792,0.000,63.700,0.000,0.000,16.896
"12:45",69.888,0.000,63.700,0.000,0.000,15.872
"13:00",69.683,0.000,63.700,0.000,0.000,16.384
"13:15",69.274,0.000,63.700,0.000,0.000,17.613
"13:30",69.786,0.000,63.700,0.000,0.000,17.613
"13:45",71.629,0.000,63.700,0.000,0.000,16.742
"14:00",71.014,0.000,63.700,0.000,0.000,16.230
"14:15",69.530,0.000,63.700,0.000,0.000,16.128
"14:30",67.430,0.000,63.700,0.000,0.000,16.333
"14:45",65.741,0.000,63.700,0.000,0.000,16.026
"15:00",62.822,0.000,63.700,0.000,0.000,15.821
"15:15",59.699,0.000,63.700,0.000,0.000,15.514
"15:30",57.498,0.000,63.700,0.000,0.000,14.899
"15:45",54.835,0.000,63.700,0.000,0.000,14.182
"16:00",51.507,0.000,63.700,0.000,0.000,14.285
"16:15",45.875,0.000,63.700,0.000,0.000,13.875
"16:30",40.141,0.000,63.700,0.000,0.000,13.670
"16:45",33.946,0.000,63.700,0.000,0.000,13.466
"17:00",63.795,0.000,63.700,0.000,0.000,0.000
"17:15",48.640,0.000,63.700,0.000,0.000,0.000
"17:30",12.134,0.000,63.700,0.000,0.000,0.000
"17:45",13.005,0.000,63.700,0.000,0.000,0.000
"18:00",18.176,0.000,63.700,0.000,0.000,0.000
"18:15",17.766,0.000,63.800,0.000,0.000,0.000
"18:30",8.550,0.000,63.700,0.000,0.000,0.000
"18:45",1.690,1.382,63.700,3.174,0.000,0.000
"19:00",0.051,3.430,63.700,7.219,0.000,0.000
"19:15",0.000,4.506,63.700,7.885,0.000,0.000
"19:30",0.000,4.915,63.700,7.526,0.000,0.000
"19:45",0.000,3.840,63.700,8.294,0.000,0.000
"20:00",0.000,3.686,63.700,8.192,0.000,0.000
"20:15",0.000,4.147,63.700,7.731,0.000,0.000
"20:30",0.000,3.482,63.700,8.141,0.000,0.000
"20:45",0.000,4.096,63.700,8.090,0.000,0.000
"21:00",0.000,4.147,63.700,8.090,0.000,0.000
"21:15",0.000,3.635,63.700,8.602,0.000,0.000
"21:30",0.000,3.635,63.700,8.755,0.000,0.000
"21:45",0.000,4.045,63.700,8.090,0.000,0.000
"22:00",0.000,3.840,63.700,8.294,0.000,0.000
"22:15",0.000,4.147,63.700,8.653,0.000,0.000
"22:30",0.000,3.891,63.700,8.653,0.000,0.000
"22:45",0.000,5.069,63.700,8.090,0.000,0.000
"23:00",0.000,3.584,63.700,8.704,0.000,0.000
"23:15",0.000,3.994,63.700,7.987,0.000,0.000
"23:30",0.000,4.762,63.600,7.014,0.000,0.000
"23:45",0.000,4.045,63.600,7.475,0.000,0.000
" 8/21/26 24:00",0.000,3.686,63.600,7.526,0.000,0.000
