"kwh"
"Time ","DAGSR01P","DAGSR01P","DAGSR01P","DAGSR01P","DAGSR01P","DAGSR01P"
" 1/14/26 00:15",0.000,102.758,63.600,0.000,44.902,0.000
" 1/14/26 00:30",0.000,102.707,63.600,0.000,44.902,0.000
"00:45",0.000,102.298,63.600,0.000,44.954,0.000
"01:00",0.000,102.554,63.600,0.000,44.800,0.000
"01:15",0.000,102.144,63.600,0.000,44.954,0.000
"01:30",0.000,101.990,63.600,0.000,44.954,0.000
"01:45",0.000,101.786,63.600,0.000,45.056,0.000
"02:00",0.000,102.144,63.600,0.000,44.749,0.000
"02:15",0.000,101.990,63.600,0.000,44.800,0.000
"02:30",0.000,102.656,63.600,0.000,44.851,0.000
"02:45",0.000,102.195,63.600,0.000,45.005,0.000
"03:00",0.000,102.144,63.600,0.000,44.851,0.000
"03:15",0.000,102.093,63.600,0.000,44.800,0.000
"03:30",0.000,102.144,63.600,0.000,44.749,0.000
"03:45",0.000,101.990,63.600,0.000,44.749,0.000
"04:00",0.000,102.093,63.600,0.000,44.800,0.000
"04:15",0.000,102.042,63.600,0.000,44.851,0.000
"04:30",0.000,102.093,63.600,0.000,44.749,0.000
"04:45",0.000,102.246,63.600,0.000,44.749,0.000
"05:00",0.000,102.246,63.600,0.000,44.544,0.000
"05:15",0.000,102.144,63.500,0.000,44.749,0.000
"05:30",0.000,102.144,63.500,0.000,44.646,0.000
"05:45",0.000,103.424,63.500,0.000,45.517,0.000
"06:00",0.000,102.810,63.600,0.000,44.954,0.000
"06:15",0.000,102.093,63.500,0.000,44.442,0.000
"06:30",0.000,102.144,63.500,0.000,44.493,0.000
"06:45",0.000,101.990,63.500,0.000,44.749,0.000
"07:00",0.000,102.144,62.900,0.000,41.318,0.000
"07:15",0.000,88.269,62.200,0.000,34.048,0.000
"07:30",0.000,79.923,63.000,0.000,36.762,0.000
"07:45",0.000,96.870,63.600,0.000,45.312,0.000
"08:00",0.000,91.238,63.600,0.000,45.363,0.000
"08:15",0.000,84.224,63.600,0.000,45.414,0.000
"08:30",0.000,105.523,63.600,0.000,63.386,0.000
"08:45",0.000,91.750,63.100,0.461,51.661,0.000
"09:00",0.000,111.667,63.600,0.000,68.557,0.000
"09:15",0.000,91.187,63.600,0.000,69.325,0.000
"09:30",0.000,83.558,63.600,0.000,69.274,0.000
"09:45",0.000,77.363,63.600,0.000,69.632,0.000
"10:00",0.000,71.014,63.600,0.000,69.990,0.000
"10:15",0.000,64.973,63.600,0.000,69.837,0.000
"10:30",0.000,60.314,63.600,0.000,70.451,0.000
"10:45",0.000,55.142,63.600,0.000,70.502,0.000
"11:00",0.000,51.712,63.600,0.000,70.912,0.000
"11:15",0.000,46.797,63.600,0.000,71.373,0.000
"11:30",0.000,43.776,63.700,0.000,71.782,0.000
"11:45",0.000,41.677,63.700,0.000,71.834,0.000
"12:00",0.000,39.066,63.700,0.000,71.987,0.000
"12:15",0.000,37.427,63.700,0.000,72.090,0.000
"12:30",0.000,35.533,63.600,0.000,71.680,0.000
"12:45",0.000,46.285,63.600,0.000,69.581,0.000
"13:00",0.000,35.021,63.600,0.000,70.093,0.000
"13:15",0.000,42.445,63.600,0.000,69.734,0.000
"13:30",0.000,39.270,63.600,0.000,70.246,0.000
"13:45",0.000,56.320,63.600,0.000,69.478,0.000
"14:00",0.000,51.814,63.700,0.000,69.786,0.000
"14:15",0.000,42.803,63.700,0.000,69.990,0.000
"14:30",0.000,45.568,63.600,0.000,69.683,0.000
"14:45",0.000,36.301,63.700,0.000,70.246,0.000
"15:00",0.000,33.946,63.700,0.000,70.451,0.000
"15:15",0.000,55.962,63.700,0.000,69.939,0.000
"15:30",0.000,50.176,63.600,0.000,70.400,0.000
"15:45",0.000,56.166,63.600,0.000,69.530,0.000
"16:00",0.000,49.664,63.600,0.000,73.472,0.000
"16:15",0.000,82.125,63.500,0.000,89.856,0.000
"16:30",0.000,87.910,63.500,0.000,89.651,0.000
"16:45",0.000,92.979,63.500,0.000,89.702,0.000
"17:00",0.000,97.946,63.500,0.000,90.010,0.000
"17:15",0.000,103.885,63.500,0.000,89.754,0.000
"17:30",0.000,110.029,63.500,0.000,89.395,0.000
"17:45",0.000,117.094,63.500,0.000,89.037,0.000
"18:00",0.000,123.034,63.500,0.000,89.293,0.000
"18:15",0.000,129.997,63.500,0.000,88.730,0.000
"18:30",0.000,156.109,63.500,0.000,100.966,0.000
"18:45",0.000,179.046,63.500,0.000,110.131,0.000
"19:00",0.000,185.907,63.500,0.000,110.336,0.000
"19:15",0.000,192.154,63.500,0.000,110.336,0.000
"19:30",0.000,198.144,63.500,0.000,110.387,0.000
"19:45",0.000,201.830,63.500,0.000,110.950,0.000
"20:00",0.000,203.571,63.500,0.000,111.206,0.000
"20:15",0.000,204.339,63.500,0.000,110.643,0.000
"20:30",0.000,205.107,63.500,0.000,110.541,0.000
"20:45",0.000,205.414,63.500,0.000,110.080,0.000
"21:00",0.000,206.848,63.500,0.000,111.258,0.000
"21:15",0.000,208.384,63.500,0.000,111.718,0.000
"21:30",0.000,208.589,63.500,0.000,111.770,0.000
"21:45",0.000,208.794,63.500,0.000,111.872,0.000
"22:00",0.000,208.691,63.500,0.000,112.026,0.000
"22:15",0.000,208.486,63.500,0.000,111.974,0.000
"22:30",0.000,208.538,63.500,0.000,111.923,0.000
"22:45",0.000,207.974,63.500,0.000,111.872,0.000
"23:00",0.000,208.179,63.600,0.000,112.026,0.000
"23:15",0.000,208.128,63.500,0.000,111.770,0.000
"23:30",0.000,207.872,63.600,0.000,111.821,0.000
"23:45",0.000,208.077,63.600,0.000,111.821,0.000
" 1/14/26 24:00",0.000,208.384,63.500,0.000,112.077,0.000
