"kwh"
"Time ","DAGSR01P","DAGSR01P","DAGSR01P","DAGSR01P","DAGSR01P","DAGSR01P"
" 1/18/26 00:15",0.000,68.915,63.600,0.000,26.726,0.000
" 1/18/26 00:30",0.000,69.325,63.600,0.000,26.931,0.000
"00:45",0.000,68.915,63.600,0.000,26.829,0.000
"01:00",0.000,69.274,63.600,0.000,26.829,0.000
"01:15",0.000,68.915,63.600,0.000,26.880,0.000
"01:30",0.000,69.274,63.600,0.000,26.675,0.000
"01:45",0.000,68.966,63.600,0.000,26.982,0.000
"02:00",0.000,69.171,63.600,0.000,26.982,0.000
"02:15",0.000,68.710,63.600,0.000,26.726,0.000
"02:30",0.000,68.762,63.600,0.000,26.829,0.000
"02:45",0.000,68.659,63.600,0.000,26.829,0.000
"03:00",0.000,68.813,63.600,0.000,26.829,0.000
"03:15",0.000,68.659,63.600,0.000,26.880,0.000
"03:30",0.000,68.659,63.600,0.000,26.982,0.000
"03:45",0.000,68.608,63.600,0.000,26.778,0.000
"04:00",0.000,71.834,63.600,0.000,28.365,0.000
"04:15",0.000,71.782,63.600,0.000,28.518,0.000
"04:30",0.000,71.731,63.600,0.000,28.416,0.000
"04:45",0.000,72.550,63.600,0.000,29.184,0.000
"05:00",0.000,71.987,63.600,0.000,28.877,0.000
"05:15",0.000,71.731,63.600,0.000,28.365,0.000
"05:30",0.000,71.680,63.600,0.000,28.672,0.000
"05:45",0.000,71.680,63.600,0.000,28.467,0.000
"06:00",0.000,72.038,63.600,0.000,28.006,0.000
"06:15",0.000,72.550,63.600,0.000,28.262,0.000
"06:30",0.000,71.936,63.600,0.000,28.109,0.000
"06:45",0.000,71.475,63.600,0.000,28.723,0.000
"07:00",0.000,70.298,63.600,0.000,28.826,0.000
"07:15",0.000,69.222,63.600,0.000,28.826,0.000
"07:30",0.000,69.990,63.600,0.000,28.928,0.000
"07:45",0.000,67.994,63.600,0.000,27.699,0.000
"08:00",0.000,62.771,63.600,0.000,27.238,0.000
"08:15",0.000,55.910,63.600,0.000,27.443,0.000
"08:30",0.000,54.118,63.600,0.000,27.290,0.000
"08:45",0.000,54.374,63.600,0.000,26.982,0.000
"09:00",0.000,59.290,63.600,0.000,26.829,0.000
"09:15",0.000,59.136,63.600,0.000,27.034,0.000
"09:30",0.000,53.555,63.600,0.000,27.341,0.000
"09:45",0.000,48.026,63.600,0.000,27.034,0.000
"10:00",0.000,53.811,63.600,0.000,26.982,0.000
"10:15",0.000,52.429,63.600,0.000,27.238,0.000
"10:30",0.000,49.306,63.600,0.000,27.392,0.000
"10:45",0.000,52.582,63.600,0.000,26.880,0.000
"11:00",0.000,59.802,63.600,0.000,26.778,0.000
"11:15",0.000,60.211,63.600,0.000,27.136,0.000
"11:30",0.000,54.374,63.600,0.000,27.443,0.000
"11:45",0.000,46.541,63.600,0.000,27.494,0.000
"12:00",0.000,40.243,63.600,0.000,27.597,0.000
"12:15",0.000,37.888,63.600,0.000,27.494,0.000
"12:30",0.000,36.198,63.700,0.000,27.494,0.000
"12:45",0.051,19.456,63.700,0.000,27.443,0.512
"13:00",0.768,10.445,63.700,0.000,26.624,2.150
"13:15",0.000,16.179,63.700,0.000,28.826,0.000
"13:30",0.102,11.213,63.700,0.000,27.290,1.178
"13:45",0.154,14.490,63.700,0.000,26.931,0.819
"14:00",1.843,11.418,63.700,0.000,21.914,5.376
"14:15",17.613,0.666,63.700,0.000,3.942,24.576
"14:30",6.810,8.704,63.700,0.000,17.357,10.854
"14:45",2.355,11.981,63.700,0.000,21.760,5.888
"15:00",0.000,14.950,63.700,0.000,28.314,0.000
"15:15",0.000,26.880,63.700,0.000,29.133,0.000
"15:30",0.000,32.000,63.700,0.000,29.389,0.000
"15:45",0.000,55.552,63.700,0.000,28.621,0.000
"16:00",0.000,62.566,63.700,0.000,28.570,0.000
"16:15",0.000,59.750,63.700,0.000,28.672,0.000
"16:30",0.000,56.269,63.700,0.000,28.979,0.000
"16:45",0.000,44.954,63.700,0.000,29.184,0.000
"17:00",0.000,44.954,63.700,0.000,28.928,0.000
"17:15",0.000,48.230,63.700,0.000,28.314,0.000
"17:30",0.000,52.480,63.700,0.000,28.160,0.000
"17:45",0.000,55.347,63.700,0.000,28.262,0.000
"18:00",0.000,53.299,63.600,0.000,28.518,0.000
"18:15",0.000,49.766,63.600,0.000,28.365,0.000
"18:30",0.000,54.118,63.600,0.000,29.133,0.000
"18:45",0.000,53.094,63.600,0.000,29.286,0.000
"19:00",0.000,45.670,63.600,0.000,28.877,0.000
"19:15",0.000,64.102,63.600,0.000,28.109,0.000
"19:30",0.000,51.200,63.500,0.614,22.426,0.000
"19:45",0.000,38.758,63.700,0.000,15.872,0.000
"20:00",0.000,67.123,63.700,0.000,34.918,0.000
"20:15",0.000,68.198,63.700,0.000,35.072,0.000
"20:30",0.000,69.939,63.700,0.000,35.123,0.000
"20:45",0.000,70.400,63.700,0.000,35.021,0.000
"21:00",0.000,70.349,63.700,0.000,34.816,0.000
"21:15",0.000,70.502,63.700,0.000,34.355,0.000
"21:30",0.000,70.912,63.700,0.000,34.253,0.000
"21:45",0.000,71.117,63.700,0.000,35.174,0.000
"22:00",0.000,71.373,63.700,0.000,35.021,0.000
"22:15",0.000,70.502,63.700,0.000,34.714,0.000
"22:30",0.000,70.195,63.700,0.000,34.509,0.000
"22:45",0.000,70.554,63.700,0.000,34.509,0.000
"23:00",0.000,70.605,63.700,0.000,34.509,0.000
"23:15",0.000,70.246,63.600,0.000,34.560,0.000
"23:30",0.000,70.451,63.600,0.000,34.458,0.000
"23:45",0.000,70.758,63.600,0.000,33.946,0.000
" 1/18/26 24:00",0.000,70.451,63.600,0.000,34.099,0.000
