"kwh"
"Time ","DAGSR01P","DAGSR01P","DAGSR01P","DAGSR01P","DAGSR01P","DAGSR01P"
" 1/19/26 00:15",0.000,70.246,63.600,0.000,34.202,0.000
" 1/19/26 00:30",0.000,70.554,63.600,0.000,33.792,0.000
"00:45",0.000,70.810,63.600,0.000,33.536,0.000
"01:00",0.000,70.758,63.600,0.000,33.741,0.000
"01:15",0.000,71.117,63.600,0.000,33.792,0.000
"01:30",0.000,71.014,63.600,0.000,34.099,0.000
"01:45",0.000,70.298,63.600,0.000,34.150,0.000
"02:00",0.000,70.246,63.600,0.000,34.355,0.000
"02:15",0.000,70.349,63.600,0.000,34.202,0.000
"02:30",0.000,70.298,63.600,0.000,34.150,0.000
"02:45",0.000,70.195,63.600,0.000,34.099,0.000
"03:00",0.000,70.451,63.600,0.000,33.638,0.000
"03:15",0.000,70.758,63.600,0.000,33.638,0.000
"03:30",0.000,70.400,63.600,0.000,33.741,0.000
"03:45",0.000,70.656,63.600,0.000,33.792,0.000
"04:00",0.000,70.093,63.600,0.000,34.355,0.000
"04:15",0.000,69.990,63.600,0.000,34.509,0.000
"04:30",0.000,72.960,63.600,0.000,36.096,0.000
"04:45",0.000,73.165,63.600,0.000,35.789,0.000
"05:00",0.000,73.318,63.600,0.000,35.277,0.000
"05:15",0.000,73.062,63.600,0.000,35.635,0.000
"05:30",0.000,72.960,63.600,0.000,35.942,0.000
"05:45",0.000,73.062,63.600,0.000,35.942,0.000
"06:00",0.000,73.165,63.600,0.000,36.045,0.000
"06:15",0.000,73.267,63.600,0.000,35.942,0.000
"06:30",0.000,73.370,63.600,0.000,36.045,0.000
"06:45",0.000,72.858,63.600,0.000,35.942,0.000
"07:00",0.000,73.165,63.600,0.000,36.198,0.000
"07:15",0.000,73.882,63.600,0.000,37.222,0.000
"07:30",0.000,71.834,63.600,0.000,36.813,0.000
"07:45",0.000,66.304,63.600,0.000,37.018,0.000
"08:00",0.000,76.083,63.600,0.000,44.493,0.000
"08:15",0.000,90.880,63.600,0.000,56.371,0.000
"08:30",0.000,81.715,63.600,0.000,56.627,0.000
"08:45",0.000,73.370,63.600,0.000,55.859,0.000
"09:00",0.000,80.947,63.600,0.000,64.922,0.000
"09:15",0.000,92.006,63.600,0.000,76.954,0.000
"09:30",0.000,84.634,63.600,0.000,77.773,0.000
"09:45",0.000,63.232,63.600,0.000,68.403,0.000
"10:00",0.000,38.810,63.600,0.000,56.576,0.000
"10:15",0.000,33.178,63.600,0.000,57.344,0.000
"10:30",0.000,28.109,63.600,0.000,57.498,0.000
"10:45",0.000,24.013,63.600,0.000,57.498,0.000
"11:00",0.000,22.016,63.600,0.000,59.034,0.000
"11:15",0.000,45.670,63.600,0.000,70.656,0.000
"11:30",0.000,42.342,63.600,0.000,70.963,0.000
"11:45",0.000,45.210,63.600,0.000,71.219,0.000
"12:00",0.000,55.757,63.600,0.000,70.656,0.000
"12:15",0.000,41.421,63.600,0.000,71.424,0.000
"12:30",0.000,37.786,63.600,0.000,71.322,0.000
"12:45",0.000,33.792,63.600,0.000,71.578,0.000
"13:00",0.000,34.048,63.500,0.000,71.680,0.000
"13:15",0.000,35.533,63.500,0.000,72.346,0.000
"13:30",0.000,34.048,63.500,0.000,71.629,0.000
"13:45",0.000,33.536,63.500,0.000,71.680,0.000
"14:00",0.000,42.291,63.500,0.000,71.629,0.000
"14:15",0.000,33.690,63.500,0.000,72.192,0.000
"14:30",0.000,33.946,63.500,0.000,72.294,0.000
"14:45",0.000,34.048,63.500,0.000,71.987,0.000
"15:00",0.000,34.918,63.600,0.000,71.680,0.000
"15:15",0.000,37.222,63.600,0.000,71.834,0.000
"15:30",0.000,48.384,63.600,0.000,76.749,0.000
"15:45",0.000,78.746,63.600,0.000,93.952,0.000
"16:00",0.000,98.918,63.500,0.000,103.936,0.000
"16:15",0.000,156.365,63.500,0.000,135.987,0.000
"16:30",0.000,137.114,63.500,0.000,120.883,0.000
"16:45",0.000,131.430,63.500,0.000,114.688,0.000
"17:00",0.000,137.114,63.500,0.000,115.302,0.000
"17:15",0.000,141.619,63.500,0.000,114.381,0.000
"17:30",0.000,168.346,63.500,0.000,127.027,0.000
"17:45",0.000,187.187,63.500,0.000,135.014,0.000
"18:00",0.000,192.461,63.500,0.000,134.861,0.000
"18:15",0.000,199.834,63.500,0.000,134.656,0.000
"18:30",0.000,207.053,63.600,0.000,134.707,0.000
"18:45",0.000,214.170,63.600,0.000,134.195,0.000
"19:00",0.000,221.491,63.600,0.000,134.144,0.000
"19:15",0.000,224.870,63.600,0.000,133.478,0.000
"19:30",0.000,229.274,63.600,0.000,133.222,0.000
"19:45",0.000,233.472,63.600,0.000,133.734,0.000
"20:00",0.000,235.878,63.500,0.000,133.632,0.000
"20:15",0.000,237.517,63.500,0.000,134.656,0.000
"20:30",0.000,238.490,63.500,0.000,134.349,0.000
"20:45",0.000,239.514,63.500,0.000,133.837,0.000
"21:00",0.000,239.411,63.500,0.000,133.888,0.000
"21:15",0.000,238.950,63.500,0.000,133.939,0.000
"21:30",0.000,239.514,63.500,0.000,133.888,0.000
"21:45",0.000,239.514,63.500,0.000,133.478,0.000
"22:00",0.000,239.514,63.500,0.000,132.198,0.000
"22:15",0.000,238.797,63.500,0.000,132.608,0.000
"22:30",0.000,238.899,63.600,0.000,132.659,0.000
"22:45",0.000,238.643,63.600,0.000,132.659,0.000
"23:00",0.000,239.104,63.600,0.000,132.506,0.000
"23:15",0.000,238.490,63.500,0.000,132.710,0.000
"23:30",0.000,238.643,63.500,0.000,133.120,0.000
"23:45",0.000,239.565,63.500,0.000,132.710,0.000
" 1/19/26 24:00",0.000,238.797,63.500,0.000,132.915,0.000
