"kwh"
"Time ","DAGSR01P","DAGSR01P","DAGSR01P","DAGSR01P","DAGSR01P","DAGSR01P"
" 9/13/26 00:15",0.000,39.066,63.000,0.000,8.960,0.000
" 9/13/26 00:30",0.000,39.168,63.100,0.000,9.472,0.000
"00:45",0.000,39.424,63.200,0.000,10.240,0.000
"01:00",0.000,39.168,63.400,0.000,10.650,0.000
"01:15",0.000,39.066,63.400,0.000,10.906,0.000
"01:30",0.000,39.066,63.600,0.000,11.725,0.000
"01:45",0.000,39.373,63.600,0.000,11.981,0.000
"02:00",0.000,38.656,63.600,0.000,11.571,0.000
"02:15",0.000,38.758,63.600,0.000,11.520,0.000
"02:30",0.000,39.117,63.900,0.000,13.414,0.000
"02:45",0.000,39.014,64.200,0.000,14.950,0.000
"03:00",0.000,38.810,64.000,0.000,13.517,0.000
"03:15",0.000,38.912,64.000,0.000,13.824,0.000
"03:30",0.000,40.346,64.100,0.000,15.053,0.000
"03:45",0.000,39.680,64.000,0.000,14.387,0.000
"04:00",0.000,39.834,64.100,0.000,14.797,0.000
"04:15",0.000,39.475,64.100,0.000,14.694,0.000
"04:30",0.000,38.912,64.100,0.000,14.541,0.000
"04:45",0.000,38.861,64.100,0.000,14.336,0.000
"05:00",0.000,38.605,64.000,0.000,13.875,0.000
"05:15",0.000,38.502,64.000,0.000,14.029,0.000
"05:30",0.000,38.656,64.000,0.000,14.029,0.000
"05:45",0.000,38.554,64.000,0.000,14.234,0.000
"06:00",0.000,39.014,64.100,0.000,14.490,0.000
"06:15",0.000,38.912,64.000,0.000,14.336,0.000
"06:30",0.000,39.424,63.900,0.000,14.029,0.000
"06:45",0.000,38.451,63.900,0.000,13.517,0.000
"07:00",0.000,38.451,64.000,0.000,13.978,0.000
"07:15",0.000,38.554,64.000,0.000,13.824,0.000
"07:30",0.000,38.554,64.100,0.000,14.490,0.000
"07:45",0.000,23.808,63.900,0.461,9.114,0.000
"08:00",0.000,37.222,64.100,0.000,14.899,0.000
"08:15",0.000,32.358,64.000,0.000,14.438,0.000
"08:30",0.000,20.326,63.900,0.000,14.387,0.000
"08:45",0.000,18.790,63.600,0.000,12.851,0.000
"09:00",0.000,16.282,63.500,0.000,12.390,0.000
"09:15",0.000,16.538,63.400,0.000,12.288,0.000
"09:30",0.051,10.240,63.700,0.000,13.414,0.358
"09:45",0.614,2.867,63.500,0.000,9.165,3.379
"10:00",4.147,0.717,63.500,0.000,2.867,10.138
"10:15",15.565,0.461,63.500,0.000,1.741,11.827
"10:30",28.365,0.563,63.500,0.000,2.253,11.418
"10:45",6.298,2.355,63.400,0.000,5.990,6.246
"11:00",3.738,1.587,63.300,0.000,3.840,7.834
"11:15",33.280,0.051,63.300,0.000,0.205,0.512
"11:30",46.336,0.000,63.100,0.000,0.000,0.000
"11:45",54.170,0.051,62.800,0.000,0.051,0.051
"12:00",75.571,0.000,62.800,0.000,0.000,0.000
"12:15",69.632,0.000,62.800,0.000,0.000,0.000
"12:30",75.674,0.000,63.000,0.000,0.000,0.000
"12:45",93.133,0.000,63.100,0.000,0.000,0.000
"13:00",95.539,0.000,63.100,0.000,0.000,0.000
"13:15",96.410,0.000,63.100,0.000,0.000,0.000
"13:30",65.075,0.000,63.200,0.000,0.000,0.000
"13:45",46.797,0.000,63.200,0.000,0.000,0.000
"14:00",53.248,0.000,63.200,0.000,0.000,0.000
"14:15",69.222,0.000,63.100,0.000,0.000,0.000
"14:30",12.954,1.229,63.300,1.536,0.000,0.000
"14:45",45.466,0.000,64.100,0.000,0.000,0.051
"15:00",35.379,0.000,63.700,0.000,0.000,0.000
"15:15",27.597,0.000,63.600,0.000,0.000,0.000
"15:30",13.978,0.000,63.700,0.000,0.000,0.000
"15:45",24.371,0.000,63.600,0.000,0.000,0.000
"16:00",29.389,0.000,63.600,0.000,0.000,0.000
"16:15",20.941,0.000,63.600,0.000,0.000,0.000
"16:30",10.496,0.000,63.600,0.000,0.000,0.000
"16:45",3.328,2.202,63.300,3.430,0.000,0.000
"17:00",1.587,1.587,63.500,4.915,0.000,0.000
"17:15",3.430,0.051,63.400,0.922,0.000,0.000
"17:30",1.126,0.870,63.200,4.813,0.000,0.000
"17:45",0.358,2.099,63.200,6.144,0.000,0.000
"18:00",0.666,1.638,63.300,5.581,0.000,0.000
"18:15",0.512,2.355,63.300,6.758,0.000,0.000
"18:30",0.563,2.560,64.300,5.069,0.000,0.000
"18:45",0.000,4.557,63.900,8.448,0.000,0.000
"19:00",0.000,5.786,63.700,9.114,0.000,0.000
"19:15",0.000,6.912,63.800,8.858,0.000,0.000
"19:30",0.000,7.987,63.800,8.755,0.000,0.000
"19:45",0.000,6.451,63.700,9.830,0.000,0.000
"20:00",0.000,6.451,63.800,9.165,0.000,0.000
"20:15",0.000,6.605,64.200,7.629,0.000,0.000
"20:30",0.051,5.478,64.200,7.373,0.000,0.000
"20:45",0.205,3.533,64.200,6.144,0.000,0.000
"21:00",0.102,4.557,64.300,6.963,0.000,0.000
"21:15",0.307,3.635,64.500,5.325,0.000,0.000
"21:30",0.307,3.584,64.400,5.427,0.000,0.000
"21:45",0.051,3.994,64.500,6.502,0.000,0.000
"22:00",0.205,3.789,64.500,5.427,0.000,0.000
"22:15",0.205,3.584,64.400,5.581,0.000,0.000
"22:30",0.102,3.942,64.000,7.168,0.000,0.000
"22:45",0.051,4.045,64.100,7.885,0.000,0.000
"23:00",0.000,4.403,63.900,9.523,0.000,0.000
"23:15",0.051,4.198,64.100,8.397,0.000,0.000
"23:30",0.102,3.738,64.500,5.581,0.000,0.000
"23:45",0.154,3.789,64.500,6.349,0.000,0.000
" 9/13/26 24:00",0.000,4.096,64.500,8.960,0.000,0.000
