"kwh"
"Time ","DAGSR01P","DAGSR01P","DAGSR01P","DAGSR01P","DAGSR01P","DAGSR01P"
" 3/02/26 00:15",0.000,8.499,63.600,2.714,0.000,0.000
" 3/02/26 00:30",0.000,7.834,63.600,3.174,0.000,0.000
"00:45",0.000,7.424,63.600,3.226,0.000,0.000
"01:00",0.000,5.325,63.600,5.120,0.000,0.000
"01:15",0.000,4.557,63.600,5.632,0.000,0.000
"01:30",0.000,5.274,63.600,4.966,0.000,0.000
"01:45",0.000,5.325,63.600,5.222,0.000,0.000
"02:00",0.000,5.376,63.600,4.864,0.000,0.000
"02:15",0.000,4.506,63.600,5.171,0.000,0.000
"02:30",0.000,4.454,63.600,5.171,0.000,0.000
"02:45",0.000,4.506,63.600,5.120,0.000,0.000
"03:00",0.000,4.454,63.600,5.222,0.000,0.000
"03:15",0.000,5.018,63.600,4.864,0.000,0.000
"03:30",0.000,5.325,63.600,4.506,0.000,0.000
"03:45",0.000,5.325,63.600,4.557,0.000,0.000
"04:00",0.000,4.864,63.600,5.171,0.000,0.000
"04:15",0.000,4.557,63.600,5.325,0.000,0.000
"04:30",0.000,4.506,63.600,5.274,0.000,0.000
"04:45",0.000,4.352,63.600,5.427,0.000,0.000
"05:00",0.000,4.557,63.600,5.581,0.000,0.000
"05:15",0.000,5.222,63.600,4.915,0.000,0.000
"05:30",0.000,5.171,63.600,5.018,0.000,0.000
"05:45",0.000,5.120,63.600,5.376,0.000,0.000
"06:00",0.000,5.171,63.600,5.837,0.000,0.000
"06:15",0.000,4.301,63.600,5.632,0.000,0.000
"06:30",0.000,4.198,63.600,5.581,0.000,0.000
"06:45",0.000,4.198,63.600,5.734,0.000,0.000
"07:00",0.000,4.813,63.600,4.966,0.000,0.000
"07:15",0.000,4.966,63.600,4.762,0.000,0.000
"07:30",0.000,4.557,63.600,4.710,0.000,0.000
"07:45",0.154,2.918,63.600,3.840,0.000,0.000
"08:00",0.666,1.690,63.600,3.072,0.000,0.000
"08:15",2.816,0.102,63.600,1.024,0.000,0.000
"08:30",10.086,0.000,63.600,0.000,0.000,0.000
"08:45",16.333,0.000,63.600,0.000,0.000,0.000
"09:00",23.091,0.000,63.600,0.000,0.000,0.000
"09:15",30.925,0.000,63.600,0.000,0.000,0.000
"09:30",38.861,0.000,63.500,0.000,0.000,0.000
"09:45",45.978,0.000,63.600,0.000,0.000,0.000
"10:00",52.634,0.000,63.500,0.000,0.000,0.000
"10:15",60.058,0.000,63.500,0.000,0.000,0.000
"10:30",66.150,0.000,63.500,0.000,0.000,0.051
"10:45",61.491,0.000,63.600,0.000,0.000,0.256
"11:00",52.531,0.000,63.600,0.000,0.000,0.307
"11:15",53.453,0.000,63.500,0.000,0.000,0.102
"11:30",52.378,0.000,63.600,0.000,0.000,0.000
"11:45",66.099,0.000,63.600,0.000,0.000,0.256
"12:00",81.254,0.000,63.600,0.000,0.000,0.358
"12:15",72.141,0.000,63.500,0.000,0.000,0.256
"12:30",79.462,0.000,63.600,0.000,0.000,0.666
"12:45",79.565,0.000,63.600,0.000,0.000,0.768
"13:00",90.214,0.000,63.600,0.000,0.000,0.563
"13:15",94.106,0.000,63.600,0.000,0.000,0.410
"13:30",94.771,0.000,63.600,0.000,0.000,0.358
"13:45",90.573,0.000,63.600,0.000,0.000,0.410
"14:00",95.642,0.000,63.600,0.000,0.000,0.614
"14:15",95.078,0.000,63.600,0.000,0.000,0.819
"14:30",94.208,0.000,63.500,0.000,0.000,0.717
"14:45",93.747,0.000,63.600,0.000,0.000,0.614
"15:00",92.058,0.000,63.600,0.000,0.000,0.461
"15:15",90.010,0.000,63.600,0.000,0.000,0.410
"15:30",88.269,0.000,63.600,0.000,0.000,0.410
"15:45",85.760,0.000,63.500,0.000,0.000,0.563
"16:00",80.230,0.000,63.500,0.000,0.000,1.024
"16:15",76.851,0.000,63.500,0.000,0.000,1.075
"16:30",72.858,0.000,63.500,0.000,0.000,0.512
"16:45",68.454,0.000,63.500,0.000,0.000,0.102
"17:00",62.157,0.000,63.500,0.000,0.000,0.102
"17:15",56.986,0.000,63.600,0.000,0.000,0.000
"17:30",50.688,0.000,63.600,0.000,0.000,0.000
"17:45",42.854,0.000,63.600,0.000,0.000,0.000
"18:00",36.301,0.000,63.600,0.000,0.000,0.000
"18:15",29.133,0.000,63.600,0.000,0.000,0.000
"18:30",23.450,0.000,63.600,0.000,0.000,0.000
"18:45",16.947,0.000,63.600,0.000,0.000,0.000
"19:00",9.984,0.000,63.600,0.000,0.000,0.000
"19:15",3.738,0.102,63.600,0.666,0.000,0.000
"19:30",0.102,4.454,63.600,2.304,0.051,0.000
"19:45",0.000,7.270,63.600,2.355,0.051,0.000
"20:00",0.000,8.038,63.600,2.355,0.102,0.000
"20:15",0.000,8.499,63.600,2.662,0.000,0.000
"20:30",0.000,7.475,63.600,3.174,0.000,0.000
"20:45",0.000,7.322,63.600,3.379,0.000,0.000
"21:00",0.000,7.270,63.600,3.328,0.000,0.000
"21:15",0.000,7.219,63.600,3.482,0.000,0.000
"21:30",0.000,7.834,63.600,3.533,0.000,0.000
"21:45",0.000,8.090,63.600,3.328,0.000,0.000
"22:00",0.000,7.885,63.600,3.379,0.000,0.000
"22:15",0.000,7.270,63.600,3.994,0.000,0.000
"22:30",0.000,7.066,63.600,4.506,0.000,0.000
"22:45",0.000,7.629,63.600,4.557,0.000,0.000
"23:00",0.000,7.219,63.600,4.506,0.000,0.000
"23:15",0.000,7.117,63.600,4.659,0.000,0.000
"23:30",0.000,7.936,63.600,3.021,0.000,0.000
"23:45",0.000,5.837,63.600,4.454,0.000,0.000
" 3/02/26 24:00",0.000,5.786,63.600,4.608,0.000,0.000
