"kwh"
"Time ","DAGSR01P","DAGSR01P","DAGSR01P","DAGSR01P","DAGSR01P","DAGSR01P"
" 7/17/26 00:15",0.000,6.656,63.700,4.762,0.000,0.000
" 7/17/26 00:30",0.000,6.758,63.700,4.710,0.000,0.000
"00:45",0.000,7.270,63.700,4.301,0.000,0.000
"01:00",0.000,6.195,63.700,4.659,0.000,0.000
"01:15",0.000,6.298,63.700,4.762,0.000,0.000
"01:30",0.000,6.298,63.700,4.506,0.000,0.000
"01:45",0.000,5.734,63.700,4.864,0.000,0.000
"02:00",0.000,6.144,63.700,4.966,0.000,0.000
"02:15",0.000,5.222,63.700,5.222,0.000,0.000
"02:30",0.000,6.502,63.700,4.403,0.000,0.000
"02:45",0.000,5.786,63.700,4.966,0.000,0.000
"03:00",0.000,5.990,63.700,5.120,0.000,0.000
"03:15",0.000,6.605,63.700,4.659,0.000,0.000
"03:30",0.000,5.837,63.700,5.120,0.000,0.000
"03:45",0.000,5.427,63.700,5.171,0.000,0.000
"04:00",0.000,5.120,63.700,5.274,0.000,0.000
"04:15",0.000,6.144,63.600,4.864,0.000,0.000
"04:30",0.000,5.120,63.700,5.222,0.000,0.000
"04:45",0.000,5.274,63.700,5.325,0.000,0.000
"05:00",0.000,6.246,63.700,4.966,0.000,0.000
"05:15",0.000,5.683,63.700,5.171,0.000,0.000
"05:30",0.000,5.274,63.700,5.325,0.000,0.000
"05:45",0.000,5.581,63.700,5.222,0.000,0.000
"06:00",0.000,6.195,63.700,4.864,0.000,0.000
"06:15",0.000,5.325,63.700,5.222,0.000,0.000
"06:30",0.000,5.786,63.700,5.274,0.000,0.000
"06:45",0.000,6.605,63.700,4.710,0.000,0.000
"07:00",0.000,5.427,63.700,5.222,0.000,0.000
"07:15",0.000,5.581,63.600,5.222,0.051,0.000
"07:30",0.000,6.246,63.600,5.427,0.000,0.000
"07:45",0.000,6.093,63.600,5.120,0.000,0.000
"08:00",0.000,5.888,63.600,4.966,0.000,0.000
"08:15",0.000,5.734,63.600,5.274,0.000,0.000
"08:30",0.000,6.400,63.600,5.376,0.000,0.000
"08:45",0.000,4.659,63.600,5.120,0.000,0.000
"09:00",1.638,0.870,63.600,2.150,0.000,0.000
"09:15",11.059,0.000,63.600,0.000,0.000,0.000
"09:30",28.672,0.000,63.600,0.000,0.000,0.000
"09:45",34.355,0.000,63.600,0.000,0.000,0.000
"10:00",39.117,0.000,63.500,0.000,0.000,0.000
"10:15",44.493,0.000,63.500,0.000,0.000,0.000
"10:30",27.085,0.461,63.500,0.000,1.894,6.400
"10:45",1.280,15.206,63.500,0.000,12.800,2.304
"11:00",0.000,22.272,63.500,0.000,15.821,0.000
"11:15",34.458,1.024,63.500,0.000,1.587,15.514
"11:30",38.758,0.000,63.500,0.000,0.000,17.408
"11:45",53.299,0.000,63.500,0.000,0.000,17.408
"12:00",47.462,0.000,63.500,0.000,0.000,16.691
"12:15",44.800,0.000,63.500,0.000,0.000,16.435
"12:30",50.637,0.000,63.500,0.000,0.000,17.357
"12:45",55.808,0.000,63.600,0.000,0.000,17.203
"13:00",42.650,0.000,63.500,0.000,0.000,16.538
"13:15",9.830,0.512,63.600,0.000,3.123,12.954
"13:30",7.117,2.355,63.600,0.000,6.246,9.370
"13:45",6.605,3.635,63.600,0.000,10.496,5.632
"14:00",46.746,0.051,63.600,0.000,0.307,17.562
"14:15",26.266,1.382,63.600,0.000,3.994,1.792
"14:30",23.552,0.000,63.600,0.000,0.000,0.000
"14:45",35.994,0.000,63.700,0.000,0.000,0.051
"15:00",54.579,0.000,63.700,0.000,0.000,0.000
"15:15",84.275,0.000,63.600,0.000,0.000,0.512
"15:30",74.752,0.000,63.600,0.000,0.000,0.051
"15:45",70.810,0.000,63.600,0.000,0.000,0.000
"16:00",67.789,0.000,63.600,0.000,0.000,0.051
"16:15",62.413,0.000,63.600,0.000,0.000,0.051
"16:30",57.498,0.000,63.600,0.000,0.000,0.000
"16:45",48.896,0.000,63.600,0.000,0.000,0.000
"17:00",43.725,0.000,63.600,0.000,0.000,0.000
"17:15",36.966,0.000,63.600,0.000,0.000,0.000
"17:30",26.675,0.000,63.600,0.000,0.000,0.000
"17:45",14.848,0.000,63.600,0.000,0.000,0.000
"18:00",10.547,0.000,63.600,0.000,0.000,0.000
"18:15",2.406,0.410,63.700,0.768,0.000,0.000
"18:30",0.410,1.741,63.700,3.584,0.000,0.000
"18:45",0.000,3.533,63.700,6.195,0.000,0.000
"19:00",0.000,4.608,63.700,5.683,0.000,0.000
"19:15",0.000,4.813,63.700,5.786,0.000,0.000
"19:30",0.000,3.840,63.600,5.786,0.000,0.000
"19:45",0.000,4.147,63.600,5.734,0.000,0.000
"20:00",0.000,4.557,63.600,5.683,0.000,0.000
"20:15",0.000,3.686,63.600,6.195,0.000,0.000
"20:30",0.000,4.045,63.700,6.144,0.000,0.000
"20:45",0.000,5.018,63.700,6.042,0.000,0.000
"21:00",0.000,3.942,63.700,6.298,0.000,0.000
"21:15",0.000,3.942,63.700,6.093,0.000,0.000
"21:30",0.000,4.557,63.600,5.581,0.000,0.000
"21:45",0.000,3.840,63.600,5.990,0.000,0.000
"22:00",0.000,3.994,63.600,5.990,0.000,0.000
"22:15",0.000,4.659,63.600,5.939,0.000,0.000
"22:30",0.000,4.045,63.600,6.502,0.000,0.000
"22:45",0.000,3.533,63.600,7.014,0.000,0.000
"23:00",0.000,3.942,63.700,6.861,0.000,0.000
"23:15",0.000,3.533,63.700,6.912,0.000,0.000
"23:30",0.000,3.635,63.700,6.349,0.000,0.000
"23:45",0.000,3.584,63.700,6.093,0.000,0.000
" 7/17/26 24:00",0.000,4.762,63.700,6.042,0.000,0.000
