"kwh"
"Time ","DAGSR01P","DAGSR01P","DAGSR01P","DAGSR01P","DAGSR01P","DAGSR01P"
" 4/19/26 00:15",0.000,7.322,63.700,3.379,0.000,0.000
" 4/19/26 00:30",0.000,6.451,63.700,3.994,0.000,0.000
"00:45",0.000,6.144,63.700,4.045,0.000,0.000
"01:00",0.000,6.093,63.700,4.352,0.000,0.000
"01:15",0.000,7.168,63.700,3.840,0.000,0.000
"01:30",0.000,6.144,63.700,4.710,0.000,0.000
"01:45",0.000,6.042,63.700,4.659,0.000,0.000
"02:00",0.000,6.042,63.700,4.403,0.000,0.000
"02:15",0.000,6.758,63.700,4.147,0.000,0.000
"02:30",0.000,6.502,63.700,4.352,0.000,0.000
"02:45",0.000,6.093,63.700,4.659,0.000,0.000
"03:00",0.000,4.454,63.700,5.837,0.000,0.000
"03:15",0.000,4.710,63.700,5.939,0.000,0.000
"03:30",0.000,4.762,63.700,5.683,0.000,0.000
"03:45",0.000,4.198,63.700,5.888,0.000,0.000
"04:00",0.000,4.301,63.700,5.683,0.000,0.000
"04:15",0.000,4.301,63.700,5.581,0.000,0.000
"04:30",0.000,5.325,63.700,5.120,0.000,0.000
"04:45",0.000,4.608,63.700,5.734,0.000,0.000
"05:00",0.000,4.915,63.700,5.888,0.000,0.000
"05:15",0.000,4.301,63.700,5.734,0.000,0.000
"05:30",0.000,5.018,63.700,5.376,0.000,0.000
"05:45",0.000,4.250,63.700,5.990,0.000,0.000
"06:00",0.000,4.250,63.700,5.837,0.000,0.000
"06:15",0.000,4.250,63.700,6.195,0.000,0.000
"06:30",0.000,5.376,63.700,5.632,0.000,0.000
"06:45",0.000,4.710,63.700,5.939,0.000,0.000
"07:00",0.000,4.454,63.700,6.093,0.000,0.000
"07:15",0.000,4.608,63.700,5.837,0.000,0.000
"07:30",0.000,5.478,63.700,5.632,0.000,0.000
"07:45",0.000,4.608,63.700,6.042,0.000,0.000
"08:00",0.000,4.250,63.700,6.093,0.000,0.000
"08:15",0.000,3.635,63.700,5.478,0.000,0.000
"08:30",0.000,4.608,63.700,4.813,0.000,0.000
"08:45",0.000,4.301,63.700,5.120,0.000,0.000
"09:00",0.154,3.482,63.600,4.352,0.000,0.000
"09:15",0.563,2.355,63.600,3.021,0.000,0.000
"09:30",1.690,0.461,63.600,2.662,0.000,0.000
"09:45",11.418,0.000,63.700,0.051,0.000,0.000
"10:00",32.717,0.000,63.700,0.000,0.000,0.000
"10:15",13.261,0.051,63.600,0.256,0.000,0.000
"10:30",23.398,0.051,63.700,0.563,0.000,0.000
"10:45",21.402,2.099,63.700,0.000,2.458,3.021
"11:00",4.506,0.000,63.700,0.000,0.000,0.000
"11:15",3.379,0.051,63.700,0.717,0.000,0.000
"11:30",1.946,0.819,63.700,1.741,0.000,0.000
"11:45",2.253,0.461,63.700,1.382,0.000,0.000
"12:00",22.733,0.000,63.700,0.256,0.000,0.000
"12:15",57.293,0.000,63.700,0.000,0.000,0.256
"12:30",41.062,0.000,63.700,0.000,0.000,0.051
"12:45",19.251,0.000,63.700,0.000,0.000,0.000
"13:00",21.043,0.000,63.700,0.000,0.000,0.000
"13:15",40.141,0.000,63.700,0.000,0.000,0.000
"13:30",38.605,0.000,63.700,0.000,0.000,0.000
"13:45",32.768,0.000,63.700,0.000,0.000,0.000
"14:00",52.480,0.000,63.700,0.000,0.000,0.051
"14:15",50.432,0.000,63.700,0.000,0.000,0.051
"14:30",32.256,0.000,63.700,0.000,0.000,0.051
"14:45",4.250,0.154,63.700,1.024,0.000,0.000
"15:00",12.954,0.051,63.700,0.256,0.000,0.000
"15:15",43.162,0.000,63.700,0.000,0.000,0.000
"15:30",64.666,0.000,63.700,0.000,0.000,0.205
"15:45",69.120,0.000,63.600,0.000,0.000,0.154
"16:00",64.666,0.000,63.700,0.000,0.000,0.000
"16:15",31.334,0.000,63.700,0.000,0.000,0.000
"16:30",16.282,0.000,63.600,0.000,0.000,0.000
"16:45",10.291,0.000,63.700,0.000,0.000,0.000
"17:00",6.707,0.000,63.700,0.000,0.000,0.000
"17:15",3.994,0.051,63.700,0.870,0.000,0.000
"17:30",1.178,1.024,63.700,2.714,0.000,0.000
"17:45",1.126,1.280,63.700,2.714,0.000,0.000
"18:00",0.461,2.304,63.700,3.379,0.000,0.000
"18:15",0.307,2.611,63.700,3.072,0.000,0.000
"18:30",0.000,3.686,63.700,4.710,0.000,0.000
"18:45",0.000,4.608,63.700,4.198,0.000,0.000
"19:00",0.000,4.813,63.700,4.506,0.000,0.000
"19:15",0.000,4.352,63.700,4.557,0.000,0.000
"19:30",0.000,5.120,63.700,4.250,0.000,0.000
"19:45",0.000,4.762,63.700,4.403,0.000,0.000
"20:00",0.000,4.352,63.700,4.506,0.000,0.000
"20:15",0.000,4.403,63.700,4.557,0.000,0.000
"20:30",0.000,5.171,63.700,4.403,0.000,0.000
"20:45",0.000,4.864,63.700,4.608,0.000,0.000
"21:00",0.000,6.605,63.700,3.635,0.000,0.000
"21:15",0.000,6.656,63.700,3.891,0.000,0.000
"21:30",0.000,6.861,63.600,3.379,0.000,0.000
"21:45",0.000,6.605,63.600,3.482,0.000,0.000
"22:00",0.000,6.502,63.700,3.840,0.000,0.000
"22:15",0.000,6.605,63.700,3.891,0.000,0.000
"22:30",0.000,7.066,63.700,3.738,0.000,0.000
"22:45",0.000,6.400,63.700,3.994,0.000,0.000
"23:00",0.000,7.066,63.700,4.403,0.000,0.000
"23:15",0.000,6.554,63.700,4.454,0.000,0.000
"23:30",0.000,7.270,63.700,3.942,0.000,0.000
"23:45",0.000,6.042,63.700,4.710,0.000,0.000
" 4/19/26 24:00",0.000,6.093,63.600,4.710,0.000,0.000
