"kwh"
"Time ","DAGSR01P","DAGSR01P","DAGSR01P","DAGSR01P","DAGSR01P","DAGSR01P"
" 3/06/26 00:15",0.000,3.482,63.700,8.397,0.000,0.000
" 3/06/26 00:30",0.000,3.379,63.700,8.806,0.000,0.000
"00:45",0.000,3.533,63.700,8.704,0.000,0.000
"01:00",0.000,3.379,63.600,8.806,0.000,0.000
"01:15",0.000,3.482,63.600,9.011,0.000,0.000
"01:30",0.000,3.533,63.600,9.318,0.000,0.000
"01:45",0.000,3.277,63.600,9.421,0.000,0.000
"02:00",0.000,3.686,63.600,8.960,0.000,0.000
"02:15",0.000,3.533,63.600,8.858,0.000,0.000
"02:30",0.000,3.533,63.600,8.448,0.000,0.000
"02:45",0.000,3.482,63.600,8.653,0.000,0.000
"03:00",0.000,3.379,63.600,8.858,0.000,0.000
"03:15",0.000,3.482,63.600,9.011,0.000,0.000
"03:30",0.000,3.584,63.600,9.114,0.000,0.000
"03:45",0.000,3.328,63.600,9.062,0.000,0.000
"04:00",0.000,3.789,63.600,9.267,0.000,0.000
"04:15",0.000,3.482,63.600,9.216,0.000,0.000
"04:30",0.000,3.379,63.600,9.267,0.000,0.000
"04:45",0.000,3.379,63.600,9.216,0.000,0.000
"05:00",0.000,3.430,63.600,9.011,0.000,0.000
"05:15",0.000,3.379,63.600,9.011,0.000,0.000
"05:30",0.000,3.738,63.600,9.011,0.000,0.000
"05:45",0.000,3.379,63.600,9.165,0.000,0.000
"06:00",0.000,3.584,63.600,9.165,0.000,0.000
"06:15",0.000,3.328,63.600,9.216,0.000,0.000
"06:30",0.000,3.379,63.600,8.755,0.000,0.000
"06:45",0.000,3.430,63.600,8.755,0.000,0.000
"07:00",0.000,3.482,63.600,8.602,0.000,0.000
"07:15",0.000,3.482,63.600,8.499,0.000,0.000
"07:30",0.000,3.533,63.600,8.909,0.000,0.000
"07:45",0.000,3.738,63.600,8.806,0.000,0.000
"08:00",0.102,3.328,63.600,7.475,0.000,0.000
"08:15",0.768,2.048,63.600,5.376,0.000,0.000
"08:30",1.894,0.358,63.600,2.509,0.000,0.000
"08:45",3.174,0.000,63.600,0.000,0.000,0.000
"09:00",8.602,0.000,63.600,0.000,0.000,0.000
"09:15",16.230,0.000,63.600,0.000,0.000,0.000
"09:30",29.696,0.000,63.600,0.000,0.000,0.000
"09:45",43.725,0.000,63.600,0.000,0.000,0.000
"10:00",45.722,0.000,63.600,0.000,0.000,0.000
"10:15",35.021,0.000,63.600,0.000,0.000,0.000
"10:30",59.290,0.000,63.600,0.000,0.000,0.000
"10:45",72.294,0.000,63.600,0.000,0.000,0.000
"11:00",79.155,0.000,63.600,0.000,0.000,0.000
"11:15",84.838,0.000,63.600,0.000,0.000,0.000
"11:30",82.944,0.000,63.600,0.000,0.000,0.000
"11:45",51.558,0.000,63.700,0.000,0.000,0.000
"12:00",39.270,0.000,63.700,0.000,0.000,0.000
"12:15",49.869,0.000,63.700,0.000,0.000,0.000
"12:30",69.939,0.000,63.700,0.000,0.000,0.000
"12:45",71.168,0.000,63.700,0.000,0.000,0.000
"13:00",75.110,0.000,63.600,0.000,0.000,0.000
"13:15",93.645,0.000,63.700,0.000,0.000,0.000
"13:30",88.678,0.000,63.700,0.000,0.000,0.000
"13:45",94.618,0.000,63.700,0.000,0.000,0.000
"14:00",94.925,0.000,63.700,0.000,0.000,0.000
"14:15",42.496,0.000,63.600,0.000,0.000,0.000
"14:30",28.979,0.000,63.700,0.000,0.000,0.000
"14:45",19.098,0.000,63.700,0.000,0.000,0.000
"15:00",23.654,0.000,63.700,0.000,0.000,0.000
"15:15",81.818,0.000,63.700,0.000,0.000,0.000
"15:30",78.848,0.000,63.700,0.000,0.000,0.000
"15:45",65.229,0.000,63.600,0.000,0.000,0.000
"16:00",19.405,0.000,63.600,0.000,0.000,0.000
"16:15",24.166,0.000,63.600,0.000,0.000,0.000
"16:30",40.602,0.000,63.600,0.000,0.000,0.000
"16:45",16.077,0.000,63.600,0.000,0.000,0.000
"17:00",46.285,0.000,63.600,0.000,0.000,0.000
"17:15",58.470,0.000,63.600,0.000,0.000,0.000
"17:30",48.589,0.000,63.600,0.000,0.000,0.000
"17:45",22.118,0.000,63.600,0.307,0.000,0.000
"18:00",39.117,0.000,63.600,0.000,0.000,0.000
"18:15",6.912,0.154,63.700,1.178,0.000,0.000
"18:30",6.298,0.973,63.700,2.611,0.000,0.000
"18:45",16.742,0.000,63.700,0.000,0.000,0.000
"19:00",9.779,0.000,63.700,0.000,0.000,0.000
"19:15",3.174,0.102,63.700,1.382,0.000,0.000
"19:30",0.819,1.843,63.700,4.454,0.000,0.000
"19:45",0.154,3.430,63.700,5.018,0.000,0.000
"20:00",0.000,4.045,63.700,7.219,0.000,0.000
"20:15",0.000,4.147,63.700,7.270,0.000,0.000
"20:30",0.000,4.045,63.700,7.270,0.000,0.000
"20:45",0.000,4.096,63.700,7.322,0.000,0.000
"21:00",0.000,4.198,63.700,7.270,0.000,0.000
"21:15",0.000,4.608,63.700,7.168,0.000,0.000
"21:30",0.000,4.710,63.700,7.424,0.000,0.000
"21:45",0.000,4.557,63.700,7.578,0.000,0.000
"22:00",0.000,4.403,63.700,7.475,0.000,0.000
"22:15",0.000,4.454,63.700,7.782,0.000,0.000
"22:30",0.000,4.762,63.700,7.475,0.000,0.000
"22:45",0.000,4.250,63.700,7.578,0.000,0.000
"23:00",0.000,4.045,63.700,7.526,0.000,0.000
"23:15",0.000,3.994,63.700,7.526,0.000,0.000
"23:30",0.000,4.096,63.700,7.578,0.000,0.000
"23:45",0.000,3.942,63.700,7.731,0.000,0.000
" 3/06/26 24:00",0.000,4.301,63.700,7.680,0.000,0.000
