"kwh"
"Time ","DAGSR01P","DAGSR01P","DAGSR01P","DAGSR01P","DAGSR01P","DAGSR01P"
" 8/01/26 00:15",0.000,3.430,63.700,7.219,0.000,0.000
" 8/01/26 00:30",0.000,4.762,63.700,7.117,0.000,0.000
"00:45",0.000,4.198,63.700,7.936,0.000,0.000
"01:00",0.000,3.994,63.700,7.885,0.000,0.000
"01:15",0.000,4.454,63.700,7.014,0.000,0.000
"01:30",0.000,3.584,63.700,7.424,0.000,0.000
"01:45",0.000,3.942,63.700,7.168,0.000,0.000
"02:00",0.000,4.045,63.700,7.373,0.000,0.000
"02:15",0.000,4.045,63.700,7.782,0.000,0.000
"02:30",0.000,4.147,63.700,7.373,0.000,0.000
"02:45",0.000,3.379,63.700,7.834,0.000,0.000
"03:00",0.000,3.277,63.700,8.038,0.000,0.000
"03:15",0.000,3.994,63.700,7.731,0.000,0.000
"03:30",0.000,3.840,63.700,7.885,0.000,0.000
"03:45",0.000,3.379,63.700,7.680,0.000,0.000
"04:00",0.000,3.994,63.700,7.270,0.000,0.000
"04:15",0.000,3.482,63.700,7.629,0.000,0.000
"04:30",0.000,3.840,63.700,7.168,0.000,0.000
"04:45",0.000,3.635,63.700,7.885,0.000,0.000
"05:00",0.000,3.533,63.700,8.448,0.000,0.000
"05:15",0.000,3.994,63.700,7.885,0.000,0.000
"05:30",0.000,3.328,63.700,8.550,0.000,0.000
"05:45",0.000,3.686,63.700,8.038,0.000,0.000
"06:00",0.000,4.352,63.700,7.373,0.000,0.000
"06:15",0.000,3.277,63.700,7.629,0.000,0.000
"06:30",0.000,3.789,63.700,7.987,0.000,0.000
"06:45",0.000,4.198,63.700,7.629,0.000,0.000
"07:00",0.000,3.533,63.700,8.090,0.000,0.000
"07:15",0.000,4.147,63.700,7.885,0.000,0.000
"07:30",0.000,3.789,63.700,7.936,0.000,0.000
"07:45",0.000,3.635,63.700,8.243,0.000,0.000
"08:00",0.000,4.915,63.700,7.629,0.000,0.000
"08:15",0.000,3.379,63.700,7.987,0.000,0.000
"08:30",0.000,3.226,63.700,7.680,0.000,0.000
"08:45",0.563,1.587,63.700,4.608,0.000,0.000
"09:00",7.168,0.000,63.700,0.000,0.000,0.000
"09:15",6.707,8.499,63.600,0.000,9.267,0.000
"09:30",0.358,4.198,63.700,0.000,11.571,2.611
"09:45",5.478,0.051,63.600,0.000,0.666,13.056
"10:00",13.670,0.000,63.700,0.000,0.000,13.722
"10:15",19.712,0.563,63.700,0.000,2.970,12.954
"10:30",0.205,4.045,63.700,0.000,29.082,4.659
"10:45",2.662,0.717,63.700,0.000,10.701,23.962
"11:00",8.141,0.000,63.700,0.000,0.000,34.458
"11:15",13.875,0.000,63.700,0.000,0.000,35.072
"11:30",18.739,0.000,63.700,0.000,0.000,35.328
"11:45",22.016,0.000,63.700,0.000,0.000,35.789
"12:00",25.344,0.000,63.700,0.000,0.000,35.789
"12:15",30.874,0.000,63.700,0.000,0.000,35.840
"12:30",23.194,3.379,63.800,0.000,5.683,30.157
"12:45",28.314,0.000,63.700,0.000,0.051,35.686
"13:00",31.642,0.000,63.700,0.000,0.000,36.403
"13:15",33.331,0.000,63.700,0.000,0.000,36.352
"13:30",34.458,0.000,63.700,0.000,0.000,36.198
"13:45",34.355,0.000,63.700,0.000,0.000,36.710
"14:00",34.509,0.000,63.700,0.000,0.000,36.045
"14:15",32.922,0.000,63.700,0.000,0.000,36.301
"14:30",31.744,0.000,63.700,0.000,0.000,36.352
"14:45",31.130,0.000,63.700,0.000,0.000,35.942
"15:00",27.853,0.000,63.700,0.000,0.000,36.147
"15:15",26.880,0.000,63.700,0.000,0.000,35.686
"15:30",23.040,0.000,63.700,0.000,0.000,35.430
"15:45",18.739,0.000,63.700,0.000,0.000,35.635
"16:00",16.077,0.358,63.700,0.000,0.973,33.946
"16:15",2.406,13.210,63.700,0.000,21.504,12.902
"16:30",11.213,6.144,63.700,0.000,5.837,10.957
"16:45",17.818,0.768,63.700,0.000,1.946,11.469
"17:00",46.490,0.000,63.700,0.000,0.000,5.530
"17:15",49.357,0.000,63.700,0.000,0.000,0.000
"17:30",40.550,0.000,63.700,0.000,0.000,0.000
"17:45",33.178,0.000,63.800,0.000,0.000,0.000
"18:00",24.525,0.000,63.700,0.000,0.000,0.000
"18:15",13.568,0.000,63.800,0.000,0.000,0.000
"18:30",0.614,1.229,63.800,4.352,0.000,0.000
"18:45",0.000,3.635,63.700,7.066,0.000,0.000
"19:00",0.000,5.018,63.700,7.014,0.000,0.000
"19:15",0.000,4.198,63.700,7.680,0.000,0.000
"19:30",0.000,4.352,63.700,6.912,0.000,0.000
"19:45",0.000,3.840,63.700,7.270,0.000,0.000
"20:00",0.000,3.584,63.700,7.578,0.000,0.000
"20:15",0.000,4.045,63.700,7.424,0.000,0.000
"20:30",0.000,3.840,63.700,7.834,0.000,0.000
"20:45",0.000,4.147,63.700,7.680,0.000,0.000
"21:00",0.000,3.533,63.700,7.885,0.000,0.000
"21:15",0.000,3.482,63.700,7.578,0.000,0.000
"21:30",0.000,4.045,63.700,7.219,0.000,0.000
"21:45",0.000,3.277,63.700,7.936,0.000,0.000
"22:00",0.000,3.789,63.700,7.885,0.000,0.000
"22:15",0.000,4.659,63.700,7.629,0.000,0.000
"22:30",0.000,3.277,63.700,8.499,0.000,0.000
"22:45",0.000,3.789,63.700,8.294,0.000,0.000
"23:00",0.000,4.454,63.700,8.294,0.000,0.000
"23:15",0.000,4.301,63.700,8.346,0.000,0.000
"23:30",0.000,4.557,63.700,7.014,0.000,0.000
"23:45",0.000,4.045,63.700,7.782,0.000,0.000
" 8/01/26 24:00",0.000,4.250,63.700,7.373,0.000,0.000
