"kwh"
"Time ","DAGSR01P","DAGSR01P","DAGSR01P","DAGSR01P","DAGSR01P","DAGSR01P"
" 6/08/26 00:15",0.000,4.557,63.700,5.581,0.000,0.000
" 6/08/26 00:30",0.000,4.147,63.700,6.298,0.000,0.000
"00:45",0.000,4.557,63.700,5.734,0.000,0.000
"01:00",0.000,5.018,63.600,5.581,0.000,0.000
"01:15",0.000,4.813,63.700,6.195,0.000,0.000
"01:30",0.000,4.813,63.700,6.195,0.000,0.000
"01:45",0.000,5.581,63.700,5.786,0.000,0.000
"02:00",0.000,5.734,63.700,5.478,0.000,0.000
"02:15",0.000,4.710,63.700,6.451,0.000,0.000
"02:30",0.000,4.608,63.700,6.400,0.000,0.000
"02:45",0.000,5.069,63.700,6.042,0.000,0.000
"03:00",0.000,5.581,63.700,5.939,0.000,0.000
"03:15",0.000,4.864,63.700,6.605,0.000,0.000
"03:30",0.000,4.506,63.700,6.298,0.000,0.000
"03:45",0.000,5.171,63.700,5.939,0.000,0.000
"04:00",0.000,5.069,63.700,6.042,0.000,0.000
"04:15",0.000,4.710,63.700,6.298,0.000,0.000
"04:30",0.000,4.762,63.700,6.451,0.000,0.000
"04:45",0.000,5.939,63.700,6.246,0.000,0.000
"05:00",0.000,5.786,63.700,5.888,0.000,0.000
"05:15",0.000,4.608,63.700,6.349,0.000,0.000
"05:30",0.000,4.506,63.700,6.400,0.000,0.000
"05:45",0.000,4.403,63.700,6.400,0.000,0.000
"06:00",0.000,5.683,63.700,5.581,0.000,0.000
"06:15",0.000,4.659,63.700,6.195,0.000,0.000
"06:30",0.000,4.608,63.700,6.195,0.000,0.000
"06:45",0.000,4.813,63.700,6.349,0.000,0.000
"07:00",0.000,4.557,63.600,5.786,0.000,0.000
"07:15",0.000,5.171,63.600,5.171,0.000,0.000
"07:30",0.000,4.557,63.700,5.837,0.000,0.000
"07:45",0.000,4.762,63.700,5.786,0.000,0.000
"08:00",0.000,5.683,63.700,5.530,0.000,0.000
"08:15",0.000,5.888,63.700,5.018,0.000,0.000
"08:30",0.000,4.250,63.600,5.478,0.000,0.000
"08:45",0.051,3.379,63.600,5.171,0.000,0.000
"09:00",2.355,0.205,63.600,1.536,0.000,0.000
"09:15",10.138,0.000,63.600,0.000,0.000,0.000
"09:30",29.696,0.000,63.600,0.000,0.000,0.000
"09:45",35.277,0.000,63.600,0.000,0.000,0.000
"10:00",43.213,0.000,63.600,0.000,0.000,0.000
"10:15",50.381,0.000,63.600,0.000,0.000,0.051
"10:30",57.702,0.000,63.700,0.000,0.000,0.000
"10:45",64.461,0.000,63.600,0.000,0.000,0.000
"11:00",68.403,0.000,63.700,0.000,0.000,0.154
"11:15",73.984,0.000,63.700,0.000,0.000,0.256
"11:30",79.360,0.000,63.700,0.000,0.000,0.205
"11:45",83.200,0.000,63.700,0.000,0.000,0.307
"12:00",84.838,0.000,63.700,0.000,0.000,0.461
"12:15",88.371,0.000,63.700,0.000,0.000,0.205
"12:30",90.931,0.000,63.700,0.000,0.000,0.410
"12:45",93.082,0.000,63.700,0.000,0.000,0.563
"13:00",95.744,0.000,63.700,0.000,0.000,0.666
"13:15",95.386,0.000,63.700,0.000,0.000,0.563
"13:30",95.488,0.000,63.700,0.000,0.000,0.563
"13:45",57.395,0.000,63.700,0.000,0.000,0.256
"14:00",33.434,0.000,63.700,0.000,0.000,0.154
"14:15",78.029,0.000,63.700,0.000,0.000,0.410
"14:30",68.557,0.000,63.800,0.000,0.000,0.307
"14:45",69.478,0.000,63.700,0.000,0.000,0.512
"15:00",49.562,0.000,63.800,0.000,0.000,0.154
"15:15",32.461,0.000,63.700,0.000,0.000,0.102
"15:30",32.154,0.000,63.700,0.000,0.000,0.000
"15:45",22.835,0.000,63.800,0.000,0.000,0.051
"16:00",17.152,0.000,63.800,0.000,0.000,0.000
"16:15",47.667,0.000,63.700,0.000,0.000,0.051
"16:30",33.280,0.000,63.700,0.000,0.000,0.051
"16:45",9.677,0.000,63.700,0.000,0.000,0.000
"17:00",9.421,0.000,63.700,0.000,0.000,0.000
"17:15",13.773,0.000,63.700,0.000,0.000,0.000
"17:30",27.341,0.000,63.700,0.000,0.000,0.000
"17:45",13.978,0.000,63.700,0.000,0.000,0.000
"18:00",1.126,1.075,63.700,2.611,0.000,0.000
"18:15",0.000,4.147,63.700,4.506,0.000,0.000
"18:30",0.000,6.093,63.700,4.045,0.000,0.000
"18:45",0.000,5.274,63.700,4.710,0.000,0.000
"19:00",0.000,5.376,63.700,4.403,0.000,0.000
"19:15",0.000,4.710,63.700,5.069,0.000,0.000
"19:30",0.000,5.274,63.700,5.018,0.000,0.000
"19:45",0.000,4.608,63.700,5.581,0.000,0.000
"20:00",0.000,4.403,63.700,5.734,0.000,0.000
"20:15",0.000,4.403,63.700,5.734,0.000,0.000
"20:30",0.000,4.813,63.700,5.274,0.000,0.000
"20:45",0.000,3.686,63.700,5.734,0.000,0.000
"21:00",0.000,4.198,63.700,5.734,0.000,0.000
"21:15",0.000,4.506,63.700,5.837,0.000,0.000
"21:30",0.000,4.915,63.700,5.222,0.000,0.000
"21:45",0.000,3.840,63.700,6.144,0.000,0.000
"22:00",0.000,4.301,63.700,6.042,0.000,0.000
"22:15",0.000,3.994,63.700,6.195,0.000,0.000
"22:30",0.000,5.222,63.700,5.376,0.000,0.000
"22:45",0.000,3.942,63.700,6.195,0.000,0.000
"23:00",0.000,3.430,63.700,6.093,0.000,0.000
"23:15",0.000,3.430,63.700,5.990,0.000,0.000
"23:30",0.000,4.710,63.700,5.581,0.000,0.000
"23:45",0.000,4.454,63.700,5.939,0.000,0.000
" 6/08/26 24:00",0.000,3.738,63.700,6.554,0.000,0.000
