"kwh"
"Time ","DAGSR01P","DAGSR01P","DAGSR01P","DAGSR01P","DAGSR01P","DAGSR01P"
" 8/19/26 00:15",0.000,4.710,63.700,7.014,0.000,0.000
" 8/19/26 00:30",0.000,4.506,63.700,7.014,0.000,0.000
"00:45",0.000,4.352,63.700,6.912,0.000,0.000
"01:00",0.000,4.710,63.700,6.656,0.000,0.000
"01:15",0.000,3.686,63.700,7.117,0.000,0.000
"01:30",0.000,3.942,63.700,7.270,0.000,0.000
"01:45",0.000,4.301,63.700,7.219,0.000,0.000
"02:00",0.000,3.789,63.700,7.219,0.000,0.000
"02:15",0.000,3.942,63.700,7.117,0.000,0.000
"02:30",0.000,3.738,63.700,7.629,0.000,0.000
"02:45",0.000,3.891,63.700,7.424,0.000,0.000
"03:00",0.000,3.891,63.700,7.629,0.000,0.000
"03:15",0.000,3.789,63.700,7.936,0.000,0.000
"03:30",0.000,4.659,63.700,6.810,0.000,0.000
"03:45",0.000,3.789,63.700,7.373,0.000,0.000
"04:00",0.000,3.840,63.700,7.322,0.000,0.000
"04:15",0.000,3.942,63.700,7.270,0.000,0.000
"04:30",0.000,4.147,63.700,7.526,0.000,0.000
"04:45",0.000,3.942,63.700,7.066,0.000,0.000
"05:00",0.000,3.891,63.700,7.322,0.000,0.000
"05:15",0.000,4.096,63.700,7.475,0.000,0.000
"05:30",0.000,3.994,63.700,7.578,0.000,0.000
"05:45",0.000,3.635,63.700,7.782,0.000,0.000
"06:00",0.000,3.942,63.700,7.475,0.000,0.000
"06:15",0.000,4.659,63.700,6.963,0.000,0.000
"06:30",0.000,3.738,63.700,7.578,0.000,0.000
"06:45",0.000,4.352,63.700,7.322,0.000,0.000
"07:00",0.000,4.454,63.700,7.475,0.000,0.000
"07:15",0.000,5.581,63.600,7.168,0.000,0.000
"07:30",0.000,6.042,63.600,6.963,0.000,0.000
"07:45",0.000,5.888,63.600,7.014,0.000,0.000
"08:00",0.000,6.144,63.600,6.810,0.000,0.000
"08:15",0.000,5.786,63.600,6.554,0.000,0.000
"08:30",1.331,1.690,63.600,3.328,0.000,0.000
"08:45",9.421,0.000,63.600,0.000,0.000,0.000
"09:00",18.944,0.000,63.600,0.000,0.000,0.000
"09:15",2.355,3.891,63.600,0.000,10.291,1.690
"09:30",4.147,0.307,63.700,0.000,2.202,10.957
"09:45",12.339,0.000,63.600,0.000,0.000,13.056
"10:00",19.917,0.000,63.700,0.000,0.000,13.466
"10:15",27.443,0.000,63.700,0.000,0.000,13.722
"10:30",35.123,0.000,63.700,0.000,0.000,13.875
"10:45",40.909,0.000,63.700,0.000,0.000,14.336
"11:00",47.155,0.000,63.600,0.000,0.000,14.490
"11:15",51.661,0.000,63.600,0.000,0.000,14.848
"11:30",55.091,0.000,63.700,0.000,0.000,15.002
"11:45",59.136,0.000,63.700,0.000,0.000,15.104
"12:00",60.877,0.000,63.700,0.000,0.000,16.128
"12:15",64.000,0.000,63.700,0.000,0.000,16.333
"12:30",67.635,0.000,63.700,0.000,0.000,15.514
"12:45",70.502,0.000,63.700,0.000,0.000,14.950
"13:00",60.160,0.000,63.600,0.000,0.000,20.275
"13:15",37.888,0.000,63.700,0.000,0.000,30.515
"13:30",37.888,0.000,63.700,0.000,0.000,30.566
"13:45",42.496,0.000,63.700,0.000,0.000,27.443
"14:00",70.605,0.000,63.700,0.000,0.000,12.288
"14:15",68.659,0.000,63.700,0.000,0.000,11.930
"14:30",67.123,0.000,63.700,0.000,0.000,11.725
"14:45",66.867,0.000,63.700,0.000,0.000,12.237
"15:00",65.280,0.000,63.700,0.000,0.000,10.650
"15:15",67.789,0.000,63.700,0.000,0.000,8.704
"15:30",60.723,0.000,63.700,0.000,0.000,9.165
"15:45",55.603,0.000,63.700,0.000,0.000,9.421
"16:00",50.944,0.000,63.700,0.000,0.000,9.267
"16:15",45.568,0.000,63.600,0.000,0.000,7.936
"16:30",38.656,0.000,63.600,0.000,0.000,7.731
"16:45",32.358,0.000,63.600,0.000,0.000,7.782
"17:00",24.730,0.000,63.600,0.000,0.000,7.731
"17:15",18.381,0.000,63.700,0.000,0.000,7.219
"17:30",10.394,0.000,63.700,0.000,0.000,6.912
"17:45",2.662,0.819,63.700,0.000,2.099,4.813
"18:00",0.051,6.349,63.700,0.000,6.554,0.256
"18:15",0.000,15.155,63.800,0.000,6.605,0.000
"18:30",0.000,23.706,63.700,0.000,6.605,0.000
"18:45",0.000,32.922,63.700,0.000,7.014,0.000
"19:00",0.000,35.686,63.700,0.000,6.758,0.000
"19:15",0.000,35.840,63.700,0.000,6.758,0.000
"19:30",0.000,36.864,63.700,0.000,7.066,0.000
"19:45",0.000,36.147,63.700,0.000,6.554,0.000
"20:00",0.000,35.891,63.700,0.000,6.298,0.000
"20:15",0.000,36.403,63.700,0.000,5.939,0.000
"20:30",0.000,36.147,63.700,0.000,5.581,0.000
"20:45",0.000,36.454,63.700,0.000,5.888,0.000
"21:00",0.000,36.762,63.700,0.000,5.939,0.000
"21:15",0.000,36.557,63.700,0.000,5.734,0.000
"21:30",0.000,36.250,63.700,0.000,6.298,0.000
"21:45",0.000,36.659,63.700,0.000,6.298,0.000
"22:00",0.000,36.813,63.700,0.000,5.734,0.000
"22:15",0.000,38.144,63.700,0.000,6.144,0.000
"22:30",0.000,37.069,63.700,0.000,6.042,0.000
"22:45",0.000,37.171,63.700,0.000,5.888,0.000
"23:00",0.000,37.120,63.600,0.000,5.376,0.000
"23:15",0.000,27.802,63.600,2.048,4.454,0.000
"23:30",0.000,4.915,63.600,7.117,0.000,0.000
"23:45",0.000,5.069,63.600,7.373,0.000,0.000
" 8/19/26 24:00",0.000,5.018,63.600,7.322,0.000,0.000
