"kwh"
"Time ","DAGSR01P","DAGSR01P","DAGSR01P","DAGSR01P","DAGSR01P","DAGSR01P"
" 9/15/26 00:15",0.000,4.147,61.900,15.514,0.000,0.000
" 9/15/26 00:30",0.000,3.686,61.900,15.872,0.000,0.000
"00:45",0.000,3.840,62.000,15.770,0.000,0.000
"01:00",0.000,4.557,62.200,15.565,0.000,0.000
"01:15",0.000,4.403,62.300,14.797,0.000,0.000
"01:30",0.000,3.891,62.000,15.872,0.000,0.000
"01:45",0.000,3.226,61.600,16.794,0.000,0.000
"02:00",0.000,3.123,61.700,16.486,0.000,0.000
"02:15",0.000,3.123,61.800,16.435,0.000,0.000
"02:30",0.000,4.147,61.800,16.026,0.000,0.000
"02:45",0.000,4.864,61.900,15.411,0.000,0.000
"03:00",0.000,3.942,62.000,15.770,0.000,0.000
"03:15",0.000,3.533,62.100,16.230,0.000,0.000
"03:30",0.000,3.328,62.100,15.974,0.000,0.000
"03:45",0.000,3.328,62.100,16.077,0.000,0.000
"04:00",0.000,3.533,62.100,15.974,0.000,0.000
"04:15",0.000,4.096,62.100,15.718,0.000,0.000
"04:30",0.000,3.686,62.000,16.128,0.000,0.000
"04:45",0.000,3.072,62.000,16.282,0.000,0.000
"05:00",0.000,3.021,62.100,16.077,0.000,0.000
"05:15",0.000,3.891,62.300,15.258,0.000,0.000
"05:30",0.000,3.430,62.300,15.667,0.000,0.000
"05:45",0.000,3.430,62.200,15.770,0.000,0.000
"06:00",0.000,3.277,62.200,15.923,0.000,0.000
"06:15",0.000,3.635,62.100,15.821,0.000,0.000
"06:30",0.000,4.557,62.400,15.360,0.000,0.000
"06:45",0.000,3.891,62.200,15.974,0.000,0.000
"07:00",0.000,4.045,62.100,16.077,0.000,0.000
"07:15",0.000,3.533,62.100,16.128,0.000,0.000
"07:30",0.000,3.635,62.400,15.616,0.000,0.000
"07:45",0.205,2.202,62.500,11.827,0.000,0.000
"08:00",2.253,0.256,62.600,3.584,0.000,0.000
"08:15",8.909,0.000,62.500,0.000,0.000,0.000
"08:30",20.838,0.000,62.500,0.000,0.000,0.000
"08:45",30.618,0.000,62.400,0.000,0.000,0.000
"09:00",33.331,0.000,62.400,0.000,0.000,0.000
"09:15",41.626,0.000,62.400,0.000,0.000,0.000
"09:30",55.296,0.000,62.100,0.000,0.000,0.000
"09:45",64.512,0.000,62.100,0.000,0.000,0.000
"10:00",73.882,0.000,62.000,0.000,0.000,0.000
"10:15",80.128,0.000,62.000,0.000,0.000,0.000
"10:30",86.733,0.000,62.000,0.000,0.000,0.000
"10:45",92.058,0.000,62.000,0.000,0.000,0.000
"11:00",96.768,0.000,61.900,0.000,0.000,0.000
"11:15",100.966,0.000,61.800,0.000,0.000,0.000
"11:30",103.066,0.000,61.800,0.000,0.000,0.000
"11:45",106.701,0.000,61.800,0.000,0.000,0.000
"12:00",105.779,0.000,62.000,0.000,0.000,0.000
"12:15",104.499,0.000,62.000,0.000,0.000,0.000
"12:30",105.728,0.000,61.900,0.000,0.000,0.000
"12:45",106.291,0.000,62.200,0.000,0.000,0.000
"13:00",106.906,0.000,62.400,0.000,0.000,0.000
"13:15",106.086,0.000,62.400,0.000,0.000,0.000
"13:30",106.803,0.000,62.300,0.000,0.000,0.000
"13:45",106.752,0.000,62.200,0.000,0.000,0.000
"14:00",106.189,0.000,62.300,0.000,0.000,0.000
"14:15",107.008,0.000,62.300,0.000,0.000,0.000
"14:30",106.906,0.000,62.300,0.000,0.000,0.000
"14:45",106.547,0.000,62.400,0.000,0.000,0.000
"15:00",104.755,0.000,62.400,0.000,0.000,0.000
"15:15",102.605,0.000,62.400,0.000,0.000,0.000
"15:30",99.174,0.000,62.500,0.000,0.000,0.000
"15:45",94.925,0.000,62.500,0.000,0.000,0.000
"16:00",88.934,0.000,62.100,0.000,0.000,0.000
"16:15",84.019,0.000,62.000,0.000,0.000,0.000
"16:30",78.029,0.000,62.000,0.000,0.000,0.000
"16:45",70.963,0.000,62.000,0.000,0.000,0.000
"17:00",64.410,0.000,62.100,0.000,0.000,0.000
"17:15",56.525,0.000,62.100,0.000,0.000,0.000
"17:30",47.821,0.000,62.100,0.000,0.000,0.000
"17:45",39.885,0.000,62.200,0.000,0.000,0.000
"18:00",31.590,0.000,62.900,0.000,0.000,0.000
"18:15",23.450,0.000,64.600,0.000,0.000,0.000
"18:30",6.042,0.000,64.200,0.307,0.000,0.000
"18:45",1.434,1.024,64.100,3.277,0.000,0.000
"19:00",0.102,3.277,63.900,5.888,0.000,0.000
"19:15",0.000,7.475,63.700,7.936,0.000,0.000
"19:30",0.000,7.219,63.600,8.909,0.000,0.000
"19:45",0.000,4.762,63.700,10.138,0.000,0.000
"20:00",0.000,5.222,63.700,9.779,0.000,0.000
"20:15",0.000,4.403,63.500,10.650,0.000,0.000
"20:30",0.000,4.557,63.500,10.906,0.000,0.000
"20:45",0.000,5.376,63.700,9.472,0.000,0.000
"21:00",0.000,4.301,63.900,9.421,0.000,0.000
"21:15",0.000,4.045,64.000,9.523,0.000,0.000
"21:30",0.000,5.478,63.900,8.704,0.000,0.000
"21:45",0.000,5.120,64.000,8.806,0.000,0.000
"22:00",0.000,5.018,64.100,8.550,0.000,0.000
"22:15",0.000,5.376,64.200,8.090,0.000,0.000
"22:30",0.000,4.403,64.200,8.550,0.000,0.000
"22:45",0.000,4.608,64.300,8.653,0.000,0.000
"23:00",0.000,4.966,64.200,8.909,0.000,0.000
"23:15",0.000,4.710,62.500,13.158,0.000,0.000
"23:30",0.000,4.096,62.100,14.541,0.000,0.000
"23:45",0.000,4.710,61.700,15.053,0.000,0.000
" 9/15/26 24:00",0.000,4.710,61.900,14.592,0.000,0.000
