"kwh"
"Time ","DAGSR01P","DAGSR01P","DAGSR01P","DAGSR01P","DAGSR01P","DAGSR01P"
" 8/17/26 00:15",0.000,5.888,63.700,5.888,0.000,0.000
" 8/17/26 00:30",0.000,5.274,63.700,6.349,0.000,0.000
"00:45",0.000,5.734,63.700,6.042,0.000,0.000
"01:00",0.000,5.120,63.700,6.502,0.000,0.000
"01:15",0.000,5.069,63.700,6.451,0.000,0.000
"01:30",0.000,5.325,63.700,6.042,0.000,0.000
"01:45",0.000,4.915,63.700,6.605,0.000,0.000
"02:00",0.000,5.274,63.700,6.451,0.000,0.000
"02:15",0.000,5.069,63.700,6.707,0.000,0.000
"02:30",0.000,4.454,63.700,7.117,0.000,0.000
"02:45",0.000,5.376,63.700,6.554,0.000,0.000
"03:00",0.000,5.171,63.700,6.656,0.000,0.000
"03:15",0.000,4.813,63.700,6.810,0.000,0.000
"03:30",0.000,5.069,63.700,7.168,0.000,0.000
"03:45",0.000,4.762,63.700,7.066,0.000,0.000
"04:00",0.000,5.376,63.700,6.349,0.000,0.000
"04:15",0.000,4.557,63.700,6.963,0.000,0.000
"04:30",0.000,4.813,63.700,7.168,0.000,0.000
"04:45",0.000,5.632,63.700,6.707,0.000,0.000
"05:00",0.000,4.506,63.700,6.861,0.000,0.000
"05:15",0.000,5.171,63.700,6.451,0.000,0.000
"05:30",0.000,4.864,63.700,7.066,0.000,0.000
"05:45",0.000,4.403,63.700,7.270,0.000,0.000
"06:00",0.000,5.632,63.700,6.554,0.000,0.000
"06:15",0.000,5.069,63.700,6.861,0.000,0.000
"06:30",0.000,5.581,63.700,6.758,0.000,0.000
"06:45",0.000,4.813,63.700,6.963,0.000,0.000
"07:00",0.000,4.557,63.700,7.168,0.000,0.000
"07:15",0.000,5.478,63.700,6.451,0.000,0.000
"07:30",0.000,4.966,63.700,7.066,0.000,0.000
"07:45",0.000,4.710,63.700,7.066,0.000,0.000
"08:00",0.000,5.427,63.700,6.554,0.000,0.000
"08:15",0.000,3.738,63.700,6.861,0.000,0.000
"08:30",0.461,1.382,63.700,4.403,0.000,0.000
"08:45",9.574,0.000,63.700,0.000,0.000,0.000
"09:00",6.093,0.000,63.700,0.000,0.000,0.000
"09:15",5.581,0.000,63.700,0.000,0.000,0.000
"09:30",4.454,0.000,63.700,0.000,0.000,0.000
"09:45",6.349,0.000,63.800,0.000,0.000,0.000
"10:00",15.053,0.000,63.800,0.000,0.000,0.000
"10:15",57.446,0.000,63.700,0.000,0.000,0.000
"10:30",64.819,0.000,63.700,0.000,0.000,0.000
"10:45",63.078,0.000,63.700,0.000,0.000,4.813
"11:00",43.213,0.512,63.700,0.000,0.512,13.312
"11:15",55.347,0.000,63.700,0.000,0.000,14.182
"11:30",60.262,0.000,63.700,0.000,0.000,14.080
"11:45",33.331,1.638,63.700,0.000,2.406,11.520
"12:00",40.397,1.126,63.700,0.000,2.458,11.264
"12:15",56.218,2.406,63.700,0.000,2.714,12.442
"12:30",73.267,0.000,63.700,0.000,0.000,15.360
"12:45",72.755,0.000,63.600,0.000,0.000,15.309
"13:00",71.987,0.000,63.700,0.000,0.000,16.230
"13:15",42.701,1.229,63.700,0.000,2.560,11.827
"13:30",21.146,4.198,63.700,0.000,6.298,7.526
"13:45",64.870,0.000,63.700,0.000,0.102,15.309
"14:00",0.358,4.659,63.700,0.000,11.571,1.485
"14:15",16.077,1.075,63.700,0.000,3.738,10.291
"14:30",9.062,3.686,63.700,0.000,7.987,4.915
"14:45",3.328,2.304,63.700,0.000,6.349,6.758
"15:00",2.458,3.584,63.700,0.000,9.779,3.328
"15:15",13.722,4.915,63.700,0.000,7.168,6.707
"15:30",2.253,6.093,63.700,0.000,11.776,1.126
"15:45",3.994,8.141,63.700,0.000,9.267,3.072
"16:00",9.421,2.714,63.700,0.000,6.861,6.451
"16:15",0.973,10.394,63.700,0.000,11.520,0.922
"16:30",0.000,12.749,63.700,0.000,12.902,0.000
"16:45",0.154,22.938,63.700,0.000,12.442,0.000
"17:00",12.186,0.000,63.700,0.000,0.000,0.000
"17:15",13.414,0.000,63.700,0.000,0.000,0.000
"17:30",23.654,0.000,63.700,0.000,0.000,0.000
"17:45",35.072,0.000,63.700,0.000,0.000,0.000
"18:00",25.293,0.000,63.800,0.000,0.000,0.000
"18:15",16.077,0.000,63.800,0.000,0.000,0.000
"18:30",6.758,0.000,63.800,0.051,0.000,0.000
"18:45",0.256,2.253,63.800,6.554,0.000,0.000
"19:00",0.000,3.891,63.800,8.038,0.000,0.000
"19:15",0.000,3.994,63.800,7.834,0.000,0.000
"19:30",0.000,4.045,63.700,7.782,0.000,0.000
"19:45",0.000,4.096,63.700,8.038,0.000,0.000
"20:00",0.000,3.942,63.700,8.090,0.000,0.000
"20:15",0.000,3.994,63.700,8.141,0.000,0.000
"20:30",0.000,4.045,63.700,8.141,0.000,0.000
"20:45",0.000,3.942,63.700,8.192,0.000,0.000
"21:00",0.000,3.891,63.700,8.141,0.000,0.000
"21:15",0.000,4.147,63.700,8.038,0.000,0.000
"21:30",0.000,3.942,63.700,8.397,0.000,0.000
"21:45",0.000,3.686,63.700,8.397,0.000,0.000
"22:00",0.000,3.789,63.700,8.755,0.000,0.000
"22:15",0.000,4.454,63.700,8.602,0.000,0.000
"22:30",0.000,4.454,63.700,8.602,0.000,0.000
"22:45",0.000,4.096,63.700,8.806,0.000,0.000
"23:00",0.000,4.659,63.700,8.550,0.000,0.000
"23:15",0.000,3.891,63.700,8.397,0.000,0.000
"23:30",0.000,3.533,63.700,8.499,0.000,0.000
"23:45",0.000,3.994,63.700,8.141,0.000,0.000
" 8/17/26 24:00",0.000,3.584,63.700,8.090,0.000,0.000
