"kwh"
"Time ","DAGSR01P","DAGSR01P","DAGSR01P","DAGSR01P","DAGSR01P","DAGSR01P"
" 3/01/26 00:15",0.000,7.680,63.600,3.635,0.000,0.000
" 3/01/26 00:30",0.000,7.578,63.600,3.277,0.000,0.000
"00:45",0.000,7.834,63.600,2.714,0.000,0.000
"01:00",0.000,7.782,63.700,3.021,0.000,0.000
"01:15",0.000,7.424,63.600,3.738,0.000,0.000
"01:30",0.000,7.373,63.600,3.584,0.000,0.000
"01:45",0.000,7.373,63.600,4.045,0.000,0.000
"02:00",0.000,5.734,63.600,5.120,0.000,0.000
"02:15",0.000,5.376,63.600,4.659,0.000,0.000
"02:30",0.000,5.786,63.600,4.557,0.000,0.000
"02:45",0.000,5.171,63.600,4.915,0.000,0.000
"03:00",0.000,4.557,63.600,5.530,0.000,0.000
"03:15",0.000,4.557,63.600,5.427,0.000,0.000
"03:30",0.000,4.454,63.600,5.530,0.000,0.000
"03:45",0.000,4.506,63.600,5.683,0.000,0.000
"04:00",0.000,5.222,63.600,4.966,0.000,0.000
"04:15",0.000,5.222,63.600,4.966,0.000,0.000
"04:30",0.000,5.018,63.600,5.120,0.000,0.000
"04:45",0.000,4.710,63.600,5.581,0.000,0.000
"05:00",0.000,4.966,63.600,5.632,0.000,0.000
"05:15",0.000,4.710,63.600,5.786,0.000,0.000
"05:30",0.000,4.352,63.600,5.683,0.000,0.000
"05:45",0.000,5.018,63.600,5.274,0.000,0.000
"06:00",0.000,5.222,63.600,5.069,0.000,0.000
"06:15",0.000,5.274,63.600,5.018,0.000,0.000
"06:30",0.000,4.454,63.600,5.837,0.000,0.000
"06:45",0.000,4.454,63.600,5.734,0.000,0.000
"07:00",0.000,4.454,63.600,6.246,0.000,0.000
"07:15",0.000,4.762,63.600,6.093,0.000,0.000
"07:30",0.000,4.659,63.600,6.093,0.000,0.000
"07:45",0.000,3.891,63.600,4.813,0.000,0.000
"08:00",0.410,2.355,63.600,2.918,0.000,0.000
"08:15",3.584,0.154,63.600,0.768,0.000,0.000
"08:30",10.547,0.000,63.600,0.000,0.000,0.000
"08:45",17.562,0.000,63.600,0.000,0.000,0.000
"09:00",25.139,0.000,63.700,0.000,0.000,0.000
"09:15",33.126,0.000,63.700,0.000,0.000,0.000
"09:30",39.578,0.000,63.600,0.000,0.000,0.000
"09:45",46.438,0.000,63.600,0.000,0.000,0.000
"10:00",53.606,0.000,63.600,0.000,0.000,0.000
"10:15",59.136,0.000,63.600,0.000,0.000,0.000
"10:30",64.666,0.000,63.500,0.000,0.000,0.000
"10:45",71.066,0.000,63.600,0.000,0.000,0.000
"11:00",75.366,0.000,63.500,0.000,0.000,0.000
"11:15",79.514,0.000,63.500,0.000,0.000,0.000
"11:30",83.507,0.000,63.500,0.000,0.000,0.154
"11:45",86.477,0.000,63.500,0.000,0.000,0.000
"12:00",90.419,0.000,63.500,0.000,0.000,0.000
"12:15",92.723,0.000,63.500,0.000,0.000,0.102
"12:30",94.003,0.000,63.500,0.000,0.000,0.154
"12:45",95.590,0.000,63.500,0.000,0.000,0.307
"13:00",96.973,0.000,63.500,0.000,0.000,0.461
"13:15",97.024,0.000,63.500,0.000,0.000,0.461
"13:30",91.648,0.000,63.600,0.000,0.000,0.256
"13:45",98.816,0.000,63.600,0.000,0.000,0.256
"14:00",98.918,0.000,63.600,0.000,0.000,0.307
"14:15",98.406,0.000,63.600,0.000,0.000,0.307
"14:30",98.150,0.000,63.600,0.000,0.000,0.410
"14:45",95.744,0.000,63.600,0.000,0.000,0.563
"15:00",93.798,0.000,63.600,0.000,0.000,0.410
"15:15",92.467,0.000,63.600,0.000,0.000,0.410
"15:30",90.317,0.000,63.600,0.000,0.000,0.205
"15:45",87.245,0.000,63.600,0.000,0.000,0.102
"16:00",83.302,0.000,63.600,0.000,0.000,0.051
"16:15",79.104,0.000,63.600,0.000,0.000,0.000
"16:30",73.779,0.000,63.600,0.000,0.000,0.000
"16:45",68.198,0.000,63.600,0.000,0.000,0.000
"17:00",63.949,0.000,63.600,0.000,0.000,0.102
"17:15",59.085,0.000,63.600,0.000,0.000,0.000
"17:30",52.378,0.000,63.600,0.000,0.000,0.000
"17:45",45.619,0.000,63.600,0.000,0.000,0.000
"18:00",39.117,0.000,63.600,0.000,0.000,0.000
"18:15",31.334,0.000,63.600,0.000,0.000,0.000
"18:30",23.654,0.000,63.600,0.000,0.000,0.000
"18:45",16.691,0.000,63.600,0.000,0.000,0.000
"19:00",10.752,0.000,63.600,0.000,0.000,0.000
"19:15",4.762,0.000,63.600,0.256,0.000,0.000
"19:30",1.229,1.126,63.600,2.816,0.000,0.000
"19:45",0.102,3.123,63.600,3.635,0.000,0.000
"20:00",0.000,4.659,63.600,4.198,0.000,0.000
"20:15",0.000,5.018,63.600,4.454,0.000,0.000
"20:30",0.000,5.325,63.600,4.608,0.000,0.000
"20:45",0.000,5.120,63.600,4.966,0.000,0.000
"21:00",0.000,7.168,63.600,3.328,0.000,0.000
"21:15",0.000,7.066,63.600,3.277,0.000,0.000
"21:30",0.000,6.963,63.600,3.482,0.000,0.000
"21:45",0.000,7.526,63.600,3.072,0.000,0.000
"22:00",0.000,7.782,63.600,2.816,0.000,0.000
"22:15",0.000,7.885,63.600,2.765,0.000,0.000
"22:30",0.000,7.936,63.600,3.482,0.000,0.000
"22:45",0.000,7.578,63.600,3.277,0.000,0.000
"23:00",0.000,7.168,63.600,3.430,0.000,0.000
"23:15",0.000,7.219,63.600,3.533,0.000,0.000
"23:30",0.000,8.141,63.600,3.174,0.000,0.000
"23:45",0.000,8.755,63.600,2.509,0.000,0.000
" 3/01/26 24:00",0.000,8.602,63.600,2.765,0.000,0.000
