"kwh"
"Time ","DAGSR01P","DAGSR01P","DAGSR01P","DAGSR01P","DAGSR01P","DAGSR01P"
" 9/17/26 00:15",0.000,3.686,61.000,16.026,0.000,0.000
" 9/17/26 00:30",0.000,3.738,61.100,15.923,0.000,0.000
"00:45",0.000,3.533,61.200,15.616,0.000,0.000
"01:00",0.000,3.072,61.500,15.155,0.000,0.000
"01:15",0.000,3.277,61.400,15.360,0.000,0.000
"01:30",0.000,2.611,61.100,16.026,0.000,0.000
"01:45",0.000,2.509,60.800,16.230,0.000,0.000
"02:00",0.000,2.560,60.800,16.282,0.000,0.000
"02:15",0.000,2.765,60.800,16.384,0.000,0.000
"02:30",0.000,2.560,60.800,16.333,0.000,0.000
"02:45",0.000,2.560,61.000,16.026,0.000,0.000
"03:00",0.000,2.662,61.100,15.923,0.000,0.000
"03:15",0.000,3.277,61.300,15.360,0.000,0.000
"03:30",0.000,3.635,61.400,14.950,0.000,0.000
"03:45",0.000,3.379,61.600,14.541,0.000,0.000
"04:00",0.000,2.918,61.600,14.848,0.000,0.000
"04:15",0.000,2.662,61.600,15.053,0.000,0.000
"04:30",0.000,2.611,61.500,15.258,0.000,0.000
"04:45",0.000,2.867,61.700,15.053,0.000,0.000
"05:00",0.000,2.714,61.700,14.950,0.000,0.000
"05:15",0.000,2.714,61.600,14.950,0.000,0.000
"05:30",0.000,2.662,61.600,15.002,0.000,0.000
"05:45",0.000,2.662,61.700,15.053,0.000,0.000
"06:00",0.000,2.918,61.500,15.206,0.000,0.000
"06:15",0.000,3.174,61.300,15.821,0.000,0.000
"06:30",0.000,3.123,61.400,15.616,0.000,0.000
"06:45",0.000,2.816,61.300,15.667,0.000,0.000
"07:00",0.000,3.226,61.200,16.128,0.000,0.000
"07:15",0.000,3.430,61.900,14.694,0.000,0.000
"07:30",0.000,3.123,61.900,14.643,0.000,0.000
"07:45",0.102,2.099,61.600,11.418,0.000,0.000
"08:00",2.048,0.563,61.200,5.171,0.000,0.000
"08:15",8.653,2.662,61.100,0.000,0.358,0.000
"08:30",0.000,17.459,60.800,0.000,3.226,0.000
"08:45",0.000,7.834,60.700,0.000,4.403,0.000
"09:00",3.430,0.307,61.300,0.000,0.768,5.683
"09:15",9.728,0.000,61.000,0.000,0.000,6.912
"09:30",19.251,0.000,62.800,0.000,0.000,13.261
"09:45",3.686,7.117,63.200,0.000,30.413,2.304
"10:00",32.410,0.000,63.100,0.000,0.000,15.206
"10:15",40.602,0.000,63.400,0.000,0.000,16.333
"10:30",45.568,0.000,63.200,0.000,0.000,16.435
"10:45",45.107,0.000,63.100,0.000,0.000,18.944
"11:00",57.856,0.000,63.200,0.000,0.000,16.640
"11:15",60.314,0.000,62.800,0.000,0.000,15.360
"11:30",54.067,0.000,62.800,0.000,0.000,15.565
"11:45",69.325,0.000,62.900,0.000,0.000,17.357
"12:00",71.629,0.000,63.100,0.000,0.000,17.920
"12:15",67.789,0.000,63.000,0.000,0.000,17.510
"12:30",74.342,0.000,63.300,0.000,0.000,19.149
"12:45",59.341,0.000,63.300,0.000,0.000,28.314
"13:00",42.291,0.000,63.400,0.000,0.000,38.400
"13:15",41.421,0.000,63.400,0.000,0.000,40.448
"13:30",41.882,0.000,63.200,0.000,0.000,38.246
"13:45",47.821,0.000,63.400,0.000,0.000,36.096
"14:00",73.165,0.000,63.500,0.000,0.000,22.528
"14:15",72.909,0.000,63.400,0.000,0.000,22.016
"14:30",72.090,0.000,63.400,0.000,0.000,19.866
"14:45",70.605,0.000,63.500,0.000,0.000,20.326
"15:00",67.789,0.000,62.300,0.000,0.000,15.155
"15:15",65.792,0.000,61.400,0.000,0.000,11.162
"15:30",62.157,0.000,61.500,0.000,0.000,11.059
"15:45",54.733,0.000,61.400,0.000,0.000,10.598
"16:00",42.547,0.000,61.400,0.000,0.000,10.189
"16:15",33.741,0.000,61.500,0.000,0.000,9.830
"16:30",20.634,0.000,61.200,0.000,0.000,8.499
"16:45",11.469,0.000,61.200,0.000,0.000,8.243
"17:00",7.629,0.461,61.500,0.000,1.229,7.475
"17:15",2.150,1.997,61.700,0.000,4.403,4.762
"17:30",0.000,10.342,61.500,0.000,8.243,0.000
"17:45",0.000,15.155,61.400,0.000,7.987,0.000
"18:00",0.000,14.080,62.100,0.000,10.752,0.000
"18:15",0.000,19.968,63.600,0.000,16.742,0.000
"18:30",0.000,30.464,63.600,0.000,16.435,0.000
"18:45",0.000,34.611,63.600,0.000,16.179,0.000
"19:00",0.000,37.683,63.500,0.000,16.026,0.000
"19:15",0.000,38.912,63.200,0.000,14.234,0.000
"19:30",0.000,39.219,63.200,0.000,14.131,0.000
"19:45",0.000,39.526,63.600,0.000,15.770,0.000
"20:00",0.000,39.987,63.700,0.000,16.128,0.000
"20:15",0.000,39.936,63.700,0.000,16.384,0.000
"20:30",0.000,39.782,63.600,0.000,16.333,0.000
"20:45",0.000,39.680,63.600,0.000,16.128,0.000
"21:00",0.000,39.680,63.600,0.000,16.179,0.000
"21:15",0.000,39.680,63.700,0.000,16.333,0.000
"21:30",0.000,40.090,63.700,0.000,16.589,0.000
"21:45",0.000,39.782,63.700,0.000,16.742,0.000
"22:00",0.000,39.578,63.900,0.000,17.510,0.000
"22:15",0.000,39.270,63.800,0.000,17.306,0.000
"22:30",0.000,39.322,63.700,0.000,16.486,0.000
"22:45",0.000,36.659,63.800,0.000,15.002,0.000
"23:00",0.000,36.506,63.900,0.000,15.514,0.000
"23:15",0.000,36.045,62.200,0.000,8.858,0.000
"23:30",0.000,35.533,61.100,0.000,5.222,0.000
"23:45",0.000,35.533,61.000,0.000,4.864,0.000
" 9/17/26 24:00",0.000,36.147,61.100,0.000,5.734,0.000
