"kwh"
"Time ","DAGSR01P","DAGSR01P","DAGSR01P","DAGSR01P","DAGSR01P","DAGSR01P"
" 4/27/26 00:15",0.000,39.578,63.600,0.000,14.746,0.000
" 4/27/26 00:30",0.000,39.680,63.600,0.000,14.387,0.000
"00:45",0.000,40.192,63.700,0.000,15.411,0.000
"01:00",0.000,39.629,63.700,0.000,14.592,0.000
"01:15",0.000,38.963,63.600,0.000,14.182,0.000
"01:30",0.000,39.680,63.600,0.000,14.950,0.000
"01:45",0.000,38.605,63.700,0.000,14.285,0.000
"02:00",0.000,38.912,63.600,0.000,14.336,0.000
"02:15",0.000,39.885,63.600,0.000,14.592,0.000
"02:30",0.000,38.963,63.600,0.000,14.029,0.000
"02:45",0.000,39.270,63.600,0.000,14.797,0.000
"03:00",0.000,39.629,63.700,0.000,14.541,0.000
"03:15",0.000,38.656,63.700,0.000,13.875,0.000
"03:30",0.000,39.270,63.600,0.000,14.285,0.000
"03:45",0.000,39.168,63.600,0.000,14.234,0.000
"04:00",0.000,39.066,63.600,0.000,14.131,0.000
"04:15",0.000,39.731,63.600,0.000,15.104,0.000
"04:30",0.000,38.554,63.600,0.000,13.926,0.000
"04:45",0.000,38.451,63.600,0.000,14.234,0.000
"05:00",0.000,39.526,63.600,0.000,15.155,0.000
"05:15",0.000,39.014,63.600,0.000,14.541,0.000
"05:30",0.000,39.322,63.700,0.000,14.592,0.000
"05:45",0.000,39.270,63.600,0.000,15.002,0.000
"06:00",0.000,38.656,63.600,0.000,14.336,0.000
"06:15",0.000,39.117,63.600,0.000,15.104,0.000
"06:30",0.000,39.168,63.600,0.000,15.053,0.000
"06:45",0.000,38.758,63.700,0.000,14.592,0.000
"07:00",0.000,39.987,63.600,0.000,15.206,0.000
"07:15",0.000,39.270,63.700,0.000,14.848,0.000
"07:30",0.000,38.758,63.600,0.000,14.541,0.000
"07:45",0.000,40.448,63.600,0.000,15.514,0.000
"08:00",0.000,39.117,63.600,0.000,15.206,0.000
"08:15",0.000,38.349,63.600,0.000,15.462,0.000
"08:30",0.000,37.939,63.600,0.000,16.128,0.000
"08:45",0.000,36.096,63.700,0.000,15.718,0.000
"09:00",0.000,32.870,63.700,0.000,15.565,0.000
"09:15",0.000,32.154,63.700,0.000,16.128,0.000
"09:30",0.154,12.698,63.700,0.000,13.670,1.843
"09:45",2.560,0.922,63.700,0.000,5.530,10.240
"10:00",6.912,0.000,63.700,0.000,0.410,16.230
"10:15",13.312,0.000,63.700,0.000,0.000,16.333
"10:30",18.074,0.000,63.700,0.000,0.000,16.998
"10:45",48.998,0.000,63.700,0.000,0.000,4.506
"11:00",63.130,0.000,63.700,0.000,0.000,0.154
"11:15",67.226,0.000,63.700,0.000,0.000,0.461
"11:30",71.731,0.000,63.700,0.000,0.000,0.154
"11:45",74.240,0.000,63.700,0.000,0.000,0.512
"12:00",77.619,0.000,63.700,0.000,0.000,0.512
"12:15",81.101,0.000,63.700,0.000,0.000,0.410
"12:30",82.125,0.000,63.700,0.000,0.000,0.717
"12:45",84.275,0.000,63.700,0.000,0.000,0.461
"13:00",84.941,0.000,63.700,0.000,0.000,0.870
"13:15",86.426,0.000,63.700,0.000,0.000,0.717
"13:30",28.314,1.178,63.600,0.614,1.075,0.205
"13:45",39.731,0.000,63.700,0.000,0.000,0.102
"14:00",85.606,0.000,63.700,0.000,0.000,0.512
"14:15",84.019,0.000,63.700,0.000,0.000,0.768
"14:30",82.381,0.000,63.700,0.000,0.000,0.563
"14:45",80.384,0.000,63.700,0.000,0.000,0.461
"15:00",77.568,0.000,63.700,0.000,0.000,0.614
"15:15",75.725,0.000,63.700,0.000,0.000,0.358
"15:30",71.680,0.000,63.700,0.000,0.000,0.563
"15:45",68.659,0.000,63.700,0.000,0.000,0.358
"16:00",62.925,0.000,63.700,0.000,0.000,0.256
"16:15",58.778,0.000,63.700,0.000,0.000,0.410
"16:30",54.989,0.000,63.700,0.000,0.000,0.102
"16:45",47.053,0.000,63.700,0.000,0.000,0.358
"17:00",41.882,0.000,63.700,0.000,0.000,0.051
"17:15",35.277,0.000,63.700,0.000,0.000,0.102
"17:30",27.392,0.000,63.700,0.000,0.000,0.154
"17:45",24.371,0.000,63.700,0.000,0.000,0.051
"18:00",14.131,0.000,63.700,0.051,0.000,0.154
"18:15",4.864,0.563,63.700,0.666,0.000,0.000
"18:30",0.154,4.454,63.700,2.458,0.154,0.000
"18:45",0.000,4.915,63.700,3.072,0.051,0.000
"19:00",0.000,5.581,63.700,3.379,0.000,0.000
"19:15",0.000,6.758,63.600,2.918,0.102,0.000
"19:30",0.000,6.093,63.600,3.379,0.000,0.000
"19:45",0.000,6.656,63.600,2.867,0.000,0.000
"20:00",0.000,5.325,63.600,3.328,0.000,0.000
"20:15",0.000,5.325,63.600,3.379,0.000,0.000
"20:30",0.000,6.861,63.600,2.662,0.000,0.000
"20:45",0.000,5.786,63.600,3.533,0.000,0.000
"21:00",0.000,6.554,63.600,3.072,0.000,0.000
"21:15",0.000,5.939,63.600,3.738,0.000,0.000
"21:30",0.000,5.990,63.600,3.840,0.000,0.000
"21:45",0.000,7.219,63.600,3.174,0.000,0.000
"22:00",0.000,6.963,63.700,3.789,0.000,0.000
"22:15",0.000,7.424,63.700,3.379,0.000,0.000
"22:30",0.000,6.912,63.700,3.840,0.000,0.000
"22:45",0.000,6.349,63.700,4.147,0.000,0.000
"23:00",0.000,7.424,63.600,3.226,0.000,0.000
"23:15",0.000,6.195,63.700,4.250,0.000,0.000
"23:30",0.000,6.246,63.700,3.379,0.000,0.000
"23:45",0.000,5.786,63.700,3.891,0.000,0.000
" 4/27/26 24:00",0.000,5.171,63.700,4.352,0.000,0.000
