"kwh"
"Time ","DAGSR01P","DAGSR01P","DAGSR01P","DAGSR01P","DAGSR01P","DAGSR01P"
" 4/29/26 00:15",0.000,5.939,63.700,5.530,0.000,0.000
" 4/29/26 00:30",0.000,5.888,63.700,5.325,0.000,0.000
"00:45",0.000,5.325,63.700,5.274,0.000,0.000
"01:00",0.000,4.762,63.700,5.837,0.000,0.000
"01:15",0.000,5.581,63.800,5.325,0.000,0.000
"01:30",0.000,4.710,63.700,5.990,0.000,0.000
"01:45",0.000,4.557,63.800,5.786,0.000,0.000
"02:00",0.000,5.530,63.700,5.325,0.000,0.000
"02:15",0.000,5.018,63.700,5.837,0.000,0.000
"02:30",0.000,5.120,63.800,5.530,0.000,0.000
"02:45",0.000,5.069,63.800,5.734,0.000,0.000
"03:00",0.000,4.864,63.800,6.298,0.000,0.000
"03:15",0.000,5.478,63.800,5.427,0.000,0.000
"03:30",0.000,5.018,63.800,5.990,0.000,0.000
"03:45",0.000,4.557,63.800,6.349,0.000,0.000
"04:00",0.000,5.376,63.800,5.632,0.000,0.000
"04:15",0.000,4.608,63.800,6.144,0.000,0.000
"04:30",0.000,4.813,63.800,6.246,0.000,0.000
"04:45",0.000,5.683,63.800,5.734,0.000,0.000
"05:00",0.000,4.608,63.800,6.707,0.000,0.000
"05:15",0.000,5.581,63.700,5.734,0.000,0.000
"05:30",0.000,4.762,63.800,6.298,0.000,0.000
"05:45",0.000,4.659,63.700,6.246,0.000,0.000
"06:00",0.000,6.195,63.700,5.581,0.000,0.000
"06:15",0.000,4.864,63.700,5.734,0.000,0.000
"06:30",0.000,4.557,63.700,5.888,0.000,0.000
"06:45",0.000,5.478,63.700,5.632,0.000,0.000
"07:00",0.000,5.018,63.700,5.837,0.000,0.000
"07:15",0.000,5.325,63.700,6.195,0.000,0.000
"07:30",0.000,6.502,63.700,5.120,0.000,0.000
"07:45",0.000,5.171,63.700,5.837,0.000,0.000
"08:00",0.000,5.376,63.700,5.632,0.000,0.000
"08:15",0.102,4.659,63.700,4.710,0.000,0.000
"08:30",0.154,20.378,63.700,1.331,5.325,0.000
"08:45",2.611,17.766,63.600,0.000,7.322,0.000
"09:00",18.074,0.000,63.700,0.000,0.000,0.000
"09:15",28.467,0.000,63.700,0.000,0.000,0.000
"09:30",21.402,0.000,63.700,0.000,0.000,0.000
"09:45",17.664,0.000,63.700,0.000,0.000,0.000
"10:00",25.088,0.000,63.700,0.000,0.000,0.000
"10:15",30.157,0.000,63.700,0.000,0.000,0.000
"10:30",56.781,0.000,63.700,0.000,0.000,0.000
"10:45",67.891,0.000,63.700,0.000,0.000,0.051
"11:00",74.035,0.000,63.700,0.000,0.000,0.000
"11:15",78.694,0.000,63.700,0.000,0.000,0.205
"11:30",83.405,0.000,63.700,0.000,0.000,0.000
"11:45",86.579,0.000,63.700,0.000,0.000,0.000
"12:00",88.832,0.000,63.700,0.000,0.000,0.205
"12:15",92.314,0.000,63.700,0.000,0.000,0.051
"12:30",94.413,0.000,63.700,0.000,0.000,0.205
"12:45",95.949,0.000,63.800,0.000,0.000,0.358
"13:00",98.304,0.000,63.700,0.000,0.000,0.410
"13:15",97.741,0.000,63.700,0.000,0.000,0.614
"13:30",99.072,0.000,63.700,0.000,0.000,0.358
"13:45",98.355,0.000,63.700,0.000,0.000,0.461
"14:00",96.666,0.000,63.700,0.000,0.000,0.461
"14:15",96.256,0.000,63.700,0.000,0.000,0.358
"14:30",94.157,0.000,63.700,0.000,0.000,0.410
"14:45",92.416,0.000,63.700,0.000,0.000,0.205
"15:00",89.702,0.000,63.700,0.000,0.000,0.051
"15:15",85.760,0.000,63.700,0.000,0.000,0.358
"15:30",83.098,0.000,63.700,0.000,0.000,0.102
"15:45",77.926,0.000,63.700,0.000,0.000,0.051
"16:00",72.960,0.000,63.700,0.000,0.000,0.102
"16:15",68.557,0.000,63.700,0.000,0.000,0.051
"16:30",61.952,0.000,63.700,0.000,0.000,0.205
"16:45",56.474,0.000,63.700,0.000,0.000,0.051
"17:00",49.920,0.000,63.700,0.000,0.000,0.000
"17:15",41.472,0.000,63.700,0.000,0.000,0.051
"17:30",34.918,0.000,63.700,0.000,0.000,0.000
"17:45",26.470,0.000,63.700,0.000,0.000,0.000
"18:00",18.586,0.000,63.700,0.000,0.000,0.000
"18:15",10.291,0.000,63.700,0.000,0.000,0.000
"18:30",1.382,2.099,63.700,2.150,0.000,0.000
"18:45",0.000,4.301,63.700,4.403,0.000,0.000
"19:00",0.000,5.325,63.700,4.198,0.000,0.000
"19:15",0.000,5.530,63.700,3.891,0.000,0.000
"19:30",0.000,4.915,63.700,4.301,0.000,0.000
"19:45",0.000,5.786,63.600,3.789,0.000,0.000
"20:00",0.000,4.966,63.700,4.301,0.000,0.000
"20:15",0.000,4.966,63.600,4.762,0.000,0.000
"20:30",0.000,5.683,63.600,4.301,0.000,0.000
"20:45",0.000,5.018,63.700,4.915,0.000,0.000
"21:00",0.000,5.069,63.600,4.966,0.000,0.000
"21:15",0.000,5.786,63.700,4.557,0.000,0.000
"21:30",0.000,4.659,63.600,5.274,0.000,0.000
"21:45",0.000,5.222,63.700,4.608,0.000,0.000
"22:00",0.000,5.069,63.700,4.762,0.000,0.000
"22:15",0.000,5.274,63.700,5.018,0.000,0.000
"22:30",0.000,6.093,63.700,4.506,0.000,0.000
"22:45",0.000,5.018,63.700,5.376,0.000,0.000
"23:00",0.000,4.864,63.700,5.530,0.000,0.000
"23:15",0.000,5.530,63.700,5.325,0.000,0.000
"23:30",0.000,4.352,63.700,4.966,0.000,0.000
"23:45",0.000,4.966,63.700,4.864,0.000,0.000
" 4/29/26 24:00",0.000,5.683,63.700,4.659,0.000,0.000
