"kwh"
"Time ","DAGSR01P","DAGSR01P","DAGSR01P","DAGSR01P","DAGSR01P","DAGSR01P"
" 1/04/26 00:15",0.000,172.902,63.500,0.000,78.131,0.000
" 1/04/26 00:30",0.000,172.851,63.500,0.000,78.336,0.000
"00:45",0.000,172.954,63.500,0.000,78.080,0.000
"01:00",0.000,172.339,63.500,0.000,78.285,0.000
"01:15",0.000,183.040,63.500,0.000,82.381,0.000
"01:30",0.000,204.493,63.500,0.000,90.112,0.000
"01:45",0.000,204.749,63.500,0.000,90.112,0.000
"02:00",0.000,204.390,63.500,0.000,90.061,0.000
"02:15",0.000,204.493,63.500,0.000,90.010,0.000
"02:30",0.000,204.749,63.500,0.000,89.856,0.000
"02:45",0.000,201.677,63.500,0.000,88.371,0.000
"03:00",0.000,201.523,63.500,0.000,88.269,0.000
"03:15",0.000,201.728,63.500,0.000,88.269,0.000
"03:30",0.000,201.421,63.500,0.000,88.166,0.000
"03:45",0.000,201.267,63.500,0.000,88.166,0.000
"04:00",0.000,200.909,63.500,0.000,88.371,0.000
"04:15",0.000,201.062,63.500,0.000,88.422,0.000
"04:30",0.000,200.704,63.500,0.000,88.730,0.000
"04:45",0.000,201.062,63.500,0.000,88.320,0.000
"05:00",0.000,201.728,63.500,0.000,88.166,0.000
"05:15",0.000,201.472,63.500,0.000,88.269,0.000
"05:30",0.000,201.421,63.500,0.000,88.218,0.000
"05:45",0.000,201.370,63.500,0.000,88.269,0.000
"06:00",0.000,202.291,63.500,0.000,88.371,0.000
"06:15",0.000,201.626,63.500,0.000,88.678,0.000
"06:30",0.000,201.933,63.500,0.000,88.576,0.000
"06:45",0.000,201.677,63.500,0.000,88.934,0.000
"07:00",0.000,201.011,63.500,0.000,88.934,0.000
"07:15",0.000,168.090,63.500,0.000,67.789,0.000
"07:30",0.000,165.222,63.500,0.000,67.277,0.000
"07:45",0.000,160.870,63.500,0.000,67.226,0.000
"08:00",0.000,181.606,63.500,0.000,83.558,0.000
"08:15",0.000,209.971,63.500,0.000,105.114,0.000
"08:30",0.000,228.301,63.500,0.000,120.525,0.000
"08:45",0.000,235.264,63.500,0.000,129.280,0.000
"09:00",0.000,211.763,63.500,0.000,119.347,0.000
"09:15",0.000,174.899,63.500,0.000,104.294,0.000
"09:30",0.000,148.275,63.500,0.000,97.587,0.000
"09:45",0.000,142.387,63.500,0.000,97.843,0.000
"10:00",0.000,136.602,63.500,0.000,98.406,0.000
"10:15",0.000,130.662,63.500,0.000,98.406,0.000
"10:30",0.000,125.133,63.500,0.000,98.765,0.000
"10:45",0.000,119.859,63.500,0.000,99.123,0.000
"11:00",0.000,115.814,63.500,0.000,99.174,0.000
"11:15",0.000,108.544,63.500,0.000,96.819,0.000
"11:30",0.000,79.872,63.500,0.000,80.077,0.000
"11:45",0.000,76.954,63.500,0.000,80.333,0.000
"12:00",0.000,74.189,63.500,0.000,80.435,0.000
"12:15",0.000,72.243,63.500,0.000,80.691,0.000
"12:30",0.000,71.475,63.500,0.000,80.794,0.000
"12:45",0.000,70.912,63.500,0.000,80.794,0.000
"13:00",0.000,71.424,63.500,0.000,80.742,0.000
"13:15",0.000,71.475,63.500,0.000,80.845,0.000
"13:30",0.000,71.373,63.500,0.000,80.896,0.000
"13:45",0.000,70.912,63.500,0.000,80.845,0.000
"14:00",0.000,71.782,63.500,0.000,80.486,0.000
"14:15",0.000,71.475,63.500,0.000,80.640,0.000
"14:30",0.000,71.578,63.500,0.000,80.947,0.000
"14:45",0.000,72.090,63.500,0.000,80.845,0.000
"15:00",0.000,74.445,63.500,0.000,80.896,0.000
"15:15",0.000,74.957,63.500,0.000,79.616,0.000
"15:30",0.000,76.442,63.500,0.000,78.643,0.000
"15:45",0.000,79.821,63.500,0.000,78.592,0.000
"16:00",0.000,82.534,63.500,0.000,78.541,0.000
"16:15",0.000,87.142,63.500,0.000,78.182,0.000
"16:30",0.000,91.802,63.500,0.000,78.182,0.000
"16:45",0.000,96.870,63.500,0.000,78.746,0.000
"17:00",0.000,102.298,63.500,0.000,78.029,0.000
"17:15",0.000,107.315,63.500,0.000,77.363,0.000
"17:30",0.000,112.998,63.500,0.000,77.261,0.000
"17:45",0.000,118.733,63.500,0.000,77.107,0.000
"18:00",0.000,125.286,63.500,0.000,76.954,0.000
"18:15",0.000,131.635,63.400,0.000,76.698,0.000
"18:30",0.000,138.598,63.500,0.000,76.698,0.000
"18:45",0.000,145.869,63.500,0.000,76.595,0.000
"19:00",0.000,152.218,63.500,0.000,76.544,0.000
"19:15",0.000,158.618,63.500,0.000,76.493,0.000
"19:30",0.000,163.635,63.500,0.000,77.056,0.000
"19:45",0.000,166.246,63.600,0.000,77.568,0.000
"20:00",0.000,168.294,63.600,0.000,77.312,0.000
"20:15",0.000,169.626,63.600,0.000,76.749,0.000
"20:30",0.000,170.752,63.600,0.000,76.902,0.000
"20:45",0.000,171.571,63.600,0.000,76.544,0.000
"21:00",0.000,171.930,63.500,0.000,78.899,0.000
"21:15",0.000,171.725,63.500,0.000,79.770,0.000
"21:30",0.000,171.981,63.500,0.000,79.514,0.000
"21:45",0.000,171.674,63.500,0.000,79.718,0.000
"22:00",0.000,171.571,63.500,0.000,79.667,0.000
"22:15",0.000,172.186,63.500,0.000,79.514,0.000
"22:30",0.000,171.725,63.500,0.000,79.821,0.000
"22:45",0.000,174.182,63.500,0.000,81.613,0.000
"23:00",0.000,174.643,63.500,0.000,81.613,0.000
"23:15",0.000,173.978,63.500,0.000,81.766,0.000
"23:30",0.000,175.206,63.500,0.000,81.562,0.000
"23:45",0.000,174.643,63.500,0.000,81.818,0.000
" 1/04/26 24:00",0.000,174.592,63.500,0.000,81.818,0.000
