"kwh"
"Time ","DAGSR01P","DAGSR01P","DAGSR01P","DAGSR01P","DAGSR01P","DAGSR01P"
" 6/06/26 00:15",0.000,5.171,63.700,6.042,0.000,0.000
" 6/06/26 00:30",0.000,5.274,63.700,5.939,0.000,0.000
"00:45",0.000,4.864,63.700,6.042,0.000,0.000
"01:00",0.000,4.762,63.700,6.144,0.000,0.000
"01:15",0.000,4.659,63.700,6.144,0.000,0.000
"01:30",0.000,4.557,63.700,6.195,0.000,0.000
"01:45",0.000,4.352,63.700,6.451,0.000,0.000
"02:00",0.000,4.608,63.700,6.349,0.000,0.000
"02:15",0.000,4.557,63.700,6.554,0.000,0.000
"02:30",0.000,4.710,63.700,6.554,0.000,0.000
"02:45",0.000,5.222,63.700,6.042,0.000,0.000
"03:00",0.000,4.250,63.700,6.605,0.000,0.000
"03:15",0.000,4.301,63.700,6.502,0.000,0.000
"03:30",0.000,4.454,63.700,6.502,0.000,0.000
"03:45",0.000,4.557,63.700,6.502,0.000,0.000
"04:00",0.000,4.403,63.700,6.707,0.000,0.000
"04:15",0.000,4.506,63.700,6.349,0.000,0.000
"04:30",0.000,4.557,63.700,6.451,0.000,0.000
"04:45",0.000,4.454,63.700,6.451,0.000,0.000
"05:00",0.000,4.403,63.700,6.400,0.000,0.000
"05:15",0.000,4.659,63.700,6.502,0.000,0.000
"05:30",0.000,4.352,63.700,6.451,0.000,0.000
"05:45",0.000,4.608,63.700,6.400,0.000,0.000
"06:00",0.000,4.301,63.700,6.400,0.000,0.000
"06:15",0.000,4.403,63.700,6.246,0.000,0.000
"06:30",0.000,4.710,63.700,6.400,0.000,0.000
"06:45",0.000,4.864,63.700,6.707,0.000,0.000
"07:00",0.000,5.325,63.700,6.042,0.000,0.000
"07:15",0.000,4.454,63.700,6.400,0.000,0.000
"07:30",0.000,4.045,63.700,6.144,0.000,0.000
"07:45",0.000,4.352,63.700,6.144,0.000,0.000
"08:00",0.000,4.301,63.700,6.912,0.000,0.000
"08:15",0.000,4.250,63.700,6.912,0.000,0.000
"08:30",0.000,4.045,63.700,6.912,0.000,0.000
"08:45",0.000,3.635,63.700,6.861,0.000,0.000
"09:00",0.154,2.662,63.700,4.506,0.000,0.000
"09:15",0.154,2.918,63.700,3.891,0.000,0.000
"09:30",0.410,2.458,63.700,3.328,0.000,0.000
"09:45",0.307,2.406,63.700,3.482,0.000,0.000
"10:00",0.512,1.894,63.700,3.379,0.000,0.000
"10:15",1.741,0.461,63.700,2.099,0.000,0.000
"10:30",4.301,0.000,63.700,0.000,0.000,0.000
"10:45",7.885,0.000,63.700,0.000,0.000,0.000
"11:00",12.134,0.000,63.700,0.000,0.000,0.000
"11:15",17.203,0.000,63.800,0.000,0.000,0.000
"11:30",23.398,0.000,63.800,0.000,0.000,0.000
"11:45",16.333,0.000,63.800,0.000,0.000,0.000
"12:00",29.542,0.000,63.800,0.000,0.000,0.000
"12:15",43.213,0.000,63.800,0.000,0.000,0.000
"12:30",26.317,0.000,63.800,0.000,0.000,0.000
"12:45",35.738,0.000,63.700,0.000,0.000,0.000
"13:00",42.394,0.000,63.700,0.000,0.000,0.000
"13:15",34.099,0.000,63.700,0.000,0.000,0.000
"13:30",63.232,0.000,63.800,0.000,0.000,0.051
"13:45",68.813,0.000,63.800,0.000,0.000,0.051
"14:00",92.826,0.000,63.800,0.000,0.000,0.000
"14:15",62.362,0.000,63.800,0.000,0.000,0.000
"14:30",51.200,0.000,63.800,0.000,0.000,0.000
"14:45",32.819,0.000,63.800,0.000,0.000,0.000
"15:00",38.400,0.000,63.800,0.000,0.000,0.000
"15:15",22.835,0.000,63.800,0.000,0.000,0.000
"15:30",29.798,0.000,63.800,0.000,0.000,0.000
"15:45",31.744,0.000,63.700,0.000,0.000,0.000
"16:00",18.893,0.000,63.700,0.000,0.000,0.000
"16:15",9.882,0.000,63.700,0.000,0.000,0.000
"16:30",4.045,0.000,63.800,0.000,0.000,0.000
"16:45",4.506,0.000,63.800,0.000,0.000,0.000
"17:00",5.069,0.000,63.700,0.051,0.000,0.000
"17:15",3.328,0.051,63.700,0.563,0.000,0.000
"17:30",0.768,1.587,63.700,3.430,0.000,0.000
"17:45",0.051,3.328,63.700,4.096,0.000,0.000
"18:00",0.000,3.379,63.700,5.222,0.000,0.000
"18:15",0.051,3.277,63.700,5.478,0.000,0.000
"18:30",0.000,3.328,63.700,5.786,0.000,0.000
"18:45",0.000,4.506,63.700,5.018,0.000,0.000
"19:00",0.000,3.482,63.700,5.478,0.000,0.000
"19:15",0.000,3.840,63.700,5.632,0.000,0.000
"19:30",0.000,3.840,63.700,5.530,0.000,0.000
"19:45",0.000,3.891,63.700,5.376,0.000,0.000
"20:00",0.000,4.147,63.700,5.018,0.000,0.000
"20:15",0.000,3.430,63.700,5.478,0.000,0.000
"20:30",0.000,3.430,63.700,5.376,0.000,0.000
"20:45",0.000,4.352,63.700,5.222,0.000,0.000
"21:00",0.000,4.557,63.700,4.813,0.000,0.000
"21:15",0.000,3.379,63.700,5.171,0.000,0.000
"21:30",0.000,3.277,63.700,5.632,0.000,0.000
"21:45",0.000,3.686,63.700,5.171,0.000,0.000
"22:00",0.000,4.608,63.700,4.557,0.000,0.000
"22:15",0.000,3.840,63.700,5.120,0.000,0.000
"22:30",0.000,4.147,63.700,5.837,0.000,0.000
"22:45",0.102,3.533,63.700,4.915,0.000,0.000
"23:00",0.000,4.608,63.700,4.966,0.000,0.000
"23:15",0.000,3.379,63.700,4.454,0.000,0.000
"23:30",0.051,3.994,63.700,4.915,0.000,0.000
"23:45",0.051,4.045,63.700,4.198,0.000,0.000
" 6/06/26 24:00",0.000,4.608,63.700,5.581,0.000,0.000
