"kwh"
"Time ","DAGSR01P","DAGSR01P","DAGSR01P","DAGSR01P","DAGSR01P","DAGSR01P"
" 5/17/26 00:15",0.000,5.376,63.600,5.581,0.000,0.000
" 5/17/26 00:30",0.000,5.325,63.600,5.888,0.000,0.000
"00:45",0.000,5.683,63.600,5.786,0.000,0.000
"01:00",0.000,4.762,63.700,5.939,0.000,0.000
"01:15",0.000,4.966,63.700,5.683,0.000,0.000
"01:30",0.000,5.325,63.600,5.990,0.000,0.000
"01:45",0.000,4.659,63.600,5.939,0.000,0.000
"02:00",0.000,4.659,63.600,6.400,0.000,0.000
"02:15",0.000,4.813,63.600,6.400,0.000,0.000
"02:30",0.000,5.171,63.700,6.502,0.000,0.000
"02:45",0.000,5.632,63.700,6.451,0.000,0.000
"03:00",0.000,5.478,63.600,6.554,0.000,0.000
"03:15",0.000,5.171,63.700,6.605,0.000,0.000
"03:30",0.000,5.120,63.600,6.605,0.000,0.000
"03:45",0.000,5.427,63.700,6.758,0.000,0.000
"04:00",0.000,5.427,63.700,6.810,0.000,0.000
"04:15",0.000,5.222,63.700,6.758,0.000,0.000
"04:30",0.000,4.966,63.700,7.014,0.000,0.000
"04:45",0.000,4.762,63.600,7.322,0.000,0.000
"05:00",0.000,4.864,63.700,7.066,0.000,0.000
"05:15",0.000,5.478,63.700,6.963,0.000,0.000
"05:30",0.000,5.171,63.700,6.912,0.000,0.000
"05:45",0.000,5.478,63.700,6.861,0.000,0.000
"06:00",0.000,5.069,63.700,6.912,0.000,0.000
"06:15",0.000,5.018,63.700,6.912,0.000,0.000
"06:30",0.000,5.171,63.600,7.014,0.000,0.000
"06:45",0.000,4.915,63.600,7.014,0.000,0.000
"07:00",0.000,5.069,63.600,7.014,0.000,0.000
"07:15",0.000,4.966,63.700,7.270,0.000,0.000
"07:30",0.000,4.966,63.600,7.014,0.000,0.000
"07:45",0.000,4.762,63.600,7.168,0.000,0.000
"08:00",0.000,4.710,63.600,7.066,0.000,0.000
"08:15",0.000,5.069,63.600,6.758,0.000,0.000
"08:30",0.051,3.738,63.600,6.451,0.000,0.000
"08:45",2.150,0.410,63.600,1.690,0.000,0.000
"09:00",13.875,0.000,63.600,0.000,0.000,0.000
"09:15",27.341,0.000,63.600,0.000,0.000,0.000
"09:30",36.762,0.000,63.500,0.000,0.000,0.000
"09:45",45.312,0.000,63.500,0.000,0.000,0.000
"10:00",52.992,0.000,63.500,0.000,0.000,0.000
"10:15",60.672,0.000,63.500,0.000,0.000,0.000
"10:30",66.816,0.000,63.600,0.000,0.000,0.000
"10:45",72.602,0.000,63.600,0.000,0.000,0.000
"11:00",77.568,0.000,63.600,0.000,0.000,0.000
"11:15",81.562,0.000,63.600,0.000,0.000,0.000
"11:30",87.654,0.000,63.600,0.000,0.000,0.102
"11:45",92.365,0.000,63.600,0.000,0.000,0.102
"12:00",96.563,0.000,63.600,0.000,0.000,0.102
"12:15",99.379,0.000,63.600,0.000,0.000,0.154
"12:30",100.147,0.000,63.600,0.000,0.000,0.102
"12:45",101.683,0.000,63.600,0.000,0.000,0.154
"13:00",102.758,0.000,63.600,0.000,0.000,0.205
"13:15",103.424,0.000,63.600,0.000,0.000,0.205
"13:30",104.704,0.000,63.600,0.000,0.000,0.051
"13:45",104.755,0.000,63.600,0.000,0.000,0.051
"14:00",104.038,0.000,63.600,0.000,0.000,0.000
"14:15",101.632,0.000,63.600,0.000,0.000,0.256
"14:30",99.021,0.000,63.600,0.000,0.000,0.154
"14:45",96.768,0.000,63.600,0.000,0.000,0.205
"15:00",95.539,0.000,63.600,0.000,0.000,0.051
"15:15",91.238,0.000,63.600,0.000,0.000,0.000
"15:30",87.091,0.000,63.600,0.000,0.000,0.000
"15:45",82.381,0.000,63.600,0.000,0.000,0.000
"16:00",76.800,0.000,63.600,0.000,0.000,0.000
"16:15",71.782,0.000,63.600,0.000,0.000,0.000
"16:30",65.946,0.000,63.600,0.000,0.000,0.000
"16:45",58.880,0.000,63.600,0.000,0.000,0.000
"17:00",51.968,0.000,63.600,0.000,0.000,0.000
"17:15",43.674,0.000,63.600,0.000,0.000,0.000
"17:30",35.379,0.000,63.700,0.000,0.000,0.000
"17:45",26.266,0.000,63.700,0.000,0.000,0.000
"18:00",13.312,0.154,63.700,0.512,0.000,0.000
"18:15",0.717,2.765,63.800,3.430,0.000,0.000
"18:30",0.000,4.864,63.700,4.813,0.000,0.000
"18:45",0.000,5.581,63.700,4.966,0.000,0.000
"19:00",0.000,6.144,63.700,5.018,0.000,0.000
"19:15",0.000,5.939,63.700,5.018,0.000,0.000
"19:30",0.000,4.915,63.700,5.683,0.000,0.000
"19:45",0.000,5.171,63.700,5.734,0.000,0.000
"20:00",0.000,5.888,63.700,5.427,0.000,0.000
"20:15",0.000,6.451,63.700,4.915,0.000,0.000
"20:30",0.000,6.605,63.700,5.069,0.000,0.000
"20:45",0.000,6.554,63.700,5.222,0.000,0.000
"21:00",0.000,6.554,63.700,5.120,0.000,0.000
"21:15",0.000,6.400,63.700,5.171,0.000,0.000
"21:30",0.000,7.014,63.700,5.325,0.000,0.000
"21:45",0.000,7.270,63.700,5.274,0.000,0.000
"22:00",0.000,7.219,63.700,5.222,0.000,0.000
"22:15",0.000,7.066,63.700,5.274,0.000,0.000
"22:30",0.000,6.963,63.700,5.325,0.000,0.000
"22:45",0.000,6.605,63.700,5.171,0.000,0.000
"23:00",0.000,7.014,63.700,5.325,0.000,0.000
"23:15",0.000,6.656,63.700,5.325,0.000,0.000
"23:30",0.000,6.093,63.700,5.837,0.000,0.000
"23:45",0.000,5.990,63.700,5.837,0.000,0.000
" 5/17/26 24:00",0.000,6.144,63.700,6.042,0.000,0.000
