"kwh"
"Time ","DAGSR01P","DAGSR01P","DAGSR01P","DAGSR01P","DAGSR01P","DAGSR01P"
" 4/20/26 00:15",0.000,5.990,63.700,4.762,0.000,0.000
" 4/20/26 00:30",0.000,6.707,63.700,4.710,0.000,0.000
"00:45",0.000,6.400,63.700,5.222,0.000,0.000
"01:00",0.000,6.861,63.700,5.274,0.000,0.000
"01:15",0.000,6.502,63.700,5.632,0.000,0.000
"01:30",0.000,7.014,63.700,5.171,0.000,0.000
"01:45",0.000,6.195,63.700,5.427,0.000,0.000
"02:00",0.000,6.195,63.700,5.325,0.000,0.000
"02:15",0.000,6.195,63.700,5.325,0.000,0.000
"02:30",0.000,7.219,63.700,5.018,0.000,0.000
"02:45",0.000,6.400,63.700,5.581,0.000,0.000
"03:00",0.000,6.502,63.700,5.530,0.000,0.000
"03:15",0.000,6.093,63.600,5.581,0.000,0.000
"03:30",0.000,6.758,63.600,5.171,0.000,0.000
"03:45",0.000,5.990,63.600,5.683,0.000,0.000
"04:00",0.000,5.939,63.600,5.632,0.000,0.000
"04:15",0.000,6.400,63.600,5.222,0.000,0.000
"04:30",0.000,5.478,63.600,6.093,0.000,0.000
"04:45",0.000,4.250,63.600,6.554,0.000,0.000
"05:00",0.000,4.403,63.600,6.451,0.000,0.000
"05:15",0.000,5.120,63.600,6.298,0.000,0.000
"05:30",0.000,4.659,63.700,6.554,0.000,0.000
"05:45",0.000,4.352,63.600,6.554,0.000,0.000
"06:00",0.000,4.813,63.600,6.451,0.000,0.000
"06:15",0.000,5.581,63.600,5.683,0.000,0.000
"06:30",0.000,4.454,63.700,6.451,0.000,0.000
"06:45",0.000,4.403,63.700,6.144,0.000,0.000
"07:00",0.000,4.454,63.600,5.939,0.000,0.000
"07:15",0.000,5.171,63.600,5.632,0.000,0.000
"07:30",0.000,4.710,63.600,6.554,0.000,0.000
"07:45",0.000,5.069,63.600,6.400,0.000,0.000
"08:00",0.000,4.813,63.700,6.298,0.000,0.000
"08:15",0.000,4.147,63.600,5.888,0.000,0.000
"08:30",0.000,4.557,63.600,5.530,0.000,0.000
"08:45",0.102,3.430,63.600,5.376,0.000,0.000
"09:00",0.819,1.434,63.700,3.891,0.000,0.000
"09:15",1.485,0.614,63.700,3.021,0.000,0.000
"09:30",1.792,0.768,63.700,2.202,0.000,0.000
"09:45",8.141,0.000,63.700,0.000,0.000,0.000
"10:00",7.987,0.000,63.700,0.000,0.000,0.000
"10:15",11.571,0.000,63.700,0.000,0.000,0.000
"10:30",5.888,0.000,63.700,0.000,0.000,0.000
"10:45",13.312,0.000,63.700,0.000,0.000,0.000
"11:00",10.445,0.000,63.700,0.000,0.000,0.000
"11:15",8.141,0.000,63.700,0.000,0.000,0.000
"11:30",5.734,0.000,63.700,0.000,0.000,0.000
"11:45",6.963,0.000,63.700,0.000,0.000,0.000
"12:00",8.909,0.000,63.700,0.000,0.000,0.000
"12:15",9.728,0.000,63.700,0.000,0.000,0.000
"12:30",11.878,0.000,63.700,0.000,0.000,0.000
"12:45",12.032,0.000,63.700,0.000,0.000,0.000
"13:00",17.510,0.000,63.700,0.000,0.000,0.000
"13:15",22.374,0.000,63.700,0.000,0.000,0.000
"13:30",15.872,0.000,63.700,0.000,0.000,0.000
"13:45",11.213,0.000,63.600,0.000,0.000,0.000
"14:00",11.469,0.000,63.700,0.000,0.000,0.000
"14:15",19.354,0.000,63.600,0.000,0.000,0.000
"14:30",17.254,0.000,63.600,0.000,0.000,0.000
"14:45",24.166,0.000,63.600,0.000,0.000,0.000
"15:00",33.075,0.000,63.600,0.000,0.000,0.000
"15:15",20.429,0.000,63.700,0.000,0.000,0.000
"15:30",22.682,0.000,63.700,0.000,0.000,0.000
"15:45",17.664,0.000,63.700,0.000,0.000,0.000
"16:00",11.725,0.000,63.700,0.000,0.000,0.000
"16:15",7.168,0.000,63.700,0.000,0.000,0.000
"16:30",6.758,0.000,63.700,0.000,0.000,0.000
"16:45",2.970,0.051,63.700,0.717,0.000,0.000
"17:00",3.277,0.563,63.700,1.485,0.000,0.000
"17:15",3.533,0.358,63.700,1.126,0.000,0.000
"17:30",2.560,0.154,63.700,1.229,0.000,0.000
"17:45",1.126,1.280,63.700,2.202,0.000,0.000
"18:00",0.563,1.690,63.700,2.509,0.000,0.000
"18:15",0.307,2.560,63.600,2.765,0.000,0.000
"18:30",0.000,3.635,63.700,4.198,0.000,0.000
"18:45",0.000,5.376,63.700,4.045,0.000,0.000
"19:00",0.000,4.659,63.700,4.762,0.000,0.000
"19:15",0.000,4.403,63.700,4.966,0.000,0.000
"19:30",0.000,5.069,63.700,4.506,0.000,0.000
"19:45",0.000,5.274,63.700,4.403,0.000,0.000
"20:00",0.000,5.069,63.700,4.454,0.000,0.000
"20:15",0.000,4.557,63.700,4.352,0.000,0.000
"20:30",0.000,5.427,63.600,3.840,0.000,0.000
"20:45",0.000,4.403,63.600,4.352,0.000,0.000
"21:00",0.000,4.454,63.600,4.403,0.000,0.000
"21:15",0.000,4.966,63.600,4.096,0.000,0.000
"21:30",0.000,4.557,63.700,4.710,0.000,0.000
"21:45",0.000,4.352,63.600,4.813,0.000,0.000
"22:00",0.000,4.608,63.600,4.813,0.000,0.000
"22:15",0.000,5.581,63.600,4.454,0.000,0.000
"22:30",0.000,4.454,63.600,5.018,0.000,0.000
"22:45",0.000,4.762,63.700,5.120,0.000,0.000
"23:00",0.000,6.195,63.700,4.762,0.000,0.000
"23:15",0.000,5.325,63.600,5.120,0.000,0.000
"23:30",0.000,5.530,63.700,5.325,0.000,0.000
"23:45",0.000,6.298,63.700,4.915,0.000,0.000
" 4/20/26 24:00",0.000,5.837,63.700,4.966,0.000,0.000
