"kwh"
"Time ","DAGSR01P","DAGSR01P","DAGSR01P","DAGSR01P","DAGSR01P","DAGSR01P"
" 8/16/26 00:15",0.000,4.096,63.700,7.629,0.000,0.000
" 8/16/26 00:30",0.000,4.506,63.700,7.680,0.000,0.000
"00:45",0.000,5.325,63.700,7.219,0.000,0.000
"01:00",0.000,4.096,63.700,7.680,0.000,0.000
"01:15",0.000,4.096,63.700,7.629,0.000,0.000
"01:30",0.000,4.198,63.700,7.322,0.000,0.000
"01:45",0.000,3.584,63.700,7.987,0.000,0.000
"02:00",0.000,4.096,63.700,7.373,0.000,0.000
"02:15",0.000,3.430,63.700,7.834,0.000,0.000
"02:30",0.000,3.379,63.700,7.731,0.000,0.000
"02:45",0.000,4.096,63.700,7.219,0.000,0.000
"03:00",0.000,3.328,63.700,7.987,0.000,0.000
"03:15",0.000,4.045,63.700,7.475,0.000,0.000
"03:30",0.000,3.584,63.700,7.731,0.000,0.000
"03:45",0.000,3.430,63.700,8.294,0.000,0.000
"04:00",0.000,4.352,63.700,7.680,0.000,0.000
"04:15",0.000,3.379,63.700,8.090,0.000,0.000
"04:30",0.000,3.942,63.700,7.987,0.000,0.000
"04:45",0.000,4.147,63.700,7.629,0.000,0.000
"05:00",0.000,3.482,63.700,8.294,0.000,0.000
"05:15",0.000,4.301,63.700,7.629,0.000,0.000
"05:30",0.000,3.584,63.700,8.192,0.000,0.000
"05:45",0.000,3.635,63.700,8.294,0.000,0.000
"06:00",0.000,4.198,63.700,8.243,0.000,0.000
"06:15",0.000,3.789,63.700,8.499,0.000,0.000
"06:30",0.000,4.198,63.700,7.885,0.000,0.000
"06:45",0.000,3.891,63.700,7.885,0.000,0.000
"07:00",0.000,3.533,63.700,8.243,0.000,0.000
"07:15",0.000,4.608,63.700,7.782,0.000,0.000
"07:30",0.000,3.840,63.700,8.243,0.000,0.000
"07:45",0.000,3.840,63.700,8.192,0.000,0.000
"08:00",0.000,4.608,63.700,7.987,0.000,0.000
"08:15",0.000,3.738,63.700,8.243,0.000,0.000
"08:30",1.024,0.922,63.700,3.635,0.000,0.000
"08:45",10.342,0.000,63.700,0.000,0.000,0.000
"09:00",20.070,0.000,63.700,0.000,0.000,0.000
"09:15",29.082,0.000,63.800,0.000,0.000,0.000
"09:30",37.939,0.000,63.700,0.000,0.000,0.000
"09:45",44.646,0.000,63.700,0.000,0.000,0.000
"10:00",52.736,0.000,63.700,0.000,0.000,0.000
"10:15",59.750,0.000,63.700,0.000,0.000,0.000
"10:30",65.587,0.000,63.800,0.000,0.000,0.000
"10:45",72.806,0.000,63.800,0.000,0.000,0.000
"11:00",77.158,0.000,63.800,0.000,0.000,0.000
"11:15",82.278,0.000,63.800,0.000,0.000,0.000
"11:30",86.426,0.000,63.800,0.000,0.000,0.000
"11:45",90.624,0.000,63.800,0.000,0.000,0.000
"12:00",93.696,0.000,63.800,0.000,0.000,0.000
"12:15",96.256,0.000,63.800,0.000,0.000,0.000
"12:30",93.696,0.000,63.800,0.000,0.000,0.000
"12:45",84.787,0.000,63.800,0.000,0.000,0.000
"13:00",91.597,0.000,63.800,0.000,0.000,0.000
"13:15",92.467,0.000,63.900,0.000,0.000,0.000
"13:30",92.621,0.000,63.800,0.000,0.000,0.000
"13:45",81.101,0.000,63.800,0.000,0.000,0.000
"14:00",80.845,0.000,63.800,0.000,0.000,0.000
"14:15",85.658,0.000,63.800,0.000,0.000,0.000
"14:30",94.771,0.000,63.800,0.000,0.000,0.000
"14:45",99.174,0.000,63.800,0.000,0.000,0.000
"15:00",97.536,0.000,63.800,0.000,0.000,0.000
"15:15",95.232,0.000,63.800,0.000,0.000,0.000
"15:30",90.522,0.000,63.800,0.000,0.000,0.000
"15:45",82.176,0.000,63.800,0.000,0.000,0.000
"16:00",67.686,0.000,63.800,0.000,0.000,0.000
"16:15",61.082,0.000,63.800,0.000,0.000,0.000
"16:30",48.230,0.000,63.800,0.000,0.000,0.000
"16:45",32.717,0.000,63.800,0.000,0.000,0.000
"17:00",27.802,0.000,63.800,0.000,0.000,0.000
"17:15",25.702,0.000,63.800,0.000,0.000,0.000
"17:30",26.163,0.000,63.800,0.000,0.000,0.000
"17:45",14.285,0.000,63.800,0.000,0.000,0.000
"18:00",10.547,0.000,63.800,0.000,0.000,0.000
"18:15",4.250,0.051,63.700,0.512,0.000,0.000
"18:30",1.024,0.922,63.800,3.482,0.000,0.000
"18:45",0.154,2.918,63.800,5.530,0.000,0.000
"19:00",0.000,5.734,63.700,6.144,0.000,0.000
"19:15",0.000,4.762,63.700,6.861,0.000,0.000
"19:30",0.000,5.222,63.700,6.963,0.000,0.000
"19:45",0.000,6.042,63.700,6.451,0.000,0.000
"20:00",0.000,4.608,63.700,6.963,0.000,0.000
"20:15",0.000,5.530,63.700,6.400,0.000,0.000
"20:30",0.000,4.915,63.700,6.912,0.000,0.000
"20:45",0.000,4.659,63.700,7.066,0.000,0.000
"21:00",0.000,5.939,63.700,6.656,0.000,0.000
"21:15",0.000,5.325,63.700,7.066,0.000,0.000
"21:30",0.000,5.274,63.700,6.707,0.000,0.000
"21:45",0.000,4.915,63.700,7.066,0.000,0.000
"22:00",0.000,4.762,63.700,7.270,0.000,0.000
"22:15",0.000,5.478,63.700,6.707,0.000,0.000
"22:30",0.000,5.018,63.700,7.322,0.000,0.000
"22:45",0.000,5.734,63.700,7.322,0.000,0.000
"23:00",0.000,6.042,63.700,6.758,0.000,0.000
"23:15",0.000,5.683,63.700,6.861,0.000,0.000
"23:30",0.000,5.990,63.700,5.837,0.000,0.000
"23:45",0.000,5.120,63.700,6.298,0.000,0.000
" 8/16/26 24:00",0.000,5.325,63.700,6.451,0.000,0.000
