"kwh"
"Time ","DAGSR01P","DAGSR01P","DAGSR01P","DAGSR01P","DAGSR01P","DAGSR01P"
" 8/26/26 00:15",0.000,36.147,63.400,0.000,12.083,0.000
" 8/26/26 00:30",0.000,37.376,63.400,0.000,12.390,0.000
"00:45",0.000,35.891,63.700,0.000,13.056,0.000
"01:00",0.000,35.789,63.900,0.000,14.541,0.000
"01:15",0.000,36.557,63.600,0.000,13.466,0.000
"01:30",0.000,35.328,63.400,0.000,11.878,0.000
"01:45",0.000,35.635,63.400,0.000,12.288,0.000
"02:00",0.000,36.096,63.400,0.000,12.390,0.000
"02:15",0.000,35.277,63.500,0.000,12.595,0.000
"02:30",0.000,36.608,63.700,0.000,13.517,0.000
"02:45",0.000,36.915,63.700,0.000,14.285,0.000
"03:00",0.000,36.096,63.700,0.000,13.926,0.000
"03:15",0.000,36.403,63.700,0.000,14.182,0.000
"03:30",0.000,35.635,63.800,0.000,13.363,0.000
"03:45",0.000,36.096,63.800,0.000,13.568,0.000
"04:00",0.000,36.659,63.800,0.000,14.029,0.000
"04:15",0.000,35.635,63.900,0.000,13.722,0.000
"04:30",0.000,35.635,63.800,0.000,13.875,0.000
"04:45",0.000,36.096,63.800,0.000,13.875,0.000
"05:00",0.000,35.789,63.800,0.000,13.926,0.000
"05:15",0.000,36.301,63.700,0.000,13.722,0.000
"05:30",0.000,37.171,63.700,0.000,13.824,0.000
"05:45",0.000,38.605,63.700,0.000,14.182,0.000
"06:00",0.000,39.885,63.500,0.000,14.490,0.000
"06:15",0.000,38.451,63.300,0.000,12.800,0.000
"06:30",0.000,38.963,63.000,0.000,11.674,0.000
"06:45",0.000,39.680,63.000,0.000,11.981,0.000
"07:00",0.000,38.963,62.900,0.000,11.571,0.000
"07:15",0.000,39.475,63.100,0.000,12.749,0.000
"07:30",0.000,38.707,63.100,0.000,12.595,0.000
"07:45",0.000,39.526,63.100,0.000,12.544,0.000
"08:00",0.000,40.141,63.000,0.000,12.493,0.000
"08:15",0.000,38.349,62.900,0.000,12.083,0.000
"08:30",0.000,36.045,62.700,0.000,11.110,0.000
"08:45",0.000,33.382,62.700,0.000,11.878,0.000
"09:00",0.000,30.054,62.700,0.000,11.213,0.000
"09:15",0.000,26.214,62.400,0.000,10.752,0.000
"09:30",0.000,24.781,62.800,0.000,11.930,0.000
"09:45",0.000,19.200,62.900,0.000,12.595,0.000
"10:00",5.530,2.253,63.600,0.000,6.656,9.933
"10:15",6.400,2.816,63.700,0.000,5.888,10.445
"10:30",4.608,1.024,63.700,0.000,4.762,11.674
"10:45",3.021,1.894,63.700,0.000,9.011,7.885
"11:00",0.000,10.189,63.700,0.000,16.640,0.000
"11:15",0.614,8.448,63.700,0.000,14.541,2.816
"11:30",0.051,5.786,63.700,0.000,16.128,0.563
"11:45",11.315,0.410,63.700,0.000,3.072,13.926
"12:00",8.192,0.154,63.700,0.000,1.843,15.411
"12:15",32.512,0.000,63.700,0.000,0.000,17.971
"12:30",52.019,0.000,63.700,0.000,0.000,19.405
"12:45",59.904,0.000,63.700,0.000,0.000,19.098
"13:00",27.290,0.154,63.700,0.000,0.461,17.306
"13:15",29.133,0.000,63.700,0.000,0.000,17.664
"13:30",50.176,0.000,63.700,0.000,0.000,18.739
"13:45",45.363,0.000,63.700,0.000,0.000,19.046
"14:00",50.432,0.000,63.700,0.000,0.000,18.893
"14:15",59.750,0.000,63.600,0.000,0.000,19.661
"14:30",62.720,0.000,63.600,0.000,0.051,19.610
"14:45",48.640,0.051,63.600,0.000,0.410,18.278
"15:00",63.283,0.000,63.600,0.000,0.000,20.019
"15:15",56.115,0.000,63.600,0.000,0.000,18.944
"15:30",43.418,0.000,63.600,0.000,0.000,18.842
"15:45",55.450,0.000,63.600,0.000,0.000,18.790
"16:00",43.622,0.000,63.600,0.000,0.000,19.712
"16:15",39.373,0.000,63.600,0.000,0.000,17.971
"16:30",35.482,0.000,63.600,0.000,0.000,18.022
"16:45",13.210,4.352,63.600,0.000,6.093,10.496
"17:00",33.997,0.000,63.600,0.000,0.000,4.813
"17:15",36.250,0.000,63.600,0.000,0.000,0.000
"17:30",21.504,0.000,63.600,0.000,0.000,0.000
"17:45",15.923,0.000,63.600,0.000,0.000,0.000
"18:00",2.150,0.307,63.700,0.922,0.000,0.000
"18:15",1.587,0.563,63.700,1.894,0.000,0.000
"18:30",0.051,2.611,63.700,4.198,0.000,0.000
"18:45",0.256,2.150,63.700,4.762,0.000,0.000
"19:00",0.000,4.096,63.700,6.554,0.000,0.000
"19:15",0.000,3.942,63.700,6.758,0.000,0.000
"19:30",0.000,3.789,63.700,7.066,0.000,0.000
"19:45",0.000,4.454,63.700,6.451,0.000,0.000
"20:00",0.000,3.891,63.700,6.810,0.000,0.000
"20:15",0.000,5.376,63.700,6.349,0.000,0.000
"20:30",0.000,5.069,63.700,6.349,0.000,0.000
"20:45",0.000,3.942,63.700,7.168,0.000,0.000
"21:00",0.000,4.864,63.700,6.605,0.000,0.000
"21:15",0.000,4.250,63.700,7.219,0.000,0.000
"21:30",0.000,4.762,63.700,7.424,0.000,0.000
"21:45",0.000,4.813,63.700,6.963,0.000,0.000
"22:00",0.000,4.096,63.700,7.526,0.000,0.000
"22:15",0.000,5.376,63.700,7.270,0.000,0.000
"22:30",0.000,4.608,63.700,7.424,0.000,0.000
"22:45",0.000,4.198,63.700,7.680,0.000,0.000
"23:00",0.000,4.198,63.700,7.475,0.000,0.000
"23:15",0.000,3.533,63.700,7.629,0.000,0.000
"23:30",0.000,3.840,63.700,7.219,0.000,0.000
"23:45",0.000,3.328,63.700,7.680,0.000,0.000
" 8/26/26 24:00",0.000,3.430,63.700,7.526,0.000,0.000
