"kwh"
"Time ","DAGSR01P","DAGSR01P","DAGSR01P","DAGSR01P","DAGSR01P","DAGSR01P"
" 9/29/26 00:15",0.000,68.813,63.700,0.000,25.702,0.000
" 9/29/26 00:30",0.000,68.813,63.700,0.000,25.805,0.000
"00:45",0.000,68.864,63.600,0.000,25.856,0.000
"01:00",0.000,68.966,63.700,0.000,25.754,0.000
"01:15",0.000,68.915,63.600,0.000,25.600,0.000
"01:30",0.000,69.222,63.700,0.000,25.549,0.000
"01:45",0.000,69.274,63.700,0.000,25.754,0.000
"02:00",0.000,69.120,63.700,0.000,25.907,0.000
"02:15",0.000,69.274,63.700,0.000,26.163,0.000
"02:30",0.000,69.325,63.700,0.000,26.163,0.000
"02:45",0.000,69.274,63.700,0.000,26.419,0.000
"03:00",0.000,69.376,63.700,0.000,26.419,0.000
"03:15",0.000,69.325,63.700,0.000,26.112,0.000
"03:30",0.000,69.274,63.700,0.000,26.061,0.000
"03:45",0.000,69.478,63.700,0.000,25.958,0.000
"04:00",0.000,69.581,63.700,0.000,25.958,0.000
"04:15",0.000,69.325,63.700,0.000,26.061,0.000
"04:30",0.000,69.325,63.700,0.000,25.805,0.000
"04:45",0.000,69.376,63.700,0.000,25.754,0.000
"05:00",0.000,69.325,63.700,0.000,25.856,0.000
"05:15",0.000,69.683,63.700,0.000,26.010,0.000
"05:30",0.000,69.274,63.700,0.000,25.958,0.000
"05:45",0.000,70.298,63.700,0.000,26.368,0.000
"06:00",0.000,72.243,63.700,0.000,27.853,0.000
"06:15",0.000,72.909,63.700,0.000,27.750,0.000
"06:30",0.000,72.550,63.600,0.000,27.699,0.000
"06:45",0.000,72.141,63.600,0.000,27.648,0.000
"07:00",0.000,72.141,63.600,0.000,27.699,0.000
"07:15",0.000,72.806,63.600,0.000,28.058,0.000
"07:30",0.000,70.758,63.600,0.000,28.723,0.000
"07:45",0.000,66.970,63.600,0.000,28.774,0.000
"08:00",0.000,60.416,63.600,0.000,28.723,0.000
"08:15",0.000,53.146,63.600,0.000,28.365,0.000
"08:30",0.000,34.202,63.600,0.000,23.910,0.000
"08:45",0.819,2.560,63.600,0.000,8.858,4.352
"09:00",7.014,0.000,63.600,0.000,0.666,12.954
"09:15",17.664,0.000,63.600,0.000,0.000,14.131
"09:30",27.802,0.000,63.700,0.000,0.000,14.490
"09:45",24.883,0.102,63.600,0.000,2.355,16.128
"10:00",7.270,0.051,63.600,0.000,2.355,26.778
"10:15",15.104,0.000,63.600,0.000,0.000,28.570
"10:30",21.606,0.000,63.600,0.000,0.000,28.928
"10:45",8.141,2.202,63.600,0.000,23.296,20.941
"11:00",2.048,16.230,63.600,0.000,41.677,16.640
"11:15",0.154,31.898,63.600,0.000,47.104,1.331
"11:30",7.168,4.045,63.700,0.000,13.978,35.994
"11:45",3.072,22.016,63.700,0.000,32.410,16.640
"12:00",1.587,23.040,63.600,0.000,36.454,11.571
"12:15",6.349,0.563,63.600,0.000,8.090,41.472
"12:30",1.536,30.054,63.600,0.000,36.813,11.110
"12:45",3.226,26.112,63.600,0.000,29.798,18.534
"13:00",7.014,8.653,63.700,0.000,16.230,33.024
"13:15",1.178,40.858,63.700,0.000,40.806,7.014
"13:30",4.454,13.875,63.700,0.000,25.344,24.371
"13:45",11.418,0.000,63.700,0.000,0.154,50.739
"14:00",11.469,0.000,63.700,0.000,0.154,49.971
"14:15",10.240,0.154,63.700,0.000,1.894,48.179
"14:30",11.725,0.000,63.700,0.000,0.000,50.125
"14:45",9.626,1.382,63.700,0.000,5.939,44.134
"15:00",1.126,25.702,63.700,0.000,56.986,7.782
"15:15",1.587,54.784,63.700,0.000,41.830,10.957
"15:30",2.150,16.384,63.700,0.000,37.478,20.173
"15:45",0.000,41.523,63.700,0.000,72.602,0.000
"16:00",0.000,29.030,63.700,0.000,63.232,0.000
"16:15",0.000,18.176,63.700,0.000,52.838,0.000
"16:30",0.000,20.531,63.700,0.000,52.531,0.000
"16:45",0.000,27.955,63.700,0.000,52.634,0.000
"17:00",0.000,36.557,63.700,0.000,51.917,0.000
"17:15",0.000,43.366,63.700,0.000,50.483,0.000
"17:30",0.000,51.405,63.700,0.000,50.022,0.000
"17:45",0.000,57.856,63.700,0.000,50.125,0.000
"18:00",0.000,67.430,63.700,0.000,49.715,0.000
"18:15",0.000,87.501,63.700,0.000,48.640,0.000
"18:30",0.000,92.058,63.700,0.000,49.203,0.000
"18:45",0.000,96.973,63.700,0.000,49.101,0.000
"19:00",0.000,101.325,63.700,0.000,48.640,0.000
"19:15",0.000,102.144,63.700,0.000,48.538,0.000
"19:30",0.000,102.298,63.700,0.000,48.589,0.000
"19:45",0.000,102.298,63.700,0.000,48.538,0.000
"20:00",0.000,102.349,63.700,0.000,48.486,0.000
"20:15",0.000,102.400,63.700,0.000,48.538,0.000
"20:30",0.000,102.656,63.700,0.000,48.538,0.000
"20:45",0.000,102.758,63.700,0.000,48.538,0.000
"21:00",0.000,102.912,63.700,0.000,48.538,0.000
"21:15",0.000,103.014,63.700,0.000,48.486,0.000
"21:30",0.000,102.810,63.600,0.000,48.435,0.000
"21:45",0.000,102.656,63.600,0.000,48.384,0.000
"22:00",0.000,102.451,63.700,0.000,48.333,0.000
"22:15",0.000,102.502,63.700,0.000,48.333,0.000
"22:30",0.000,102.400,63.700,0.000,48.282,0.000
"22:45",0.000,102.502,63.700,0.000,48.435,0.000
"23:00",0.000,102.707,63.700,0.000,48.333,0.000
"23:15",0.000,102.451,63.700,0.000,48.128,0.000
"23:30",0.000,102.554,63.700,0.000,48.077,0.000
"23:45",0.000,102.707,63.700,0.000,48.282,0.000
" 9/29/26 24:00",0.000,102.912,63.700,0.000,48.333,0.000
