"kwh"
"Time ","DAGSR01P","DAGSR01P","DAGSR01P","DAGSR01P","DAGSR01P","DAGSR01P"
" 4/26/26 00:15",0.000,4.506,63.700,5.581,0.000,0.000
" 4/26/26 00:30",0.000,4.198,63.700,5.939,0.000,0.000
"00:45",0.000,5.069,63.700,5.069,0.000,0.000
"01:00",0.000,4.454,64.500,1.638,0.563,0.000
"01:15",0.000,5.274,64.300,2.611,0.358,0.000
"01:30",0.000,5.427,64.200,2.611,0.102,0.000
"01:45",0.000,5.069,64.400,2.611,0.102,0.000
"02:00",0.000,5.837,64.300,2.560,0.102,0.000
"02:15",0.000,4.659,64.300,2.765,0.051,0.000
"02:30",0.000,4.762,64.300,2.714,0.051,0.000
"02:45",0.000,5.581,64.300,2.202,0.205,0.000
"03:00",0.000,4.710,64.300,2.509,0.000,0.000
"03:15",0.000,5.120,64.400,2.099,0.205,0.000
"03:30",0.000,5.120,64.500,1.894,0.358,0.000
"03:45",0.000,4.659,64.500,2.099,0.256,0.000
"04:00",0.000,5.837,64.600,1.536,0.563,0.000
"04:15",0.000,4.966,64.600,1.997,0.512,0.000
"04:30",0.000,4.608,64.500,1.792,0.410,0.000
"04:45",0.000,5.581,64.000,3.686,0.000,0.000
"05:00",0.000,4.454,64.100,3.994,0.000,0.000
"05:15",0.000,5.069,64.100,3.840,0.000,0.000
"05:30",0.000,5.120,64.200,3.482,0.000,0.000
"05:45",0.000,4.506,64.200,4.045,0.000,0.000
"06:00",0.000,5.171,64.300,3.942,0.000,0.000
"06:15",0.000,4.813,63.900,5.120,0.000,0.000
"06:30",0.000,4.454,63.800,5.530,0.000,0.000
"06:45",0.000,5.427,63.600,5.478,0.000,0.000
"07:00",0.000,4.864,63.500,6.195,0.000,0.000
"07:15",0.000,4.557,63.400,6.400,0.000,0.000
"07:30",0.000,5.427,64.000,4.096,0.000,0.000
"07:45",0.000,4.454,64.100,4.250,0.000,0.000
"08:00",0.000,5.171,63.900,5.786,0.000,0.000
"08:15",0.000,4.454,63.700,6.451,0.000,0.000
"08:30",1.178,1.536,63.700,3.277,0.000,0.000
"08:45",6.144,0.000,63.700,0.051,0.000,0.000
"09:00",14.746,0.000,63.700,0.000,0.000,0.000
"09:15",20.992,0.000,63.700,0.000,0.000,0.000
"09:30",26.931,0.000,63.700,0.000,0.000,0.000
"09:45",33.843,0.000,63.700,0.000,0.000,0.000
"10:00",39.014,0.000,63.800,0.000,0.000,0.358
"10:15",13.261,0.000,63.800,0.000,0.000,15.002
"10:30",17.562,0.000,63.700,0.000,0.000,15.104
"10:45",22.579,0.000,63.700,0.000,0.000,15.770
"11:00",27.546,0.000,63.700,0.000,0.000,15.309
"11:15",31.334,0.000,63.700,0.000,0.000,16.384
"11:30",27.546,3.891,63.800,0.000,4.198,11.520
"11:45",9.984,17.357,63.800,0.000,11.366,3.584
"12:00",0.000,18.432,63.700,0.000,14.797,0.051
"12:15",50.381,0.051,63.700,0.000,0.256,16.742
"12:30",51.712,0.000,63.700,0.000,0.000,17.306
"12:45",52.941,0.000,63.700,0.000,0.000,17.613
"13:00",54.067,0.000,63.600,0.000,0.000,17.101
"13:15",54.374,0.000,63.700,0.000,0.000,17.715
"13:30",47.923,0.000,63.700,0.000,0.205,16.435
"13:45",30.208,0.768,63.700,0.000,2.714,13.210
"14:00",53.914,0.000,63.700,0.000,0.000,18.176
"14:15",21.248,1.536,63.700,0.000,2.662,13.261
"14:30",54.733,0.256,63.700,0.000,0.358,17.869
"14:45",50.842,0.000,63.600,0.000,0.102,17.101
"15:00",49.050,0.000,63.600,0.000,0.000,16.589
"15:15",49.664,0.051,63.600,0.000,0.154,17.766
"15:30",1.894,6.912,63.600,0.000,12.134,3.430
"15:45",11.059,2.611,63.600,0.000,6.093,9.882
"16:00",18.074,6.042,63.600,0.000,6.963,9.728
"16:15",22.682,1.690,63.600,0.000,2.918,13.466
"16:30",22.733,0.000,63.600,0.000,0.051,16.896
"16:45",16.691,0.000,63.600,0.000,0.000,16.128
"17:00",11.162,0.000,63.600,0.000,0.000,15.770
"17:15",3.942,0.410,63.600,0.000,3.430,12.954
"17:30",0.563,3.226,63.600,0.000,11.571,3.994
"17:45",0.000,10.701,63.700,0.000,15.974,0.000
"18:00",0.000,18.381,63.700,0.000,15.718,0.000
"18:15",0.000,25.651,63.700,0.000,15.616,0.000
"18:30",0.000,33.690,63.700,0.000,16.230,0.000
"18:45",0.000,37.683,63.700,0.000,15.514,0.000
"19:00",0.000,38.656,63.700,0.000,15.206,0.000
"19:15",0.000,39.629,63.700,0.000,16.026,0.000
"19:30",0.000,39.117,63.700,0.000,15.411,0.000
"19:45",0.000,39.373,63.700,0.000,15.667,0.000
"20:00",0.000,39.322,63.700,0.000,16.077,0.000
"20:15",0.000,38.963,63.700,0.000,15.821,0.000
"20:30",0.000,40.038,63.700,0.000,16.179,0.000
"20:45",0.000,39.782,63.700,0.000,15.718,0.000
"21:00",0.000,39.629,63.600,0.000,15.462,0.000
"21:15",0.000,40.243,63.700,0.000,16.077,0.000
"21:30",0.000,39.066,63.700,0.000,15.565,0.000
"21:45",0.000,39.475,63.700,0.000,15.309,0.000
"22:00",0.000,40.192,63.600,0.000,16.128,0.000
"22:15",0.000,39.066,63.700,0.000,15.309,0.000
"22:30",0.000,39.066,63.700,0.000,15.258,0.000
"22:45",0.000,40.397,63.700,0.000,15.923,0.000
"23:00",0.000,38.810,63.700,0.000,14.950,0.000
"23:15",0.000,38.912,63.700,0.000,15.002,0.000
"23:30",0.000,39.578,63.700,0.000,15.360,0.000
"23:45",0.000,38.758,63.700,0.000,14.541,0.000
" 4/26/26 24:00",0.000,39.424,63.600,0.000,15.309,0.000
