"kwh"
"Time ","DAGSR01P","DAGSR01P","DAGSR01P","DAGSR01P","DAGSR01P","DAGSR01P"
" 8/02/26 00:15",0.000,4.813,63.700,6.963,0.000,0.000
" 8/02/26 00:30",0.000,3.584,63.700,7.731,0.000,0.000
"00:45",0.000,3.686,63.700,7.526,0.000,0.000
"01:00",0.000,3.635,63.700,7.475,0.000,0.000
"01:15",0.000,3.635,63.700,7.782,0.000,0.000
"01:30",0.000,4.608,63.700,6.605,0.000,0.000
"01:45",0.000,3.277,63.700,7.680,0.000,0.000
"02:00",0.000,3.277,63.700,7.936,0.000,0.000
"02:15",0.000,4.198,63.700,7.066,0.000,0.000
"02:30",0.000,3.533,63.700,7.373,0.000,0.000
"02:45",0.000,3.738,63.700,7.885,0.000,0.000
"03:00",0.000,4.403,63.700,7.014,0.000,0.000
"03:15",0.000,3.686,63.700,7.526,0.000,0.000
"03:30",0.000,3.686,63.700,7.424,0.000,0.000
"03:45",0.000,3.533,63.700,7.885,0.000,0.000
"04:00",0.000,3.277,63.700,7.936,0.000,0.000
"04:15",0.000,4.147,63.700,7.475,0.000,0.000
"04:30",0.000,3.789,63.700,8.192,0.000,0.000
"04:45",0.000,3.277,63.700,8.038,0.000,0.000
"05:00",0.000,4.096,63.700,7.578,0.000,0.000
"05:15",0.000,3.482,63.700,8.192,0.000,0.000
"05:30",0.000,3.277,63.700,8.090,0.000,0.000
"05:45",0.000,4.301,63.700,7.373,0.000,0.000
"06:00",0.000,3.994,63.700,7.936,0.000,0.000
"06:15",0.000,3.789,63.700,7.834,0.000,0.000
"06:30",0.000,3.584,63.700,7.834,0.000,0.000
"06:45",0.000,3.277,63.700,7.885,0.000,0.000
"07:00",0.000,4.250,63.700,7.629,0.000,0.000
"07:15",0.000,3.379,63.700,7.782,0.000,0.000
"07:30",0.000,3.738,63.700,8.602,0.000,0.000
"07:45",0.000,4.352,63.700,7.731,0.000,0.000
"08:00",0.000,3.686,63.700,7.731,0.000,0.000
"08:15",0.000,4.250,63.700,8.448,0.000,0.000
"08:30",0.000,4.762,63.700,8.192,0.000,0.000
"08:45",0.000,3.021,63.700,8.294,0.000,0.000
"09:00",1.178,0.922,63.700,5.171,0.000,0.000
"09:15",2.560,10.086,63.700,0.000,7.526,0.000
"09:30",0.000,16.179,63.700,0.000,12.493,0.000
"09:45",0.000,12.083,63.700,0.000,13.158,0.000
"10:00",0.307,5.990,63.700,0.000,11.520,1.690
"10:15",0.102,14.234,63.700,0.000,11.827,0.768
"10:30",0.000,25.139,63.700,0.000,13.619,0.000
"10:45",0.000,16.435,63.800,0.000,12.902,0.051
"11:00",23.603,1.178,63.800,0.000,2.304,11.110
"11:15",37.325,0.000,63.800,0.000,0.000,14.387
"11:30",44.954,0.000,63.800,0.000,0.000,14.080
"11:45",50.995,0.000,63.800,0.000,0.000,14.797
"12:00",53.709,0.000,63.800,0.000,0.000,14.490
"12:15",56.781,0.000,63.800,0.000,0.000,14.848
"12:30",60.262,0.000,63.800,0.000,0.000,14.950
"12:45",61.338,0.000,63.800,0.000,0.000,14.950
"13:00",63.078,0.000,63.800,0.000,0.000,15.565
"13:15",65.280,0.000,63.800,0.000,0.000,15.206
"13:30",64.717,0.000,63.800,0.000,0.000,15.974
"13:45",66.509,0.000,63.800,0.000,0.000,15.258
"14:00",65.126,0.000,63.800,0.000,0.000,15.053
"14:15",62.618,0.000,63.800,0.000,0.000,15.667
"14:30",62.310,0.000,63.800,0.000,0.000,15.053
"14:45",61.082,0.000,63.800,0.000,0.000,15.206
"15:00",58.317,0.000,63.800,0.000,0.000,15.155
"15:15",52.173,0.000,63.800,0.000,0.000,14.592
"15:30",51.149,0.000,63.800,0.000,0.000,15.104
"15:45",46.080,0.000,63.800,0.000,0.000,14.387
"16:00",43.110,0.000,63.700,0.000,0.000,14.182
"16:15",39.168,0.000,63.700,0.000,0.000,14.438
"16:30",32.717,0.000,63.700,0.000,0.000,13.773
"16:45",19.712,0.051,63.700,0.000,0.205,13.824
"17:00",31.437,0.000,63.700,0.000,0.000,5.069
"17:15",37.786,0.000,63.700,0.000,0.000,0.000
"17:30",20.378,0.000,63.700,0.000,0.000,0.000
"17:45",16.640,0.000,63.800,0.000,0.000,0.000
"18:00",8.653,0.000,63.800,0.000,0.000,0.000
"18:15",5.939,0.000,63.800,0.000,0.000,0.000
"18:30",1.997,0.205,63.700,1.843,0.000,0.000
"18:45",0.410,1.843,63.700,4.813,0.000,0.000
"19:00",0.000,3.738,63.700,7.731,0.000,0.000
"19:15",0.000,4.301,63.700,6.912,0.000,0.000
"19:30",0.000,4.557,63.700,6.912,0.000,0.000
"19:45",0.000,4.198,63.700,7.578,0.000,0.000
"20:00",0.000,5.069,63.700,6.400,0.000,0.000
"20:15",0.000,4.250,63.700,7.014,0.000,0.000
"20:30",0.000,4.301,63.700,6.605,0.000,0.000
"20:45",0.000,5.683,63.700,5.734,0.000,0.000
"21:00",0.000,5.478,63.700,6.246,0.000,0.000
"21:15",0.000,6.502,63.700,5.683,0.000,0.000
"21:30",0.000,6.246,63.700,5.888,0.000,0.000
"21:45",0.000,5.632,63.700,6.042,0.000,0.000
"22:00",0.000,6.246,63.700,5.581,0.000,0.000
"22:15",0.000,5.018,63.700,6.246,0.000,0.000
"22:30",0.000,5.018,63.700,6.554,0.000,0.000
"22:45",0.000,6.605,63.700,6.554,0.000,0.000
"23:00",0.000,5.325,63.700,6.861,0.000,0.000
"23:15",0.000,5.222,63.700,6.707,0.000,0.000
"23:30",0.000,6.093,63.700,5.478,0.000,0.000
"23:45",0.000,5.581,63.700,5.837,0.000,0.000
" 8/02/26 24:00",0.000,6.144,63.700,5.581,0.000,0.000
