"kwh"
"Time ","DAGSR01P","DAGSR01P","DAGSR01P","DAGSR01P","DAGSR01P","DAGSR01P"
" 3/03/26 00:15",0.000,5.171,63.600,5.325,0.000,0.000
" 3/03/26 00:30",0.000,4.966,63.600,5.120,0.000,0.000
"00:45",0.000,4.813,63.600,6.144,0.000,0.000
"01:00",0.000,4.710,63.500,6.298,0.000,0.000
"01:15",0.000,0.051,54.800,0.051,0.000,0.000
"01:30",0.000,0.000,0.000,0.000,0.000,0.000
"01:45",0.000,0.000,0.000,0.000,0.000,0.000
"02:00",0.000,0.051,52.300,0.051,0.000,0.000
"02:15",0.000,0.000,0.000,0.000,0.000,0.000
"02:30",0.000,0.000,0.000,0.000,0.000,0.000
"02:45",0.000,0.000,0.000,0.000,0.000,0.000
"03:00",0.000,0.000,0.000,0.000,0.000,0.000
"03:15",0.000,0.000,0.000,0.000,0.000,0.000
"03:30",0.000,0.000,0.000,0.000,0.000,0.000
"03:45",0.000,0.000,0.000,0.000,0.000,0.000
"04:00",0.000,0.000,0.000,0.000,0.000,0.000
"04:15",0.000,0.000,0.000,0.000,0.000,0.000
"04:30",0.000,0.000,0.000,0.000,0.000,0.000
"04:45",0.000,0.000,0.000,0.000,0.000,0.000
"05:00",0.000,0.000,0.000,0.000,0.000,0.000
"05:15",0.000,0.000,0.000,0.000,0.000,0.000
"05:30",0.000,0.000,0.000,0.000,0.000,0.000
"05:45",0.000,0.000,0.000,0.000,0.000,0.000
"06:00",0.000,0.000,0.000,0.000,0.000,0.000
"06:15",0.000,0.000,0.000,0.000,0.000,0.000
"06:30",0.000,0.000,0.000,0.000,0.000,0.000
"06:45",0.000,0.000,0.000,0.000,0.000,0.000
"07:00",0.000,0.000,8.300,0.000,0.000,0.000
"07:15",0.000,0.000,0.000,0.000,0.000,0.000
"07:30",0.000,0.000,0.000,0.000,0.000,0.000
"07:45",0.000,0.000,0.000,0.000,0.000,0.000
"08:00",0.000,0.000,0.000,0.000,0.000,0.000
"08:15",0.000,1.382,63.000,1.178,0.102,0.000
"08:30",0.666,3.123,63.400,4.301,0.102,0.000
"08:45",4.045,0.000,63.500,0.000,0.000,0.000
"09:00",8.858,0.000,63.500,0.000,0.000,0.000
"09:15",12.083,0.000,63.500,0.000,0.000,0.000
"09:30",16.179,0.000,63.500,0.000,0.000,0.000
"09:45",22.170,0.000,63.500,0.000,0.000,0.000
"10:00",26.675,0.000,63.500,0.000,0.000,0.000
"10:15",31.488,0.000,63.500,0.000,0.000,0.000
"10:30",40.550,0.000,63.500,0.000,0.000,0.000
"10:45",50.637,0.000,63.600,0.000,0.000,0.000
"11:00",56.422,0.000,63.600,0.000,0.000,0.000
"11:15",71.219,0.000,63.600,0.000,0.000,0.000
"11:30",84.173,0.000,63.600,0.000,0.000,0.154
"11:45",84.173,0.000,63.600,0.000,0.000,0.614
"12:00",71.526,0.000,63.500,0.000,0.000,0.410
"12:15",78.746,0.000,63.500,0.000,0.000,0.410
"12:30",95.078,0.000,63.600,0.000,0.000,0.512
"12:45",93.798,0.000,63.600,0.000,0.000,0.563
"13:00",98.406,0.000,63.600,0.000,0.000,0.717
"13:15",96.870,0.000,63.600,0.000,0.000,0.819
"13:30",96.614,0.000,63.600,0.000,0.000,0.717
"13:45",97.280,0.000,63.700,0.000,0.000,0.666
"14:00",97.638,0.000,65.100,0.000,0.000,7.936
"14:15",96.410,0.000,65.000,0.000,0.000,7.629
"14:30",95.386,0.000,63.700,0.000,0.000,0.051
"14:45",94.464,0.000,63.700,0.000,0.000,0.154
"15:00",95.642,0.000,63.700,0.000,0.000,0.205
"15:15",92.570,0.000,63.700,0.000,0.000,0.205
"15:30",89.395,0.000,63.700,0.000,0.000,0.307
"15:45",86.784,0.000,63.700,0.000,0.000,0.358
"16:00",84.070,0.000,63.700,0.000,0.000,0.461
"16:15",79.360,0.000,63.600,0.000,0.000,0.051
"16:30",73.830,0.000,63.700,0.000,0.000,0.358
"16:45",69.325,0.000,63.700,0.000,0.000,0.410
"17:00",64.256,0.000,63.600,0.000,0.000,0.102
"17:15",56.166,0.000,63.600,0.000,0.000,0.358
"17:30",48.333,0.000,63.600,0.000,0.000,0.563
"17:45",41.370,0.000,63.700,0.000,0.000,0.512
"18:00",34.509,0.000,63.700,0.000,0.000,0.461
"18:15",28.006,0.000,63.700,0.000,0.000,0.051
"18:30",20.634,0.000,63.700,0.000,0.000,0.102
"18:45",13.978,0.000,63.700,0.000,0.000,0.102
"19:00",7.885,0.000,63.700,0.000,0.000,0.000
"19:15",3.123,0.512,63.700,1.280,0.051,0.000
"19:30",0.102,4.608,63.700,2.867,0.051,0.000
"19:45",0.000,7.168,63.600,3.072,0.000,0.000
"20:00",0.000,7.782,63.600,3.635,0.000,0.000
"20:15",0.000,7.885,63.700,4.147,0.000,0.000
"20:30",0.000,7.526,63.600,4.096,0.000,0.000
"20:45",0.000,7.782,63.600,4.147,0.000,0.000
"21:00",0.000,8.038,63.600,3.994,0.000,0.000
"21:15",0.000,8.653,63.600,3.533,0.000,0.000
"21:30",0.000,8.704,63.700,3.686,0.000,0.000
"21:45",0.000,5.837,63.600,5.734,0.000,0.000
"22:00",0.000,5.018,63.700,6.400,0.000,0.000
"22:15",0.000,5.171,63.600,6.605,0.000,0.000
"22:30",0.000,5.018,63.600,6.246,0.000,0.000
"22:45",0.000,5.120,63.700,6.144,0.000,0.000
"23:00",0.000,5.171,63.700,6.400,0.000,0.000
"23:15",0.000,5.683,63.600,6.349,0.000,0.000
"23:30",0.000,5.939,63.600,6.246,0.000,0.000
"23:45",0.000,5.325,63.600,7.219,0.000,0.000
" 3/03/26 24:00",0.000,5.837,63.600,7.117,0.000,0.000
