"kwh"
"Time ","DAGSR01P","DAGSR01P","DAGSR01P","DAGSR01P","DAGSR01P","DAGSR01P"
" 8/30/26 00:15",0.000,4.966,63.800,7.322,0.000,0.000
" 8/30/26 00:30",0.000,3.686,63.800,7.987,0.000,0.000
"00:45",0.000,3.533,63.800,7.936,0.000,0.000
"01:00",0.000,5.018,63.800,7.578,0.000,0.000
"01:15",0.000,4.813,63.700,8.602,0.000,0.000
"01:30",0.000,5.581,63.800,8.397,0.000,0.000
"01:45",0.000,5.478,63.700,8.346,0.000,0.000
"02:00",0.000,4.352,63.700,9.165,0.000,0.000
"02:15",0.000,5.171,63.700,8.090,0.000,0.000
"02:30",0.000,4.352,63.800,8.704,0.000,0.000
"02:45",0.000,4.045,63.800,8.243,0.000,0.000
"03:00",0.000,4.762,63.800,8.038,0.000,0.000
"03:15",0.000,3.942,63.800,8.499,0.000,0.000
"03:30",0.000,4.710,63.800,8.550,0.000,0.000
"03:45",0.000,4.096,63.800,8.653,0.000,0.000
"04:00",0.000,4.045,63.700,8.602,0.000,0.000
"04:15",0.000,4.762,63.800,7.680,0.000,0.000
"04:30",0.000,3.994,63.800,8.192,0.000,0.000
"04:45",0.000,5.376,63.800,7.834,0.000,0.000
"05:00",0.000,4.147,63.800,9.165,0.000,0.000
"05:15",0.000,3.840,63.800,8.755,0.000,0.000
"05:30",0.000,4.915,63.800,7.475,0.000,0.000
"05:45",0.000,3.840,63.800,8.397,0.000,0.000
"06:00",0.000,4.403,63.800,8.397,0.000,0.000
"06:15",0.000,4.198,63.800,8.499,0.000,0.000
"06:30",0.000,4.250,63.800,8.806,0.000,0.000
"06:45",0.000,4.710,63.700,8.499,0.000,0.000
"07:00",0.000,4.250,63.700,9.062,0.000,0.000
"07:15",0.000,3.994,63.700,8.909,0.000,0.000
"07:30",0.000,4.762,63.700,8.038,0.000,0.000
"07:45",0.000,4.506,63.700,8.294,0.000,0.000
"08:00",0.000,4.864,63.700,7.578,0.000,0.000
"08:15",1.382,0.717,63.700,2.867,0.000,0.000
"08:30",9.165,0.000,63.700,0.000,0.000,0.000
"08:45",17.562,0.000,63.700,0.000,0.000,0.000
"09:00",27.853,0.000,63.700,0.000,0.000,0.000
"09:15",36.045,0.000,63.700,0.000,0.000,0.000
"09:30",43.981,0.000,63.700,0.000,0.000,0.000
"09:45",52.378,0.000,63.800,0.000,0.000,0.000
"10:00",59.085,0.000,63.800,0.000,0.000,0.000
"10:15",65.690,0.000,63.800,0.000,0.000,0.000
"10:30",72.243,0.000,63.800,0.000,0.000,0.000
"10:45",79.514,0.000,63.800,0.000,0.000,0.000
"11:00",83.558,0.000,63.800,0.000,0.000,0.000
"11:15",87.398,0.000,63.800,0.000,0.000,0.000
"11:30",90.061,0.000,63.900,0.000,0.000,0.000
"11:45",94.720,0.000,63.900,0.000,0.000,0.000
"12:00",98.253,0.000,63.800,0.000,0.000,0.000
"12:15",102.605,0.000,63.800,0.000,0.000,0.000
"12:30",104.858,0.000,63.800,0.000,0.000,0.000
"12:45",105.267,0.000,63.800,0.000,0.000,0.000
"13:00",107.366,0.000,63.800,0.000,0.000,0.000
"13:15",106.957,0.000,63.800,0.000,0.000,0.000
"13:30",107.827,0.000,63.800,0.000,0.000,0.000
"13:45",107.162,0.000,63.800,0.000,0.000,0.000
"14:00",109.056,0.000,63.800,0.000,0.000,0.000
"14:15",89.958,0.000,63.800,0.000,0.000,0.000
"14:30",81.818,0.000,63.800,0.000,0.000,0.000
"14:45",73.882,0.000,63.800,0.000,0.000,0.000
"15:00",95.078,0.000,63.800,0.000,0.000,0.000
"15:15",82.227,0.000,63.800,0.000,0.000,0.000
"15:30",89.856,0.000,63.800,0.000,0.000,0.000
"15:45",84.326,0.000,63.800,0.000,0.000,0.000
"16:00",70.144,0.000,63.800,0.000,0.000,0.000
"16:15",64.358,0.000,63.800,0.000,0.000,0.000
"16:30",44.032,0.000,63.800,0.000,0.000,0.000
"16:45",57.293,0.000,63.800,0.000,0.000,0.000
"17:00",50.176,0.000,63.800,0.000,0.000,0.000
"17:15",28.672,0.000,63.800,0.000,0.000,0.000
"17:30",37.478,0.000,63.700,0.000,0.000,0.000
"17:45",35.174,0.000,63.800,0.000,0.000,0.000
"18:00",17.818,0.000,63.800,0.000,0.000,0.000
"18:15",16.486,0.000,63.800,0.000,0.000,0.000
"18:30",9.267,0.000,63.700,0.000,0.000,0.000
"18:45",4.608,0.000,63.700,0.307,0.000,0.000
"19:00",0.307,3.072,63.700,5.786,0.000,0.000
"19:15",0.000,3.533,63.800,7.526,0.000,0.000
"19:30",0.000,4.608,63.700,7.014,0.000,0.000
"19:45",0.000,3.891,63.700,7.168,0.000,0.000
"20:00",0.000,3.840,63.700,7.475,0.000,0.000
"20:15",0.000,4.710,63.700,6.963,0.000,0.000
"20:30",0.000,3.789,63.700,7.629,0.000,0.000
"20:45",0.000,4.710,63.700,7.014,0.000,0.000
"21:00",0.000,4.506,63.800,6.963,0.000,0.000
"21:15",0.000,4.864,63.700,6.656,0.000,0.000
"21:30",0.000,3.174,63.700,7.782,0.000,0.000
"21:45",0.000,3.942,63.700,7.373,0.000,0.000
"22:00",0.000,3.482,63.800,7.936,0.000,0.000
"22:15",0.000,3.891,63.800,7.782,0.000,0.000
"22:30",0.000,3.379,63.800,7.731,0.000,0.000
"22:45",0.000,3.482,63.700,7.782,0.000,0.000
"23:00",0.000,3.789,63.700,7.885,0.000,0.000
"23:15",0.000,3.226,63.700,7.987,0.000,0.000
"23:30",0.000,4.403,63.700,7.424,0.000,0.000
"23:45",0.000,3.738,63.700,7.629,0.000,0.000
" 8/30/26 24:00",0.000,4.506,63.700,7.526,0.000,0.000
