"kwh"
"Time ","DAGSR01P","DAGSR01P","DAGSR01P","DAGSR01P","DAGSR01P","DAGSR01P"
" 1/28/26 00:15",0.000,36.813,63.600,0.000,13.824,0.000
" 1/28/26 00:30",0.000,39.629,63.600,0.000,15.104,0.000
"00:45",0.000,39.987,63.600,0.000,15.155,0.000
"01:00",0.000,40.653,63.500,0.000,15.565,0.000
"01:15",0.000,40.243,63.600,0.000,15.514,0.000
"01:30",0.000,40.192,63.600,0.000,15.360,0.000
"01:45",0.000,40.602,63.600,0.000,15.565,0.000
"02:00",0.000,40.192,63.500,0.000,15.309,0.000
"02:15",0.000,40.141,63.600,0.000,15.309,0.000
"02:30",0.000,40.602,63.600,0.000,15.718,0.000
"02:45",0.000,40.960,63.500,0.000,16.026,0.000
"03:00",0.000,40.448,63.500,0.000,15.309,0.000
"03:15",0.000,40.346,63.600,0.000,15.462,0.000
"03:30",0.000,40.294,63.600,0.000,15.667,0.000
"03:45",0.000,40.346,63.600,0.000,15.462,0.000
"04:00",0.000,40.653,63.500,0.000,15.258,0.000
"04:15",0.000,40.192,63.600,0.000,15.258,0.000
"04:30",0.000,40.243,63.600,0.000,15.053,0.000
"04:45",0.000,38.758,63.600,0.000,13.875,0.000
"05:00",0.000,37.274,63.500,0.000,13.414,0.000
"05:15",0.000,37.325,63.600,0.000,13.517,0.000
"05:30",0.000,37.222,63.500,0.000,13.363,0.000
"05:45",0.000,37.530,63.600,0.000,12.954,0.000
"06:00",0.000,37.325,63.500,0.000,12.800,0.000
"06:15",0.000,31.232,62.900,0.410,8.806,0.000
"06:30",0.000,36.506,62.200,0.000,6.605,0.000
"06:45",0.000,35.635,61.100,0.000,2.662,0.000
"07:00",0.000,35.584,61.200,0.000,2.867,0.000
"07:15",0.000,35.738,61.500,0.102,5.171,0.000
"07:30",0.000,35.686,63.500,0.000,12.902,0.000
"07:45",0.000,35.226,63.500,0.000,13.056,0.000
"08:00",0.000,35.174,63.500,0.000,12.902,0.000
"08:15",0.154,21.504,63.600,2.458,7.578,0.000
"08:30",2.816,0.819,63.500,3.379,0.000,0.000
"08:45",25.958,0.000,63.600,0.000,0.000,0.000
"09:00",37.888,0.000,63.600,0.000,0.000,0.000
"09:15",19.866,0.000,63.600,0.000,0.000,0.000
"09:30",49.101,0.000,63.500,0.000,0.000,0.000
"09:45",56.576,0.000,63.500,0.000,0.000,0.000
"10:00",58.829,0.000,63.500,0.000,0.000,0.000
"10:15",63.539,0.000,63.500,0.000,0.000,0.000
"10:30",68.403,0.000,63.500,0.000,0.000,0.000
"10:45",72.704,0.000,63.500,0.000,0.000,0.000
"11:00",76.390,0.000,63.500,0.000,0.000,0.000
"11:15",79.974,0.000,63.500,0.000,0.000,0.000
"11:30",82.944,0.000,63.500,0.000,0.000,0.000
"11:45",85.658,0.000,63.500,0.000,0.000,0.000
"12:00",88.166,0.000,63.600,0.000,0.000,0.000
"12:15",90.778,0.000,63.600,0.000,0.000,0.000
"12:30",92.723,0.000,63.600,0.000,0.000,0.000
"12:45",91.290,0.000,63.600,0.000,0.000,0.000
"13:00",92.109,0.000,63.600,0.000,0.000,0.000
"13:15",96.717,0.000,63.600,0.000,0.000,0.000
"13:30",96.307,0.000,63.600,0.000,0.000,0.000
"13:45",93.901,0.000,63.600,0.000,0.000,0.102
"14:00",75.520,0.000,63.600,0.000,0.000,0.102
"14:15",92.314,0.000,63.600,0.000,0.000,0.102
"14:30",91.699,0.000,63.600,0.000,0.000,0.102
"14:45",92.365,0.000,63.600,0.000,0.000,0.051
"15:00",82.944,0.000,63.600,0.000,0.000,0.102
"15:15",90.266,0.000,63.600,0.000,0.000,0.205
"15:30",68.403,0.000,63.600,0.000,0.000,0.051
"15:45",84.070,0.000,63.600,0.000,0.000,0.051
"16:00",46.694,0.000,63.600,0.000,0.000,0.000
"16:15",61.645,0.000,63.600,0.000,0.000,0.000
"16:30",69.888,0.000,63.600,0.000,0.000,0.000
"16:45",66.662,0.000,63.600,0.000,0.000,0.051
"17:00",56.934,0.000,63.600,0.000,0.000,0.819
"17:15",22.170,0.000,63.600,0.000,0.000,5.478
"17:30",16.589,0.000,63.600,0.000,0.000,5.222
"17:45",12.544,0.000,63.600,0.000,0.000,3.994
"18:00",7.834,0.000,63.600,0.000,0.000,2.970
"18:15",18.278,0.154,63.600,0.410,0.000,1.536
"18:30",26.010,0.666,63.600,0.051,0.307,0.000
"18:45",21.197,0.000,63.600,0.000,0.000,0.000
"19:00",15.514,0.000,63.600,0.000,0.000,0.000
"19:15",9.472,0.000,63.600,0.000,0.000,0.000
"19:30",4.147,0.051,63.600,1.024,0.000,0.000
"19:45",1.075,1.382,63.600,4.198,0.000,0.000
"20:00",0.205,2.970,63.600,5.018,0.000,0.000
"20:15",0.000,3.891,63.600,7.270,0.000,0.000
"20:30",0.000,4.864,63.500,7.219,0.000,0.000
"20:45",0.000,5.888,63.600,7.219,0.000,0.000
"21:00",0.000,4.864,63.600,7.987,0.000,0.000
"21:15",0.000,4.762,63.600,8.038,0.000,0.000
"21:30",0.000,4.710,63.600,7.731,0.000,0.000
"21:45",0.000,4.659,63.600,7.680,0.000,0.000
"22:00",0.000,4.557,63.600,7.885,0.000,0.000
"22:15",0.000,5.171,63.500,7.731,0.000,0.000
"22:30",0.000,4.966,63.600,7.987,0.000,0.000
"22:45",0.000,4.659,63.600,7.885,0.000,0.000
"23:00",0.000,4.403,63.600,8.141,0.000,0.000
"23:15",0.000,4.403,63.600,8.192,0.000,0.000
"23:30",0.000,4.403,63.600,7.885,0.000,0.000
"23:45",0.000,4.454,63.600,8.141,0.000,0.000
" 1/28/26 24:00",0.000,5.171,63.600,8.294,0.000,0.000
