"kwh"
"Time ","DAGSR01P","DAGSR01P","DAGSR01P","DAGSR01P","DAGSR01P","DAGSR01P"
" 1/05/26 00:15",0.000,174.490,63.500,0.000,81.818,0.000
" 1/05/26 00:30",0.000,174.746,63.500,0.000,81.715,0.000
"00:45",0.000,174.387,63.500,0.000,81.869,0.000
"01:00",0.000,174.438,63.500,0.000,81.766,0.000
"01:15",0.000,174.592,63.500,0.000,81.818,0.000
"01:30",0.000,174.438,63.500,0.000,82.074,0.000
"01:45",0.000,175.104,63.500,0.000,82.637,0.000
"02:00",0.000,174.643,63.500,0.000,82.176,0.000
"02:15",0.000,174.541,63.500,0.000,81.869,0.000
"02:30",0.000,172.390,63.500,0.000,80.640,0.000
"02:45",0.000,171.110,63.500,0.000,80.077,0.000
"03:00",0.000,171.418,63.500,0.000,79.974,0.000
"03:15",0.000,171.366,63.500,0.000,80.230,0.000
"03:30",0.000,171.162,63.500,0.000,79.974,0.000
"03:45",0.000,171.213,63.600,0.000,79.974,0.000
"04:00",0.000,171.213,63.600,0.000,80.128,0.000
"04:15",0.000,171.213,63.600,0.000,80.026,0.000
"04:30",0.000,171.213,63.500,0.000,80.179,0.000
"04:45",0.000,171.622,63.600,0.000,80.179,0.000
"05:00",0.000,171.162,63.600,0.000,80.077,0.000
"05:15",0.000,171.213,63.600,0.000,80.026,0.000
"05:30",0.000,171.418,63.600,0.000,80.077,0.000
"05:45",0.000,171.571,63.500,0.000,79.974,0.000
"06:00",0.000,171.366,63.600,0.000,79.974,0.000
"06:15",0.000,171.264,63.500,0.000,80.282,0.000
"06:30",0.000,171.162,63.500,0.000,80.128,0.000
"06:45",0.000,170.854,63.500,0.000,80.230,0.000
"07:00",0.000,137.421,63.500,0.000,67.021,0.000
"07:15",0.000,162.918,63.500,0.000,77.312,0.000
"07:30",0.000,166.349,63.500,0.000,78.592,0.000
"07:45",0.000,160.768,63.500,0.000,78.643,0.000
"08:00",0.000,154.010,63.500,0.000,79.770,0.000
"08:15",0.000,182.170,63.400,0.000,100.096,0.000
"08:30",0.000,207.616,63.500,0.000,119.245,0.000
"08:45",0.000,194.816,63.500,0.000,119.501,0.000
"09:00",0.000,186.675,63.500,0.000,108.800,0.000
"09:15",0.000,164.147,63.500,0.000,105.318,0.000
"09:30",0.000,159.949,63.500,0.000,104.294,0.000
"09:45",0.000,157.338,63.600,0.000,99.738,0.000
"10:00",0.000,134.963,63.600,0.000,100.352,0.000
"10:15",0.000,128.870,63.500,0.000,100.762,0.000
"10:30",0.000,138.138,63.500,0.000,106.394,0.000
"10:45",0.000,153.190,63.500,0.000,114.893,0.000
"11:00",0.000,150.886,63.500,0.000,116.736,0.000
"11:15",0.000,145.869,63.500,0.000,116.480,0.000
"11:30",0.000,142.848,63.500,0.000,116.582,0.000
"11:45",0.000,141.210,63.500,0.000,116.429,0.000
"12:00",0.000,138.957,63.400,0.000,116.941,0.000
"12:15",0.000,139.008,63.400,0.000,116.838,0.000
"12:30",0.000,138.342,63.400,0.000,116.890,0.000
"12:45",0.000,138.547,63.400,0.000,116.941,0.000
"13:00",0.000,138.445,63.400,0.000,116.941,0.000
"13:15",0.000,138.035,63.400,0.000,116.941,0.000
"13:30",0.000,138.496,63.400,0.000,116.890,0.000
"13:45",0.000,137.779,63.500,0.000,117.094,0.000
"14:00",0.000,138.086,63.500,0.000,116.941,0.000
"14:15",0.000,138.189,63.500,0.000,116.941,0.000
"14:30",0.000,138.086,63.500,0.000,116.838,0.000
"14:45",0.000,136.397,63.500,0.000,115.661,0.000
"15:00",0.000,113.357,63.500,0.000,106.650,0.000
"15:15",0.000,87.398,63.500,0.000,90.829,0.000
"15:30",0.000,77.210,63.500,0.000,82.022,0.000
"15:45",0.000,79.309,63.500,0.000,81.920,0.000
"16:00",0.000,82.739,63.500,0.000,81.613,0.000
"16:15",0.000,87.142,63.500,0.000,81.408,0.000
"16:30",0.000,91.699,63.500,0.000,81.510,0.000
"16:45",0.000,96.102,63.500,0.000,81.050,0.000
"17:00",0.000,101.786,63.500,0.000,80.742,0.000
"17:15",0.000,107.008,63.500,0.000,80.691,0.000
"17:30",0.000,112.947,63.500,0.000,80.896,0.000
"17:45",0.000,119.194,63.500,0.000,80.691,0.000
"18:00",0.000,125.542,63.500,0.000,79.718,0.000
"18:15",0.000,132.557,63.500,0.000,79.821,0.000
"18:30",0.000,139.110,63.600,0.000,79.718,0.000
"18:45",0.000,146.330,63.600,0.000,79.770,0.000
"19:00",0.000,153.651,63.500,0.000,79.821,0.000
"19:15",0.000,158.618,63.500,0.000,79.872,0.000
"19:30",0.000,164.813,63.500,0.000,80.640,0.000
"19:45",0.000,168.448,63.500,0.000,80.998,0.000
"20:00",0.000,169.779,63.500,0.000,80.486,0.000
"20:15",0.000,170.445,63.500,0.000,80.435,0.000
"20:30",0.000,171.725,63.500,0.000,80.282,0.000
"20:45",0.000,172.339,63.600,0.000,80.077,0.000
"21:00",0.000,172.544,63.500,0.000,79.616,0.000
"21:15",0.000,173.158,63.500,0.000,79.821,0.000
"21:30",0.000,173.107,63.500,0.000,79.514,0.000
"21:45",0.000,172.698,63.500,0.000,79.718,0.000
"22:00",0.000,172.698,63.500,0.000,79.411,0.000
"22:15",0.000,172.698,63.500,0.000,79.514,0.000
"22:30",0.000,175.360,63.500,0.000,81.664,0.000
"22:45",0.000,176.077,63.600,0.000,81.510,0.000
"23:00",0.000,175.872,63.600,0.000,81.357,0.000
"23:15",0.000,175.718,63.500,0.000,81.357,0.000
"23:30",0.000,175.309,63.500,0.000,81.306,0.000
"23:45",0.000,175.514,63.500,0.000,81.562,0.000
" 1/05/26 24:00",0.000,175.872,63.500,0.000,81.510,0.000
