"kwh"
"Time ","DAGSR01P","DAGSR01P","DAGSR01P","DAGSR01P","DAGSR01P","DAGSR01P"
" 1/06/26 00:15",0.000,175.411,63.500,0.000,81.664,0.000
" 1/06/26 00:30",0.000,175.206,63.500,0.000,81.818,0.000
"00:45",0.000,175.206,63.500,0.000,81.818,0.000
"01:00",0.000,174.950,63.500,0.000,81.459,0.000
"01:15",0.000,174.592,63.500,0.000,81.766,0.000
"01:30",0.000,175.104,63.500,0.000,81.459,0.000
"01:45",0.000,174.694,63.500,0.000,81.715,0.000
"02:00",0.000,174.950,63.500,0.000,81.510,0.000
"02:15",0.000,174.694,63.500,0.000,81.613,0.000
"02:30",0.000,171.878,63.500,0.000,79.923,0.000
"02:45",0.000,171.878,63.500,0.000,79.616,0.000
"03:00",0.000,171.930,63.500,0.000,79.923,0.000
"03:15",0.000,171.571,63.500,0.000,79.718,0.000
"03:30",0.000,171.622,63.500,0.000,79.667,0.000
"03:45",0.000,171.776,63.500,0.000,79.718,0.000
"04:00",0.000,171.366,63.500,0.000,79.923,0.000
"04:15",0.000,171.418,63.500,0.000,79.821,0.000
"04:30",0.000,171.878,63.500,0.000,79.821,0.000
"04:45",0.000,172.698,63.500,0.000,80.435,0.000
"05:00",0.000,172.493,63.500,0.000,80.333,0.000
"05:15",0.000,171.725,63.500,0.000,79.718,0.000
"05:30",0.000,171.366,63.500,0.000,79.565,0.000
"05:45",0.000,171.366,63.500,0.000,79.565,0.000
"06:00",0.000,171.725,63.500,0.000,79.462,0.000
"06:15",0.000,171.674,63.600,0.000,79.770,0.000
"06:30",0.000,171.622,63.500,0.000,79.616,0.000
"06:45",0.000,156.365,63.600,0.000,75.418,0.000
"07:00",0.000,137.267,63.600,0.000,69.632,0.000
"07:15",0.000,135.885,63.600,0.000,69.581,0.000
"07:30",0.000,134.451,63.600,0.000,69.478,0.000
"07:45",0.000,130.765,63.600,0.000,69.530,0.000
"08:00",0.000,125.184,63.600,0.000,69.222,0.000
"08:15",0.000,108.902,63.600,0.000,63.283,0.000
"08:30",0.000,110.336,63.500,0.000,68.966,0.000
"08:45",0.000,105.933,63.500,0.000,70.554,0.000
"09:00",0.000,82.637,63.600,0.000,59.904,0.000
"09:15",0.000,58.214,63.600,0.000,49.766,0.000
"09:30",0.000,56.730,63.500,0.000,51.712,0.000
"09:45",0.000,78.746,63.500,0.000,60.467,0.000
"10:00",0.000,72.960,63.500,0.000,60.621,0.000
"10:15",0.000,59.238,63.500,0.000,56.934,0.000
"10:30",0.000,30.259,63.500,0.000,47.462,0.000
"10:45",0.000,33.280,63.500,0.000,52.787,0.000
"11:00",0.000,55.654,63.500,0.000,70.042,0.000
"11:15",0.000,24.627,63.500,0.000,53.606,0.000
"11:30",0.000,16.384,63.500,0.000,50.176,0.000
"11:45",0.000,15.053,63.600,0.000,50.381,0.000
"12:00",0.000,13.568,63.500,0.000,50.381,0.000
"12:15",0.000,12.134,63.500,0.000,50.688,0.000
"12:30",0.000,9.984,63.500,0.000,50.586,0.000
"12:45",0.000,9.779,63.500,0.000,50.739,0.000
"13:00",0.000,9.830,63.500,0.000,50.688,0.000
"13:15",0.000,9.472,63.500,0.000,50.432,0.000
"13:30",0.000,9.830,63.500,0.000,50.278,0.000
"13:45",0.000,10.496,63.500,0.000,50.842,0.000
"14:00",0.000,10.086,63.500,0.000,51.046,0.000
"14:15",0.000,9.523,63.600,0.000,50.790,0.000
"14:30",0.000,9.626,63.600,0.000,50.944,0.000
"14:45",0.000,40.243,63.500,0.000,48.845,0.000
"15:00",0.154,21.914,63.600,0.000,41.421,7.219
"15:15",0.051,36.864,63.500,0.000,44.595,2.918
"15:30",0.051,45.619,63.500,0.000,45.107,2.714
"15:45",0.205,43.725,63.600,0.000,43.674,6.400
"16:00",0.000,62.310,63.600,0.000,68.762,0.000
"16:15",0.000,48.486,63.500,0.000,69.632,0.000
"16:30",0.000,59.034,63.600,0.000,69.632,0.000
"16:45",0.000,77.875,63.500,0.000,68.301,0.000
"17:00",0.000,112.486,63.500,0.000,66.509,0.000
"17:15",0.000,72.243,63.600,0.000,57.805,0.000
"17:30",0.000,92.211,63.600,0.000,57.293,0.000
"17:45",0.000,60.723,63.600,0.000,57.549,0.000
"18:00",0.000,58.112,63.600,0.000,56.883,0.000
"18:15",0.000,67.686,63.500,0.000,56.730,0.000
"18:30",0.000,74.240,63.600,0.000,56.422,0.000
"18:45",0.000,80.947,63.600,0.000,56.320,0.000
"19:00",0.000,88.013,63.600,0.000,56.474,0.000
"19:15",0.000,95.539,63.600,0.000,56.781,0.000
"19:30",0.000,105.114,63.600,0.000,56.986,0.000
"19:45",0.000,104.704,63.600,0.000,56.934,0.000
"20:00",0.000,106.445,63.600,0.000,56.883,0.000
"20:15",0.000,108.032,63.500,0.000,56.730,0.000
"20:30",0.000,108.544,63.500,0.000,56.422,0.000
"20:45",0.000,108.646,63.500,0.000,56.218,0.000
"21:00",0.000,108.646,63.600,0.000,56.013,0.000
"21:15",0.000,40.755,63.100,0.000,21.094,0.000
"21:30",0.000,69.069,63.400,0.000,32.205,0.000
"21:45",0.000,73.062,63.200,0.000,32.051,0.000
"22:00",0.000,73.011,63.200,0.000,31.795,0.000
"22:15",0.000,73.370,63.300,0.000,32.410,0.000
"22:30",0.000,73.114,63.400,0.000,33.178,0.000
"22:45",0.000,75.878,63.500,0.000,35.226,0.000
"23:00",0.000,26.419,62.800,0.051,12.186,0.000
"23:15",0.000,0.000,0.000,0.000,0.000,0.000
"23:30",0.000,0.000,0.000,0.000,0.000,0.000
"23:45",0.000,0.000,0.000,0.000,0.000,0.000
" 1/06/26 24:00",0.000,29.133,63.000,0.051,12.749,0.000
