"kwh"
"Time ","DAGSR01P","DAGSR01P","DAGSR01P","DAGSR01P","DAGSR01P","DAGSR01P"
" 6/18/26 00:15",0.000,4.557,63.700,7.270,0.000,0.000
" 6/18/26 00:30",0.000,5.018,63.700,7.219,0.000,0.000
"00:45",0.000,4.301,63.700,7.834,0.000,0.000
"01:00",0.000,4.096,63.700,7.629,0.000,0.000
"01:15",0.000,4.608,63.700,7.066,0.000,0.000
"01:30",0.000,3.430,63.700,7.782,0.000,0.000
"01:45",0.000,3.226,63.700,7.168,0.000,0.000
"02:00",0.000,4.762,63.700,6.554,0.000,0.000
"02:15",0.000,3.738,63.700,7.782,0.000,0.000
"02:30",0.000,3.840,63.700,7.578,0.000,0.000
"02:45",0.000,4.608,63.700,7.066,0.000,0.000
"03:00",0.000,3.379,63.700,8.038,0.000,0.000
"03:15",0.000,3.174,63.700,7.834,0.000,0.000
"03:30",0.000,3.635,63.700,8.038,0.000,0.000
"03:45",0.000,4.352,63.700,7.526,0.000,0.000
"04:00",0.000,3.533,63.700,7.731,0.000,0.000
"04:15",0.000,3.482,63.700,7.782,0.000,0.000
"04:30",0.000,4.250,63.700,7.322,0.000,0.000
"04:45",0.000,3.072,63.700,7.731,0.000,0.000
"05:00",0.000,4.301,63.700,7.475,0.000,0.000
"05:15",0.000,4.096,63.700,7.578,0.000,0.000
"05:30",0.000,3.738,63.700,7.731,0.000,0.000
"05:45",0.000,3.994,63.700,7.270,0.000,0.000
"06:00",0.000,3.891,63.700,7.475,0.000,0.000
"06:15",0.000,3.123,63.700,7.578,0.000,0.000
"06:30",0.000,4.352,63.700,7.219,0.000,0.000
"06:45",0.000,3.840,63.700,7.475,0.000,0.000
"07:00",0.000,3.482,63.700,7.629,0.000,0.000
"07:15",0.000,4.352,63.700,6.810,0.000,0.000
"07:30",0.000,3.686,63.700,7.219,0.000,0.000
"07:45",0.000,3.840,63.600,7.219,0.000,0.000
"08:00",0.000,4.864,63.600,6.861,0.000,0.000
"08:15",0.000,4.454,63.700,6.963,0.000,0.000
"08:30",0.000,3.789,63.700,7.373,0.000,0.000
"08:45",0.000,3.277,63.700,7.219,0.000,0.000
"09:00",0.000,4.659,63.700,6.656,0.000,0.000
"09:15",0.000,3.482,63.700,7.066,0.000,0.000
"09:30",0.000,3.021,63.700,6.810,0.000,0.000
"09:45",0.000,4.352,63.700,6.246,0.000,0.000
"10:00",0.000,3.072,63.700,6.758,0.000,0.000
"10:15",0.102,2.816,63.700,5.990,0.000,0.000
"10:30",0.154,2.816,63.700,4.915,0.000,0.000
"10:45",0.000,3.328,63.700,6.298,0.000,0.000
"11:00",0.358,2.099,63.800,5.069,0.000,0.000
"11:15",0.614,1.792,63.700,3.328,0.000,0.000
"11:30",0.819,1.690,63.800,3.686,0.000,0.000
"11:45",3.430,0.256,63.800,0.973,0.000,0.000
"12:00",4.403,0.000,63.800,0.000,0.000,0.000
"12:15",4.710,0.000,63.800,0.000,0.000,0.000
"12:30",5.222,0.000,63.800,0.000,0.000,0.000
"12:45",10.701,0.000,63.700,0.000,0.000,0.000
"13:00",18.227,0.000,63.700,0.000,0.000,0.000
"13:15",11.725,0.000,63.700,0.000,0.000,0.000
"13:30",8.550,0.000,63.700,0.000,0.000,0.000
"13:45",8.755,0.000,63.700,0.000,0.000,0.000
"14:00",9.114,0.000,63.700,0.000,0.000,0.000
"14:15",9.933,0.000,63.700,0.000,0.000,0.000
"14:30",7.424,0.051,63.700,0.717,0.000,0.000
"14:45",7.987,0.000,63.700,0.000,0.000,0.000
"15:00",6.707,0.000,63.700,0.000,0.000,0.000
"15:15",11.878,0.000,63.700,0.000,0.000,0.000
"15:30",22.579,0.000,63.700,0.000,0.000,0.000
"15:45",35.533,0.000,63.700,0.000,0.000,0.000
"16:00",63.232,0.000,63.700,0.000,0.000,0.000
"16:15",44.800,0.000,63.700,0.000,0.000,0.000
"16:30",10.189,0.000,63.700,0.000,0.000,0.000
"16:45",7.219,0.000,63.700,0.000,0.000,0.000
"17:00",4.352,0.000,63.700,0.154,0.000,0.000
"17:15",0.768,1.485,63.800,3.738,0.000,0.000
"17:30",0.000,3.328,63.800,6.656,0.000,0.000
"17:45",0.000,4.250,63.700,6.963,0.000,0.000
"18:00",0.000,4.147,63.700,6.810,0.000,0.000
"18:15",0.000,3.738,63.700,7.424,0.000,0.000
"18:30",0.000,3.738,63.700,7.526,0.000,0.000
"18:45",0.000,3.738,63.700,7.373,0.000,0.000
"19:00",0.000,4.966,63.700,6.400,0.000,0.000
"19:15",0.000,4.045,63.700,7.270,0.000,0.000
"19:30",0.000,4.045,63.700,7.373,0.000,0.000
"19:45",0.000,4.147,63.700,6.758,0.000,0.000
"20:00",0.000,4.147,63.700,7.117,0.000,0.000
"20:15",0.000,3.738,63.700,7.526,0.000,0.000
"20:30",0.000,3.789,63.700,7.526,0.000,0.000
"20:45",0.000,4.608,63.700,6.912,0.000,0.000
"21:00",0.000,4.301,63.700,7.168,0.000,0.000
"21:15",0.000,4.301,63.700,7.168,0.000,0.000
"21:30",0.000,5.120,63.700,7.322,0.000,0.000
"21:45",0.000,6.042,63.700,6.656,0.000,0.000
"22:00",0.000,5.478,63.700,7.219,0.000,0.000
"22:15",0.000,5.222,63.700,7.066,0.000,0.000
"22:30",0.000,5.786,63.700,7.014,0.000,0.000
"22:45",0.000,6.810,63.700,6.298,0.000,0.000
"23:00",0.000,5.018,63.700,6.912,0.000,0.000
"23:15",0.000,5.120,63.700,6.861,0.000,0.000
"23:30",0.000,5.222,63.700,6.656,0.000,0.000
"23:45",0.000,6.400,63.700,5.990,0.000,0.000
" 6/18/26 24:00",0.000,5.325,63.700,6.810,0.000,0.000
