"kwh"
"Time ","DAGSR01P","DAGSR01P","DAGSR01P","DAGSR01P","DAGSR01P","DAGSR01P"
" 1/08/26 00:15",0.000,107.930,63.600,0.000,57.702,0.000
" 1/08/26 00:30",0.000,106.906,63.600,0.000,57.907,0.000
"00:45",0.000,106.803,63.600,0.000,57.702,0.000
"01:00",0.000,106.957,63.600,0.000,57.754,0.000
"01:15",0.000,106.752,63.600,0.000,57.907,0.000
"01:30",0.000,106.701,63.600,0.000,57.958,0.000
"01:45",0.000,106.650,63.600,0.000,57.907,0.000
"02:00",0.000,106.957,63.600,0.000,57.702,0.000
"02:15",0.000,108.646,63.600,0.000,58.982,0.000
"02:30",0.000,109.722,63.600,0.000,59.494,0.000
"02:45",0.000,109.722,63.600,0.000,59.597,0.000
"03:00",0.000,109.619,63.600,0.000,59.648,0.000
"03:15",0.000,109.773,63.600,0.000,59.597,0.000
"03:30",0.000,109.875,63.600,0.000,59.699,0.000
"03:45",0.000,109.722,63.600,0.000,59.750,0.000
"04:00",0.000,110.029,63.600,0.000,59.904,0.000
"04:15",0.000,110.490,63.700,0.000,59.904,0.000
"04:30",0.000,110.234,63.600,0.000,59.750,0.000
"04:45",0.000,110.131,63.700,0.000,59.802,0.000
"05:00",0.000,87.296,63.700,0.000,45.926,0.000
"05:15",0.000,74.957,63.700,0.000,38.349,0.000
"05:30",0.000,74.854,63.700,0.000,37.478,0.000
"05:45",0.000,74.701,63.700,0.000,37.274,0.000
"06:00",0.000,75.008,63.700,0.000,36.966,0.000
"06:15",0.000,71.834,63.700,0.000,35.379,0.000
"06:30",0.000,72.346,63.700,0.000,35.379,0.000
"06:45",0.000,72.294,63.700,0.000,35.226,0.000
"07:00",0.000,72.243,63.700,0.000,35.174,0.000
"07:15",0.000,72.192,63.700,0.000,35.277,0.000
"07:30",0.000,5.325,62.600,0.000,2.662,0.000
"07:45",0.000,0.000,0.000,0.000,0.000,0.000
"08:00",0.000,0.000,0.000,0.000,0.000,0.000
"08:15",0.000,0.000,0.000,0.000,0.000,0.000
"08:30",0.000,48.998,62.800,0.461,20.992,0.000
"08:45",0.000,70.810,63.100,0.000,31.232,0.000
"09:00",0.000,69.837,63.200,0.000,32.000,0.000
"09:15",0.000,69.888,63.200,0.000,32.154,0.000
"09:30",0.000,69.478,63.200,0.000,32.205,0.000
"09:45",0.000,68.147,63.300,0.000,32.870,0.000
"10:00",0.000,68.864,63.400,0.000,33.587,0.000
"10:15",0.000,69.939,63.300,0.000,32.870,0.000
"10:30",0.000,70.042,63.100,0.000,31.693,0.000
"10:45",0.000,68.557,63.200,0.000,32.512,0.000
"11:00",0.000,69.478,63.200,0.000,32.205,0.000
"11:15",0.000,69.683,63.200,0.000,32.307,0.000
"11:30",0.000,68.454,63.100,0.000,31.590,0.000
"11:45",0.000,69.018,63.000,0.000,30.720,0.000
"12:00",0.000,53.606,63.000,0.000,20.582,0.000
"12:15",0.000,34.970,63.200,0.000,10.650,0.000
"12:30",0.000,33.382,63.200,0.000,11.008,0.000
"12:45",0.000,30.720,63.500,0.000,12.646,0.000
"13:00",0.000,20.992,64.000,0.000,15.718,0.000
"13:15",0.000,10.650,64.600,0.000,20.531,0.000
"13:30",0.000,20.531,64.300,0.000,18.074,0.000
"13:45",0.307,7.270,64.600,0.000,17.613,3.021
"14:00",0.000,18.278,64.800,0.000,22.221,0.000
"14:15",0.000,17.306,64.200,0.000,17.920,0.000
"14:30",2.099,7.117,65.400,0.000,19.763,9.472
"14:45",0.000,18.842,64.500,0.000,21.043,0.000
"15:00",0.000,15.411,64.800,0.000,23.142,0.000
"15:15",0.000,13.568,64.600,0.000,21.760,0.000
"15:30",1.382,3.738,64.900,0.000,15.974,8.909
"15:45",0.000,11.418,65.100,0.000,25.446,0.563
"16:00",0.000,23.245,64.300,0.000,20.224,0.000
"16:15",0.000,22.374,64.400,0.000,21.197,0.000
"16:30",0.000,26.061,64.100,0.000,19.456,0.000
"16:45",0.000,30.464,63.400,0.000,14.387,0.000
"17:00",0.000,28.467,63.600,0.000,15.206,0.000
"17:15",0.000,27.853,63.700,0.000,16.077,0.000
"17:30",0.000,33.280,63.500,0.000,15.002,0.000
"17:45",0.000,36.659,63.400,0.000,14.387,0.000
"18:00",0.000,38.195,63.400,0.000,13.773,0.000
"18:15",0.000,38.554,63.300,0.000,13.107,0.000
"18:30",0.000,38.912,63.200,0.000,12.954,0.000
"18:45",0.000,32.410,63.400,0.000,14.541,0.000
"19:00",0.000,22.221,64.300,0.000,21.248,0.000
"19:15",0.000,24.064,64.300,0.000,21.094,0.000
"19:30",0.000,26.317,64.300,0.000,20.736,0.000
"19:45",0.000,28.314,64.800,0.000,23.450,0.000
"20:00",0.000,32.563,63.700,0.000,14.182,0.000
"20:15",0.000,34.048,63.500,0.000,13.312,0.000
"20:30",0.000,35.942,63.100,0.000,10.906,0.000
"20:45",0.000,36.403,62.900,0.000,9.728,0.000
"21:00",0.000,36.557,62.800,0.000,8.858,0.000
"21:15",0.000,36.864,62.800,0.000,8.704,0.000
"21:30",0.000,36.915,62.800,0.000,8.653,0.000
"21:45",0.000,36.710,62.900,0.000,8.858,0.000
"22:00",0.000,36.608,63.000,0.000,9.062,0.000
"22:15",0.000,36.762,63.000,0.000,9.574,0.000
"22:30",0.000,36.608,63.000,0.000,9.677,0.000
"22:45",0.000,36.608,63.100,0.000,9.984,0.000
"23:00",0.000,37.222,63.200,0.000,10.598,0.000
"23:15",0.000,37.581,63.400,0.000,11.008,0.000
"23:30",0.000,37.325,63.300,0.000,11.110,0.000
"23:45",0.000,36.608,63.300,0.000,10.906,0.000
" 1/08/26 24:00",0.000,36.710,63.400,0.000,11.162,0.000
