"kwh"
"Time ","DAGSR01P","DAGSR01P","DAGSR01P","DAGSR01P","DAGSR01P","DAGSR01P"
" 3/16/26 00:15",0.000,8.090,63.700,4.557,0.000,0.000
" 3/16/26 00:30",0.000,8.192,63.700,4.813,0.000,0.000
"00:45",0.000,7.834,63.700,5.222,0.000,0.000
"01:00",0.000,7.526,63.700,4.915,0.000,0.000
"01:15",0.000,7.526,63.700,5.171,0.000,0.000
"01:30",0.000,7.424,63.600,5.120,0.000,0.000
"01:45",0.000,7.424,63.700,5.274,0.000,0.000
"02:00",0.000,7.629,63.700,5.171,0.000,0.000
"02:15",0.000,7.526,63.600,5.171,0.000,0.000
"02:30",0.000,7.424,63.600,5.120,0.000,0.000
"02:45",0.000,7.373,63.600,5.376,0.000,0.000
"03:00",0.000,7.424,63.600,5.427,0.000,0.000
"03:15",0.000,7.424,63.700,5.274,0.000,0.000
"03:30",0.000,7.424,63.700,5.120,0.000,0.000
"03:45",0.000,7.578,63.600,5.274,0.000,0.000
"04:00",0.000,7.424,63.600,5.120,0.000,0.000
"04:15",0.000,7.322,63.600,5.274,0.000,0.000
"04:30",0.000,7.424,63.600,5.171,0.000,0.000
"04:45",0.000,7.475,63.600,5.274,0.000,0.000
"05:00",0.000,7.322,63.600,5.427,0.000,0.000
"05:15",0.000,7.373,63.600,5.427,0.000,0.000
"05:30",0.000,7.731,63.600,5.325,0.000,0.000
"05:45",0.000,7.629,63.600,5.274,0.000,0.000
"06:00",0.000,7.424,63.700,5.581,0.000,0.000
"06:15",0.000,7.475,63.600,5.171,0.000,0.000
"06:30",0.000,7.578,63.600,4.915,0.000,0.000
"06:45",0.000,7.731,63.600,5.376,0.000,0.000
"07:00",0.000,7.578,63.600,5.274,0.000,0.000
"07:15",0.000,7.936,63.600,4.864,0.000,0.000
"07:30",0.000,7.578,63.600,4.506,0.000,0.000
"07:45",0.000,7.475,63.600,4.250,0.000,0.000
"08:00",0.000,7.219,63.600,3.942,0.000,0.000
"08:15",0.000,6.451,63.600,3.635,0.000,0.000
"08:30",0.000,5.274,63.600,3.686,0.000,0.000
"08:45",0.717,2.150,63.600,2.304,0.000,0.000
"09:00",3.123,0.563,63.700,1.331,0.000,0.000
"09:15",7.936,0.000,63.600,0.000,0.000,0.102
"09:30",10.394,0.000,63.700,0.000,0.000,0.205
"09:45",10.086,0.000,63.600,0.000,0.000,0.205
"10:00",10.854,0.000,63.600,0.000,0.000,0.051
"10:15",12.390,0.000,63.700,0.000,0.000,0.000
"10:30",13.056,0.000,63.700,0.000,0.000,0.000
"10:45",14.541,0.000,63.700,0.000,0.000,0.102
"11:00",23.398,0.000,63.700,0.000,0.000,0.154
"11:15",22.374,0.000,63.700,0.000,0.000,0.256
"11:30",30.413,0.000,63.700,0.000,0.000,0.410
"11:45",35.379,0.000,63.700,0.000,0.000,0.256
"12:00",34.867,0.000,63.700,0.000,0.000,0.102
"12:15",39.373,0.000,63.700,0.000,0.000,0.205
"12:30",47.616,0.000,63.700,0.000,0.000,0.307
"12:45",80.026,0.000,63.700,0.000,0.000,0.666
"13:00",87.142,0.000,63.700,0.000,0.000,0.666
"13:15",93.594,0.000,63.700,0.000,0.000,0.717
"13:30",94.003,0.000,63.700,0.000,0.000,0.922
"13:45",94.618,0.000,63.700,0.000,0.000,0.922
"14:00",94.976,0.000,63.700,0.000,0.000,0.870
"14:15",91.341,0.000,63.700,0.000,0.000,0.870
"14:30",64.410,0.000,63.700,0.000,0.000,0.461
"14:45",67.840,0.000,63.700,0.000,0.000,0.410
"15:00",34.714,0.000,63.800,0.000,0.000,0.102
"15:15",87.296,0.000,63.800,0.000,0.000,0.819
"15:30",80.998,0.000,63.700,0.000,0.000,0.922
"15:45",48.230,0.000,63.700,0.000,0.000,0.461
"16:00",23.450,0.000,63.700,0.154,0.000,0.154
"16:15",67.686,0.000,63.700,0.000,0.000,0.717
"16:30",59.904,0.000,63.700,0.000,0.000,0.563
"16:45",62.464,0.000,63.700,0.000,0.000,0.512
"17:00",42.854,0.000,63.700,0.000,0.000,0.512
"17:15",42.342,0.051,63.700,0.102,0.000,0.512
"17:30",42.445,0.000,63.700,0.000,0.000,0.410
"17:45",31.078,0.461,63.800,0.410,0.717,0.563
"18:00",12.544,0.051,63.700,0.614,0.000,0.051
"18:15",24.422,0.000,63.700,0.000,0.000,0.102
"18:30",15.155,0.000,63.700,0.000,0.000,0.051
"18:45",7.117,0.358,63.700,0.410,0.000,0.000
"19:00",2.048,1.126,63.700,1.382,0.000,0.000
"19:15",0.256,4.198,63.700,3.328,0.000,0.000
"19:30",0.000,6.298,63.700,3.686,0.000,0.000
"19:45",0.000,7.270,63.700,3.942,0.000,0.000
"20:00",0.000,7.475,63.600,3.738,0.000,0.000
"20:15",0.000,7.731,63.600,3.430,0.000,0.000
"20:30",0.000,7.834,63.700,3.430,0.000,0.000
"20:45",0.000,8.346,63.600,3.226,0.000,0.000
"21:00",0.000,8.653,63.600,3.226,0.000,0.000
"21:15",0.000,9.114,63.700,3.635,0.000,0.000
"21:30",0.000,8.653,63.700,4.147,0.000,0.000
"21:45",0.000,8.243,63.600,4.250,0.000,0.000
"22:00",0.000,8.294,63.700,4.045,0.000,0.000
"22:15",0.000,8.141,63.700,4.403,0.000,0.000
"22:30",0.000,7.936,63.700,4.403,0.000,0.000
"22:45",0.000,7.987,63.600,3.789,0.000,0.000
"23:00",0.000,8.550,63.700,3.738,0.000,0.000
"23:15",0.000,8.602,63.600,3.789,0.000,0.000
"23:30",0.000,8.294,63.600,3.584,0.000,0.000
"23:45",0.000,7.629,63.600,4.301,0.000,0.000
" 3/16/26 24:00",0.000,7.322,63.700,4.198,0.000,0.000
