"kwh"
"Time ","DAGSR01P","DAGSR01P","DAGSR01P","DAGSR01P","DAGSR01P","DAGSR01P"
" 9/23/26 00:15",0.000,104.960,63.700,0.000,54.835,0.000
" 9/23/26 00:30",0.000,104.858,63.700,0.000,54.733,0.000
"00:45",0.000,104.397,63.700,0.000,54.835,0.000
"01:00",0.000,104.653,63.700,0.000,54.938,0.000
"01:15",0.000,104.806,63.700,0.000,54.886,0.000
"01:30",0.000,104.550,63.700,0.000,54.784,0.000
"01:45",0.000,104.858,63.700,0.000,54.886,0.000
"02:00",0.000,104.704,63.700,0.000,54.733,0.000
"02:15",0.000,104.550,63.600,0.000,54.784,0.000
"02:30",0.000,104.755,63.600,0.000,54.682,0.000
"02:45",0.000,105.114,63.600,0.000,54.733,0.000
"03:00",0.000,104.960,63.600,0.000,54.630,0.000
"03:15",0.000,104.755,63.600,0.000,54.682,0.000
"03:30",0.000,105.062,63.600,0.000,54.426,0.000
"03:45",0.000,104.858,63.600,0.000,54.374,0.000
"04:00",0.000,105.062,63.600,0.000,54.630,0.000
"04:15",0.000,105.882,63.600,0.000,54.938,0.000
"04:30",0.000,105.216,63.600,0.000,55.296,0.000
"04:45",0.000,104.858,63.600,0.000,54.630,0.000
"05:00",0.000,104.704,63.600,0.000,54.682,0.000
"05:15",0.000,105.523,63.600,0.000,53.965,0.000
"05:30",0.000,105.062,63.600,0.000,54.272,0.000
"05:45",0.000,88.781,63.600,0.000,43.418,0.000
"06:00",0.000,69.274,63.600,0.000,32.000,0.000
"06:15",0.000,70.246,63.700,0.000,32.256,0.000
"06:30",0.000,69.734,63.600,0.000,31.437,0.000
"06:45",0.000,70.042,63.600,0.000,31.898,0.000
"07:00",0.000,70.298,63.700,0.000,32.512,0.000
"07:15",0.000,69.632,63.600,0.000,32.666,0.000
"07:30",0.000,56.781,63.700,0.000,26.112,0.000
"07:45",0.000,33.382,63.600,0.000,13.466,0.000
"08:00",0.000,27.750,63.700,0.000,13.414,0.000
"08:15",8.806,3.789,63.700,0.000,3.277,0.000
"08:30",0.000,10.650,63.700,0.000,14.029,0.000
"08:45",0.973,2.048,63.700,0.000,8.755,5.274
"09:00",7.322,0.000,63.700,0.000,0.256,13.568
"09:15",15.821,0.000,63.700,0.000,0.000,14.541
"09:30",22.272,0.000,63.700,0.000,0.000,15.411
"09:45",14.848,1.126,63.700,0.000,10.445,15.667
"10:00",4.096,0.256,63.700,0.000,5.683,31.386
"10:15",10.342,0.000,63.700,0.000,0.000,37.427
"10:30",15.770,0.000,63.700,0.000,0.000,37.683
"10:45",21.965,0.000,63.700,0.000,0.000,38.195
"11:00",27.085,0.000,63.700,0.000,0.051,38.349
"11:15",32.000,0.000,63.700,0.000,0.000,38.861
"11:30",35.994,0.000,63.700,0.000,0.000,39.014
"11:45",38.912,0.000,63.700,0.000,0.000,39.219
"12:00",40.448,0.000,63.700,0.000,0.000,39.373
"12:15",42.291,0.000,63.700,0.000,0.000,39.526
"12:30",43.059,0.000,63.700,0.000,0.000,39.629
"12:45",44.237,0.000,63.700,0.000,0.000,39.629
"13:00",41.267,0.000,63.700,0.000,0.000,39.475
"13:15",41.370,0.000,63.700,0.000,0.000,39.629
"13:30",42.803,0.000,63.700,0.000,0.000,39.475
"13:45",43.674,0.000,63.700,0.000,0.000,39.219
"14:00",42.496,0.000,63.700,0.000,0.000,39.270
"14:15",11.776,1.024,63.700,0.000,7.987,29.696
"14:30",19.405,1.229,63.700,0.000,8.806,25.805
"14:45",65.536,0.000,63.700,0.000,0.000,17.408
"15:00",64.563,0.000,63.700,0.000,0.000,16.640
"15:15",37.683,1.638,63.700,0.000,5.274,23.347
"15:30",14.541,1.024,63.700,0.000,7.168,32.512
"15:45",24.474,0.256,63.700,0.000,1.178,38.963
"16:00",18.842,0.000,63.700,0.000,0.000,39.987
"16:15",48.486,0.102,63.700,0.000,0.256,16.691
"16:30",59.802,0.000,63.700,0.000,0.000,5.581
"16:45",30.515,0.000,63.600,0.000,0.000,17.254
"17:00",22.579,0.563,63.700,0.000,3.174,15.770
"17:15",0.000,9.933,63.600,0.000,37.222,0.512
"17:30",0.000,20.122,63.600,0.000,37.171,0.000
"17:45",0.000,30.413,63.600,0.000,36.762,0.000
"18:00",0.000,42.035,63.600,0.000,36.557,0.000
"18:15",0.000,56.781,63.200,0.000,34.918,0.000
"18:30",0.000,48.845,62.800,0.000,32.819,0.000
"18:45",0.000,67.123,63.700,0.000,36.557,0.000
"19:00",0.000,42.598,63.700,0.000,21.146,0.000
"19:15",0.000,72.294,63.700,0.000,37.171,0.000
"19:30",0.000,73.267,63.700,0.000,36.506,0.000
"19:45",0.000,73.472,63.600,0.000,36.506,0.000
"20:00",0.000,73.728,63.600,0.000,36.813,0.000
"20:15",0.000,73.728,63.600,0.000,36.608,0.000
"20:30",0.000,73.421,63.600,0.000,36.403,0.000
"20:45",0.000,73.216,63.600,0.000,36.454,0.000
"21:00",0.000,74.189,63.600,0.000,37.018,0.000
"21:15",0.000,73.318,63.600,0.000,36.454,0.000
"21:30",0.000,73.728,63.600,0.000,36.506,0.000
"21:45",0.000,74.650,63.700,0.000,36.659,0.000
"22:00",0.000,73.882,63.700,0.000,36.506,0.000
"22:15",0.000,73.779,63.700,0.000,36.147,0.000
"22:30",0.000,73.933,63.700,0.000,36.301,0.000
"22:45",0.000,74.701,63.600,0.000,36.506,0.000
"23:00",0.000,73.370,63.600,0.000,36.250,0.000
"23:15",0.000,73.728,63.600,0.000,36.096,0.000
"23:30",0.000,74.035,63.600,0.000,35.994,0.000
"23:45",0.000,73.626,63.600,0.000,36.301,0.000
" 9/23/26 24:00",0.000,71.578,63.600,0.000,34.867,0.000
