"kwh"
"Time ","DAGSR01P","DAGSR01P","DAGSR01P","DAGSR01P","DAGSR01P","DAGSR01P"
" 9/18/26 00:15",0.000,36.506,61.000,0.000,5.427,0.000
" 9/18/26 00:30",0.000,36.096,61.000,0.000,5.274,0.000
"00:45",0.000,35.789,61.200,0.000,5.376,0.000
"01:00",0.000,35.789,61.100,0.000,5.222,0.000
"01:15",0.000,35.738,61.100,0.000,5.171,0.000
"01:30",0.000,35.635,61.100,0.000,5.325,0.000
"01:45",0.000,35.789,60.900,0.000,4.762,0.000
"02:00",0.000,35.533,61.100,0.000,4.966,0.000
"02:15",0.000,35.482,60.800,0.000,4.506,0.000
"02:30",0.000,35.430,60.800,0.000,4.454,0.000
"02:45",0.000,35.533,60.800,0.000,4.506,0.000
"03:00",0.000,35.635,61.000,0.000,4.915,0.000
"03:15",0.000,35.584,61.100,0.000,4.966,0.000
"03:30",0.000,35.635,61.100,0.000,5.069,0.000
"03:45",0.000,35.686,61.100,0.000,5.120,0.000
"04:00",0.000,35.584,61.100,0.000,5.069,0.000
"04:15",0.000,35.482,61.000,0.000,4.915,0.000
"04:30",0.000,35.686,61.000,0.000,4.915,0.000
"04:45",0.000,35.840,61.100,0.000,5.018,0.000
"05:00",0.000,35.891,61.100,0.000,5.018,0.000
"05:15",0.000,35.635,61.000,0.000,4.915,0.000
"05:30",0.000,35.533,61.000,0.000,4.762,0.000
"05:45",0.000,35.533,61.000,0.000,4.710,0.000
"06:00",0.000,35.482,60.900,0.000,4.608,0.000
"06:15",0.000,35.533,60.700,0.000,4.045,0.000
"06:30",0.000,36.096,61.000,0.000,4.403,0.000
"06:45",0.000,35.994,60.900,0.000,4.352,0.000
"07:00",0.000,35.738,60.800,0.000,4.403,0.000
"07:15",0.000,35.994,60.900,0.000,4.608,0.000
"07:30",0.000,35.840,60.900,0.000,4.557,0.000
"07:45",0.000,35.584,60.900,0.000,5.120,0.000
"08:00",0.000,35.021,60.900,0.000,4.813,0.000
"08:15",0.000,33.280,60.600,0.000,4.147,0.000
"08:30",0.000,60.877,60.000,0.000,16.947,0.000
"08:45",0.000,29.389,60.100,0.000,3.174,0.000
"09:00",0.000,27.546,59.900,0.000,2.202,0.000
"09:15",0.000,27.494,60.100,0.000,3.072,0.000
"09:30",0.000,25.856,60.300,0.000,3.379,0.000
"09:45",0.000,22.221,60.300,0.000,3.072,0.000
"10:00",0.000,15.616,60.300,0.000,2.918,0.000
"10:15",0.000,16.538,60.200,0.000,2.867,0.000
"10:30",1.997,14.438,60.100,0.000,1.946,0.000
"10:45",4.301,0.000,60.100,0.102,0.000,0.000
"11:00",1.075,4.966,60.200,5.837,0.358,0.000
"11:15",0.000,32.819,59.800,0.051,3.379,0.000
"11:30",0.000,27.853,60.000,0.000,4.045,0.000
"11:45",10.240,2.406,60.900,0.000,0.461,0.000
"12:00",27.853,0.000,61.100,0.000,0.000,0.000
"12:15",37.274,0.000,61.900,0.000,0.000,0.000
"12:30",34.867,0.000,61.500,0.000,0.000,0.000
"12:45",32.768,0.000,61.700,0.000,0.000,0.000
"13:00",20.941,0.000,61.100,0.000,0.000,0.000
"13:15",22.528,0.000,60.400,0.000,0.000,0.000
"13:30",27.597,0.000,60.200,0.000,0.000,0.000
"13:45",36.710,0.000,60.200,0.000,0.000,0.000
"14:00",31.744,0.000,61.700,0.000,0.000,0.000
"14:15",51.558,0.000,61.900,0.000,0.000,0.000
"14:30",48.742,0.000,60.400,0.000,0.000,0.000
"14:45",46.182,0.000,60.200,0.000,0.000,0.000
"15:00",54.835,0.000,60.300,0.000,0.000,0.000
"15:15",63.437,0.000,60.400,0.000,0.000,0.000
"15:30",74.138,0.000,60.400,0.000,0.000,0.000
"15:45",66.970,0.000,60.400,0.000,0.000,0.000
"16:00",53.555,0.000,60.400,0.000,0.000,0.000
"16:15",47.770,0.000,60.600,0.000,0.000,0.000
"16:30",79.104,0.000,60.600,0.000,0.000,0.000
"16:45",67.174,0.000,60.800,0.000,0.000,0.000
"17:00",45.568,0.000,60.900,0.000,0.000,0.000
"17:15",52.173,0.000,61.300,0.000,0.000,0.000
"17:30",43.162,0.000,61.600,0.000,0.000,0.000
"17:45",27.597,0.000,61.700,0.000,0.000,0.000
"18:00",27.290,0.000,62.300,0.000,0.000,0.000
"18:15",17.818,0.000,63.900,0.000,0.000,0.000
"18:30",6.707,1.024,63.700,0.973,0.000,0.000
"18:45",0.102,3.840,63.700,4.301,0.000,0.000
"19:00",0.051,4.813,63.600,4.557,0.000,0.000
"19:15",0.000,8.294,63.400,5.530,0.000,0.000
"19:30",0.000,7.270,63.300,7.475,0.000,0.000
"19:45",0.000,4.659,63.100,9.267,0.000,0.000
"20:00",0.000,4.557,63.000,9.421,0.000,0.000
"20:15",0.000,4.096,63.600,7.117,0.000,0.000
"20:30",0.000,5.018,63.600,6.349,0.000,0.000
"20:45",0.000,4.659,63.600,6.810,0.000,0.000
"21:00",0.000,5.171,63.600,6.298,0.000,0.000
"21:15",0.000,4.659,63.700,6.502,0.000,0.000
"21:30",0.000,4.710,63.800,6.042,0.000,0.000
"21:45",0.000,5.478,63.900,4.813,0.000,0.000
"22:00",0.000,4.557,63.900,5.222,0.000,0.000
"22:15",0.000,4.915,63.500,7.117,0.000,0.000
"22:30",0.000,5.120,63.700,6.246,0.000,0.000
"22:45",0.000,4.198,63.800,5.939,0.000,0.000
"23:00",0.000,5.632,64.000,4.659,0.000,0.000
"23:15",0.000,4.710,63.600,6.451,0.000,0.000
"23:30",0.000,3.891,62.900,9.267,0.000,0.000
"23:45",0.000,3.942,62.900,9.216,0.000,0.000
" 9/18/26 24:00",0.000,3.635,61.400,13.261,0.000,0.000
