"kwh"
"Time ","DAGSR01P","DAGSR01P","DAGSR01P","DAGSR01P","DAGSR01P","DAGSR01P"
" 9/25/26 00:15",0.000,71.322,63.700,0.000,35.430,0.000
" 9/25/26 00:30",0.000,71.526,63.600,0.000,35.226,0.000
"00:45",0.000,71.680,63.600,0.000,35.686,0.000
"01:00",0.000,71.578,63.700,0.000,35.533,0.000
"01:15",0.000,71.117,63.700,0.000,35.840,0.000
"01:30",0.000,70.502,63.700,0.000,35.533,0.000
"01:45",0.000,68.198,63.600,0.000,34.048,0.000
"02:00",0.000,68.608,63.700,0.000,33.894,0.000
"02:15",0.000,68.557,63.700,0.000,33.536,0.000
"02:30",0.000,68.301,63.700,0.000,34.202,0.000
"02:45",0.000,68.454,63.700,0.000,33.946,0.000
"03:00",0.000,68.557,63.700,0.000,33.946,0.000
"03:15",0.000,68.557,63.700,0.000,33.894,0.000
"03:30",0.000,68.147,63.700,0.000,33.894,0.000
"03:45",0.000,68.096,63.700,0.000,33.894,0.000
"04:00",0.000,68.147,63.700,0.000,33.843,0.000
"04:15",0.000,68.198,63.700,0.000,33.690,0.000
"04:30",0.000,68.198,63.700,0.000,33.690,0.000
"04:45",0.000,68.147,63.700,0.000,33.792,0.000
"05:00",0.000,68.915,63.700,0.000,33.894,0.000
"05:15",0.000,69.376,63.700,0.000,34.253,0.000
"05:30",0.000,68.710,63.700,0.000,34.304,0.000
"05:45",0.000,68.198,63.700,0.000,33.741,0.000
"06:00",0.000,68.250,63.700,0.000,33.792,0.000
"06:15",0.000,68.557,63.700,0.000,33.792,0.000
"06:30",0.000,68.608,63.600,0.000,33.638,0.000
"06:45",0.000,69.018,63.600,0.000,33.638,0.000
"07:00",0.000,69.222,63.600,0.000,33.024,0.000
"07:15",0.000,68.506,63.600,0.000,33.280,0.000
"07:30",0.000,67.328,63.600,0.000,34.048,0.000
"07:45",0.000,64.768,63.600,0.000,34.355,0.000
"08:00",0.000,59.187,63.600,0.000,34.458,0.000
"08:15",0.000,50.483,63.700,0.000,34.406,0.000
"08:30",0.000,42.291,63.700,0.000,34.406,0.000
"08:45",0.000,33.229,63.700,0.000,34.765,0.000
"09:00",0.000,57.600,63.700,0.000,53.606,0.000
"09:15",0.000,16.794,63.700,0.000,34.970,0.000
"09:30",0.000,8.499,63.700,0.000,34.765,0.000
"09:45",1.434,2.253,63.700,0.000,17.715,17.562
"10:00",5.837,0.307,63.700,0.000,6.554,29.030
"10:15",12.186,0.000,63.700,0.000,0.000,36.557
"10:30",18.790,0.000,63.700,0.000,0.000,36.403
"10:45",22.682,0.000,63.700,0.000,0.000,36.710
"11:00",27.546,0.000,63.700,0.000,0.000,36.659
"11:15",31.130,0.000,63.700,0.000,0.000,36.762
"11:30",34.867,0.000,63.700,0.000,0.000,36.864
"11:45",36.762,0.000,63.700,0.000,0.512,37.069
"12:00",12.032,0.102,63.700,0.000,9.574,43.213
"12:15",40.960,0.000,63.700,0.000,0.000,37.325
"12:30",42.138,0.000,63.700,0.000,0.000,37.325
"12:45",43.008,0.000,63.700,0.000,0.000,37.530
"13:00",43.264,0.000,63.700,0.000,0.000,37.581
"13:15",43.674,0.000,63.700,0.000,0.000,37.427
"13:30",44.083,0.000,63.700,0.000,0.000,37.478
"13:45",44.032,0.000,63.700,0.000,0.000,37.683
"14:00",31.027,0.000,63.700,0.000,0.051,44.032
"14:15",8.499,0.000,63.700,0.000,0.666,55.654
"14:30",7.578,0.154,63.700,0.000,9.062,47.206
"14:45",29.082,0.154,63.700,0.000,5.222,37.581
"15:00",2.406,18.688,63.700,0.000,50.739,13.158
"15:15",0.768,20.736,63.700,0.000,50.227,13.824
"15:30",0.512,3.891,63.700,0.000,33.229,17.920
"15:45",0.000,6.554,63.700,0.000,48.128,1.690
"16:00",0.000,10.598,63.700,0.000,49.766,0.000
"16:15",0.000,16.282,63.700,0.000,49.613,0.000
"16:30",0.000,22.579,63.700,0.000,49.357,0.000
"16:45",0.000,29.440,63.700,0.000,49.869,0.000
"17:00",0.000,38.554,63.700,0.000,50.637,0.000
"17:15",0.000,22.272,63.700,0.000,40.243,0.000
"17:30",0.000,21.709,63.700,0.000,36.659,0.000
"17:45",0.000,29.594,63.700,0.000,36.557,0.000
"18:00",0.000,37.530,63.700,0.000,36.454,0.000
"18:15",0.000,45.926,63.700,0.000,36.198,0.000
"18:30",0.000,54.170,63.700,0.000,36.352,0.000
"18:45",0.000,61.542,63.700,0.000,36.352,0.000
"19:00",0.000,66.970,63.700,0.000,36.608,0.000
"19:15",0.000,70.451,63.700,0.000,36.557,0.000
"19:30",0.000,71.270,63.700,0.000,36.608,0.000
"19:45",0.000,71.373,63.600,0.000,36.557,0.000
"20:00",0.000,71.526,63.600,0.000,36.506,0.000
"20:15",0.000,71.629,63.600,0.000,36.403,0.000
"20:30",0.000,71.219,63.600,0.000,36.454,0.000
"20:45",0.000,71.373,63.600,0.000,36.454,0.000
"21:00",0.000,71.629,63.600,0.000,36.403,0.000
"21:15",0.000,71.322,63.600,0.000,36.352,0.000
"21:30",0.000,71.270,63.600,0.000,36.352,0.000
"21:45",0.000,71.782,63.600,0.000,36.403,0.000
"22:00",0.000,71.731,63.600,0.000,36.096,0.000
"22:15",0.000,71.987,63.600,0.000,36.352,0.000
"22:30",0.000,71.629,63.600,0.000,36.301,0.000
"22:45",0.000,71.373,63.600,0.000,36.301,0.000
"23:00",0.000,71.270,63.600,0.000,36.198,0.000
"23:15",0.000,71.322,63.600,0.000,36.147,0.000
"23:30",0.000,71.219,63.600,0.000,36.096,0.000
"23:45",0.000,71.219,63.600,0.000,36.045,0.000
" 9/25/26 24:00",0.000,71.219,63.600,0.000,35.891,0.000
