"kwh"
"Time ","DAGSR01P","DAGSR01P","DAGSR01P","DAGSR01P","DAGSR01P","DAGSR01P"
" 1/17/26 00:15",0.000,171.930,63.600,0.000,92.006,0.000
" 1/17/26 00:30",0.000,172.134,63.600,0.000,91.853,0.000
"00:45",0.000,172.544,63.600,0.000,91.699,0.000
"01:00",0.000,171.776,63.600,0.000,91.802,0.000
"01:15",0.000,172.390,63.600,0.000,91.904,0.000
"01:30",0.000,171.981,63.600,0.000,91.750,0.000
"01:45",0.000,172.390,63.600,0.000,91.597,0.000
"02:00",0.000,171.878,63.600,0.000,92.058,0.000
"02:15",0.000,175.104,63.600,0.000,93.645,0.000
"02:30",0.000,175.514,63.600,0.000,93.338,0.000
"02:45",0.000,175.770,63.600,0.000,92.979,0.000
"03:00",0.000,175.718,63.600,0.000,93.082,0.000
"03:15",0.000,175.155,63.600,0.000,93.542,0.000
"03:30",0.000,175.104,63.600,0.000,93.747,0.000
"03:45",0.000,175.258,63.600,0.000,93.338,0.000
"04:00",0.000,175.360,63.600,0.000,93.235,0.000
"04:15",0.000,175.514,63.600,0.000,92.979,0.000
"04:30",0.000,174.950,63.600,0.000,93.440,0.000
"04:45",0.000,175.053,63.600,0.000,93.491,0.000
"05:00",0.000,175.514,63.600,0.000,93.440,0.000
"05:15",0.000,175.411,63.600,0.000,93.389,0.000
"05:30",0.000,175.206,63.600,0.000,93.594,0.000
"05:45",0.000,175.206,63.600,0.000,93.389,0.000
"06:00",0.000,175.770,63.600,0.000,93.338,0.000
"06:15",0.000,172.595,63.600,0.000,91.750,0.000
"06:30",0.000,172.339,63.600,0.000,91.597,0.000
"06:45",0.000,173.005,63.600,0.000,91.392,0.000
"07:00",0.000,172.390,63.600,0.000,91.699,0.000
"07:15",0.000,170.086,63.600,0.000,92.262,0.000
"07:30",0.000,168.448,63.600,0.000,92.518,0.000
"07:45",0.000,168.192,63.600,0.000,92.058,0.000
"08:00",0.000,140.442,63.600,0.000,78.490,0.000
"08:15",0.000,126.925,63.600,0.000,71.475,0.000
"08:30",0.000,115.814,63.600,0.000,71.475,0.000
"08:45",0.000,113.203,63.600,0.000,71.526,0.000
"09:00",0.000,118.784,63.600,0.000,71.578,0.000
"09:15",0.000,120.422,63.600,0.000,72.294,0.000
"09:30",0.000,149.914,63.600,0.000,93.440,0.000
"09:45",0.000,146.125,63.600,0.000,93.440,0.000
"10:00",0.000,139.571,63.600,0.000,93.542,0.000
"10:15",0.000,149.811,63.600,0.000,92.979,0.000
"10:30",0.000,135.782,63.600,0.000,93.542,0.000
"10:45",0.000,135.526,63.600,0.000,93.133,0.000
"11:00",0.000,111.360,63.500,0.000,93.696,0.000
"11:15",0.000,87.603,63.500,0.000,89.344,0.000
"11:30",0.154,49.613,63.500,0.000,64.000,2.509
"11:45",19.098,5.683,63.600,0.000,8.960,23.808
"12:00",5.274,27.853,63.600,0.000,21.606,6.707
"12:15",19.558,4.198,63.600,0.000,7.578,21.811
"12:30",23.654,2.458,63.600,0.000,5.530,24.525
"12:45",30.259,2.816,63.600,0.000,2.560,27.904
"13:00",34.714,0.000,63.600,0.000,0.000,30.822
"13:15",33.485,0.000,63.600,0.000,0.000,30.413
"13:30",21.453,6.042,63.600,0.000,7.936,21.914
"13:45",33.485,0.000,63.600,0.000,0.000,30.464
"14:00",23.245,5.632,63.600,0.000,6.093,23.603
"14:15",33.946,0.000,63.600,0.000,0.000,30.208
"14:30",32.922,0.000,63.500,0.000,0.000,30.362
"14:45",23.757,1.843,63.500,0.000,3.584,27.494
"15:00",27.034,0.000,63.500,0.000,0.000,31.898
"15:15",25.139,0.000,63.500,0.000,0.000,31.795
"15:30",18.790,7.168,63.500,0.000,5.018,26.317
"15:45",20.122,0.000,63.500,0.000,0.000,31.488
"16:00",15.821,0.000,63.500,0.000,0.000,31.232
"16:15",11.366,0.000,63.500,0.000,0.000,31.027
"16:30",7.270,0.000,63.500,0.000,0.870,30.259
"16:45",3.635,0.819,63.500,0.000,9.216,21.402
"17:00",0.870,3.174,63.500,0.000,19.814,10.496
"17:15",0.051,7.066,63.500,0.000,29.594,0.563
"17:30",0.000,12.032,63.500,0.000,29.645,0.000
"17:45",0.000,18.534,63.600,0.000,29.184,0.000
"18:00",0.000,24.371,63.600,0.000,29.389,0.000
"18:15",0.000,30.976,63.600,0.000,29.338,0.000
"18:30",0.000,38.554,63.600,0.000,29.747,0.000
"18:45",0.000,45.466,63.600,0.000,29.798,0.000
"19:00",0.000,48.896,63.600,0.000,27.750,0.000
"19:15",0.000,55.040,63.600,0.000,27.699,0.000
"19:30",0.000,61.082,63.600,0.000,27.443,0.000
"19:45",0.000,65.126,63.600,0.000,27.802,0.000
"20:00",0.000,67.174,63.600,0.000,28.467,0.000
"20:15",0.000,68.045,63.500,0.000,28.058,0.000
"20:30",0.000,68.813,63.500,0.000,27.597,0.000
"20:45",0.000,69.171,63.600,0.000,27.187,0.000
"21:00",0.000,69.222,63.600,0.000,27.392,0.000
"21:15",0.000,69.120,63.500,0.000,27.290,0.000
"21:30",0.000,69.222,63.500,0.000,27.392,0.000
"21:45",0.000,69.120,63.500,0.000,27.392,0.000
"22:00",0.000,69.376,63.500,0.000,27.238,0.000
"22:15",0.000,69.325,63.600,0.000,27.546,0.000
"22:30",0.000,68.966,63.600,0.000,27.136,0.000
"22:45",0.000,68.608,63.600,0.000,26.982,0.000
"23:00",0.000,68.557,63.600,0.000,27.085,0.000
"23:15",0.000,68.557,63.600,0.000,26.880,0.000
"23:30",0.000,68.864,63.600,0.000,26.931,0.000
"23:45",0.000,69.478,63.600,0.000,27.136,0.000
" 1/17/26 24:00",0.000,69.632,63.600,0.000,26.880,0.000
