"kwh"
"Time ","DAGSR01P","DAGSR01P","DAGSR01P","DAGSR01P","DAGSR01P","DAGSR01P"
" 9/24/26 00:15",0.000,70.963,63.600,0.000,34.202,0.000
" 9/24/26 00:30",0.000,71.731,63.600,0.000,34.611,0.000
"00:45",0.000,71.936,63.600,0.000,35.072,0.000
"01:00",0.000,70.656,63.600,0.000,34.816,0.000
"01:15",0.000,70.298,63.600,0.000,34.611,0.000
"01:30",0.000,70.554,63.600,0.000,34.560,0.000
"01:45",0.000,70.758,63.600,0.000,34.662,0.000
"02:00",0.000,70.554,63.600,0.000,34.406,0.000
"02:15",0.000,70.298,63.600,0.000,34.509,0.000
"02:30",0.000,70.656,63.600,0.000,34.458,0.000
"02:45",0.000,70.707,63.600,0.000,34.509,0.000
"03:00",0.000,70.349,63.600,0.000,34.458,0.000
"03:15",0.000,70.349,63.600,0.000,34.406,0.000
"03:30",0.000,70.758,63.600,0.000,34.509,0.000
"03:45",0.000,70.400,63.600,0.000,34.355,0.000
"04:00",0.000,70.246,63.600,0.000,34.355,0.000
"04:15",0.000,70.349,63.600,0.000,34.253,0.000
"04:30",0.000,70.554,63.600,0.000,34.406,0.000
"04:45",0.000,70.502,63.600,0.000,34.304,0.000
"05:00",0.000,70.298,63.600,0.000,34.202,0.000
"05:15",0.000,70.554,63.600,0.000,34.304,0.000
"05:30",0.000,70.554,63.600,0.000,34.150,0.000
"05:45",0.000,70.298,63.600,0.000,34.099,0.000
"06:00",0.000,70.349,63.600,0.000,34.304,0.000
"06:15",0.000,70.810,63.600,0.000,34.099,0.000
"06:30",0.000,71.014,63.600,0.000,33.946,0.000
"06:45",0.000,70.861,63.600,0.000,33.792,0.000
"07:00",0.000,71.066,63.600,0.000,33.690,0.000
"07:15",0.000,70.912,63.600,0.000,33.894,0.000
"07:30",0.000,69.786,63.600,0.000,34.560,0.000
"07:45",0.000,67.738,63.700,0.000,34.714,0.000
"08:00",0.000,58.726,63.700,0.000,34.662,0.000
"08:15",0.000,50.688,63.600,0.000,36.352,0.000
"08:30",0.000,36.813,63.600,0.000,35.021,0.000
"08:45",0.000,44.032,63.600,0.000,34.458,0.000
"09:00",0.000,39.526,63.700,0.000,33.843,0.000
"09:15",0.000,14.592,63.600,0.000,34.150,0.000
"09:30",0.614,6.246,63.600,0.000,27.546,6.861
"09:45",0.819,10.189,63.600,0.000,29.542,5.632
"10:00",0.000,33.024,63.600,0.000,56.934,0.000
"10:15",0.000,27.238,63.600,0.000,57.856,0.000
"10:30",0.000,20.173,63.600,0.000,58.470,0.000
"10:45",0.102,18.893,63.600,0.000,55.552,3.226
"11:00",5.530,3.123,63.600,0.000,31.283,24.934
"11:15",36.198,0.000,63.600,0.000,0.000,36.864
"11:30",26.266,0.000,63.600,0.000,0.051,36.352
"11:45",33.075,0.000,63.600,0.000,0.000,36.710
"12:00",7.834,1.997,63.600,0.000,13.158,22.579
"12:15",24.781,0.154,63.600,0.000,1.946,34.611
"12:30",35.328,0.000,63.600,0.000,0.000,37.171
"12:45",30.157,0.000,63.600,0.000,0.051,36.813
"13:00",14.490,0.051,63.600,0.000,0.512,35.686
"13:15",26.522,0.000,63.600,0.000,0.205,36.403
"13:30",38.400,0.000,63.600,0.000,0.000,37.222
"13:45",37.171,0.000,63.600,0.000,0.000,36.966
"14:00",34.765,0.000,63.600,0.000,0.000,36.762
"14:15",37.325,0.000,63.600,0.000,0.000,37.222
"14:30",33.024,0.000,63.600,0.000,0.000,36.864
"14:45",29.798,0.000,63.500,0.000,0.000,38.298
"15:00",28.058,0.000,63.500,0.000,0.000,38.400
"15:15",28.416,0.000,63.600,0.000,0.000,37.632
"15:30",31.642,0.000,63.600,0.000,0.000,36.608
"15:45",24.934,0.000,63.600,0.000,0.000,36.710
"16:00",22.477,0.000,63.600,0.000,0.000,35.994
"16:15",15.565,0.000,63.600,0.000,0.256,36.454
"16:30",9.626,1.536,63.600,0.000,4.608,33.024
"16:45",5.837,2.918,63.600,0.000,11.469,25.702
"17:00",1.894,7.578,63.600,0.000,22.067,15.155
"17:15",0.000,13.210,63.600,0.000,36.659,0.000
"17:30",0.000,19.098,63.600,0.000,36.506,0.000
"17:45",0.000,29.696,63.600,0.000,36.557,0.000
"18:00",0.000,36.710,63.700,0.000,36.864,0.000
"18:15",0.000,45.312,63.700,0.000,36.506,0.000
"18:30",0.000,55.040,63.700,0.000,36.454,0.000
"18:45",0.000,61.491,63.700,0.000,36.557,0.000
"19:00",0.000,67.328,63.600,0.000,36.966,0.000
"19:15",0.000,70.707,63.700,0.000,36.710,0.000
"19:30",0.000,71.936,63.600,0.000,36.966,0.000
"19:45",0.000,72.653,63.600,0.000,37.069,0.000
"20:00",0.000,72.653,63.600,0.000,37.325,0.000
"20:15",0.000,71.834,63.600,0.000,36.454,0.000
"20:30",0.000,71.936,63.600,0.000,35.994,0.000
"20:45",0.000,71.885,63.700,0.000,36.045,0.000
"21:00",0.000,71.834,63.700,0.000,36.250,0.000
"21:15",0.000,71.578,63.700,0.000,36.710,0.000
"21:30",0.000,71.680,63.700,0.000,36.608,0.000
"21:45",0.000,71.526,63.700,0.000,36.608,0.000
"22:00",0.000,71.680,63.700,0.000,36.454,0.000
"22:15",0.000,71.526,63.700,0.000,36.250,0.000
"22:30",0.000,71.629,63.700,0.000,36.096,0.000
"22:45",0.000,71.475,63.600,0.000,35.635,0.000
"23:00",0.000,71.219,63.700,0.000,35.635,0.000
"23:15",0.000,71.526,63.600,0.000,35.789,0.000
"23:30",0.000,71.782,63.600,0.000,36.096,0.000
"23:45",0.000,71.834,63.600,0.000,35.994,0.000
" 9/24/26 24:00",0.000,71.373,63.600,0.000,35.430,0.000
