"kwh"
"Time ","DAGSR01P","DAGSR01P","DAGSR01P","DAGSR01P","DAGSR01P","DAGSR01P"
" 4/23/26 00:15",0.000,38.246,63.700,0.000,13.517,0.000
" 4/23/26 00:30",0.000,37.734,63.600,0.000,13.875,0.000
"00:45",0.000,38.400,63.600,0.000,14.387,0.000
"01:00",0.000,37.427,63.600,0.000,13.875,0.000
"01:15",0.000,38.144,63.700,0.000,14.285,0.000
"01:30",0.000,37.222,63.700,0.000,13.568,0.000
"01:45",0.000,37.427,63.700,0.000,13.568,0.000
"02:00",0.000,38.093,63.700,0.000,13.517,0.000
"02:15",0.000,37.427,63.700,0.000,13.466,0.000
"02:30",0.000,38.400,63.700,0.000,13.875,0.000
"02:45",0.000,37.427,63.700,0.000,13.158,0.000
"03:00",0.000,37.939,63.700,0.000,13.414,0.000
"03:15",0.000,37.632,63.700,0.000,13.261,0.000
"03:30",0.000,37.530,63.700,0.000,13.005,0.000
"03:45",0.000,38.707,63.700,0.000,13.517,0.000
"04:00",0.000,37.478,63.700,0.000,13.107,0.000
"04:15",0.000,38.195,63.700,0.000,13.414,0.000
"04:30",0.000,37.581,63.700,0.000,13.005,0.000
"04:45",0.000,37.530,63.700,0.000,12.954,0.000
"05:00",0.000,38.502,63.700,0.000,13.414,0.000
"05:15",0.000,38.400,63.700,0.000,13.926,0.000
"05:30",0.000,39.782,63.700,0.000,14.438,0.000
"05:45",0.000,38.554,63.700,0.000,13.773,0.000
"06:00",0.000,38.554,63.700,0.000,13.926,0.000
"06:15",0.000,39.424,63.700,0.000,14.336,0.000
"06:30",0.000,38.502,63.700,0.000,14.080,0.000
"06:45",0.000,39.680,63.700,0.000,14.694,0.000
"07:00",0.000,38.810,63.700,0.000,14.131,0.000
"07:15",0.000,39.373,63.700,0.000,14.592,0.000
"07:30",0.000,39.066,63.700,0.000,14.285,0.000
"07:45",0.000,38.605,63.700,0.000,14.080,0.000
"08:00",0.000,39.219,63.700,0.000,14.848,0.000
"08:15",0.000,38.605,63.700,0.000,14.592,0.000
"08:30",0.000,39.731,63.700,0.000,15.053,0.000
"08:45",0.000,38.246,63.700,0.000,14.848,0.000
"09:00",0.000,38.144,63.700,0.000,15.002,0.000
"09:15",0.000,38.656,63.700,0.000,15.565,0.000
"09:30",0.000,37.683,63.700,0.000,15.258,0.000
"09:45",0.000,38.554,63.700,0.000,15.770,0.000
"10:00",0.000,35.994,63.700,0.000,15.411,0.000
"10:15",0.000,34.355,63.700,0.000,15.667,0.000
"10:30",0.000,24.627,63.700,0.000,15.514,0.000
"10:45",0.000,20.070,63.700,0.000,15.462,0.000
"11:00",0.000,20.531,63.700,0.000,16.282,0.000
"11:15",0.000,20.275,63.700,0.000,15.565,0.000
"11:30",0.000,20.429,63.700,0.000,16.026,0.000
"11:45",0.000,15.616,63.700,0.000,15.667,0.000
"12:00",0.154,6.451,63.800,0.000,14.387,1.946
"12:15",9.267,4.454,63.700,0.000,6.861,9.165
"12:30",0.358,10.138,63.700,0.000,14.029,1.741
"12:45",5.786,0.819,63.700,0.000,4.096,12.595
"13:00",1.229,2.867,63.800,0.000,9.933,6.144
"13:15",0.051,10.035,63.700,0.000,15.667,0.768
"13:30",0.051,6.963,63.700,0.000,15.309,0.512
"13:45",0.000,10.650,63.700,0.000,16.230,0.000
"14:00",0.000,12.851,63.700,0.000,15.514,0.000
"14:15",0.000,12.083,63.700,0.000,16.026,0.000
"14:30",0.000,11.674,63.700,0.000,16.026,0.000
"14:45",0.000,12.698,63.700,0.000,15.104,0.000
"15:00",3.072,11.366,63.700,0.000,13.670,0.000
"15:15",42.138,0.000,63.700,0.000,0.000,0.051
"15:30",28.160,0.000,63.700,0.000,0.000,0.051
"15:45",14.797,0.000,63.700,0.000,0.000,0.000
"16:00",48.640,0.000,63.700,0.000,0.000,0.307
"16:15",60.160,0.000,63.700,0.000,0.000,0.154
"16:30",52.634,0.000,63.700,0.000,0.000,0.307
"16:45",46.950,0.000,63.700,0.000,0.000,0.154
"17:00",39.987,0.000,63.700,0.000,0.000,0.205
"17:15",35.584,0.000,63.700,0.000,0.000,0.256
"17:30",16.538,0.000,63.700,0.000,0.000,0.102
"17:45",11.520,0.051,63.700,0.358,0.000,0.205
"18:00",17.664,0.000,63.700,0.154,0.000,0.051
"18:15",14.029,0.000,63.700,0.000,0.000,0.051
"18:30",5.683,0.051,63.700,0.410,0.000,0.000
"18:45",0.154,3.635,63.700,3.174,0.000,0.000
"19:00",0.000,6.349,63.700,3.174,0.000,0.000
"19:15",0.000,5.786,63.700,3.584,0.000,0.000
"19:30",0.000,6.144,63.700,3.226,0.051,0.000
"19:45",0.000,5.632,63.600,3.174,0.000,0.000
"20:00",0.000,5.581,63.600,3.686,0.000,0.000
"20:15",0.000,6.554,63.700,3.328,0.000,0.000
"20:30",0.000,5.786,63.600,3.738,0.000,0.000
"20:45",0.000,6.758,63.600,3.379,0.000,0.000
"21:00",0.000,5.581,63.700,3.738,0.000,0.000
"21:15",0.000,6.246,63.600,3.635,0.000,0.000
"21:30",0.000,6.093,63.600,3.789,0.000,0.000
"21:45",0.000,5.478,63.600,3.891,0.000,0.000
"22:00",0.000,5.990,63.600,3.738,0.000,0.000
"22:15",0.000,5.478,63.700,4.352,0.000,0.000
"22:30",0.000,6.605,63.700,3.840,0.000,0.000
"22:45",0.000,5.222,63.700,4.301,0.000,0.000
"23:00",0.000,5.888,63.700,4.147,0.000,0.000
"23:15",0.000,5.888,63.700,3.891,0.000,0.000
"23:30",0.000,5.734,63.700,4.250,0.000,0.000
"23:45",0.000,6.912,63.700,3.789,0.000,0.000
" 4/23/26 24:00",0.000,6.656,63.700,4.403,0.000,0.000
