"kwh"
"Time ","DAGSR01P","DAGSR01P","DAGSR01P","DAGSR01P","DAGSR01P","DAGSR01P"
" 9/16/26 00:15",0.000,4.710,62.000,14.541,0.000,0.000
" 9/16/26 00:30",0.000,4.147,62.000,15.053,0.000,0.000
"00:45",0.000,3.430,62.000,14.848,0.000,0.000
"01:00",0.000,4.147,62.200,14.029,0.000,0.000
"01:15",0.000,3.635,62.300,14.285,0.000,0.000
"01:30",0.000,4.045,62.100,14.899,0.000,0.000
"01:45",0.000,3.738,62.100,14.899,0.000,0.000
"02:00",0.000,4.198,62.200,14.694,0.000,0.000
"02:15",0.000,3.174,62.200,14.592,0.000,0.000
"02:30",0.000,3.174,62.300,14.541,0.000,0.000
"02:45",0.000,3.174,62.400,14.592,0.000,0.000
"03:00",0.000,4.096,62.400,13.670,0.000,0.000
"03:15",0.000,3.533,62.400,14.080,0.000,0.000
"03:30",0.000,3.226,62.500,14.029,0.000,0.000
"03:45",0.000,3.379,62.500,13.824,0.000,0.000
"04:00",0.000,3.891,62.100,14.336,0.000,0.000
"04:15",0.000,3.430,61.900,15.002,0.000,0.000
"04:30",0.000,3.072,61.900,15.258,0.000,0.000
"04:45",0.000,3.686,61.800,14.950,0.000,0.000
"05:00",0.000,3.738,61.800,15.104,0.000,0.000
"05:15",0.000,3.072,61.800,15.462,0.000,0.000
"05:30",0.000,3.123,61.700,15.514,0.000,0.000
"05:45",0.000,3.226,61.700,15.514,0.000,0.000
"06:00",0.000,3.686,61.600,15.462,0.000,0.000
"06:15",0.000,3.174,61.900,15.462,0.000,0.000
"06:30",0.000,4.608,61.900,15.053,0.000,0.000
"06:45",0.000,5.632,61.800,14.592,0.000,0.000
"07:00",0.000,5.018,61.800,15.155,0.000,0.000
"07:15",0.000,3.840,61.400,15.974,0.000,0.000
"07:30",0.000,3.686,61.500,15.770,0.000,0.000
"07:45",0.051,3.686,61.300,14.182,0.000,0.000
"08:00",2.202,0.307,61.200,3.635,0.000,0.000
"08:15",10.342,0.000,61.200,0.000,0.000,0.000
"08:30",18.739,0.000,61.300,0.000,0.000,0.000
"08:45",28.928,0.000,61.400,0.000,0.000,0.000
"09:00",38.554,0.000,61.300,0.000,0.000,0.000
"09:15",47.309,0.000,61.400,0.000,0.000,0.000
"09:30",55.091,0.000,61.600,0.000,0.000,0.000
"09:45",63.539,0.000,61.500,0.000,0.000,0.000
"10:00",70.605,0.000,61.600,0.000,0.000,0.000
"10:15",75.981,0.000,61.700,0.000,0.000,0.000
"10:30",82.688,0.000,62.000,0.000,0.000,0.000
"10:45",88.832,0.000,61.900,0.000,0.000,0.000
"11:00",93.491,0.000,61.800,0.000,0.000,0.000
"11:15",99.226,0.000,61.900,0.000,0.000,0.000
"11:30",102.502,0.000,61.600,0.000,0.000,0.000
"11:45",104.755,0.000,61.500,0.000,0.000,0.000
"12:00",107.725,0.000,61.400,0.000,0.000,0.000
"12:15",108.851,0.000,61.600,0.000,0.000,0.000
"12:30",108.339,0.000,61.600,0.000,0.000,0.000
"12:45",109.261,0.000,61.700,0.000,0.000,0.000
"13:00",109.312,0.000,61.700,0.000,0.000,0.000
"13:15",107.776,0.000,61.400,0.000,0.000,0.000
"13:30",108.698,0.000,61.300,0.000,0.000,0.000
"13:45",107.418,0.000,61.300,0.000,0.000,0.000
"14:00",106.650,0.000,61.300,0.000,0.000,0.000
"14:15",108.595,0.000,61.400,0.000,0.000,0.000
"14:30",107.571,0.000,61.200,0.000,0.000,0.000
"14:45",106.189,0.000,61.300,0.000,0.000,0.000
"15:00",104.038,0.000,61.400,0.000,0.000,0.000
"15:15",102.656,0.000,61.400,0.000,0.000,0.000
"15:30",100.557,0.000,61.300,0.000,0.000,0.000
"15:45",93.952,0.000,61.300,0.000,0.000,0.000
"16:00",46.541,0.000,61.400,0.000,0.000,0.000
"16:15",0.000,0.000,0.000,0.000,0.000,0.000
"16:30",0.000,0.000,0.000,0.000,0.000,0.000
"16:45",3.635,0.717,60.400,2.355,0.000,0.000
"17:00",35.686,0.000,60.800,0.000,0.000,0.000
"17:15",42.189,0.000,61.200,0.000,0.000,0.000
"17:30",28.160,0.000,61.300,0.000,0.000,0.000
"17:45",26.061,0.000,61.300,0.000,0.000,0.000
"18:00",22.426,0.000,61.600,0.000,0.000,0.000
"18:15",12.032,0.000,63.900,0.000,0.000,0.000
"18:30",9.318,0.000,64.100,0.000,0.000,0.000
"18:45",5.581,0.000,64.200,0.256,0.000,0.051
"19:00",0.973,1.638,64.100,2.867,0.000,0.000
"19:15",0.051,3.226,63.800,5.632,0.000,0.000
"19:30",0.000,4.250,63.700,7.629,0.000,0.000
"19:45",0.000,4.506,63.500,8.346,0.000,0.000
"20:00",0.000,4.710,63.300,9.114,0.000,0.000
"20:15",0.000,5.222,63.600,7.629,0.000,0.000
"20:30",0.000,4.250,63.700,7.526,0.000,0.000
"20:45",0.000,4.352,63.700,7.885,0.000,0.000
"21:00",0.000,4.403,63.700,7.424,0.000,0.000
"21:15",0.000,5.171,63.800,6.707,0.000,0.000
"21:30",0.000,3.840,63.900,7.117,0.000,0.000
"21:45",0.000,3.635,63.800,7.322,0.000,0.000
"22:00",0.000,3.635,63.900,6.912,0.000,0.000
"22:15",0.000,3.482,63.600,8.346,0.000,0.000
"22:30",0.000,3.482,63.600,8.243,0.000,0.000
"22:45",0.000,3.789,63.700,8.090,0.000,0.000
"23:00",0.000,3.635,63.700,7.987,0.000,0.000
"23:15",0.000,3.021,61.800,13.773,0.000,0.000
"23:30",0.000,2.918,61.100,15.667,0.000,0.000
"23:45",0.000,3.174,60.700,16.384,0.000,0.000
" 9/16/26 24:00",0.000,3.226,60.700,16.230,0.000,0.000
