"kwh"
"Time ","DAGSR01P","DAGSR01P","DAGSR01P","DAGSR01P","DAGSR01P","DAGSR01P"
" 7/15/26 00:15",0.000,5.632,63.700,5.376,0.000,0.000
" 7/15/26 00:30",0.000,4.454,63.700,6.042,0.000,0.000
"00:45",0.000,4.915,63.600,6.042,0.000,0.000
"01:00",0.000,4.762,63.700,5.530,0.000,0.000
"01:15",0.000,4.301,63.600,6.042,0.000,0.000
"01:30",0.000,4.045,63.600,6.246,0.000,0.000
"01:45",0.000,3.994,63.700,6.144,0.000,0.000
"02:00",0.000,4.813,63.700,5.734,0.000,0.000
"02:15",0.000,4.147,63.700,5.990,0.000,0.000
"02:30",0.000,3.789,63.600,6.093,0.000,0.000
"02:45",0.000,4.557,63.700,5.786,0.000,0.000
"03:00",0.000,3.994,63.600,5.990,0.000,0.000
"03:15",0.000,3.738,63.600,6.246,0.000,0.000
"03:30",0.000,4.250,63.600,6.298,0.000,0.000
"03:45",0.000,5.069,63.600,5.990,0.000,0.000
"04:00",0.000,4.147,63.600,6.298,0.000,0.000
"04:15",0.000,3.686,63.600,6.349,0.000,0.000
"04:30",0.000,4.454,63.600,5.888,0.000,0.000
"04:45",0.000,3.942,63.600,6.195,0.000,0.000
"05:00",0.000,3.789,63.600,6.349,0.000,0.000
"05:15",0.000,4.096,63.600,6.400,0.000,0.000
"05:30",0.000,4.506,63.600,5.939,0.000,0.000
"05:45",0.000,3.891,63.600,6.451,0.000,0.000
"06:00",0.000,3.686,63.600,6.451,0.000,0.000
"06:15",0.000,4.454,63.700,5.939,0.000,0.000
"06:30",0.000,3.738,63.600,6.502,0.000,0.000
"06:45",0.000,4.301,63.600,6.349,0.000,0.000
"07:00",0.000,4.506,63.600,6.246,0.000,0.000
"07:15",0.000,4.557,63.600,5.990,0.000,0.000
"07:30",0.000,3.942,63.600,6.298,0.000,0.000
"07:45",0.000,4.147,63.600,6.298,0.000,0.000
"08:00",0.000,5.222,63.600,5.939,0.000,0.000
"08:15",0.000,4.710,63.600,6.451,0.000,0.000
"08:30",0.000,5.120,63.600,6.246,0.000,0.000
"08:45",0.000,4.864,63.600,5.427,0.000,0.000
"09:00",0.358,1.997,63.600,3.994,0.000,0.000
"09:15",1.280,0.819,63.600,2.662,0.000,0.000
"09:30",3.379,0.000,63.600,0.000,0.000,0.000
"09:45",3.123,0.051,63.600,0.819,0.000,0.000
"10:00",7.219,0.000,63.600,0.000,0.000,0.000
"10:15",21.299,0.000,63.700,0.000,0.000,0.000
"10:30",35.379,0.256,63.600,0.000,0.973,7.885
"10:45",6.400,6.810,63.600,0.000,8.653,5.632
"11:00",19.405,2.253,63.600,0.000,3.738,10.854
"11:15",27.238,0.000,63.600,0.000,0.051,15.411
"11:30",23.757,0.922,63.700,0.000,2.458,12.595
"11:45",43.520,0.000,63.600,0.000,0.000,16.538
"12:00",45.978,0.000,63.600,0.000,0.000,17.408
"12:15",53.402,0.000,63.600,0.000,0.000,15.872
"12:30",49.869,0.000,63.600,0.000,0.000,16.179
"12:45",37.786,0.000,63.700,0.000,0.000,15.258
"13:00",55.706,0.000,63.700,0.000,0.000,16.026
"13:15",59.238,0.000,63.700,0.000,0.000,16.998
"13:30",59.955,0.000,63.600,0.000,0.000,16.640
"13:45",59.085,0.000,63.600,0.000,0.000,15.923
"14:00",43.366,0.000,63.600,0.000,0.000,15.974
"14:15",37.427,0.000,63.600,0.000,0.000,15.053
"14:30",50.330,0.000,63.700,0.000,0.000,7.322
"14:45",62.413,0.000,63.600,0.000,0.000,0.000
"15:00",57.958,0.000,63.700,0.000,0.000,0.000
"15:15",56.218,0.000,63.700,0.000,0.000,0.000
"15:30",51.814,0.000,63.700,0.000,0.000,0.000
"15:45",52.070,0.000,63.700,0.000,0.000,0.000
"16:00",42.342,0.000,63.700,0.000,0.000,0.000
"16:15",45.107,0.000,63.600,0.000,0.000,0.000
"16:30",22.272,0.000,63.700,0.000,0.000,0.000
"16:45",27.034,0.000,63.600,0.000,0.000,0.000
"17:00",34.918,0.000,63.600,0.000,0.000,0.000
"17:15",9.011,0.000,63.600,0.000,0.000,0.000
"17:30",14.694,0.000,63.600,0.000,0.000,0.000
"17:45",15.104,0.000,63.600,0.000,0.000,0.000
"18:00",2.816,0.051,63.600,0.410,0.000,0.000
"18:15",0.768,1.178,63.700,4.608,0.000,0.000
"18:30",0.051,2.867,63.700,6.349,0.000,0.000
"18:45",0.000,4.659,63.700,7.066,0.000,0.000
"19:00",0.000,3.942,63.700,7.834,0.000,0.000
"19:15",0.000,3.840,63.700,6.707,0.000,0.000
"19:30",0.000,4.403,63.700,5.939,0.000,0.000
"19:45",0.000,3.482,63.700,6.554,0.000,0.000
"20:00",0.000,3.635,63.700,6.605,0.000,0.000
"20:15",0.000,4.250,63.700,6.758,0.000,0.000
"20:30",0.000,4.301,63.700,6.246,0.000,0.000
"20:45",0.000,3.635,63.700,6.605,0.000,0.000
"21:00",0.000,3.379,63.700,6.758,0.000,0.000
"21:15",0.000,4.250,63.700,6.093,0.000,0.000
"21:30",0.000,3.635,63.700,6.400,0.000,0.000
"21:45",0.000,3.891,63.700,6.656,0.000,0.000
"22:00",0.000,3.789,63.700,7.117,0.000,0.000
"22:15",0.000,4.147,63.700,6.605,0.000,0.000
"22:30",0.000,3.482,63.600,7.117,0.000,0.000
"22:45",0.000,3.686,63.600,6.912,0.000,0.000
"23:00",0.000,4.403,63.700,6.810,0.000,0.000
"23:15",0.000,3.994,63.700,6.707,0.000,0.000
"23:30",0.000,4.250,63.700,6.195,0.000,0.000
"23:45",0.000,4.966,63.700,6.144,0.000,0.000
" 7/15/26 24:00",0.000,5.171,63.700,5.990,0.000,0.000
