"kwh"
"Time ","DAGSR01P","DAGSR01P","DAGSR01P","DAGSR01P","DAGSR01P","DAGSR01P"
" 8/20/26 00:15",0.000,4.659,63.600,7.578,0.000,0.000
" 8/20/26 00:30",0.000,4.710,63.600,7.834,0.000,0.000
"00:45",0.000,4.762,63.600,8.038,0.000,0.000
"01:00",0.000,4.557,63.600,7.475,0.000,0.000
"01:15",0.000,3.533,63.600,7.680,0.000,0.000
"01:30",0.000,3.891,63.600,7.936,0.000,0.000
"01:45",0.000,3.635,63.600,8.499,0.000,0.000
"02:00",0.000,3.635,63.600,8.192,0.000,0.000
"02:15",0.000,3.789,63.600,8.090,0.000,0.000
"02:30",0.000,3.584,63.600,8.550,0.000,0.000
"02:45",0.000,3.533,63.700,8.550,0.000,0.000
"03:00",0.000,4.045,63.600,7.885,0.000,0.000
"03:15",0.000,3.789,63.700,7.987,0.000,0.000
"03:30",0.000,4.045,63.700,8.038,0.000,0.000
"03:45",0.000,4.250,63.700,7.680,0.000,0.000
"04:00",0.000,3.686,63.700,7.782,0.000,0.000
"04:15",0.000,3.584,63.700,8.038,0.000,0.000
"04:30",0.000,3.686,63.700,8.090,0.000,0.000
"04:45",0.000,3.533,63.700,7.987,0.000,0.000
"05:00",0.000,3.584,63.700,8.141,0.000,0.000
"05:15",0.000,3.840,63.700,8.243,0.000,0.000
"05:30",0.000,3.533,63.700,8.499,0.000,0.000
"05:45",0.000,3.533,63.700,8.909,0.000,0.000
"06:00",0.000,3.789,63.700,8.704,0.000,0.000
"06:15",0.000,4.864,63.700,8.090,0.000,0.000
"06:30",0.000,3.789,63.700,8.448,0.000,0.000
"06:45",0.000,3.686,63.700,8.294,0.000,0.000
"07:00",0.000,3.994,63.600,8.090,0.000,0.000
"07:15",0.000,4.301,63.600,8.090,0.000,0.000
"07:30",0.000,4.864,63.600,7.885,0.000,0.000
"07:45",0.000,4.659,63.600,7.987,0.000,0.000
"08:00",0.000,5.069,63.600,7.782,0.000,0.000
"08:15",0.000,3.840,63.600,7.219,0.000,0.000
"08:30",3.123,0.358,63.600,1.638,0.000,0.000
"08:45",14.131,0.000,63.600,0.000,0.000,0.000
"09:00",24.064,0.000,63.600,0.000,0.000,0.000
"09:15",32.768,0.000,63.700,0.000,0.000,0.000
"09:30",42.138,0.000,63.700,0.000,0.000,0.000
"09:45",49.562,0.000,63.700,0.000,0.000,0.000
"10:00",56.934,0.000,63.700,0.000,0.000,0.000
"10:15",63.898,0.000,63.700,0.000,0.000,0.000
"10:30",68.045,0.000,63.700,0.000,0.000,0.000
"10:45",75.981,0.000,63.700,0.000,0.000,0.000
"11:00",81.920,0.000,63.700,0.000,0.000,0.000
"11:15",63.488,0.000,63.700,0.000,0.000,5.939
"11:30",59.341,0.000,63.700,0.000,0.000,7.987
"11:45",63.232,0.000,63.700,0.000,0.000,7.834
"12:00",66.253,0.000,63.700,0.000,0.000,8.090
"12:15",68.966,0.000,63.700,0.000,0.000,8.346
"12:30",70.810,0.000,63.700,0.000,0.000,8.499
"12:45",65.792,0.000,63.700,0.000,0.000,12.390
"13:00",50.278,0.000,63.700,0.000,0.000,22.733
"13:15",75.110,0.000,63.700,0.000,0.000,9.318
"13:30",74.138,0.000,63.700,0.000,0.000,9.779
"13:45",60.211,0.000,63.700,0.000,0.000,18.842
"14:00",73.984,0.000,63.700,0.000,0.000,8.806
"14:15",72.602,0.000,63.700,0.000,0.000,8.960
"14:30",71.322,0.000,63.700,0.000,0.000,8.755
"14:45",69.120,0.000,63.700,0.000,0.000,8.602
"15:00",66.099,0.000,63.700,0.000,0.000,8.909
"15:15",62.874,0.000,63.600,0.000,0.000,8.294
"15:30",58.010,0.000,63.700,0.000,0.000,8.960
"15:45",53.811,0.000,63.700,0.000,0.000,8.755
"16:00",50.176,0.000,63.600,0.000,0.000,8.038
"16:15",44.851,0.000,63.700,0.000,0.000,7.731
"16:30",38.502,0.000,63.700,0.000,0.000,7.731
"16:45",32.870,0.000,63.700,0.000,0.000,7.475
"17:00",26.010,0.000,63.700,0.000,0.000,7.373
"17:15",18.688,0.000,63.700,0.000,0.000,7.219
"17:30",10.547,0.000,63.700,0.000,0.000,7.168
"17:45",3.123,0.410,63.700,0.000,1.536,5.786
"18:00",0.102,5.376,63.700,0.000,6.400,0.410
"18:15",0.000,13.107,63.700,0.000,6.298,0.000
"18:30",0.000,21.914,63.700,0.000,6.605,0.000
"18:45",0.000,31.539,63.700,0.000,7.322,0.000
"19:00",0.000,35.072,63.700,0.000,6.656,0.000
"19:15",0.000,35.533,63.700,0.000,6.707,0.000
"19:30",0.000,36.915,63.700,0.000,6.656,0.000
"19:45",0.000,36.454,63.700,0.000,5.427,0.000
"20:00",0.000,36.557,63.700,0.000,5.786,0.000
"20:15",0.000,35.635,63.700,0.000,6.195,0.000
"20:30",0.000,35.584,63.700,0.000,6.246,0.000
"20:45",0.000,36.045,63.700,0.000,6.144,0.000
"21:00",0.000,35.994,63.700,0.000,6.093,0.000
"21:15",0.000,36.045,63.700,0.000,5.632,0.000
"21:30",0.000,36.762,63.700,0.000,6.502,0.000
"21:45",0.000,36.096,63.700,0.000,6.093,0.000
"22:00",0.000,36.147,63.700,0.000,6.093,0.000
"22:15",0.000,36.352,63.700,0.000,6.349,0.000
"22:30",0.000,36.250,63.700,0.000,6.144,0.000
"22:45",0.000,35.994,63.700,0.000,5.837,0.000
"23:00",0.000,36.198,63.700,0.000,5.325,0.000
"23:15",0.000,28.416,63.700,1.690,4.762,0.000
"23:30",0.000,4.403,63.700,7.168,0.051,0.000
"23:45",0.000,4.096,63.600,7.219,0.000,0.000
" 8/20/26 24:00",0.000,4.506,63.600,7.066,0.000,0.000
