"kwh"
"Time ","DAGSR01P","DAGSR01P","DAGSR01P","DAGSR01P","DAGSR01P","DAGSR01P"
" 5/23/26 00:15",0.000,8.192,63.800,3.174,0.000,0.000
" 5/23/26 00:30",0.000,7.885,63.700,3.021,0.000,0.000
"00:45",0.000,8.704,63.700,2.355,0.102,0.000
"01:00",0.000,7.424,63.700,3.430,0.000,0.000
"01:15",0.000,6.707,63.700,3.482,0.000,0.000
"01:30",0.000,7.424,63.700,2.970,0.051,0.000
"01:45",0.000,6.554,63.700,3.686,0.000,0.000
"02:00",0.000,6.605,63.700,3.840,0.000,0.000
"02:15",0.000,7.680,63.700,3.328,0.000,0.000
"02:30",0.000,7.168,63.700,3.840,0.000,0.000
"02:45",0.000,6.246,63.700,4.198,0.000,0.000
"03:00",0.000,7.782,63.700,3.584,0.000,0.000
"03:15",0.000,6.912,63.700,4.096,0.000,0.000
"03:30",0.000,6.912,63.700,3.891,0.000,0.000
"03:45",0.000,8.602,63.700,2.918,0.000,0.000
"04:00",0.000,7.680,63.700,3.584,0.000,0.000
"04:15",0.000,7.629,63.700,3.738,0.000,0.000
"04:30",0.000,8.243,63.700,3.533,0.000,0.000
"04:45",0.000,6.963,63.700,4.454,0.000,0.000
"05:00",0.000,7.526,63.700,4.301,0.000,0.000
"05:15",0.000,7.629,63.700,3.738,0.000,0.000
"05:30",0.000,6.502,63.700,4.557,0.000,0.000
"05:45",0.000,6.605,63.700,4.506,0.000,0.000
"06:00",0.000,7.322,63.700,3.891,0.000,0.000
"06:15",0.000,6.810,63.700,4.506,0.000,0.000
"06:30",0.000,6.554,63.700,4.557,0.000,0.000
"06:45",0.000,7.834,63.700,4.608,0.000,0.000
"07:00",0.000,6.502,63.700,4.915,0.000,0.000
"07:15",0.000,6.502,63.700,4.506,0.000,0.000
"07:30",0.000,8.192,63.700,3.584,0.000,0.000
"07:45",0.000,6.810,63.700,3.789,0.000,0.000
"08:00",0.000,7.834,63.700,3.430,0.000,0.000
"08:15",0.000,8.858,63.700,2.867,0.000,0.000
"08:30",0.000,6.810,63.700,4.966,0.000,0.000
"08:45",0.000,5.530,63.700,5.120,0.000,0.000
"09:00",0.000,5.734,63.700,5.069,0.000,0.000
"09:15",0.410,2.918,63.700,4.147,0.000,0.000
"09:30",0.358,2.662,63.700,4.045,0.000,0.000
"09:45",0.973,1.894,63.800,3.328,0.000,0.000
"10:00",2.970,0.000,63.800,0.768,0.000,0.000
"10:15",6.246,0.000,63.800,0.000,0.000,0.000
"10:30",9.370,0.000,63.800,0.000,0.000,0.000
"10:45",11.930,0.000,63.700,0.000,0.000,0.000
"11:00",14.387,0.000,63.800,0.000,0.000,0.000
"11:15",21.299,0.000,63.700,0.000,0.000,0.000
"11:30",21.146,0.000,63.700,0.000,0.000,0.000
"11:45",26.829,0.000,63.700,0.000,0.000,0.000
"12:00",28.621,0.000,63.700,0.000,0.000,0.000
"12:15",28.058,0.000,63.800,0.000,0.000,0.000
"12:30",24.781,0.000,63.800,0.000,0.000,0.000
"12:45",28.979,0.000,63.800,0.000,0.000,0.000
"13:00",31.846,0.000,63.800,0.000,0.000,0.000
"13:15",36.045,0.000,63.800,0.000,0.000,0.000
"13:30",41.472,0.000,63.800,0.000,0.000,0.000
"13:45",57.702,0.000,63.800,0.000,0.000,0.000
"14:00",57.651,0.000,63.800,0.000,0.000,0.000
"14:15",62.106,0.000,63.800,0.000,0.000,0.000
"14:30",52.941,0.000,63.800,0.000,0.000,0.000
"14:45",47.514,0.000,63.800,0.000,0.000,0.000
"15:00",41.267,0.000,63.800,0.000,0.000,0.000
"15:15",63.539,0.000,63.800,0.000,0.000,0.000
"15:30",53.811,0.000,63.800,0.000,0.000,0.000
"15:45",66.816,0.000,63.800,0.000,0.000,0.000
"16:00",70.093,0.000,63.800,0.000,0.000,0.000
"16:15",50.995,0.000,63.800,0.000,0.000,0.000
"16:30",52.429,0.000,63.800,0.000,0.000,0.000
"16:45",39.373,0.000,63.800,0.000,0.000,0.000
"17:00",20.634,0.000,63.700,0.000,0.000,0.000
"17:15",16.486,0.000,63.700,0.000,0.000,0.000
"17:30",4.915,0.000,63.800,0.102,0.000,0.000
"17:45",1.587,0.666,63.800,3.021,0.000,0.000
"18:00",0.666,2.150,63.800,3.891,0.000,0.000
"18:15",0.051,3.686,63.800,5.222,0.000,0.000
"18:30",0.000,4.966,63.800,6.451,0.000,0.000
"18:45",0.000,5.786,63.700,5.939,0.000,0.000
"19:00",0.000,5.171,63.800,5.990,0.000,0.000
"19:15",0.000,5.478,63.700,5.478,0.000,0.000
"19:30",0.000,6.400,63.700,4.966,0.000,0.000
"19:45",0.000,5.581,63.800,5.786,0.000,0.000
"20:00",0.000,4.864,63.800,6.298,0.000,0.000
"20:15",0.000,5.632,63.800,5.734,0.000,0.000
"20:30",0.000,4.403,63.800,6.246,0.000,0.000
"20:45",0.000,4.147,63.800,6.349,0.000,0.000
"21:00",0.000,5.069,63.700,5.888,0.000,0.000
"21:15",0.000,4.966,63.700,6.246,0.000,0.000
"21:30",0.000,4.659,63.700,6.246,0.000,0.000
"21:45",0.000,5.222,63.700,5.734,0.000,0.000
"22:00",0.000,4.608,63.700,6.195,0.000,0.000
"22:15",0.000,4.250,63.700,6.451,0.000,0.000
"22:30",0.000,5.325,63.800,5.837,0.000,0.000
"22:45",0.000,4.710,63.800,6.451,0.000,0.000
"23:00",0.000,4.864,63.800,6.246,0.000,0.000
"23:15",0.000,6.144,63.700,5.274,0.000,0.000
"23:30",0.000,5.171,63.800,5.683,0.000,0.000
"23:45",0.000,5.069,63.800,6.195,0.000,0.000
" 5/23/26 24:00",0.000,5.530,63.800,6.042,0.000,0.000
