"kwh"
"Time ","DAGSR01P","DAGSR01P","DAGSR01P","DAGSR01P","DAGSR01P","DAGSR01P"
" 8/03/26 00:15",0.000,6.349,63.700,5.837,0.000,0.000
" 8/03/26 00:30",0.000,5.120,63.700,5.990,0.000,0.000
"00:45",0.000,5.837,63.700,5.888,0.000,0.000
"01:00",0.000,5.120,63.700,5.837,0.000,0.000
"01:15",0.000,5.120,63.700,6.502,0.000,0.000
"01:30",0.000,5.837,63.600,5.786,0.000,0.000
"01:45",0.000,4.864,63.600,6.246,0.000,0.000
"02:00",0.000,4.864,63.700,6.349,0.000,0.000
"02:15",0.000,5.734,63.700,6.042,0.000,0.000
"02:30",0.000,4.608,63.700,6.451,0.000,0.000
"02:45",0.000,5.120,63.700,6.195,0.000,0.000
"03:00",0.000,5.120,63.700,6.554,0.000,0.000
"03:15",0.000,4.659,63.700,6.861,0.000,0.000
"03:30",0.000,5.734,63.700,6.246,0.000,0.000
"03:45",0.000,4.864,63.700,6.502,0.000,0.000
"04:00",0.000,4.762,63.700,6.810,0.000,0.000
"04:15",0.000,5.018,63.700,6.912,0.000,0.000
"04:30",0.000,4.301,63.700,7.270,0.000,0.000
"04:45",0.000,4.454,63.700,7.731,0.000,0.000
"05:00",0.000,5.069,63.700,7.270,0.000,0.000
"05:15",0.000,4.813,63.700,7.270,0.000,0.000
"05:30",0.000,4.864,63.700,6.912,0.000,0.000
"05:45",0.000,4.352,63.700,7.322,0.000,0.000
"06:00",0.000,4.352,63.700,7.731,0.000,0.000
"06:15",0.000,4.966,63.700,6.707,0.000,0.000
"06:30",0.000,4.710,63.700,7.219,0.000,0.000
"06:45",0.000,5.120,63.700,6.605,0.000,0.000
"07:00",0.000,5.325,63.700,6.246,0.000,0.000
"07:15",0.000,4.250,63.700,6.758,0.000,0.000
"07:30",0.000,4.659,63.700,6.502,0.000,0.000
"07:45",0.000,4.864,63.700,6.554,0.000,0.000
"08:00",0.000,4.557,63.700,7.373,0.000,0.000
"08:15",0.000,5.376,63.700,6.963,0.000,0.000
"08:30",0.000,5.530,63.700,6.707,0.000,0.000
"08:45",0.000,24.269,63.700,2.458,8.960,0.000
"09:00",0.000,36.710,63.700,0.000,15.206,0.000
"09:15",0.000,52.224,63.700,0.000,25.651,0.000
"09:30",0.000,64.256,63.700,0.000,34.048,0.000
"09:45",0.000,55.398,63.700,0.000,34.714,0.000
"10:00",0.000,57.293,63.700,0.000,34.202,0.000
"10:15",0.000,53.965,63.700,0.000,34.406,0.000
"10:30",0.512,17.971,63.700,0.000,28.928,5.888
"10:45",2.150,6.400,63.700,0.000,18.637,16.077
"11:00",0.666,6.861,63.700,0.000,27.853,7.526
"11:15",2.611,4.403,63.700,0.000,19.149,16.128
"11:30",0.973,28.211,63.700,0.000,28.211,6.707
"11:45",0.000,41.062,63.700,0.000,35.072,0.000
"12:00",0.000,43.674,63.700,0.000,37.069,0.000
"12:15",0.000,69.427,63.700,0.000,45.005,0.000
"12:30",0.000,73.728,63.700,0.000,44.698,0.000
"12:45",0.000,81.613,63.700,0.000,44.698,0.000
"13:00",0.000,69.478,63.700,0.000,43.469,0.000
"13:15",0.000,39.270,63.700,0.000,34.714,0.000
"13:30",0.000,46.182,63.700,0.000,34.765,0.000
"13:45",0.000,40.448,63.700,0.000,34.355,0.000
"14:00",0.000,45.158,63.700,0.000,34.611,0.000
"14:15",0.000,51.968,63.700,0.000,34.099,0.000
"14:30",0.000,51.354,63.700,0.000,34.816,0.000
"14:45",0.000,43.571,63.700,0.000,34.816,0.000
"15:00",0.000,38.246,63.700,0.000,34.867,0.000
"15:15",0.051,27.136,63.700,0.000,29.542,0.563
"15:30",23.603,2.611,63.800,0.000,8.909,7.578
"15:45",36.250,0.000,63.700,0.000,0.154,16.384
"16:00",41.216,0.000,63.700,0.000,0.000,15.821
"16:15",35.994,0.000,63.700,0.000,0.000,15.514
"16:30",32.819,0.000,63.700,0.000,0.000,15.974
"16:45",19.149,0.000,63.700,0.000,0.000,15.002
"17:00",17.869,0.000,63.700,0.000,0.000,15.258
"17:15",13.773,0.000,63.700,0.000,0.000,14.746
"17:30",6.298,0.051,63.700,0.000,0.256,14.490
"17:45",0.358,2.509,63.700,0.000,11.622,3.635
"18:00",0.461,9.472,63.700,0.000,14.387,0.000
"18:15",12.595,0.000,63.700,0.000,0.000,0.000
"18:30",1.587,1.126,63.700,3.021,0.000,0.000
"18:45",0.000,3.789,63.700,5.632,0.000,0.000
"19:00",0.000,4.403,63.700,6.093,0.000,0.000
"19:15",0.000,4.352,63.700,6.195,0.000,0.000
"19:30",0.000,5.581,63.700,5.427,0.000,0.000
"19:45",0.000,4.301,63.700,6.042,0.000,0.000
"20:00",0.000,4.813,63.700,5.786,0.000,0.000
"20:15",0.000,5.376,63.700,5.786,0.000,0.000
"20:30",0.000,4.864,63.700,6.042,0.000,0.000
"20:45",0.000,4.608,63.700,6.758,0.000,0.000
"21:00",0.000,3.789,63.700,7.629,0.000,0.000
"21:15",0.000,4.301,63.600,7.834,0.000,0.000
"21:30",0.000,4.864,63.700,7.424,0.000,0.000
"21:45",0.000,3.891,63.700,8.090,0.000,0.000
"22:00",0.000,4.813,63.700,7.680,0.000,0.000
"22:15",0.000,3.942,63.700,7.987,0.000,0.000
"22:30",0.000,3.482,63.700,8.141,0.000,0.000
"22:45",0.000,4.096,63.700,7.782,0.000,0.000
"23:00",0.000,3.738,63.700,8.141,0.000,0.000
"23:15",0.000,3.430,63.700,7.987,0.000,0.000
"23:30",0.000,4.557,63.700,7.373,0.000,0.000
"23:45",0.000,3.942,63.600,7.219,0.000,0.000
" 8/03/26 24:00",0.000,4.096,63.600,6.861,0.000,0.000
