"kwh"
"Time ","DAGSR01P","DAGSR01P","DAGSR01P","DAGSR01P","DAGSR01P","DAGSR01P"
" 6/11/26 00:15",0.000,4.096,63.700,7.731,0.000,0.000
" 6/11/26 00:30",0.000,4.096,63.700,7.782,0.000,0.000
"00:45",0.000,3.584,63.700,7.885,0.000,0.000
"01:00",0.000,3.328,63.700,7.834,0.000,0.000
"01:15",0.000,3.533,63.700,7.936,0.000,0.000
"01:30",0.000,3.840,63.700,8.038,0.000,0.000
"01:45",0.000,3.840,63.700,8.192,0.000,0.000
"02:00",0.000,3.379,63.700,8.346,0.000,0.000
"02:15",0.000,3.226,63.700,8.397,0.000,0.000
"02:30",0.000,3.072,63.700,8.346,0.000,0.000
"02:45",0.000,3.174,63.700,8.397,0.000,0.000
"03:00",0.000,3.226,63.700,8.038,0.000,0.000
"03:15",0.000,3.379,63.700,8.141,0.000,0.000
"03:30",0.000,3.379,63.700,8.090,0.000,0.000
"03:45",0.000,3.072,63.700,8.294,0.000,0.000
"04:00",0.000,3.328,63.700,8.294,0.000,0.000
"04:15",0.000,3.174,63.700,8.243,0.000,0.000
"04:30",0.000,3.174,63.700,8.294,0.000,0.000
"04:45",0.000,3.226,63.700,8.499,0.000,0.000
"05:00",0.000,4.250,63.700,8.346,0.000,0.000
"05:15",0.000,3.533,63.700,8.141,0.000,0.000
"05:30",0.000,3.430,63.700,8.192,0.000,0.000
"05:45",0.000,3.533,63.800,8.192,0.000,0.000
"06:00",0.000,3.430,63.700,8.755,0.000,0.000
"06:15",0.000,3.738,63.700,8.346,0.000,0.000
"06:30",0.000,3.686,63.700,8.294,0.000,0.000
"06:45",0.000,5.171,63.700,8.448,0.000,0.000
"07:00",0.000,4.506,63.700,8.090,0.000,0.000
"07:15",0.000,3.942,63.700,8.038,0.000,0.000
"07:30",0.000,3.840,63.700,7.885,0.000,0.000
"07:45",0.000,4.506,63.700,8.090,0.000,0.000
"08:00",0.000,4.966,63.700,7.987,0.000,0.000
"08:15",0.000,5.069,63.700,7.936,0.000,0.000
"08:30",0.000,5.274,63.700,7.834,0.000,0.000
"08:45",0.205,3.277,63.700,5.939,0.000,0.000
"09:00",2.150,0.666,63.700,3.533,0.000,0.000
"09:15",7.424,0.051,63.700,0.154,0.000,0.000
"09:30",24.422,0.000,63.700,0.000,0.000,0.000
"09:45",33.997,0.000,63.700,0.000,0.000,0.000
"10:00",41.114,0.000,63.700,0.000,0.000,0.000
"10:15",48.845,0.000,63.700,0.000,0.000,0.000
"10:30",56.627,0.000,63.700,0.000,0.000,0.000
"10:45",62.822,0.000,63.800,0.000,0.000,0.000
"11:00",68.403,0.000,63.800,0.000,0.000,0.000
"11:15",73.318,0.000,63.800,0.000,0.000,0.000
"11:30",77.670,0.000,63.800,0.000,0.000,0.000
"11:45",80.947,0.000,63.800,0.000,0.000,0.000
"12:00",84.890,0.000,63.800,0.000,0.000,0.000
"12:15",87.296,0.000,63.800,0.000,0.000,0.000
"12:30",89.702,0.000,63.800,0.000,0.000,0.000
"12:45",92.211,0.000,63.800,0.000,0.000,0.000
"13:00",93.440,0.000,63.800,0.000,0.000,0.000
"13:15",95.744,0.000,63.800,0.000,0.000,0.000
"13:30",95.898,0.000,63.800,0.000,0.000,0.000
"13:45",96.000,0.000,63.800,0.000,0.000,0.051
"14:00",95.590,0.000,63.700,0.000,0.000,0.000
"14:15",94.310,0.000,63.700,0.000,0.000,0.000
"14:30",93.440,0.000,63.700,0.000,0.000,0.000
"14:45",86.067,0.000,63.700,0.000,0.000,0.000
"15:00",85.606,0.000,63.700,0.000,0.000,0.000
"15:15",79.565,0.000,63.700,0.000,0.000,0.000
"15:30",74.598,0.000,63.800,0.000,0.000,0.000
"15:45",74.291,0.000,63.700,0.000,0.000,0.000
"16:00",70.502,0.000,63.800,0.000,0.000,0.000
"16:15",66.150,0.000,63.800,0.000,0.000,0.000
"16:30",60.211,0.000,63.800,0.000,0.000,0.000
"16:45",53.658,0.000,63.800,0.000,0.000,0.000
"17:00",47.002,0.000,63.800,0.000,0.000,0.000
"17:15",39.936,0.000,63.800,0.000,0.000,0.000
"17:30",27.648,0.000,63.800,0.000,0.000,0.000
"17:45",5.990,0.307,63.800,1.382,0.000,0.000
"18:00",0.973,0.973,63.800,3.738,0.000,0.000
"18:15",0.768,1.690,63.700,4.301,0.000,0.000
"18:30",0.000,3.738,63.700,6.605,0.000,0.000
"18:45",0.000,3.738,63.700,6.861,0.000,0.000
"19:00",0.000,3.482,63.700,6.758,0.000,0.000
"19:15",0.000,3.482,63.700,7.014,0.000,0.000
"19:30",0.000,3.738,63.700,6.963,0.000,0.000
"19:45",0.000,3.789,63.700,6.912,0.000,0.000
"20:00",0.000,4.147,63.700,6.912,0.000,0.000
"20:15",0.000,4.352,63.700,7.014,0.000,0.000
"20:30",0.000,4.096,63.700,7.168,0.000,0.000
"20:45",0.000,3.686,63.700,7.168,0.000,0.000
"21:00",0.000,4.147,63.700,7.014,0.000,0.000
"21:15",0.000,4.352,63.700,6.963,0.000,0.000
"21:30",0.000,4.608,63.700,6.758,0.000,0.000
"21:45",0.000,4.506,63.700,7.014,0.000,0.000
"22:00",0.000,4.352,63.700,7.117,0.000,0.000
"22:15",0.000,4.198,63.700,7.270,0.000,0.000
"22:30",0.000,3.635,63.700,7.424,0.000,0.000
"22:45",0.000,3.994,63.700,7.373,0.000,0.000
"23:00",0.000,4.147,63.700,7.424,0.000,0.000
"23:15",0.000,3.738,63.700,7.526,0.000,0.000
"23:30",0.000,3.994,63.700,7.526,0.000,0.000
"23:45",0.000,5.069,63.700,7.578,0.000,0.000
" 6/11/26 24:00",0.000,4.301,63.700,8.141,0.000,0.000
