"kwh"
"Time ","DAGSR01P","DAGSR01P","DAGSR01P","DAGSR01P","DAGSR01P","DAGSR01P"
" 1/23/26 00:15",0.000,136.755,63.500,0.000,56.474,0.000
" 1/23/26 00:30",0.000,136.448,63.500,0.000,56.525,0.000
"00:45",0.000,137.882,63.600,0.000,57.651,0.000
"01:00",0.000,139.418,63.600,0.000,58.368,0.000
"01:15",0.000,139.315,63.600,0.000,58.522,0.000
"01:30",0.000,139.213,63.600,0.000,58.368,0.000
"01:45",0.000,139.315,63.500,0.000,58.317,0.000
"02:00",0.000,139.366,63.600,0.000,58.368,0.000
"02:15",0.000,139.571,63.500,0.000,58.214,0.000
"02:30",0.000,139.469,63.600,0.000,58.419,0.000
"02:45",0.000,139.469,63.500,0.000,58.419,0.000
"03:00",0.000,139.469,63.600,0.000,58.624,0.000
"03:15",0.000,140.134,63.600,0.000,59.136,0.000
"03:30",0.000,140.186,63.600,0.000,58.112,0.000
"03:45",0.000,139.469,63.600,0.000,58.214,0.000
"04:00",0.000,140.032,63.600,0.000,57.805,0.000
"04:15",0.000,139.776,63.600,0.000,58.419,0.000
"04:30",0.000,139.469,63.600,0.000,58.317,0.000
"04:45",0.000,139.418,63.600,0.000,58.419,0.000
"05:00",0.000,139.418,63.600,0.000,58.368,0.000
"05:15",0.000,138.854,63.600,0.000,58.061,0.000
"05:30",0.000,136.909,63.600,0.000,56.730,0.000
"05:45",0.000,136.448,63.600,0.000,56.730,0.000
"06:00",0.000,136.806,63.600,0.000,56.166,0.000
"06:15",0.000,136.602,63.600,0.000,56.627,0.000
"06:30",0.000,136.602,63.600,0.000,56.576,0.000
"06:45",0.000,136.704,63.600,0.000,56.576,0.000
"07:00",0.000,136.090,63.600,0.000,56.883,0.000
"07:15",0.000,167.014,63.600,0.000,70.349,0.000
"07:30",0.000,167.168,63.600,0.000,70.707,0.000
"07:45",0.000,165.530,63.600,0.000,70.298,0.000
"08:00",0.000,160.614,63.500,0.000,70.042,0.000
"08:15",0.000,154.470,63.500,0.000,70.093,0.000
"08:30",0.000,147.763,63.500,0.000,70.810,0.000
"08:45",0.000,169.574,63.500,0.000,89.139,0.000
"09:00",0.000,166.451,63.600,0.000,91.750,0.000
"09:15",0.000,174.387,63.600,0.000,101.632,0.000
"09:30",0.000,188.262,63.600,0.000,114.125,0.000
"09:45",0.000,182.630,63.600,0.000,114.278,0.000
"10:00",0.000,176.589,63.600,0.000,114.176,0.000
"10:15",0.000,151.706,63.600,0.000,102.912,0.000
"10:30",0.000,129.382,63.600,0.000,92.826,0.000
"10:45",0.000,125.030,63.600,0.000,92.928,0.000
"11:00",0.000,116.224,63.600,0.000,90.931,0.000
"11:15",0.000,82.944,63.600,0.000,72.243,0.000
"11:30",0.000,80.230,63.600,0.000,73.011,0.000
"11:45",0.000,76.595,63.600,0.000,72.858,0.000
"12:00",0.000,51.456,63.600,0.000,63.642,0.000
"12:15",0.000,39.987,63.600,0.000,59.494,0.000
"12:30",0.000,36.608,63.600,0.000,59.597,0.000
"12:45",0.000,39.680,63.600,0.000,59.648,0.000
"13:00",0.000,35.174,63.600,0.000,59.750,0.000
"13:15",0.000,36.301,63.600,0.000,59.750,0.000
"13:30",0.000,35.328,63.600,0.000,59.853,0.000
"13:45",0.000,39.526,63.600,0.000,59.443,0.000
"14:00",0.000,44.646,63.600,0.000,60.058,0.000
"14:15",0.000,38.144,63.600,0.000,61.235,0.000
"14:30",0.000,38.502,63.500,0.000,61.286,0.000
"14:45",0.000,38.963,63.500,0.000,61.645,0.000
"15:00",0.000,69.683,63.500,0.000,60.262,0.000
"15:15",0.000,46.131,63.600,0.000,61.235,0.000
"15:30",0.000,53.862,63.600,0.000,61.389,0.000
"15:45",0.000,75.110,63.600,0.000,60.416,0.000
"16:00",0.000,61.696,63.600,0.000,60.877,0.000
"16:15",0.000,62.618,63.600,0.000,63.898,0.000
"16:30",0.000,87.808,63.600,0.000,82.483,0.000
"16:45",0.000,99.891,63.600,0.000,86.323,0.000
"17:00",0.000,143.053,63.500,0.000,102.912,0.000
"17:15",0.000,148.838,63.500,0.000,108.237,0.000
"17:30",0.000,183.142,63.500,0.000,124.928,0.000
"17:45",0.000,170.342,63.500,0.000,111.462,0.000
"18:00",0.000,167.322,63.500,0.000,102.093,0.000
"18:15",0.000,171.725,63.500,0.000,102.144,0.000
"18:30",0.000,177.459,63.500,0.000,101.171,0.000
"18:45",0.000,177.869,63.500,0.000,100.198,0.000
"19:00",0.000,187.187,63.500,0.000,100.557,0.000
"19:15",0.000,194.458,63.500,0.000,101.018,0.000
"19:30",0.000,196.147,63.500,0.000,100.762,0.000
"19:45",0.000,198.298,63.500,0.000,101.018,0.000
"20:00",0.000,199.936,63.500,0.000,100.710,0.000
"20:15",0.000,201.830,63.500,0.000,100.403,0.000
"20:30",0.000,203.725,63.500,0.000,100.198,0.000
"20:45",0.000,204.134,63.500,0.000,100.096,0.000
"21:00",0.000,205.414,63.600,0.000,100.710,0.000
"21:15",0.000,205.005,63.600,0.000,100.454,0.000
"21:30",0.000,204.646,63.600,0.000,99.994,0.000
"21:45",0.000,205.312,63.600,0.000,100.045,0.000
"22:00",0.000,205.158,63.500,0.000,100.096,0.000
"22:15",0.000,205.261,63.600,0.000,99.738,0.000
"22:30",0.000,205.875,63.600,0.000,99.430,0.000
"22:45",0.000,205.824,63.600,0.000,99.328,0.000
"23:00",0.000,204.800,63.500,0.000,99.994,0.000
"23:15",0.000,204.851,63.500,0.000,99.942,0.000
"23:30",0.000,204.749,63.600,0.000,100.045,0.000
"23:45",0.000,204.544,63.600,0.000,100.096,0.000
" 1/23/26 24:00",0.000,205.005,63.600,0.000,99.994,0.000
