"kwh"
"Time ","DAGSR01P","DAGSR01P","DAGSR01P","DAGSR01P","DAGSR01P","DAGSR01P"
" 9/11/26 00:15",0.000,71.834,63.700,0.000,29.901,0.000
" 9/11/26 00:30",0.000,72.090,63.700,0.000,30.208,0.000
"00:45",0.000,70.758,63.700,0.000,29.645,0.000
"01:00",0.000,70.707,63.700,0.000,29.747,0.000
"01:15",0.000,71.475,63.700,0.000,30.310,0.000
"01:30",0.000,70.554,63.700,0.000,29.798,0.000
"01:45",0.000,70.861,63.700,0.000,29.696,0.000
"02:00",0.000,71.731,63.700,0.000,30.054,0.000
"02:15",0.000,70.605,63.700,0.000,29.440,0.000
"02:30",0.000,70.758,63.700,0.000,29.542,0.000
"02:45",0.000,71.373,63.700,0.000,30.208,0.000
"03:00",0.000,70.912,63.700,0.000,29.542,0.000
"03:15",0.000,70.810,63.700,0.000,29.594,0.000
"03:30",0.000,71.373,63.700,0.000,30.310,0.000
"03:45",0.000,70.656,63.700,0.000,29.850,0.000
"04:00",0.000,70.554,63.700,0.000,29.798,0.000
"04:15",0.000,71.270,63.700,0.000,30.310,0.000
"04:30",0.000,70.758,63.700,0.000,29.850,0.000
"04:45",0.000,71.014,63.700,0.000,29.491,0.000
"05:00",0.000,72.090,63.700,0.000,29.594,0.000
"05:15",0.000,70.656,63.700,0.000,29.542,0.000
"05:30",0.000,70.554,63.700,0.000,29.901,0.000
"05:45",0.000,71.475,63.700,0.000,30.157,0.000
"06:00",0.000,71.066,63.700,0.000,29.696,0.000
"06:15",0.000,70.605,63.700,0.000,29.850,0.000
"06:30",0.000,71.322,63.700,0.000,30.362,0.000
"06:45",0.000,70.963,63.700,0.000,30.003,0.000
"07:00",0.000,70.861,63.700,0.000,29.798,0.000
"07:15",0.000,71.885,63.700,0.000,30.259,0.000
"07:30",0.000,71.117,63.700,0.000,29.798,0.000
"07:45",0.000,70.963,63.700,0.000,29.798,0.000
"08:00",0.000,71.424,63.700,0.000,31.181,0.000
"08:15",0.000,68.762,63.700,0.000,31.027,0.000
"08:30",0.000,67.533,63.700,0.000,30.618,0.000
"08:45",0.000,59.136,63.700,0.000,30.976,0.000
"09:00",0.000,33.485,63.700,0.000,30.874,0.000
"09:15",0.000,24.218,63.700,0.000,31.437,0.000
"09:30",0.000,16.896,63.700,0.000,32.051,0.000
"09:45",0.000,7.629,63.700,0.000,30.566,1.024
"10:00",1.894,1.946,63.700,0.000,15.309,16.845
"10:15",6.451,0.102,63.700,0.000,3.942,28.723
"10:30",13.773,0.000,63.800,0.000,0.000,32.614
"10:45",19.405,0.000,63.800,0.000,0.000,33.485
"11:00",23.654,0.000,63.800,0.000,0.000,33.843
"11:15",29.030,0.000,63.800,0.000,0.000,33.587
"11:30",32.358,0.000,63.800,0.000,0.000,35.021
"11:45",35.789,0.000,63.800,0.000,0.000,34.560
"12:00",39.117,0.000,63.800,0.000,0.000,34.304
"12:15",40.038,0.000,63.800,0.000,0.000,35.174
"12:30",36.710,0.102,63.800,0.000,0.358,36.301
"12:45",40.806,0.000,63.800,0.000,0.000,36.454
"13:00",40.960,0.000,63.800,0.000,0.000,36.454
"13:15",40.243,0.000,63.800,0.000,0.000,36.813
"13:30",41.114,0.000,63.800,0.000,0.000,36.198
"13:45",38.605,0.358,63.800,0.000,0.819,35.277
"14:00",18.074,17.766,63.800,0.000,17.971,17.306
"14:15",24.115,13.005,63.700,0.000,13.414,21.965
"14:30",0.000,53.862,63.700,0.000,33.024,0.000
"14:45",0.000,67.686,63.700,0.000,33.485,0.000
"15:00",0.000,71.168,63.700,0.000,32.768,0.000
"15:15",0.000,72.243,63.700,0.000,32.717,0.000
"15:30",0.000,73.114,63.700,0.000,32.614,0.000
"15:45",0.000,73.370,63.700,0.000,32.154,0.000
"16:00",0.000,69.171,63.700,0.000,32.870,0.000
"16:15",1.331,41.626,63.700,0.000,29.645,3.174
"16:30",26.778,0.000,63.700,0.000,0.000,35.686
"16:45",4.966,41.779,63.700,0.000,26.010,7.680
"17:00",0.922,22.784,63.700,0.000,24.730,8.499
"17:15",0.000,12.237,63.700,0.000,33.997,0.000
"17:30",0.000,18.739,63.700,0.000,33.638,0.000
"17:45",0.000,43.059,63.700,0.000,33.946,0.000
"18:00",0.000,28.826,63.800,0.000,12.134,0.000
"18:15",0.000,13.517,63.700,0.000,11.315,0.000
"18:30",0.000,23.552,63.700,0.000,11.264,0.000
"18:45",0.000,31.283,63.700,0.000,11.264,0.000
"19:00",0.000,36.966,63.700,0.000,11.110,0.000
"19:15",0.000,37.581,63.700,0.000,9.472,0.000
"19:30",0.000,36.915,63.700,0.000,8.909,0.000
"19:45",0.000,37.069,63.700,0.000,9.165,0.000
"20:00",0.000,36.864,63.600,0.000,9.114,0.000
"20:15",0.000,36.403,63.700,0.000,8.755,0.000
"20:30",0.000,37.274,63.700,0.000,9.370,0.000
"20:45",0.000,36.762,63.600,0.000,8.806,0.000
"21:00",0.000,36.710,63.600,0.000,9.011,0.000
"21:15",0.000,37.325,63.600,0.000,9.472,0.000
"21:30",0.000,36.403,63.700,0.000,8.858,0.000
"21:45",0.000,37.018,63.700,0.000,9.267,0.000
"22:00",0.000,36.557,63.700,0.000,8.448,0.000
"22:15",0.000,36.710,63.700,0.000,8.499,0.000
"22:30",0.000,37.325,63.700,0.000,9.011,0.000
"22:45",0.000,36.506,63.700,0.000,8.397,0.000
"23:00",0.000,36.710,63.700,0.000,8.653,0.000
"23:15",0.000,37.530,63.700,0.000,9.216,0.000
"23:30",0.000,36.864,63.700,0.000,8.960,0.000
"23:45",0.000,38.554,63.700,0.000,9.370,0.000
" 9/11/26 24:00",0.000,71.168,63.700,0.000,30.413,0.000
