"kwh"
"Time ","DAGSR01P","DAGSR01P","DAGSR01P","DAGSR01P","DAGSR01P","DAGSR01P"
" 5/21/26 00:15",0.000,4.915,63.600,5.274,0.000,0.000
" 5/21/26 00:30",0.000,5.274,63.600,5.530,0.000,0.000
"00:45",0.000,5.530,63.600,5.786,0.000,0.000
"01:00",0.000,5.120,63.700,5.990,0.000,0.000
"01:15",0.000,5.222,63.600,5.734,0.000,0.000
"01:30",0.000,5.069,63.600,5.632,0.000,0.000
"01:45",0.000,4.813,63.600,5.786,0.000,0.000
"02:00",0.000,4.915,63.600,5.888,0.000,0.000
"02:15",0.000,4.813,63.700,6.093,0.000,0.000
"02:30",0.000,5.171,63.600,5.683,0.000,0.000
"02:45",0.000,5.939,63.700,5.274,0.000,0.000
"03:00",0.000,5.888,63.700,5.427,0.000,0.000
"03:15",0.000,5.325,63.700,5.786,0.000,0.000
"03:30",0.000,5.018,63.600,5.990,0.000,0.000
"03:45",0.000,4.506,63.600,5.939,0.000,0.000
"04:00",0.000,4.608,63.600,6.246,0.000,0.000
"04:15",0.000,4.915,63.600,6.042,0.000,0.000
"04:30",0.000,4.454,63.600,6.246,0.000,0.000
"04:45",0.000,4.659,63.600,6.144,0.000,0.000
"05:00",0.000,4.454,63.600,6.195,0.000,0.000
"05:15",0.000,4.454,63.600,5.990,0.000,0.000
"05:30",0.000,4.454,63.700,5.990,0.000,0.000
"05:45",0.000,5.274,63.700,5.939,0.000,0.000
"06:00",0.000,4.557,63.700,5.786,0.000,0.000
"06:15",0.000,5.683,63.700,5.376,0.000,0.000
"06:30",0.000,5.376,63.700,5.427,0.000,0.000
"06:45",0.000,5.530,63.700,5.325,0.000,0.000
"07:00",0.000,4.864,63.700,5.581,0.000,0.000
"07:15",0.000,5.325,63.700,5.632,0.000,0.000
"07:30",0.000,5.427,63.700,5.734,0.000,0.000
"07:45",0.000,4.915,63.700,5.734,0.000,0.000
"08:00",0.000,5.376,63.700,5.888,0.000,0.000
"08:15",0.000,5.581,63.600,5.786,0.000,0.000
"08:30",0.000,5.222,63.600,5.888,0.000,0.000
"08:45",0.000,5.171,63.600,4.198,0.000,0.000
"09:00",0.000,5.120,63.600,3.533,0.000,0.000
"09:15",0.205,3.379,63.600,2.304,0.051,0.000
"09:30",0.358,2.970,63.600,2.253,0.000,0.000
"09:45",0.666,1.843,63.600,2.355,0.000,0.000
"10:00",1.434,0.614,63.600,2.099,0.000,0.000
"10:15",3.328,0.205,63.700,1.024,0.000,0.000
"10:30",11.418,0.000,63.700,0.000,0.000,0.000
"10:45",16.282,0.000,63.700,0.000,0.000,0.000
"11:00",23.091,0.000,63.700,0.000,0.000,0.000
"11:15",32.922,0.000,63.700,0.000,0.000,0.000
"11:30",20.122,0.000,63.700,0.000,0.000,0.000
"11:45",18.944,0.000,63.700,0.000,0.000,0.000
"12:00",16.640,0.000,63.700,0.000,0.000,0.000
"12:15",17.715,0.000,63.700,0.000,0.000,0.000
"12:30",17.818,0.000,63.700,0.000,0.000,0.000
"12:45",20.890,0.000,63.700,0.000,0.000,0.000
"13:00",26.163,0.000,63.700,0.000,0.000,0.000
"13:15",30.362,0.000,63.700,0.000,0.000,0.000
"13:30",34.048,0.000,63.700,0.000,0.000,0.000
"13:45",36.096,0.000,63.700,0.000,0.000,0.000
"14:00",31.590,0.000,63.700,0.000,0.000,0.000
"14:15",28.109,0.000,63.700,0.000,0.000,0.051
"14:30",27.238,0.000,63.700,0.000,0.000,0.000
"14:45",25.139,0.000,63.700,0.000,0.000,0.000
"15:00",26.931,0.000,63.700,0.000,0.000,0.000
"15:15",32.512,0.000,63.700,0.000,0.000,0.000
"15:30",25.190,0.000,63.700,0.000,0.000,0.000
"15:45",23.040,0.000,63.700,0.000,0.000,0.000
"16:00",19.200,0.000,63.700,0.000,0.000,0.000
"16:15",19.507,0.000,63.700,0.000,0.000,0.000
"16:30",18.330,0.000,63.700,0.000,0.000,0.000
"16:45",15.770,0.000,63.700,0.000,0.000,0.000
"17:00",13.824,0.000,63.700,0.000,0.000,0.000
"17:15",12.902,0.000,63.700,0.000,0.000,0.000
"17:30",6.912,0.000,63.700,0.000,0.000,0.000
"17:45",2.662,0.051,63.700,0.768,0.000,0.000
"18:00",0.870,1.126,63.700,2.304,0.000,0.000
"18:15",0.102,3.482,63.700,3.072,0.000,0.000
"18:30",0.000,5.837,63.700,3.994,0.000,0.000
"18:45",0.000,5.786,63.700,3.994,0.000,0.000
"19:00",0.000,5.222,63.700,4.352,0.000,0.000
"19:15",0.000,5.222,63.700,4.864,0.000,0.000
"19:30",0.000,5.530,63.600,4.557,0.000,0.000
"19:45",0.000,4.915,63.600,4.454,0.000,0.000
"20:00",0.000,5.325,63.700,4.659,0.000,0.000
"20:15",0.000,5.120,63.700,4.659,0.000,0.000
"20:30",0.000,4.915,63.700,4.710,0.000,0.000
"20:45",0.000,5.069,63.700,4.966,0.000,0.000
"21:00",0.000,5.683,63.700,4.966,0.000,0.000
"21:15",0.000,5.632,63.700,4.813,0.000,0.000
"21:30",0.000,5.478,63.700,4.710,0.000,0.000
"21:45",0.000,5.734,63.700,4.813,0.000,0.000
"22:00",0.000,5.376,63.700,5.171,0.000,0.000
"22:15",0.000,6.093,63.700,4.454,0.000,0.000
"22:30",0.000,6.042,63.700,4.301,0.000,0.000
"22:45",0.000,6.656,63.700,4.454,0.000,0.000
"23:00",0.000,6.656,63.700,4.864,0.000,0.000
"23:15",0.000,6.707,63.600,4.915,0.000,0.000
"23:30",0.000,6.400,63.600,4.557,0.000,0.000
"23:45",0.000,5.837,63.700,4.659,0.000,0.000
" 5/21/26 24:00",0.000,6.246,63.700,4.762,0.000,0.000
