"kwh"
"Time ","DAGSR01P","DAGSR01P","DAGSR01P","DAGSR01P","DAGSR01P","DAGSR01P"
" 2/27/26 00:15",0.000,171.264,63.600,0.000,94.874,0.000
" 2/27/26 00:30",0.000,170.496,63.600,0.000,93.901,0.000
"00:45",0.000,170.240,63.600,0.000,94.208,0.000
"01:00",0.000,170.138,63.600,0.000,94.003,0.000
"01:15",0.000,170.650,63.600,0.000,94.208,0.000
"01:30",0.000,170.906,63.600,0.000,94.720,0.000
"01:45",0.000,171.059,63.600,0.000,94.822,0.000
"02:00",0.000,170.803,63.600,0.000,94.413,0.000
"02:15",0.000,170.240,63.600,0.000,94.003,0.000
"02:30",0.000,170.496,63.600,0.000,93.901,0.000
"02:45",0.000,170.240,63.600,0.000,93.798,0.000
"03:00",0.000,170.240,63.600,0.000,93.952,0.000
"03:15",0.000,170.957,63.600,0.000,94.618,0.000
"03:30",0.000,170.957,63.600,0.000,94.822,0.000
"03:45",0.000,170.752,63.600,0.000,94.157,0.000
"04:00",0.000,170.138,63.600,0.000,93.952,0.000
"04:15",0.000,170.547,63.600,0.000,94.003,0.000
"04:30",0.000,170.342,63.600,0.000,93.952,0.000
"04:45",0.000,171.059,63.600,0.000,94.566,0.000
"05:00",0.000,170.957,63.600,0.000,94.669,0.000
"05:15",0.000,170.035,63.600,0.000,93.901,0.000
"05:30",0.000,169.882,63.600,0.000,94.003,0.000
"05:45",0.000,169.984,63.600,0.000,93.952,0.000
"06:00",0.000,170.445,63.600,0.000,94.003,0.000
"06:15",0.000,170.598,63.600,0.000,94.720,0.000
"06:30",0.000,171.059,63.600,0.000,94.618,0.000
"06:45",0.000,171.162,63.600,0.000,94.157,0.000
"07:00",0.000,170.650,63.600,0.000,93.798,0.000
"07:15",0.000,149.453,63.600,0.000,80.435,0.000
"07:30",0.000,108.851,63.600,0.000,60.621,0.000
"07:45",0.000,104.755,63.600,0.000,59.187,0.000
"08:00",0.000,105.523,63.600,0.000,60.109,0.000
"08:15",0.000,100.403,63.600,0.000,60.570,0.000
"08:30",0.000,96.051,63.600,0.000,60.211,0.000
"08:45",0.000,59.853,63.600,0.000,43.366,0.000
"09:00",0.000,54.118,63.600,0.000,39.014,0.000
"09:15",0.000,53.146,63.600,0.000,39.270,0.000
"09:30",0.000,72.141,63.600,0.000,55.808,0.000
"09:45",0.000,79.974,63.600,0.000,64.768,0.000
"10:00",0.000,58.829,63.600,0.000,53.555,0.000
"10:15",0.000,58.982,63.700,0.000,46.746,0.000
"10:30",1.126,25.754,63.600,0.000,29.594,2.765
"10:45",10.547,3.277,63.600,0.000,5.632,27.597
"11:00",6.400,10.035,63.600,0.000,15.206,18.432
"11:15",0.000,16.998,63.600,0.000,42.854,0.000
"11:30",0.000,21.965,63.600,0.000,48.845,0.000
"11:45",0.051,14.643,63.500,0.000,39.578,3.072
"12:00",1.434,10.547,63.600,0.000,33.229,9.370
"12:15",0.000,40.038,63.600,0.000,41.011,0.000
"12:30",0.000,24.166,63.600,0.000,41.267,0.205
"12:45",0.358,37.683,63.600,0.000,38.554,2.253
"13:00",0.000,54.528,63.600,0.000,41.523,0.000
"13:15",0.000,48.435,63.600,0.000,42.086,0.000
"13:30",0.102,33.638,63.600,0.000,41.267,0.768
"13:45",0.512,25.446,63.600,0.000,38.093,3.635
"14:00",1.178,11.162,63.600,0.000,34.509,7.680
"14:15",1.434,10.598,63.600,0.000,33.485,8.755
"14:30",0.000,39.117,63.600,0.000,41.779,0.000
"14:45",0.000,57.549,63.600,0.000,53.709,0.000
"15:00",0.000,61.850,63.600,0.000,54.272,0.000
"15:15",0.000,45.978,63.600,0.000,55.194,0.000
"15:30",0.000,40.448,63.600,0.000,58.010,0.000
"15:45",0.000,85.146,63.600,0.000,74.650,0.000
"16:00",0.000,81.152,63.600,0.000,75.725,0.000
"16:15",0.000,102.605,63.600,0.000,75.059,0.000
"16:30",0.000,117.453,63.600,0.000,92.518,0.000
"16:45",0.000,125.594,63.600,0.000,95.693,0.000
"17:00",0.000,99.738,63.600,0.000,85.811,0.000
"17:15",0.000,112.077,63.500,0.000,84.634,0.000
"17:30",0.000,113.101,63.600,0.000,86.221,0.000
"17:45",0.000,115.046,63.600,0.000,86.170,0.000
"18:00",0.000,121.395,63.500,0.000,85.453,0.000
"18:15",0.000,131.942,63.600,0.000,86.067,0.000
"18:30",0.000,141.261,63.600,0.000,85.811,0.000
"18:45",0.000,147.149,63.500,0.000,85.965,0.000
"19:00",0.000,153.958,63.600,0.000,85.914,0.000
"19:15",0.000,160.256,63.600,0.000,85.709,0.000
"19:30",0.000,164.506,63.600,0.000,85.811,0.000
"19:45",0.000,167.014,63.600,0.000,85.914,0.000
"20:00",0.000,168.192,63.600,0.000,85.965,0.000
"20:15",0.000,168.806,63.600,0.000,85.811,0.000
"20:30",0.000,169.626,63.600,0.000,86.016,0.000
"20:45",0.000,170.035,63.600,0.000,85.914,0.000
"21:00",0.000,171.110,63.500,0.000,85.760,0.000
"21:15",0.000,170.854,63.500,0.000,85.453,0.000
"21:30",0.000,170.547,63.500,0.000,85.350,0.000
"21:45",0.000,169.984,63.500,0.000,85.350,0.000
"22:00",0.000,167.629,63.500,0.000,84.275,0.000
"22:15",0.000,168.550,63.500,0.000,84.685,0.000
"22:30",0.000,168.397,63.500,0.000,84.685,0.000
"22:45",0.000,167.168,63.500,0.000,84.378,0.000
"23:00",0.000,167.424,63.500,0.000,84.122,0.000
"23:15",0.000,167.014,63.500,0.000,84.224,0.000
"23:30",0.000,167.680,63.600,0.000,83.814,0.000
"23:45",0.000,167.987,63.600,0.000,84.070,0.000
" 2/27/26 24:00",0.000,168.243,63.600,0.000,84.378,0.000
