"kwh"
"Time ","DAGSR01P","DAGSR01P","DAGSR01P","DAGSR01P","DAGSR01P","DAGSR01P"
" 4/01/26 00:15",0.000,38.554,63.600,0.000,18.227,0.000
" 4/01/26 00:30",0.000,39.885,63.600,0.000,18.790,0.000
"00:45",0.000,38.810,63.600,0.000,18.381,0.000
"01:00",0.000,39.270,63.600,0.000,18.790,0.000
"01:15",0.000,38.400,63.600,0.000,18.278,0.000
"01:30",0.000,38.554,63.600,0.000,18.227,0.000
"01:45",0.000,39.270,63.600,0.000,18.534,0.000
"02:00",0.000,38.451,63.600,0.000,18.176,0.000
"02:15",0.000,39.322,63.600,0.000,18.586,0.000
"02:30",0.000,38.810,63.600,0.000,18.227,0.000
"02:45",0.000,38.861,63.600,0.000,18.074,0.000
"03:00",0.000,39.680,63.600,0.000,18.483,0.000
"03:15",0.000,38.605,63.600,0.000,18.022,0.000
"03:30",0.000,39.424,63.600,0.000,18.432,0.000
"03:45",0.000,38.656,63.600,0.000,18.022,0.000
"04:00",0.000,38.605,63.600,0.000,17.920,0.000
"04:15",0.000,39.578,63.600,0.000,18.483,0.000
"04:30",0.000,39.014,63.600,0.000,17.920,0.000
"04:45",0.000,39.219,63.600,0.000,18.227,0.000
"05:00",0.000,38.861,63.600,0.000,18.074,0.000
"05:15",0.000,38.605,63.600,0.000,18.125,0.000
"05:30",0.000,39.322,63.600,0.000,18.330,0.000
"05:45",0.000,38.861,63.600,0.000,17.715,0.000
"06:00",0.000,38.758,63.600,0.000,17.818,0.000
"06:15",0.000,39.578,63.600,0.000,18.227,0.000
"06:30",0.000,38.451,63.600,0.000,17.766,0.000
"06:45",0.000,38.861,63.600,0.000,17.971,0.000
"07:00",0.000,38.963,63.600,0.000,17.971,0.000
"07:15",0.000,38.963,63.600,0.000,17.562,0.000
"07:30",0.000,39.117,63.600,0.000,17.408,0.000
"07:45",0.000,35.891,63.600,0.000,17.459,0.000
"08:00",0.102,21.709,63.600,0.973,10.189,0.000
"08:15",0.000,4.813,63.600,2.918,0.102,0.000
"08:30",0.205,3.379,63.600,2.253,0.051,0.000
"08:45",0.563,2.970,63.600,2.202,0.000,0.000
"09:00",1.741,0.870,63.600,2.099,0.051,0.102
"09:15",5.069,1.792,63.600,0.205,0.973,0.205
"09:30",4.659,12.237,63.700,0.000,6.246,0.051
"09:45",6.298,6.349,63.700,0.000,3.686,0.000
"10:00",23.962,3.482,63.700,0.000,3.072,0.256
"10:15",19.405,0.000,63.700,0.000,0.051,7.987
"10:30",54.374,0.000,63.700,0.000,0.000,1.229
"10:45",52.275,0.000,63.700,0.000,0.000,0.563
"11:00",26.726,0.000,63.700,0.000,0.154,3.584
"11:15",39.936,0.000,63.700,0.000,0.000,2.816
"11:30",56.576,0.000,63.700,0.000,0.000,0.410
"11:45",65.843,0.000,63.700,0.000,0.000,0.512
"12:00",61.235,0.000,63.700,0.000,0.000,0.461
"12:15",37.990,0.000,63.700,0.000,0.000,0.205
"12:30",11.418,1.894,63.400,0.922,0.358,0.000
"12:45",40.960,0.000,63.700,0.000,0.000,0.358
"13:00",82.944,0.000,63.700,0.000,0.000,1.126
"13:15",80.026,0.000,63.700,0.000,0.000,1.024
"13:30",82.432,0.000,63.700,0.000,0.000,0.768
"13:45",84.019,0.000,63.700,0.000,0.000,0.768
"14:00",84.582,0.000,63.700,0.000,0.000,0.666
"14:15",82.637,0.000,63.800,0.000,0.000,0.768
"14:30",82.688,0.000,63.700,0.000,0.000,0.666
"14:45",56.986,0.000,63.800,0.000,0.000,0.461
"15:00",65.434,0.000,63.800,0.000,0.000,0.563
"15:15",58.010,0.000,63.800,0.000,0.000,0.666
"15:30",51.610,0.000,63.800,0.000,0.000,0.819
"15:45",63.078,0.000,63.800,0.000,0.000,0.768
"16:00",63.130,0.000,63.800,0.000,0.000,0.666
"16:15",54.630,0.000,63.700,0.154,0.000,0.922
"16:30",28.211,0.051,63.700,0.205,0.000,0.256
"16:45",34.048,0.000,63.700,0.000,0.000,0.512
"17:00",21.965,1.178,63.700,0.000,0.614,0.410
"17:15",18.074,0.000,63.700,0.000,0.000,0.307
"17:30",24.832,0.154,63.700,0.256,0.000,0.205
"17:45",23.296,0.307,63.700,0.614,0.051,0.410
"18:00",17.459,0.000,63.700,0.000,0.000,0.307
"18:15",10.138,0.000,63.700,0.051,0.000,0.102
"18:30",3.379,0.768,63.700,1.229,0.000,0.000
"18:45",2.867,0.205,63.700,0.461,0.000,0.000
"19:00",0.512,2.304,63.700,1.946,0.051,0.000
"19:15",0.102,3.635,63.700,2.560,0.051,0.000
"19:30",0.000,5.222,63.700,3.635,0.000,0.000
"19:45",0.000,5.018,63.700,3.584,0.000,0.000
"20:00",0.000,5.683,63.700,3.686,0.000,0.000
"20:15",0.000,5.427,63.700,3.942,0.000,0.000
"20:30",0.000,5.632,63.700,4.147,0.051,0.000
"20:45",0.000,5.786,63.700,3.840,0.000,0.000
"21:00",0.000,5.120,63.700,3.994,0.000,0.000
"21:15",0.000,5.120,63.600,4.045,0.000,0.000
"21:30",0.000,6.093,63.600,3.635,0.051,0.000
"21:45",0.000,5.734,63.600,4.403,0.000,0.000
"22:00",0.000,6.349,63.600,4.557,0.000,0.000
"22:15",0.000,7.066,63.600,4.301,0.000,0.000
"22:30",0.000,6.963,63.600,4.813,0.000,0.000
"22:45",0.000,6.400,63.600,5.120,0.000,0.000
"23:00",0.000,6.861,63.700,4.198,0.000,0.000
"23:15",0.000,5.939,63.700,4.147,0.000,0.000
"23:30",0.000,5.530,63.600,3.738,0.000,0.000
"23:45",0.000,6.861,63.600,3.379,0.000,0.000
" 4/01/26 24:00",0.000,5.786,63.600,3.328,0.000,0.000
