"kwh"
"Time ","DAGSR01P","DAGSR01P","DAGSR01P","DAGSR01P","DAGSR01P","DAGSR01P"
" 7/18/26 00:15",0.000,4.403,63.700,6.349,0.000,0.000
" 7/18/26 00:30",0.000,4.301,63.700,6.451,0.000,0.000
"00:45",0.000,4.557,63.700,6.093,0.000,0.000
"01:00",0.000,3.328,63.700,6.554,0.000,0.000
"01:15",0.000,3.635,63.700,6.349,0.000,0.000
"01:30",0.000,4.403,63.600,6.195,0.000,0.000
"01:45",0.000,3.738,63.600,6.502,0.000,0.000
"02:00",0.000,3.738,63.700,6.605,0.000,0.000
"02:15",0.000,3.891,63.600,6.400,0.000,0.000
"02:30",0.000,4.147,63.700,6.400,0.000,0.000
"02:45",0.000,3.635,63.700,6.707,0.000,0.000
"03:00",0.000,3.840,63.700,6.758,0.000,0.000
"03:15",0.000,4.608,63.700,6.349,0.000,0.000
"03:30",0.000,3.840,63.700,7.066,0.000,0.000
"03:45",0.000,3.942,63.700,6.707,0.000,0.000
"04:00",0.000,4.250,63.700,6.656,0.000,0.000
"04:15",0.000,3.686,63.700,6.912,0.000,0.000
"04:30",0.000,4.096,63.700,7.322,0.000,0.000
"04:45",0.000,4.352,63.700,7.885,0.000,0.000
"05:00",0.000,4.506,63.700,6.963,0.000,0.000
"05:15",0.000,3.789,63.700,7.526,0.000,0.000
"05:30",0.000,3.635,63.700,7.782,0.000,0.000
"05:45",0.000,4.301,63.700,6.912,0.000,0.000
"06:00",0.000,3.635,63.700,7.270,0.000,0.000
"06:15",0.000,4.096,63.700,7.117,0.000,0.000
"06:30",0.000,3.789,63.700,7.066,0.000,0.000
"06:45",0.000,4.403,63.700,6.554,0.000,0.000
"07:00",0.000,4.198,63.700,6.963,0.000,0.000
"07:15",0.000,4.403,63.600,7.014,0.000,0.000
"07:30",0.000,4.710,63.600,6.656,0.000,0.000
"07:45",0.000,4.608,63.600,7.014,0.000,0.000
"08:00",0.000,4.250,63.600,7.270,0.000,0.000
"08:15",0.000,4.557,63.600,7.168,0.000,0.000
"08:30",0.000,5.376,63.600,6.451,0.000,0.000
"08:45",0.000,4.198,63.600,6.861,0.000,0.000
"09:00",0.461,2.048,63.600,4.608,0.000,0.000
"09:15",0.768,1.178,63.600,3.584,0.000,0.000
"09:30",0.256,2.099,63.600,4.096,0.000,0.000
"09:45",1.946,0.666,63.600,2.048,0.000,0.000
"10:00",11.981,0.000,63.600,0.000,0.000,0.000
"10:15",7.680,0.000,63.600,0.000,0.000,0.000
"10:30",8.448,0.000,63.600,0.000,0.000,0.000
"10:45",10.138,0.000,63.600,0.000,0.000,0.000
"11:00",25.702,0.000,63.600,0.000,0.000,0.000
"11:15",24.269,0.000,63.600,0.000,0.000,0.000
"11:30",19.558,0.000,63.600,0.000,0.000,0.000
"11:45",14.643,0.000,63.600,0.000,0.000,0.000
"12:00",15.002,0.000,63.600,0.000,0.000,0.000
"12:15",23.296,0.000,63.600,0.000,0.000,0.000
"12:30",18.074,0.000,63.600,0.000,0.000,0.000
"12:45",62.464,0.000,63.600,0.000,0.000,0.000
"13:00",97.280,0.000,63.600,0.000,0.000,0.000
"13:15",43.725,0.000,63.600,0.000,0.000,0.000
"13:30",57.139,0.000,63.700,0.000,0.000,0.000
"13:45",31.130,0.000,63.600,0.000,0.000,0.000
"14:00",11.059,0.000,63.700,0.000,0.000,0.000
"14:15",12.288,0.000,63.600,0.000,0.000,0.000
"14:30",44.698,0.000,63.700,0.000,0.000,0.000
"14:45",91.034,0.000,63.600,0.000,0.000,0.000
"15:00",68.710,0.000,63.600,0.000,0.000,0.000
"15:15",47.104,0.000,63.700,0.000,0.000,0.000
"15:30",56.422,0.000,63.600,0.000,0.000,0.000
"15:45",59.238,0.000,63.600,0.000,0.000,0.051
"16:00",33.587,0.000,63.600,0.000,0.000,0.000
"16:15",16.486,0.000,63.600,0.000,0.000,0.000
"16:30",5.376,0.000,63.600,0.000,0.000,0.000
"16:45",1.536,0.717,63.700,2.304,0.000,0.000
"17:00",0.102,2.202,63.700,5.478,0.000,0.000
"17:15",0.358,1.690,63.700,4.506,0.000,0.000
"17:30",1.126,0.614,63.700,2.816,0.000,0.000
"17:45",1.997,0.154,63.700,2.611,0.000,0.000
"18:00",0.819,1.024,63.700,4.045,0.000,0.000
"18:15",0.154,3.328,63.700,5.171,0.000,0.000
"18:30",0.000,4.147,63.700,6.912,0.000,0.000
"18:45",0.000,4.710,63.700,6.912,0.000,0.000
"19:00",0.000,4.813,63.700,6.554,0.000,0.000
"19:15",0.000,4.557,63.700,6.400,0.000,0.000
"19:30",0.000,4.301,63.700,6.605,0.000,0.000
"19:45",0.000,3.891,63.700,6.656,0.000,0.000
"20:00",0.000,4.864,63.600,6.349,0.000,0.000
"20:15",0.000,3.942,63.700,7.066,0.000,0.000
"20:30",0.000,3.994,63.700,6.810,0.000,0.000
"20:45",0.000,4.403,63.700,6.400,0.000,0.000
"21:00",0.000,3.789,63.700,7.066,0.000,0.000
"21:15",0.000,3.635,63.600,6.861,0.000,0.000
"21:30",0.000,4.762,63.600,6.144,0.000,0.000
"21:45",0.000,3.891,63.600,6.861,0.000,0.000
"22:00",0.000,3.994,63.700,6.912,0.000,0.000
"22:15",0.000,4.096,63.700,6.605,0.000,0.000
"22:30",0.000,4.250,63.700,6.861,0.000,0.000
"22:45",0.000,3.789,63.700,7.270,0.000,0.000
"23:00",0.000,4.403,63.700,7.322,0.000,0.000
"23:15",0.000,5.325,63.700,6.758,0.000,0.000
"23:30",0.000,4.045,63.700,7.014,0.000,0.000
"23:45",0.000,3.789,63.700,6.912,0.000,0.000
" 7/18/26 24:00",0.000,4.608,63.700,6.707,0.000,0.000
