"kwh"
"Time ","DAGSR01P","DAGSR01P","DAGSR01P","DAGSR01P","DAGSR01P","DAGSR01P"
" 5/03/26 00:15",0.000,39.117,63.600,0.000,16.691,0.000
" 5/03/26 00:30",0.000,37.939,63.600,0.000,15.206,0.000
"00:45",0.000,38.912,63.600,0.000,15.258,0.000
"01:00",0.000,39.219,63.600,0.000,15.923,0.000
"01:15",0.000,38.605,63.600,0.000,15.718,0.000
"01:30",0.000,38.144,63.600,0.000,14.797,0.000
"01:45",0.000,38.298,63.600,0.000,14.746,0.000
"02:00",0.000,39.066,63.600,0.000,15.821,0.000
"02:15",0.000,37.888,63.600,0.000,15.053,0.000
"02:30",0.000,37.786,63.600,0.000,14.746,0.000
"02:45",0.000,38.810,63.600,0.000,15.104,0.000
"03:00",0.000,39.322,63.600,0.000,15.462,0.000
"03:15",0.000,37.734,63.600,0.000,14.336,0.000
"03:30",0.000,37.990,63.600,0.000,14.336,0.000
"03:45",0.000,38.707,63.600,0.000,15.053,0.000
"04:00",0.000,38.605,63.700,0.000,15.104,0.000
"04:15",0.000,37.734,63.700,0.000,14.490,0.000
"04:30",0.000,37.786,63.700,0.000,14.490,0.000
"04:45",0.000,39.066,63.700,0.000,15.360,0.000
"05:00",0.000,38.554,63.600,0.000,15.309,0.000
"05:15",0.000,37.683,63.700,0.000,14.387,0.000
"05:30",0.000,37.888,63.600,0.000,14.029,0.000
"05:45",0.000,39.014,63.700,0.000,14.797,0.000
"06:00",0.000,38.656,63.700,0.000,14.234,0.000
"06:15",0.000,38.093,63.700,0.000,13.722,0.000
"06:30",0.000,37.888,63.700,0.000,14.285,0.000
"06:45",0.000,39.270,63.600,0.000,15.565,0.000
"07:00",0.000,38.144,63.600,0.000,14.746,0.000
"07:15",0.000,37.734,63.600,0.000,14.541,0.000
"07:30",0.000,37.786,63.600,0.000,14.438,0.000
"07:45",0.000,38.912,63.600,0.000,15.462,0.000
"08:00",0.000,38.093,63.600,0.000,14.899,0.000
"08:15",0.000,37.171,63.600,0.000,14.438,0.000
"08:30",0.000,34.304,63.600,0.000,14.899,0.000
"08:45",0.000,26.778,63.600,0.000,15.462,0.000
"09:00",0.000,15.667,63.600,0.000,14.848,0.000
"09:15",0.000,7.526,63.600,0.000,14.285,0.102
"09:30",1.485,1.434,63.700,0.000,6.861,8.755
"09:45",39.936,0.000,63.700,0.000,0.102,0.512
"10:00",48.589,0.000,63.700,0.000,0.000,0.000
"10:15",55.962,0.000,63.700,0.000,0.000,0.102
"10:30",61.338,0.000,63.600,0.000,0.000,0.307
"10:45",66.560,0.000,63.600,0.000,0.000,0.512
"11:00",73.421,0.000,63.600,0.000,0.000,0.256
"11:15",78.541,0.000,63.600,0.000,0.000,0.358
"11:30",81.664,0.000,63.700,0.000,0.000,0.717
"11:45",83.814,0.000,63.700,0.000,0.000,1.229
"12:00",89.651,0.000,63.700,0.000,0.000,0.563
"12:15",92.109,0.000,63.700,0.000,0.000,0.563
"12:30",94.003,0.000,63.700,0.000,0.000,1.024
"12:45",96.307,0.000,63.700,0.000,0.000,0.717
"13:00",98.714,0.000,63.700,0.000,0.000,0.666
"13:15",99.072,0.000,63.700,0.000,0.000,0.870
"13:30",99.021,0.000,63.700,0.000,0.000,1.075
"13:45",99.891,0.000,63.700,0.000,0.000,0.666
"14:00",99.430,0.000,63.700,0.000,0.000,0.717
"14:15",96.410,0.000,63.700,0.000,0.000,1.126
"14:30",94.464,0.000,63.700,0.000,0.000,0.870
"14:45",93.184,0.000,63.700,0.000,0.000,0.512
"15:00",90.880,0.000,63.700,0.000,0.000,0.717
"15:15",86.989,0.000,63.700,0.000,0.000,0.922
"15:30",84.019,0.000,63.700,0.000,0.000,0.512
"15:45",79.667,0.000,63.700,0.000,0.000,0.358
"16:00",73.574,0.000,63.700,0.000,0.000,0.512
"16:15",67.942,0.000,63.700,0.000,0.000,0.461
"16:30",63.027,0.000,63.700,0.000,0.000,0.102
"16:45",56.269,0.000,63.700,0.000,0.000,0.051
"17:00",48.435,0.000,63.700,0.000,0.000,0.307
"17:15",41.626,0.000,63.700,0.000,0.000,0.154
"17:30",34.406,0.000,63.700,0.000,0.000,0.000
"17:45",25.651,0.000,63.700,0.000,0.000,0.000
"18:00",16.384,0.000,63.700,0.000,0.000,0.205
"18:15",7.987,0.000,63.700,0.102,0.000,0.000
"18:30",0.358,2.406,63.700,2.406,0.000,0.000
"18:45",0.000,5.786,63.600,3.021,0.000,0.000
"19:00",0.000,5.888,63.600,3.430,0.000,0.000
"19:15",0.000,4.966,63.600,4.198,0.000,0.000
"19:30",0.000,5.120,63.600,4.454,0.000,0.000
"19:45",0.000,6.349,63.600,3.942,0.000,0.000
"20:00",0.000,5.069,63.600,4.762,0.000,0.000
"20:15",0.000,5.018,63.600,4.762,0.000,0.000
"20:30",0.000,6.042,63.600,3.942,0.000,0.000
"20:45",0.000,5.478,63.600,4.096,0.000,0.000
"21:00",0.000,4.813,63.600,4.864,0.000,0.000
"21:15",0.000,4.966,63.600,4.557,0.000,0.000
"21:30",0.000,5.786,63.600,3.994,0.000,0.000
"21:45",0.000,5.069,63.600,4.762,0.000,0.000
"22:00",0.000,4.915,63.600,4.966,0.000,0.000
"22:15",0.000,5.581,63.600,4.045,0.000,0.000
"22:30",0.000,5.018,63.600,4.659,0.000,0.000
"22:45",0.000,4.608,63.600,5.274,0.000,0.000
"23:00",0.000,5.018,63.700,5.274,0.000,0.000
"23:15",0.000,6.400,63.700,4.557,0.000,0.000
"23:30",0.000,5.222,63.700,5.376,0.000,0.000
"23:45",0.000,5.171,63.700,5.376,0.000,0.000
" 5/03/26 24:00",0.000,5.734,63.700,4.710,0.000,0.000
