"kwh"
"Time ","DAGSR01P","DAGSR01P","DAGSR01P","DAGSR01P","DAGSR01P","DAGSR01P"
" 3/05/26 00:15",0.000,1.485,21.200,6.912,0.000,0.000
" 3/05/26 00:30",0.000,0.205,9.300,7.373,0.000,0.000
"00:45",0.000,0.614,12.200,7.885,0.000,0.000
"01:00",0.000,0.461,9.800,7.885,0.000,0.000
"01:15",0.000,0.410,9.700,7.834,0.000,0.000
"01:30",0.000,0.461,9.700,7.834,0.000,0.000
"01:45",0.000,0.461,9.800,7.834,0.000,0.000
"02:00",0.000,0.461,9.700,7.834,0.000,0.000
"02:15",0.000,0.410,9.800,7.885,0.000,0.000
"02:30",0.000,0.410,9.700,7.834,0.000,0.000
"02:45",0.000,0.563,10.300,7.834,0.000,0.000
"03:00",0.000,0.563,10.200,7.885,0.000,0.000
"03:15",0.000,0.512,10.200,7.834,0.000,0.000
"03:30",0.000,0.512,10.300,7.834,0.000,0.000
"03:45",0.000,0.512,10.200,7.885,0.000,0.000
"04:00",0.000,0.512,10.300,7.885,0.000,0.000
"04:15",0.000,0.461,10.100,7.834,0.000,0.000
"04:30",0.000,0.410,9.700,7.834,0.000,0.000
"04:45",0.000,0.410,9.900,7.885,0.000,0.000
"05:00",0.000,0.358,9.700,7.834,0.000,0.000
"05:15",0.000,0.461,9.800,7.834,0.000,0.000
"05:30",0.000,0.410,9.800,7.834,0.000,0.000
"05:45",0.000,0.358,9.900,7.885,0.000,0.000
"06:00",0.000,0.358,9.900,7.885,0.000,0.000
"06:15",0.000,0.461,9.800,7.834,0.000,0.000
"06:30",0.000,0.461,9.900,7.834,0.000,0.000
"06:45",0.000,0.512,10.100,7.885,0.000,0.000
"07:00",0.000,0.512,9.800,7.936,0.000,0.000
"07:15",0.000,0.410,9.900,7.936,0.000,0.000
"07:30",0.000,0.358,9.800,7.936,0.000,0.000
"07:45",0.000,0.307,9.800,7.987,0.000,0.000
"08:00",0.000,0.256,9.900,7.936,0.000,0.000
"08:15",0.000,0.307,9.800,8.038,0.000,0.000
"08:30",0.000,0.307,9.800,7.987,0.000,0.000
"08:45",0.000,0.512,9.500,7.987,0.000,0.000
"09:00",0.000,0.461,9.300,7.936,0.000,0.000
"09:15",0.000,0.512,9.300,7.987,0.000,0.000
"09:30",0.000,0.461,9.300,7.936,0.000,0.000
"09:45",0.000,0.717,9.800,7.885,0.000,0.000
"10:00",0.000,1.178,8.200,11.059,0.000,0.000
"10:15",0.000,1.638,7.400,12.595,0.000,0.000
"10:30",0.000,1.843,7.800,12.390,0.000,0.000
"10:45",0.000,1.843,8.200,12.288,0.000,0.000
"11:00",0.000,1.792,7.800,12.237,0.000,0.000
"11:15",0.000,1.894,6.700,12.186,0.000,0.000
"11:30",0.000,1.843,6.900,12.390,0.000,0.000
"11:45",0.000,1.843,6.900,12.595,0.000,0.000
"12:00",0.000,1.536,6.900,12.544,0.000,0.000
"12:15",0.000,1.331,6.900,12.595,0.000,0.000
"12:30",0.000,1.382,7.000,12.493,0.000,0.000
"12:45",0.000,1.382,7.100,12.493,0.000,0.000
"13:00",0.000,1.638,6.700,12.595,0.000,0.000
"13:15",0.000,1.843,6.800,12.646,0.000,0.000
"13:30",0.000,1.946,6.800,12.646,0.000,0.000
"13:45",0.000,1.485,7.100,12.749,0.000,0.000
"14:00",0.000,1.536,6.800,12.698,0.000,0.000
"14:15",0.000,1.434,7.400,12.800,0.000,0.000
"14:30",0.000,1.741,7.000,12.749,0.000,0.000
"14:45",0.000,1.946,7.100,12.749,0.000,0.000
"15:00",0.000,1.638,8.000,12.749,0.000,0.000
"15:15",0.000,1.587,7.700,12.698,0.000,0.000
"15:30",0.000,1.331,7.700,12.800,0.000,0.000
"15:45",0.000,1.382,7.800,12.698,0.000,0.000
"16:00",0.000,1.229,7.900,12.851,0.000,0.000
"16:15",0.000,3.686,54.300,6.861,0.256,0.000
"16:30",0.000,4.864,63.900,2.355,3.635,0.000
"16:45",0.000,3.533,63.700,8.550,0.051,0.000
"17:00",0.000,2.867,63.700,7.578,0.051,0.000
"17:15",0.102,2.611,63.700,6.861,0.051,0.000
"17:30",0.256,2.867,63.700,6.144,0.000,0.000
"17:45",0.154,1.485,14.400,12.237,0.000,0.000
"18:00",0.000,1.126,8.900,12.851,0.000,0.000
"18:15",0.000,1.126,9.100,12.800,0.000,0.000
"18:30",0.000,1.178,8.900,12.800,0.000,0.000
"18:45",0.000,1.485,8.100,12.339,0.000,0.000
"19:00",0.000,1.587,8.300,12.390,0.000,0.000
"19:15",0.000,1.536,7.900,12.390,0.000,0.000
"19:30",0.000,1.536,7.700,12.390,0.000,0.000
"19:45",0.000,1.485,7.800,12.493,0.000,0.000
"20:00",0.000,3.635,28.300,10.445,0.000,0.051
"20:15",0.000,6.912,63.600,6.656,0.000,0.000
"20:30",0.000,6.810,63.700,6.349,0.000,0.000
"20:45",0.000,6.861,63.700,6.502,0.000,0.000
"21:00",0.000,6.963,63.600,6.195,0.000,0.000
"21:15",0.000,6.861,63.700,6.246,0.000,0.000
"21:30",0.000,6.758,63.700,6.195,0.000,0.000
"21:45",0.000,6.451,63.700,6.451,0.000,0.000
"22:00",0.000,6.298,63.700,6.554,0.000,0.000
"22:15",0.000,6.298,63.700,6.605,0.000,0.000
"22:30",0.000,6.298,63.700,6.605,0.000,0.000
"22:45",0.000,6.246,63.700,6.605,0.000,0.000
"23:00",0.000,6.400,63.700,6.810,0.000,0.000
"23:15",0.000,6.656,63.700,6.758,0.000,0.000
"23:30",0.000,6.195,63.700,6.758,0.000,0.000
"23:45",0.000,5.530,63.700,7.526,0.000,0.000
" 3/05/26 24:00",0.000,3.738,63.700,8.602,0.000,0.000
