"kwh"
"Time ","DAGSR01P","DAGSR01P","DAGSR01P","DAGSR01P","DAGSR01P","DAGSR01P"
" 7/08/26 00:15",0.000,5.990,63.600,6.246,0.000,0.000
" 7/08/26 00:30",0.000,5.530,63.700,6.246,0.000,0.000
"00:45",0.000,5.376,63.600,6.195,0.000,0.000
"01:00",0.000,5.632,63.700,6.349,0.000,0.000
"01:15",0.000,5.888,63.600,6.195,0.000,0.000
"01:30",0.000,5.837,63.600,6.298,0.000,0.000
"01:45",0.000,5.478,63.600,6.605,0.000,0.000
"02:00",0.000,4.915,63.600,6.707,0.000,0.000
"02:15",0.000,4.864,63.600,6.758,0.000,0.000
"02:30",0.000,4.915,63.600,6.810,0.000,0.000
"02:45",0.000,4.403,63.700,6.758,0.000,0.000
"03:00",0.000,4.454,63.700,6.912,0.000,0.000
"03:15",0.000,4.352,63.700,6.861,0.000,0.000
"03:30",0.000,4.608,63.700,6.707,0.000,0.000
"03:45",0.000,4.710,63.600,6.861,0.000,0.000
"04:00",0.000,4.762,63.600,6.861,0.000,0.000
"04:15",0.000,4.454,63.600,6.810,0.000,0.000
"04:30",0.000,4.403,63.600,6.912,0.000,0.000
"04:45",0.000,4.454,63.600,7.014,0.000,0.000
"05:00",0.000,4.454,63.600,7.014,0.000,0.000
"05:15",0.000,4.813,63.700,6.810,0.000,0.000
"05:30",0.000,4.762,63.600,6.605,0.000,0.000
"05:45",0.000,4.557,63.600,6.605,0.000,0.000
"06:00",0.000,4.710,63.600,6.758,0.000,0.000
"06:15",0.000,4.915,63.700,6.656,0.000,0.000
"06:30",0.000,4.506,63.600,6.758,0.000,0.000
"06:45",0.000,5.171,63.700,6.707,0.000,0.000
"07:00",0.000,5.376,63.600,6.554,0.000,0.000
"07:15",0.000,5.069,63.600,6.400,0.000,0.000
"07:30",0.000,5.427,63.600,6.656,0.000,0.000
"07:45",0.000,5.120,63.600,5.990,0.000,0.000
"08:00",0.000,6.554,63.600,6.042,0.000,0.000
"08:15",0.000,6.861,63.600,6.349,0.000,0.000
"08:30",0.000,6.758,63.600,5.530,0.000,0.000
"08:45",0.000,29.645,63.600,1.434,10.138,0.000
"09:00",0.000,26.419,63.600,1.741,9.472,0.000
"09:15",0.819,2.099,63.600,3.226,0.000,0.000
"09:30",1.075,1.280,63.600,3.072,0.000,0.000
"09:45",1.997,0.461,63.600,2.253,0.000,0.000
"10:00",18.534,0.000,63.600,0.000,0.000,0.000
"10:15",44.595,0.000,63.600,0.000,0.000,0.051
"10:30",51.251,0.000,63.600,0.000,0.000,0.000
"10:45",34.304,0.000,63.600,0.000,0.000,8.397
"11:00",40.909,0.000,63.700,0.000,0.000,8.448
"11:15",66.560,0.000,63.700,0.000,0.000,0.000
"11:30",59.597,0.000,63.700,0.000,0.000,0.000
"11:45",64.000,0.000,63.700,0.000,0.000,0.000
"12:00",65.382,0.000,63.700,0.000,0.000,0.000
"12:15",66.150,0.000,63.700,0.000,0.000,0.051
"12:30",54.426,0.000,63.600,0.000,0.000,0.000
"12:45",41.523,0.000,63.600,0.000,0.000,0.000
"13:00",66.867,0.000,63.600,0.000,0.000,0.307
"13:15",63.078,0.000,63.600,0.000,0.000,0.205
"13:30",73.830,0.000,63.600,0.000,0.000,13.056
"13:45",75.213,0.000,63.600,0.000,0.000,9.626
"14:00",88.883,0.000,63.600,0.000,0.000,0.512
"14:15",84.531,0.000,63.600,0.000,0.000,0.563
"14:30",82.278,0.000,63.600,0.000,0.000,0.051
"14:45",57.702,0.000,63.600,0.000,0.000,12.954
"15:00",58.726,0.000,63.600,0.000,0.000,3.430
"15:15",58.880,0.000,63.600,0.000,0.000,0.000
"15:30",85.658,0.000,63.600,0.000,0.000,0.000
"15:45",68.454,0.000,63.600,0.000,0.000,0.000
"16:00",47.616,0.000,63.600,0.000,0.000,0.000
"16:15",41.062,0.000,63.600,0.000,0.000,0.000
"16:30",26.010,0.000,63.700,0.000,0.000,0.000
"16:45",16.742,0.000,63.700,0.000,0.000,0.000
"17:00",13.824,0.000,63.700,0.000,0.000,0.000
"17:15",10.701,0.000,63.700,0.000,0.000,0.000
"17:30",7.578,0.000,63.700,0.000,0.000,0.000
"17:45",2.816,0.154,63.700,1.178,0.000,0.000
"18:00",1.178,0.666,63.700,3.021,0.000,0.000
"18:15",0.205,2.406,63.700,3.994,0.000,0.000
"18:30",0.000,5.478,63.700,5.888,0.000,0.000
"18:45",0.000,5.274,63.700,5.888,0.000,0.000
"19:00",0.000,4.352,63.700,6.554,0.000,0.000
"19:15",0.000,4.403,63.600,6.707,0.000,0.000
"19:30",0.000,5.222,63.700,6.042,0.000,0.000
"19:45",0.000,4.352,63.700,6.093,0.000,0.000
"20:00",0.000,4.915,63.700,6.042,0.000,0.000
"20:15",0.000,4.403,63.700,6.093,0.000,0.000
"20:30",0.000,5.018,63.700,5.683,0.000,0.000
"20:45",0.000,4.762,63.600,6.349,0.000,0.000
"21:00",0.000,4.301,63.600,6.554,0.000,0.000
"21:15",0.000,4.454,63.600,6.298,0.000,0.000
"21:30",0.000,6.144,63.600,5.837,0.000,0.000
"21:45",0.000,4.966,63.600,6.349,0.000,0.000
"22:00",0.000,5.427,63.600,6.349,0.000,0.000
"22:15",0.000,5.427,63.600,6.451,0.000,0.000
"22:30",0.000,5.683,63.600,6.144,0.000,0.000
"22:45",0.000,5.427,63.600,6.861,0.000,0.000
"23:00",0.000,5.427,63.600,6.707,0.000,0.000
"23:15",0.000,5.171,63.600,6.656,0.000,0.000
"23:30",0.000,6.246,63.600,5.990,0.000,0.000
"23:45",0.000,5.786,63.700,6.605,0.000,0.000
" 7/08/26 24:00",0.000,5.478,63.600,6.656,0.000,0.000
