"kwh"
"Time ","DAGSR01P","DAGSR01P","DAGSR01P","DAGSR01P","DAGSR01P","DAGSR01P"
" 4/14/26 00:15",0.000,35.994,63.700,0.000,13.414,0.000
" 4/14/26 00:30",0.000,37.171,63.700,0.000,14.029,0.000
"00:45",0.000,36.250,63.700,0.000,12.851,0.000
"01:00",0.000,35.994,63.700,0.000,13.824,0.000
"01:15",0.000,36.813,63.700,0.000,14.490,0.000
"01:30",0.000,36.506,63.700,0.000,13.568,0.000
"01:45",0.000,36.454,63.700,0.000,13.568,0.000
"02:00",0.000,36.506,63.700,0.000,13.773,0.000
"02:15",0.000,35.891,63.700,0.000,13.466,0.000
"02:30",0.000,36.352,63.700,0.000,13.619,0.000
"02:45",0.000,36.352,63.700,0.000,13.568,0.000
"03:00",0.000,35.789,63.700,0.000,13.158,0.000
"03:15",0.000,37.530,63.700,0.000,13.005,0.000
"03:30",0.000,36.198,63.700,0.000,13.261,0.000
"03:45",0.000,35.738,63.700,0.000,13.005,0.000
"04:00",0.000,36.762,63.700,0.000,13.722,0.000
"04:15",0.000,36.250,63.700,0.000,13.210,0.000
"04:30",0.000,36.045,63.700,0.000,12.954,0.000
"04:45",0.000,37.171,63.700,0.000,13.670,0.000
"05:00",0.000,36.710,63.700,0.000,13.210,0.000
"05:15",0.000,36.301,63.700,0.000,13.261,0.000
"05:30",0.000,36.762,63.700,0.000,13.978,0.000
"05:45",0.000,36.250,63.700,0.000,13.670,0.000
"06:00",0.000,35.789,63.700,0.000,13.107,0.000
"06:15",0.000,36.659,63.700,0.000,13.875,0.000
"06:30",0.000,36.250,63.700,0.000,13.568,0.000
"06:45",0.000,36.147,63.700,0.000,13.363,0.000
"07:00",0.000,37.427,63.700,0.000,13.619,0.000
"07:15",0.000,36.147,63.700,0.000,13.568,0.000
"07:30",0.000,35.789,63.700,0.000,13.210,0.000
"07:45",0.000,36.659,63.600,0.000,14.029,0.000
"08:00",0.000,36.250,63.600,0.000,13.773,0.000
"08:15",0.000,35.174,63.700,0.000,13.466,0.000
"08:30",0.000,35.021,63.600,0.000,14.285,0.000
"08:45",0.000,34.509,63.700,0.000,14.029,0.000
"09:00",0.000,33.075,63.700,0.000,13.568,0.000
"09:15",0.102,26.982,63.700,0.410,11.366,0.000
"09:30",8.448,0.410,63.700,1.075,0.000,0.000
"09:45",11.981,0.000,63.700,0.000,0.000,0.000
"10:00",12.186,0.000,63.700,0.000,0.000,0.000
"10:15",20.019,0.000,63.700,0.000,0.000,0.000
"10:30",15.002,0.000,63.700,0.000,0.000,0.000
"10:45",7.782,0.000,63.700,0.000,0.000,0.000
"11:00",17.408,0.000,63.700,0.000,0.000,0.000
"11:15",41.728,0.000,63.700,0.000,0.000,0.000
"11:30",21.350,0.000,63.700,0.000,0.000,0.000
"11:45",12.954,0.000,63.700,0.000,0.000,0.000
"12:00",32.307,0.000,63.700,0.000,0.000,0.154
"12:15",67.789,0.000,63.700,0.000,0.000,8.909
"12:30",84.070,0.000,63.700,0.000,0.000,0.512
"12:45",80.333,0.000,63.700,0.000,0.000,0.819
"13:00",76.646,0.000,63.700,0.000,0.000,1.178
"13:15",40.806,0.000,63.700,0.000,0.000,0.102
"13:30",62.976,0.000,63.700,0.000,0.000,0.307
"13:45",50.278,0.000,63.700,0.000,0.000,0.307
"14:00",23.603,0.000,63.700,0.000,0.000,0.000
"14:15",21.197,0.000,63.700,0.000,0.000,0.000
"14:30",32.512,0.000,63.700,0.000,0.000,0.000
"14:45",58.982,0.000,63.700,0.000,0.000,0.000
"15:00",35.994,0.000,63.700,0.000,0.000,0.000
"15:15",30.771,0.000,63.700,0.000,0.000,0.051
"15:30",40.397,0.000,63.700,0.000,0.000,0.000
"15:45",38.195,0.000,63.700,0.000,0.000,0.051
"16:00",29.286,0.000,63.700,0.000,0.000,0.051
"16:15",14.131,0.000,63.700,0.000,0.000,0.051
"16:30",15.514,0.000,63.700,0.000,0.000,0.000
"16:45",18.278,0.000,63.700,0.000,0.000,0.000
"17:00",15.718,0.000,63.700,0.000,0.000,0.000
"17:15",11.418,0.000,63.700,0.000,0.000,0.000
"17:30",2.099,0.614,63.700,1.741,0.051,0.000
"17:45",0.870,1.638,63.700,2.867,0.000,0.000
"18:00",0.000,4.557,63.700,4.096,0.000,0.000
"18:15",0.000,4.915,63.700,4.352,0.000,0.000
"18:30",0.256,2.918,63.700,3.328,0.000,0.000
"18:45",0.000,4.250,63.700,4.403,0.000,0.000
"19:00",0.000,5.222,63.700,4.250,0.000,0.000
"19:15",0.000,4.096,63.700,4.762,0.000,0.000
"19:30",0.000,5.171,63.700,5.069,0.000,0.000
"19:45",0.000,6.400,63.700,3.994,0.000,0.000
"20:00",0.000,5.274,63.700,5.069,0.000,0.000
"20:15",0.000,5.274,63.700,4.966,0.000,0.000
"20:30",0.000,5.530,63.700,4.454,0.000,0.000
"20:45",0.000,6.042,63.700,4.096,0.000,0.000
"21:00",0.000,4.659,63.700,4.864,0.000,0.000
"21:15",0.000,4.454,63.700,4.915,0.000,0.000
"21:30",0.000,4.608,63.700,5.427,0.000,0.000
"21:45",0.000,4.864,63.700,5.274,0.000,0.000
"22:00",0.000,4.659,63.700,5.120,0.000,0.000
"22:15",0.000,4.557,63.700,5.325,0.000,0.000
"22:30",0.000,5.171,63.700,5.325,0.000,0.000
"22:45",0.000,5.069,63.700,5.274,0.000,0.000
"23:00",0.000,4.557,63.700,5.376,0.000,0.000
"23:15",0.000,4.557,63.700,5.478,0.000,0.000
"23:30",0.000,4.557,63.700,5.530,0.000,0.000
"23:45",0.000,4.762,63.700,5.274,0.000,0.000
" 4/14/26 24:00",0.000,4.864,63.700,5.427,0.000,0.000
