"kwh"
"Time ","DAGSR01P","DAGSR01P","DAGSR01P","DAGSR01P","DAGSR01P","DAGSR01P"
"10/07/26 00:15",0.000,72.550,63.700,0.000,37.325,0.000
"10/07/26 00:30",0.000,72.550,63.700,0.000,37.171,0.000
"00:45",0.000,72.090,63.600,0.000,37.120,0.000
"01:00",0.000,72.141,63.600,0.000,37.427,0.000
"01:15",0.000,72.448,63.700,0.000,37.683,0.000
"01:30",0.000,72.448,63.700,0.000,37.478,0.000
"01:45",0.000,72.448,63.700,0.000,37.530,0.000
"02:00",0.000,72.448,63.700,0.000,37.069,0.000
"02:15",0.000,72.243,63.600,0.000,37.171,0.000
"02:30",0.000,72.346,63.600,0.000,37.069,0.000
"02:45",0.000,72.909,63.700,0.000,37.222,0.000
"03:00",0.000,72.346,63.700,0.000,37.427,0.000
"03:15",0.000,72.499,63.700,0.000,37.325,0.000
"03:30",0.000,72.243,63.700,0.000,37.325,0.000
"03:45",0.000,72.294,63.700,0.000,37.325,0.000
"04:00",0.000,72.602,63.700,0.000,37.274,0.000
"04:15",0.000,72.448,63.700,0.000,37.274,0.000
"04:30",0.000,72.346,63.700,0.000,37.274,0.000
"04:45",0.000,72.346,63.700,0.000,37.222,0.000
"05:00",0.000,72.397,63.700,0.000,37.274,0.000
"05:15",0.000,72.294,63.700,0.000,37.274,0.000
"05:30",0.000,72.499,63.700,0.000,37.171,0.000
"05:45",0.000,72.346,63.700,0.000,37.120,0.000
"06:00",0.000,72.346,63.700,0.000,37.274,0.000
"06:15",0.000,73.216,63.600,0.000,37.069,0.000
"06:30",0.000,72.858,63.600,0.000,36.762,0.000
"06:45",0.000,72.602,63.700,0.000,37.120,0.000
"07:00",0.000,72.550,63.700,0.000,37.222,0.000
"07:15",0.000,72.960,63.700,0.000,37.325,0.000
"07:30",0.000,72.704,63.700,0.000,37.376,0.000
"07:45",0.000,70.298,63.700,0.000,37.222,0.000
"08:00",0.000,66.662,63.700,0.000,37.069,0.000
"08:15",0.000,95.283,63.700,0.000,55.450,0.000
"08:30",0.000,95.232,63.700,0.000,56.986,0.000
"08:45",0.000,98.355,63.700,0.000,56.934,0.000
"09:00",0.000,109.978,63.700,0.000,64.819,0.000
"09:15",0.000,94.720,63.700,0.000,69.581,0.000
"09:30",0.000,109.978,63.700,0.000,69.683,0.000
"09:45",0.000,116.070,63.700,0.000,72.960,0.000
"10:00",0.000,141.158,63.700,0.000,91.648,0.000
"10:15",0.000,98.867,63.700,0.000,71.629,0.000
"10:30",0.000,51.814,63.700,0.000,72.960,0.000
"10:45",0.000,107.469,63.700,0.000,71.117,0.000
"11:00",0.000,107.366,63.700,0.000,71.014,0.000
"11:15",0.000,120.371,63.700,0.000,70.912,0.000
"11:30",0.000,116.275,63.700,0.000,70.861,0.000
"11:45",0.000,116.480,63.700,0.000,70.758,0.000
"12:00",0.000,122.778,63.700,0.000,70.810,0.000
"12:15",0.000,125.542,63.700,0.000,73.114,0.000
"12:30",0.000,152.525,63.700,0.000,88.474,0.000
"12:45",0.000,110.746,63.700,0.000,71.014,0.000
"13:00",0.000,105.728,63.700,0.000,71.168,0.000
"13:15",0.000,107.981,63.800,0.000,78.797,0.000
"13:30",0.000,123.034,63.800,0.000,91.750,0.000
"13:45",0.000,125.594,63.800,0.000,91.546,0.000
"14:00",0.000,74.906,63.800,0.000,92.570,0.000
"14:15",0.000,84.378,63.700,0.000,93.235,0.000
"14:30",0.000,68.864,63.800,0.000,93.798,0.000
"14:45",0.000,70.502,63.800,0.000,92.826,0.000
"15:00",0.000,55.296,63.800,0.000,82.944,0.000
"15:15",0.000,75.213,63.800,0.000,71.322,0.000
"15:30",0.000,84.941,63.800,0.000,70.758,0.000
"15:45",0.000,55.296,63.800,0.000,71.475,0.000
"16:00",0.000,44.083,63.800,0.000,72.141,0.000
"16:15",0.000,51.866,63.800,0.000,71.270,0.000
"16:30",0.000,61.184,63.800,0.000,70.656,0.000
"16:45",0.000,74.240,63.800,0.000,70.349,0.000
"17:00",0.000,71.270,63.800,0.000,69.325,0.000
"17:15",0.000,79.565,63.800,0.000,68.864,0.000
"17:30",0.000,86.682,63.800,0.000,68.813,0.000
"17:45",0.000,90.573,63.700,0.000,69.888,0.000
"18:00",0.000,96.358,63.700,0.000,69.478,0.000
"18:15",0.000,119.091,63.700,0.000,69.734,0.000
"18:30",0.000,126.157,63.700,0.000,69.069,0.000
"18:45",0.000,128.461,63.700,0.000,69.274,0.000
"19:00",0.000,132.762,63.700,0.000,69.683,0.000
"19:15",0.000,135.526,63.700,0.000,69.632,0.000
"19:30",0.000,137.011,63.700,0.000,69.632,0.000
"19:45",0.000,137.421,63.600,0.000,69.939,0.000
"20:00",0.000,137.114,63.600,0.000,69.683,0.000
"20:15",0.000,136.550,63.600,0.000,69.120,0.000
"20:30",0.000,136.653,63.600,0.000,68.966,0.000
"20:45",0.000,136.909,63.600,0.000,69.120,0.000
"21:00",0.000,138.035,63.600,0.000,68.915,0.000
"21:15",0.000,137.779,63.600,0.000,69.120,0.000
"21:30",0.000,137.574,63.600,0.000,68.915,0.000
"21:45",0.000,138.240,63.600,0.000,68.557,0.000
"22:00",0.000,138.138,63.700,0.000,69.888,0.000
"22:15",0.000,139.981,63.700,0.000,70.810,0.000
"22:30",0.000,139.622,63.700,0.000,70.810,0.000
"22:45",0.000,139.571,63.600,0.000,70.861,0.000
"23:00",0.000,140.134,63.700,0.000,71.014,0.000
"23:15",0.000,139.571,63.600,0.000,70.810,0.000
"23:30",0.000,139.469,63.600,0.000,70.963,0.000
"23:45",0.000,140.032,63.700,0.000,70.861,0.000
"10/07/26 24:00",0.000,139.725,63.700,0.000,70.758,0.000
