"kwh"
"Time ","DAGSR01P","DAGSR01P","DAGSR01P","DAGSR01P","DAGSR01P","DAGSR01P"
" 1/27/26 00:15",0.000,41.114,63.600,0.000,16.282,0.000
" 1/27/26 00:30",0.000,40.602,63.600,0.000,15.462,0.000
"00:45",0.000,40.550,63.500,0.000,15.514,0.000
"01:00",0.000,39.782,63.600,0.000,15.514,0.000
"01:15",0.000,38.246,63.500,0.000,14.490,0.000
"01:30",0.000,36.813,63.500,0.000,13.978,0.000
"01:45",0.000,36.813,63.600,0.000,13.568,0.000
"02:00",0.000,36.813,63.500,0.000,13.466,0.000
"02:15",0.000,37.171,63.500,0.000,13.158,0.000
"02:30",0.000,37.171,63.600,0.000,13.619,0.000
"02:45",0.000,37.222,63.600,0.000,13.466,0.000
"03:00",0.000,37.530,63.600,0.000,13.517,0.000
"03:15",0.000,37.222,63.600,0.000,13.363,0.000
"03:30",0.000,37.171,63.600,0.000,13.670,0.000
"03:45",0.000,37.222,63.600,0.000,13.466,0.000
"04:00",0.000,37.120,63.600,0.000,13.414,0.000
"04:15",0.000,37.222,63.600,0.000,13.158,0.000
"04:30",0.000,37.222,63.600,0.000,12.851,0.000
"04:45",0.000,37.222,63.600,0.000,13.363,0.000
"05:00",0.000,37.427,63.600,0.000,13.414,0.000
"05:15",0.000,37.530,63.600,0.000,13.210,0.000
"05:30",0.000,37.120,63.600,0.000,13.312,0.000
"05:45",0.000,37.478,63.600,0.000,13.414,0.000
"06:00",0.000,37.837,63.600,0.000,12.954,0.000
"06:15",0.000,37.786,63.500,0.000,13.261,0.000
"06:30",0.000,37.683,63.500,0.000,13.158,0.000
"06:45",0.000,37.837,63.500,0.000,13.158,0.000
"07:00",0.000,37.427,63.500,0.000,13.210,0.000
"07:15",0.000,37.427,63.500,0.000,13.158,0.000
"07:30",0.000,37.530,63.500,0.000,12.851,0.000
"07:45",0.000,37.274,63.500,0.000,12.851,0.000
"08:00",0.000,37.581,63.500,0.000,12.851,0.000
"08:15",0.000,37.222,63.600,0.000,13.210,0.000
"08:30",0.000,34.253,63.600,0.000,13.261,0.000
"08:45",0.000,29.696,63.600,0.000,13.568,0.000
"09:00",0.000,17.971,63.600,0.000,13.568,0.000
"09:15",0.051,15.616,63.600,0.000,13.005,0.307
"09:30",0.000,26.778,63.600,0.000,14.541,0.000
"09:45",0.000,30.464,63.600,0.000,14.182,0.000
"10:00",0.000,20.992,63.600,0.000,13.517,0.000
"10:15",1.587,10.291,63.600,0.000,10.086,3.891
"10:30",30.618,0.000,63.600,0.000,0.000,14.438
"10:45",34.304,0.000,63.600,0.000,0.000,14.490
"11:00",40.397,0.000,63.600,0.000,0.000,15.667
"11:15",35.123,0.000,63.600,0.000,0.000,15.002
"11:30",16.333,0.000,63.600,0.000,0.000,15.718
"11:45",22.067,0.000,63.600,0.000,0.000,16.282
"12:00",60.467,0.000,63.600,0.000,0.000,17.664
"12:15",27.546,0.000,63.600,0.000,0.256,15.872
"12:30",39.987,0.461,63.600,0.000,1.894,14.848
"12:45",41.318,0.410,63.600,0.000,2.304,14.592
"13:00",56.269,0.000,63.500,0.000,0.000,17.254
"13:15",38.144,0.819,63.500,0.000,2.304,14.131
"13:30",8.090,1.741,63.500,0.000,6.144,9.011
"13:45",48.896,0.410,63.500,0.000,0.819,16.179
"14:00",32.051,1.075,63.600,0.000,3.072,13.261
"14:15",8.858,8.704,63.600,0.000,11.162,4.557
"14:30",14.848,6.349,63.500,0.000,8.294,7.168
"14:45",12.237,1.690,63.600,0.000,4.813,10.906
"15:00",60.314,0.000,63.600,0.000,0.000,18.227
"15:15",62.157,0.000,63.600,0.000,0.000,19.251
"15:30",60.416,0.000,63.600,0.000,0.000,17.869
"15:45",58.522,0.000,63.500,0.000,0.000,16.896
"16:00",53.043,0.000,63.500,0.000,0.000,15.053
"16:15",41.830,2.765,63.500,0.000,2.253,13.414
"16:30",19.763,9.830,63.500,0.000,8.653,6.912
"16:45",29.082,5.990,63.500,0.000,4.710,11.674
"17:00",33.075,1.024,63.500,0.000,0.922,14.746
"17:15",30.259,0.000,63.400,0.000,0.000,15.565
"17:30",23.962,0.000,63.500,0.000,0.000,15.053
"17:45",17.818,0.000,63.500,0.000,0.000,14.285
"18:00",4.557,11.418,63.500,0.000,18.637,6.758
"18:15",4.250,0.410,63.500,0.000,2.867,11.059
"18:30",0.717,2.560,63.500,0.000,9.011,4.250
"18:45",0.000,9.267,63.500,0.000,13.926,0.000
"19:00",0.000,15.923,63.500,0.000,13.619,0.000
"19:15",0.000,21.862,63.500,0.000,13.619,0.000
"19:30",0.000,27.546,63.600,0.000,13.670,0.000
"19:45",0.000,31.693,63.600,0.000,13.466,0.000
"20:00",0.000,34.355,63.600,0.000,14.285,0.000
"20:15",0.000,35.430,63.600,0.000,14.029,0.000
"20:30",0.000,35.994,63.600,0.000,13.619,0.000
"20:45",0.000,36.352,63.600,0.000,13.466,0.000
"21:00",0.000,36.403,63.500,0.000,13.670,0.000
"21:15",0.000,36.864,63.600,0.000,13.875,0.000
"21:30",0.000,36.813,63.600,0.000,13.824,0.000
"21:45",0.000,36.813,63.500,0.000,13.926,0.000
"22:00",0.000,36.710,63.500,0.000,13.875,0.000
"22:15",0.000,36.557,63.600,0.000,13.568,0.000
"22:30",0.000,36.198,63.600,0.000,13.414,0.000
"22:45",0.000,36.198,63.600,0.000,13.312,0.000
"23:00",0.000,36.198,63.500,0.000,13.312,0.000
"23:15",0.000,36.864,63.500,0.000,13.312,0.000
"23:30",0.000,36.454,63.600,0.000,13.363,0.000
"23:45",0.000,36.301,63.600,0.000,13.363,0.000
" 1/27/26 24:00",0.000,36.198,63.600,0.000,13.619,0.000
