"kwh"
"Time ","DAGSR01P","DAGSR01P","DAGSR01P","DAGSR01P","DAGSR01P","DAGSR01P"
" 7/20/26 00:15",0.000,3.738,63.600,7.014,0.000,0.000
" 7/20/26 00:30",0.000,4.710,63.600,6.400,0.000,0.000
"00:45",0.000,4.352,63.600,6.810,0.000,0.000
"01:00",0.000,4.096,63.600,6.758,0.000,0.000
"01:15",0.000,4.096,63.600,6.707,0.000,0.000
"01:30",0.000,4.250,63.600,6.298,0.000,0.000
"01:45",0.000,4.301,63.600,6.758,0.000,0.000
"02:00",0.000,3.994,63.600,6.758,0.000,0.000
"02:15",0.000,4.813,63.600,6.502,0.000,0.000
"02:30",0.000,3.942,63.600,7.066,0.000,0.000
"02:45",0.000,3.738,63.600,7.168,0.000,0.000
"03:00",0.000,4.454,63.600,6.810,0.000,0.000
"03:15",0.000,3.738,63.600,6.861,0.000,0.000
"03:30",0.000,3.994,63.600,6.912,0.000,0.000
"03:45",0.000,4.198,63.600,7.014,0.000,0.000
"04:00",0.000,4.403,63.600,6.758,0.000,0.000
"04:15",0.000,3.942,63.600,7.066,0.000,0.000
"04:30",0.000,3.942,63.600,7.475,0.000,0.000
"04:45",0.000,4.762,63.600,7.117,0.000,0.000
"05:00",0.000,4.403,63.600,7.526,0.000,0.000
"05:15",0.000,4.659,63.600,7.475,0.000,0.000
"05:30",0.000,4.250,63.600,7.219,0.000,0.000
"05:45",0.000,4.506,63.600,6.912,0.000,0.000
"06:00",0.000,3.994,63.600,7.168,0.000,0.000
"06:15",0.000,4.198,63.600,6.963,0.000,0.000
"06:30",0.000,4.864,63.600,6.554,0.000,0.000
"06:45",0.000,4.403,63.700,7.680,0.000,0.000
"07:00",0.000,4.352,63.700,7.526,0.000,0.000
"07:15",0.000,4.966,63.700,6.963,0.000,0.000
"07:30",0.000,5.530,63.600,6.810,0.000,0.000
"07:45",0.000,5.018,63.600,6.912,0.000,0.000
"08:00",0.000,5.427,63.600,6.707,0.000,0.000
"08:15",0.000,6.963,63.600,6.144,0.000,0.000
"08:30",0.000,5.376,63.600,6.656,0.000,0.000
"08:45",0.000,6.195,63.600,6.451,0.717,0.000
"09:00",0.000,37.683,63.600,0.000,12.954,0.000
"09:15",0.000,37.734,63.600,0.000,13.363,0.000
"09:30",0.000,37.069,63.600,0.000,12.954,0.000
"09:45",0.000,37.018,63.600,0.000,12.902,0.000
"10:00",0.000,37.171,63.600,0.000,13.568,0.000
"10:15",0.000,34.714,63.600,0.000,13.107,0.000
"10:30",0.000,33.382,63.600,0.000,13.414,0.000
"10:45",0.000,31.898,63.600,0.000,13.517,0.000
"11:00",0.000,27.750,63.600,0.000,13.824,0.000
"11:15",0.000,23.091,63.600,0.000,13.568,0.000
"11:30",0.000,23.706,63.600,0.000,14.182,0.000
"11:45",0.000,28.109,63.600,0.000,13.773,0.000
"12:00",0.000,19.661,63.600,0.000,13.670,0.000
"12:15",0.000,26.829,63.600,0.000,22.272,0.000
"12:30",0.000,15.770,63.600,0.000,16.947,0.000
"12:45",0.000,13.824,63.700,0.000,16.026,0.000
"13:00",1.587,3.277,63.600,0.000,8.960,5.632
"13:15",0.358,8.294,63.600,0.000,13.363,0.717
"13:30",9.114,0.102,63.600,0.000,1.075,14.387
"13:45",26.419,0.000,63.600,0.000,0.000,15.104
"14:00",42.445,0.000,63.600,0.000,0.000,15.206
"14:15",57.037,0.205,63.600,0.000,0.768,15.411
"14:30",54.272,0.000,63.600,0.000,0.000,15.667
"14:45",56.678,0.000,63.700,0.000,0.000,1.894
"15:00",18.637,0.000,63.600,0.000,0.000,11.878
"15:15",16.947,0.000,63.700,0.000,0.512,8.960
"15:30",20.992,0.000,63.700,0.000,0.000,0.000
"15:45",40.038,0.000,63.700,0.000,0.000,0.051
"16:00",55.808,0.000,63.700,0.000,0.000,0.102
"16:15",30.618,0.000,63.600,0.000,0.000,0.000
"16:30",36.608,0.000,63.600,0.000,0.000,0.000
"16:45",11.110,0.000,63.600,0.000,0.000,0.000
"17:00",53.965,0.000,63.600,0.000,0.000,0.000
"17:15",45.619,0.000,63.600,0.000,0.000,0.000
"17:30",37.530,0.000,63.600,0.000,0.000,0.000
"17:45",6.605,3.482,63.700,0.000,10.701,1.178
"18:00",19.507,0.000,63.700,0.000,0.000,0.000
"18:15",2.304,0.922,63.700,2.458,0.000,0.000
"18:30",0.205,2.714,63.700,4.352,0.000,0.000
"18:45",0.000,5.018,63.600,5.120,0.000,0.000
"19:00",0.000,4.352,63.600,5.581,0.000,0.000
"19:15",0.000,5.069,63.700,5.376,0.000,0.000
"19:30",0.000,5.734,63.700,5.018,0.000,0.000
"19:45",0.000,4.762,63.700,5.376,0.000,0.000
"20:00",0.000,4.557,63.700,5.376,0.000,0.000
"20:15",0.000,4.762,63.700,5.478,0.000,0.000
"20:30",0.000,5.734,63.600,5.427,0.000,0.000
"20:45",0.000,5.427,63.600,5.734,0.000,0.000
"21:00",0.000,4.864,63.600,5.632,0.000,0.000
"21:15",0.000,5.478,63.600,5.478,0.000,0.000
"21:30",0.000,4.966,63.700,5.837,0.000,0.000
"21:45",0.000,4.762,63.700,5.939,0.000,0.000
"22:00",0.000,5.325,63.600,5.478,0.000,0.000
"22:15",0.000,4.915,63.600,6.298,0.000,0.000
"22:30",0.000,5.120,63.700,6.042,0.000,0.000
"22:45",0.000,5.427,63.700,6.093,0.000,0.000
"23:00",0.000,6.093,63.700,5.683,0.000,0.000
"23:15",0.000,5.581,63.600,5.632,0.000,0.000
"23:30",0.000,5.274,63.700,5.274,0.000,0.000
"23:45",0.000,5.990,63.700,4.762,0.000,0.000
" 7/20/26 24:00",0.000,5.120,63.700,5.325,0.000,0.000
