"kwh"
"Time ","DAGSR01P","DAGSR01P","DAGSR01P","DAGSR01P","DAGSR01P","DAGSR01P"
" 4/07/26 00:15",0.000,4.250,63.700,5.683,0.000,0.000
" 4/07/26 00:30",0.000,4.454,63.700,5.837,0.000,0.000
"00:45",0.000,4.147,63.700,5.786,0.000,0.000
"01:00",0.000,4.147,63.700,6.042,0.000,0.000
"01:15",0.000,4.147,63.700,6.246,0.000,0.000
"01:30",0.000,4.250,63.700,6.298,0.000,0.000
"01:45",0.000,4.045,63.700,6.298,0.000,0.000
"02:00",0.000,4.506,63.700,6.246,0.000,0.000
"02:15",0.000,4.147,63.700,6.246,0.000,0.000
"02:30",0.000,4.045,63.700,6.400,0.000,0.000
"02:45",0.000,4.096,63.700,6.400,0.000,0.000
"03:00",0.000,4.147,63.700,6.400,0.000,0.000
"03:15",0.000,4.250,63.700,6.707,0.000,0.000
"03:30",0.000,4.864,63.700,6.861,0.000,0.000
"03:45",0.000,4.250,63.700,6.554,0.000,0.000
"04:00",0.000,4.301,63.600,6.656,0.000,0.000
"04:15",0.000,4.096,63.600,6.554,0.000,0.000
"04:30",0.000,4.096,63.600,6.195,0.000,0.000
"04:45",0.000,4.198,63.600,6.246,0.000,0.000
"05:00",0.000,4.147,63.600,6.349,0.000,0.000
"05:15",0.000,4.147,63.700,6.246,0.000,0.000
"05:30",0.000,4.198,63.600,6.707,0.000,0.000
"05:45",0.000,4.506,63.600,6.758,0.000,0.000
"06:00",0.000,4.147,63.600,6.502,0.000,0.000
"06:15",0.000,4.096,63.600,6.451,0.000,0.000
"06:30",0.000,4.301,63.600,6.554,0.000,0.000
"06:45",0.000,4.608,63.600,6.144,0.000,0.000
"07:00",0.000,4.454,63.600,5.939,0.000,0.000
"07:15",0.000,4.454,63.700,6.042,0.000,0.000
"07:30",0.000,4.506,63.700,6.605,0.000,0.000
"07:45",0.000,4.198,63.700,6.861,0.000,0.000
"08:00",0.000,3.686,63.700,6.554,0.000,0.000
"08:15",0.666,1.638,63.700,3.789,0.000,0.000
"08:30",4.864,0.000,63.700,0.154,0.000,0.000
"08:45",12.800,0.000,63.700,0.000,0.000,0.000
"09:00",20.787,0.000,63.600,0.000,0.000,0.000
"09:15",28.467,0.000,63.700,0.000,0.000,0.000
"09:30",35.328,0.000,63.600,0.000,0.000,0.000
"09:45",42.445,0.000,63.600,0.000,0.000,0.000
"10:00",49.459,0.000,63.600,0.000,0.000,0.000
"10:15",53.402,0.000,63.600,0.000,0.000,0.102
"10:30",60.877,0.000,63.600,0.000,0.000,0.102
"10:45",55.654,0.000,63.600,0.000,0.000,0.000
"11:00",27.802,0.000,63.600,0.000,0.000,0.000
"11:15",41.728,0.000,63.600,0.000,0.000,0.000
"11:30",45.824,0.000,63.700,0.000,0.000,0.051
"11:45",66.355,0.000,63.700,0.000,0.000,0.154
"12:00",67.840,0.000,63.700,0.000,0.000,0.205
"12:15",74.086,0.000,63.700,0.000,0.000,0.358
"12:30",67.226,0.000,63.700,0.000,0.000,0.154
"12:45",85.197,0.000,63.700,0.000,0.000,0.410
"13:00",89.242,0.000,63.600,0.000,0.000,0.410
"13:15",94.874,0.000,63.600,0.000,0.000,0.410
"13:30",94.618,0.000,63.600,0.000,0.000,0.512
"13:45",94.259,0.000,63.600,0.000,0.000,0.358
"14:00",93.491,0.000,63.600,0.000,0.000,0.307
"14:15",88.730,0.000,63.600,0.000,0.000,0.307
"14:30",88.986,0.000,63.600,0.000,0.000,0.256
"14:45",90.880,0.000,63.600,0.000,0.000,0.205
"15:00",78.643,0.000,63.600,0.000,0.000,0.154
"15:15",84.634,0.000,63.600,0.000,0.000,0.358
"15:30",81.869,0.000,63.600,0.000,0.000,0.102
"15:45",77.414,0.000,63.600,0.000,0.000,0.102
"16:00",73.011,0.000,63.600,0.000,0.000,0.102
"16:15",67.942,0.000,63.600,0.000,0.000,0.000
"16:30",62.874,0.000,63.600,0.000,0.000,0.000
"16:45",58.163,0.000,63.600,0.000,0.000,0.000
"17:00",52.019,0.000,63.600,0.000,0.000,0.000
"17:15",46.029,0.000,63.600,0.000,0.000,0.000
"17:30",39.680,0.000,63.600,0.000,0.000,0.000
"17:45",32.051,0.000,63.600,0.000,0.000,0.000
"18:00",25.395,0.000,63.600,0.000,0.000,0.000
"18:15",17.510,0.000,63.700,0.000,0.000,0.000
"18:30",10.086,0.000,63.700,0.000,0.000,0.000
"18:45",4.096,0.051,63.700,0.563,0.000,0.000
"19:00",0.614,2.253,63.700,3.021,0.000,0.000
"19:15",0.000,4.045,63.700,4.966,0.000,0.000
"19:30",0.000,4.710,63.700,5.018,0.000,0.000
"19:45",0.000,5.120,63.700,4.864,0.000,0.000
"20:00",0.000,8.960,63.700,4.096,0.563,0.000
"20:15",0.000,6.144,63.700,4.147,0.000,0.000
"20:30",0.000,5.376,63.700,4.403,0.000,0.000
"20:45",0.000,5.171,63.700,4.659,0.000,0.000
"21:00",0.000,5.222,63.700,4.557,0.000,0.000
"21:15",0.000,5.171,63.700,4.710,0.000,0.000
"21:30",0.000,5.222,63.700,4.813,0.000,0.000
"21:45",0.000,5.120,63.700,5.018,0.000,0.000
"22:00",0.000,5.069,63.700,5.171,0.000,0.000
"22:15",0.000,5.120,63.700,5.274,0.000,0.000
"22:30",0.000,4.915,63.700,5.018,0.000,0.000
"22:45",0.000,4.710,63.700,5.120,0.000,0.000
"23:00",0.000,4.608,63.700,5.478,0.000,0.000
"23:15",0.000,5.632,63.700,5.069,0.000,0.000
"23:30",0.000,4.710,63.700,5.478,0.000,0.000
"23:45",0.000,4.966,63.700,5.632,0.000,0.000
" 4/07/26 24:00",0.000,4.659,63.700,5.478,0.000,0.000
