"kwh"
"Time ","DAGSR01P","DAGSR01P","DAGSR01P","DAGSR01P","DAGSR01P","DAGSR01P"
" 2/25/26 00:15",0.000,4.864,63.700,5.888,0.000,0.000
" 2/25/26 00:30",0.000,4.813,63.700,6.349,0.000,0.000
"00:45",0.000,4.813,63.700,6.554,0.000,0.000
"01:00",0.000,4.659,63.700,6.861,0.000,0.000
"01:15",0.000,4.301,63.700,6.707,0.000,0.000
"01:30",0.000,4.915,63.700,5.939,0.000,0.000
"01:45",0.000,4.864,63.700,6.195,0.000,0.000
"02:00",0.000,4.864,63.700,6.093,0.000,0.000
"02:15",0.000,4.096,63.700,6.861,0.000,0.000
"02:30",0.000,4.147,63.700,6.656,0.000,0.000
"02:45",0.000,4.147,63.700,6.554,0.000,0.000
"03:00",0.000,4.506,63.700,6.656,0.000,0.000
"03:15",0.000,4.762,63.700,6.810,0.000,0.000
"03:30",0.000,5.069,63.700,6.400,0.000,0.000
"03:45",0.000,4.864,63.700,5.939,0.000,0.000
"04:00",0.000,4.557,63.700,6.451,0.000,0.000
"04:15",0.000,4.147,63.700,6.912,0.000,0.000
"04:30",0.000,3.942,63.700,7.117,0.000,0.000
"04:45",0.000,4.045,63.700,7.322,0.000,0.000
"05:00",0.000,4.096,63.700,7.168,0.000,0.000
"05:15",0.000,4.659,63.700,7.219,0.000,0.000
"05:30",0.000,4.710,63.700,6.451,0.000,0.000
"05:45",0.000,4.659,63.700,6.400,0.000,0.000
"06:00",0.000,4.045,63.700,6.861,0.000,0.000
"06:15",0.000,3.942,63.700,6.758,0.000,0.000
"06:30",0.000,3.942,63.600,6.605,0.000,0.000
"06:45",0.000,3.942,63.600,6.861,0.000,0.000
"07:00",0.000,4.301,63.600,6.605,0.000,0.000
"07:15",0.000,4.864,63.700,6.042,0.000,0.000
"07:30",0.000,4.966,63.600,5.990,0.000,0.000
"07:45",0.051,3.226,63.600,5.274,0.000,0.000
"08:00",0.051,2.816,63.700,5.222,0.000,0.000
"08:15",0.614,1.843,63.600,3.635,0.000,0.000
"08:30",1.434,0.154,63.600,2.406,0.000,0.000
"08:45",1.485,0.154,63.600,2.150,0.000,0.000
"09:00",1.690,0.051,63.600,1.792,0.000,0.000
"09:15",5.325,0.000,63.600,0.102,0.000,0.000
"09:30",11.520,0.000,63.700,0.000,0.000,0.000
"09:45",48.742,0.000,63.600,0.000,0.000,0.000
"10:00",61.645,0.000,63.600,0.000,0.000,0.000
"10:15",63.744,0.000,63.600,0.000,0.000,1.178
"10:30",53.658,0.000,63.600,0.000,0.000,4.301
"10:45",78.234,0.000,63.600,0.000,0.000,0.000
"11:00",46.182,0.000,63.600,0.000,0.000,0.000
"11:15",86.323,0.000,63.600,0.000,0.000,0.768
"11:30",73.165,0.000,63.600,0.000,0.000,0.000
"11:45",46.285,0.000,63.600,0.000,0.000,3.328
"12:00",73.011,0.000,63.700,0.000,0.000,0.000
"12:15",79.104,0.000,63.600,0.000,0.000,0.000
"12:30",95.181,0.000,63.600,0.000,0.000,0.000
"12:45",95.334,0.000,63.600,0.000,0.000,0.000
"13:00",96.973,0.000,63.600,0.000,0.000,0.000
"13:15",97.229,0.000,63.600,0.000,0.000,0.000
"13:30",98.099,0.000,63.600,0.000,0.000,0.000
"13:45",98.611,0.000,63.600,0.000,0.000,0.000
"14:00",97.690,0.000,63.700,0.000,0.000,0.000
"14:15",95.846,0.000,63.600,0.000,0.000,0.000
"14:30",96.614,0.000,63.600,0.000,0.000,0.000
"14:45",97.280,0.000,63.700,0.000,0.000,0.051
"15:00",95.181,0.000,63.700,0.000,0.000,0.000
"15:15",92.621,0.000,63.700,0.000,0.000,0.000
"15:30",87.910,0.000,63.700,0.000,0.000,0.000
"15:45",87.040,0.000,63.700,0.000,0.000,0.000
"16:00",83.251,0.000,63.700,0.000,0.000,0.000
"16:15",78.234,0.000,63.700,0.000,0.000,0.051
"16:30",74.035,0.000,63.700,0.000,0.000,0.000
"16:45",69.325,0.000,63.700,0.000,0.000,0.000
"17:00",63.795,0.000,63.700,0.000,0.000,0.000
"17:15",58.419,0.000,63.700,0.000,0.000,0.000
"17:30",36.301,0.000,63.700,0.000,0.000,6.912
"17:45",6.810,12.134,63.600,0.000,20.224,7.014
"18:00",2.509,3.379,63.600,0.000,8.141,11.520
"18:15",0.256,3.840,63.600,0.000,13.466,2.458
"18:30",0.000,9.882,63.600,0.000,15.104,0.000
"18:45",0.000,16.845,63.600,0.000,15.258,0.000
"19:00",0.000,23.603,63.600,0.000,16.896,0.000
"19:15",0.000,29.594,63.700,0.000,16.742,0.000
"19:30",0.000,35.277,63.600,0.000,17.203,0.000
"19:45",0.000,39.219,63.600,0.000,17.715,0.000
"20:00",0.000,40.602,63.600,0.000,18.330,0.000
"20:15",0.000,40.755,63.600,0.000,17.306,0.000
"20:30",0.000,40.602,63.600,0.000,16.998,0.000
"20:45",0.000,40.602,63.600,0.000,17.101,0.000
"21:00",0.000,40.653,63.600,0.000,17.152,0.000
"21:15",0.000,40.858,63.600,0.000,17.306,0.000
"21:30",0.000,41.165,63.600,0.000,17.408,0.000
"21:45",0.000,41.165,63.600,0.000,17.766,0.000
"22:00",0.000,40.243,63.600,0.000,17.203,0.000
"22:15",0.000,38.451,63.600,0.000,15.565,0.000
"22:30",0.000,37.632,63.600,0.000,14.797,0.000
"22:45",0.000,37.632,63.600,0.000,14.848,0.000
"23:00",0.000,38.144,63.600,0.000,15.206,0.000
"23:15",0.000,38.707,63.600,0.000,15.974,0.000
"23:30",0.000,38.502,63.600,0.000,16.230,0.000
"23:45",0.000,37.888,63.600,0.000,15.411,0.000
" 2/25/26 24:00",0.000,37.683,63.600,0.000,15.360,0.000
