"kwh"
"Time ","DAGSR01P","DAGSR01P","DAGSR01P","DAGSR01P","DAGSR01P","DAGSR01P"
" 9/12/26 00:15",0.000,71.014,63.700,0.000,30.208,0.000
" 9/12/26 00:30",0.000,72.141,63.700,0.000,30.566,0.000
"00:45",0.000,71.117,63.700,0.000,29.542,0.000
"01:00",0.000,71.578,63.700,0.000,29.747,0.000
"01:15",0.000,71.885,63.700,0.000,30.362,0.000
"01:30",0.000,70.707,63.700,0.000,29.850,0.000
"01:45",0.000,70.400,63.700,0.000,30.054,0.000
"02:00",0.000,71.782,63.700,0.000,30.413,0.000
"02:15",0.000,70.605,63.700,0.000,30.003,0.000
"02:30",0.000,70.810,63.700,0.000,29.696,0.000
"02:45",0.000,71.475,63.700,0.000,30.157,0.000
"03:00",0.000,70.912,63.700,0.000,30.259,0.000
"03:15",0.000,71.680,63.700,0.000,30.362,0.000
"03:30",0.000,71.885,63.700,0.000,30.208,0.000
"03:45",0.000,70.861,63.700,0.000,29.798,0.000
"04:00",0.000,71.066,63.700,0.000,29.952,0.000
"04:15",0.000,70.758,63.700,0.000,30.054,0.000
"04:30",0.000,70.554,63.700,0.000,29.798,0.000
"04:45",0.000,71.066,63.700,0.000,30.310,0.000
"05:00",0.000,70.963,63.700,0.000,29.798,0.000
"05:15",0.000,70.758,63.700,0.000,29.952,0.000
"05:30",0.000,71.680,63.700,0.000,30.413,0.000
"05:45",0.000,71.219,63.700,0.000,29.798,0.000
"06:00",0.000,70.400,63.700,0.000,29.594,0.000
"06:15",0.000,71.526,63.700,0.000,30.157,0.000
"06:30",0.000,71.270,63.700,0.000,29.798,0.000
"06:45",0.000,71.680,63.700,0.000,29.645,0.000
"07:00",0.000,72.243,63.700,0.000,30.157,0.000
"07:15",0.000,71.373,63.700,0.000,29.696,0.000
"07:30",0.000,71.680,63.700,0.000,29.440,0.000
"07:45",0.000,72.346,63.700,0.000,29.798,0.000
"08:00",0.000,26.010,27.400,8.704,10.240,0.000
"08:15",0.000,1.485,9.900,13.312,0.000,0.000
"08:30",0.000,1.331,9.400,13.517,0.000,0.000
"08:45",0.000,1.485,9.700,13.670,0.000,0.000
"09:00",0.000,1.434,10.000,13.619,0.000,0.000
"09:15",0.000,1.485,10.100,13.670,0.000,0.000
"09:30",0.000,1.690,9.400,13.722,0.000,0.000
"09:45",0.000,1.997,9.000,13.773,0.000,0.000
"10:00",0.000,1.178,8.300,13.875,0.000,0.000
"10:15",0.000,1.331,7.900,13.824,0.000,0.000
"10:30",0.000,1.894,7.500,13.824,0.000,0.000
"10:45",0.000,1.946,7.300,13.875,0.000,0.000
"11:00",0.000,1.946,7.300,13.773,0.000,0.000
"11:15",0.000,1.946,7.300,13.773,0.000,0.000
"11:30",0.000,2.099,7.400,13.824,0.000,0.000
"11:45",0.000,1.792,7.100,13.722,0.000,0.000
"12:00",0.000,1.690,7.000,13.824,0.000,0.000
"12:15",0.000,1.690,6.900,13.824,0.000,0.000
"12:30",0.000,1.638,7.500,13.824,0.000,0.000
"12:45",0.000,1.587,8.100,13.926,0.000,0.000
"13:00",0.000,1.587,7.800,13.926,0.000,0.000
"13:15",0.000,0.922,7.300,7.885,0.000,0.000
"13:30",0.000,0.000,0.000,0.000,0.000,0.000
"13:45",0.000,0.000,0.000,0.000,0.000,0.000
"14:00",0.000,0.000,0.000,0.000,0.000,0.000
"14:15",0.000,0.000,0.000,0.000,0.000,0.000
"14:30",0.000,0.410,7.400,3.482,0.000,0.000
"14:45",0.000,0.000,0.000,0.000,0.000,0.000
"15:00",0.000,0.000,0.000,0.000,0.000,0.000
"15:15",0.000,0.000,0.000,0.000,0.000,0.000
"15:30",0.000,0.000,0.000,0.000,0.000,0.000
"15:45",0.000,0.000,0.000,0.000,0.000,0.000
"16:00",0.000,0.000,0.000,0.000,0.000,0.000
"16:15",0.000,0.000,0.000,0.000,0.000,0.000
"16:30",0.000,0.000,0.000,0.000,0.000,0.000
"16:45",0.000,0.000,0.000,0.000,0.000,0.000
"17:00",0.000,0.000,0.000,0.000,0.000,0.000
"17:15",0.000,11.264,62.100,0.768,4.198,0.000
"17:30",0.000,69.990,62.700,0.000,28.109,0.000
"17:45",0.000,65.024,62.900,0.000,27.904,0.000
"18:00",0.000,31.590,63.000,0.000,7.066,0.000
"18:15",0.000,31.846,62.900,0.000,6.605,0.000
"18:30",0.000,33.690,63.000,0.000,6.605,0.000
"18:45",0.000,35.072,63.000,0.000,6.656,0.000
"19:00",0.000,13.824,63.000,8.550,2.150,0.000
"19:15",0.000,3.738,62.800,13.210,0.000,0.000
"19:30",0.000,4.301,62.900,11.059,0.000,0.000
"19:45",0.000,3.686,62.900,12.186,0.000,0.000
"20:00",0.000,4.045,62.700,13.312,0.000,0.000
"20:15",0.000,3.686,62.700,13.517,0.000,0.000
"20:30",0.000,3.635,62.600,13.517,0.000,0.000
"20:45",0.000,4.250,62.600,13.619,0.000,0.000
"21:00",0.000,4.250,62.500,13.978,0.000,0.000
"21:15",0.000,4.250,62.700,13.414,0.000,0.000
"21:30",0.000,4.352,62.700,13.312,0.000,0.000
"21:45",0.000,4.506,62.900,12.902,0.000,0.000
"22:00",0.000,5.120,62.900,12.442,0.000,0.000
"22:15",0.000,5.786,62.500,13.363,0.000,0.000
"22:30",0.000,5.274,62.400,13.875,0.000,0.000
"22:45",0.000,4.966,62.500,13.568,0.000,0.000
"23:00",0.000,4.762,62.500,13.414,0.000,0.000
"23:15",0.000,5.018,62.700,12.749,0.000,0.000
"23:30",0.000,5.018,62.800,12.493,0.000,0.000
"23:45",0.000,4.813,62.900,12.288,0.000,0.000
" 9/12/26 24:00",0.000,38.298,62.800,0.102,8.243,0.000
