"kwh"
"Time ","DAGSR01P","DAGSR01P","DAGSR01P","DAGSR01P","DAGSR01P","DAGSR01P"
" 9/09/26 00:15",0.000,134.861,63.700,0.000,67.021,0.000
" 9/09/26 00:30",0.000,135.680,63.600,0.000,67.123,0.000
"00:45",0.000,134.298,63.700,0.000,67.174,0.000
"01:00",0.000,135.117,63.700,0.000,66.970,0.000
"01:15",0.000,88.986,63.700,0.000,43.827,0.000
"01:30",0.000,67.584,63.700,0.000,32.461,0.000
"01:45",0.000,67.584,63.700,0.000,32.461,0.000
"02:00",0.000,68.710,63.700,0.000,33.075,0.000
"02:15",0.000,67.942,63.700,0.000,32.666,0.000
"02:30",0.000,67.584,63.700,0.000,32.614,0.000
"02:45",0.000,68.352,63.700,0.000,33.024,0.000
"03:00",0.000,67.482,63.700,0.000,32.512,0.000
"03:15",0.000,67.891,63.700,0.000,32.512,0.000
"03:30",0.000,68.352,63.700,0.000,32.922,0.000
"03:45",0.000,67.533,63.700,0.000,32.358,0.000
"04:00",0.000,67.533,63.700,0.000,32.410,0.000
"04:15",0.000,68.352,63.700,0.000,32.973,0.000
"04:30",0.000,67.840,63.700,0.000,32.461,0.000
"04:45",0.000,67.533,63.700,0.000,32.410,0.000
"05:00",0.000,68.710,63.700,0.000,32.819,0.000
"05:15",0.000,67.584,63.700,0.000,32.256,0.000
"05:30",0.000,67.533,63.700,0.000,32.256,0.000
"05:45",0.000,68.608,63.700,0.000,32.768,0.000
"06:00",0.000,67.686,63.700,0.000,32.205,0.000
"06:15",0.000,67.789,63.700,0.000,32.051,0.000
"06:30",0.000,69.530,63.700,0.000,32.614,0.000
"06:45",0.000,69.171,63.700,0.000,32.717,0.000
"07:00",0.000,69.376,63.600,0.000,32.307,0.000
"07:15",0.000,69.683,63.600,0.000,32.717,0.000
"07:30",0.000,68.813,63.600,0.000,32.154,0.000
"07:45",0.000,68.506,63.600,0.000,32.307,0.000
"08:00",0.000,66.970,63.700,0.000,33.280,0.000
"08:15",0.000,47.565,63.700,0.000,23.962,0.000
"08:30",0.000,20.275,63.700,0.000,10.445,0.000
"08:45",0.000,11.930,63.600,0.000,11.213,0.000
"09:00",0.358,3.328,63.700,0.000,8.499,2.406
"09:15",6.042,0.102,63.600,0.000,0.768,9.984
"09:30",11.213,3.021,63.600,0.000,5.786,10.035
"09:45",0.000,22.528,63.600,0.000,38.400,0.000
"10:00",0.000,37.171,63.600,0.000,47.770,0.000
"10:15",0.000,31.539,63.600,0.000,49.408,0.000
"10:30",0.000,24.320,63.600,0.000,49.306,0.000
"10:45",0.000,18.893,63.700,0.000,49.766,0.000
"11:00",0.000,13.414,63.700,0.000,50.227,0.000
"11:15",0.000,7.987,63.700,0.000,50.278,0.000
"11:30",0.205,4.762,63.700,0.000,45.670,5.325
"11:45",1.485,1.997,63.700,0.000,21.965,28.723
"12:00",4.198,0.870,63.700,0.000,15.002,35.738
"12:15",6.810,0.205,63.700,0.000,5.222,46.234
"12:30",8.038,0.000,63.700,0.000,0.000,51.302
"12:45",9.830,0.000,63.600,0.000,0.051,51.712
"13:00",12.698,0.102,63.600,0.000,1.331,49.869
"13:15",6.758,18.381,63.600,0.000,22.170,28.877
"13:30",12.902,0.000,63.600,0.000,0.000,52.019
"13:45",9.728,0.000,63.600,0.000,0.000,52.224
"14:00",8.960,0.000,63.600,0.000,0.358,51.763
"14:15",9.114,0.000,63.600,0.000,0.000,51.610
"14:30",7.066,0.000,63.600,0.000,0.102,51.354
"14:45",7.219,0.000,63.600,0.000,0.102,51.046
"15:00",4.557,0.307,63.600,0.000,11.827,39.680
"15:15",0.768,34.509,63.600,0.000,52.224,7.014
"15:30",0.000,26.982,63.600,0.000,73.882,0.000
"15:45",0.000,58.419,63.600,0.000,71.885,0.000
"16:00",0.000,46.387,63.600,0.000,73.011,0.000
"16:15",0.000,42.650,63.600,0.000,72.960,0.000
"16:30",0.000,62.208,63.600,0.000,71.987,0.000
"16:45",0.000,47.974,63.700,0.000,72.499,0.000
"17:00",0.000,72.141,63.700,0.000,72.192,0.000
"17:15",0.000,108.544,63.700,0.000,71.475,0.000
"17:30",0.000,118.374,63.700,0.000,70.912,0.000
"17:45",0.000,106.291,63.700,0.000,71.219,0.000
"18:00",0.000,95.078,63.700,0.000,49.869,0.000
"18:15",0.000,89.139,63.700,0.000,49.562,0.000
"18:30",0.000,90.061,63.700,0.000,48.998,0.000
"18:45",0.000,100.301,63.700,0.000,49.920,0.000
"19:00",0.000,100.864,63.700,0.000,49.357,0.000
"19:15",0.000,99.174,63.700,0.000,48.077,0.000
"19:30",0.000,67.686,63.700,0.000,27.699,0.000
"19:45",0.000,69.069,63.700,0.000,28.262,0.000
"20:00",0.000,68.864,63.700,0.000,27.597,0.000
"20:15",0.000,69.120,63.700,0.000,27.955,0.000
"20:30",0.000,68.147,63.600,0.000,27.443,0.000
"20:45",0.000,68.966,63.700,0.000,27.750,0.000
"21:00",0.000,68.659,63.700,0.000,27.290,0.000
"21:15",0.000,68.864,63.700,0.000,27.136,0.000
"21:30",0.000,69.427,63.700,0.000,27.648,0.000
"21:45",0.000,68.659,63.700,0.000,27.034,0.000
"22:00",0.000,69.274,63.700,0.000,27.187,0.000
"22:15",0.000,68.813,63.700,0.000,26.880,0.000
"22:30",0.000,68.403,63.700,0.000,26.829,0.000
"22:45",0.000,69.222,63.700,0.000,26.931,0.000
"23:00",0.000,69.018,63.700,0.000,26.931,0.000
"23:15",0.000,68.301,63.700,0.000,27.136,0.000
"23:30",0.000,69.171,63.700,0.000,27.597,0.000
"23:45",0.000,68.557,63.600,0.000,27.341,0.000
" 9/09/26 24:00",0.000,102.298,63.600,0.000,48.589,0.000
