"kwh"
"Time ","DAGSR01P","DAGSR01P","DAGSR01P","DAGSR01P","DAGSR01P","DAGSR01P"
" 9/05/26 00:15",0.000,139.162,63.600,0.000,65.843,0.000
" 9/05/26 00:30",0.000,138.598,63.600,0.000,65.382,0.000
"00:45",0.000,138.598,63.600,0.000,65.485,0.000
"01:00",0.000,139.315,63.600,0.000,65.741,0.000
"01:15",0.000,137.984,63.600,0.000,65.126,0.000
"01:30",0.000,137.574,63.600,0.000,65.075,0.000
"01:45",0.000,138.189,63.600,0.000,65.536,0.000
"02:00",0.000,138.291,63.600,0.000,65.280,0.000
"02:15",0.000,137.318,63.600,0.000,64.717,0.000
"02:30",0.000,137.523,63.600,0.000,64.819,0.000
"02:45",0.000,137.626,63.600,0.000,65.126,0.000
"03:00",0.000,137.318,63.600,0.000,64.666,0.000
"03:15",0.000,137.318,63.600,0.000,64.614,0.000
"03:30",0.000,137.984,63.600,0.000,65.126,0.000
"03:45",0.000,137.421,63.600,0.000,64.512,0.000
"04:00",0.000,137.421,63.600,0.000,64.666,0.000
"04:15",0.000,138.035,63.600,0.000,64.922,0.000
"04:30",0.000,137.267,63.600,0.000,64.614,0.000
"04:45",0.000,137.267,63.600,0.000,64.512,0.000
"05:00",0.000,137.984,63.600,0.000,64.973,0.000
"05:15",0.000,137.165,63.600,0.000,64.768,0.000
"05:30",0.000,137.114,63.600,0.000,64.512,0.000
"05:45",0.000,138.240,63.600,0.000,64.922,0.000
"06:00",0.000,137.677,63.600,0.000,64.717,0.000
"06:15",0.000,131.891,63.600,0.000,63.130,0.000
"06:30",0.000,104.858,63.600,0.000,54.733,0.000
"06:45",0.000,105.779,63.600,0.000,55.040,0.000
"07:00",0.000,105.011,63.600,0.000,54.118,0.000
"07:15",0.000,104.960,63.600,0.000,54.221,0.000
"07:30",0.000,105.216,63.600,0.000,54.630,0.000
"07:45",0.000,104.346,63.600,0.000,54.374,0.000
"08:00",0.000,102.758,63.600,0.000,54.989,0.000
"08:15",0.000,91.034,63.600,0.000,50.893,0.000
"08:30",0.000,89.293,63.600,0.000,42.701,0.000
"08:45",0.000,51.968,63.600,0.000,28.518,0.000
"09:00",0.000,27.494,63.600,0.000,20.992,0.205
"09:15",0.000,47.514,63.600,0.000,28.826,0.000
"09:30",10.394,7.322,63.200,0.358,3.994,3.789
"09:45",18.534,0.307,63.100,0.973,0.000,0.000
"10:00",20.275,0.000,63.000,0.000,0.000,0.154
"10:15",0.000,0.000,0.000,0.000,0.000,0.000
"10:30",0.000,0.614,61.100,0.870,0.051,0.000
"10:45",4.096,0.717,65.000,0.410,0.256,2.406
"11:00",1.997,1.126,64.700,1.229,0.717,2.867
"11:15",18.586,0.051,65.200,0.000,0.154,5.990
"11:30",2.458,18.432,65.300,0.000,14.592,1.229
"11:45",0.000,22.067,64.800,0.000,12.954,0.000
"12:00",0.000,19.917,64.300,0.000,9.523,0.000
"12:15",0.000,21.248,64.300,0.000,9.882,0.000
"12:30",0.000,19.200,64.500,0.000,11.264,0.000
"12:45",0.000,9.626,64.900,0.000,14.234,0.000
"13:00",3.789,2.202,64.800,0.000,6.042,8.602
"13:15",0.717,4.966,64.500,0.000,9.062,3.123
"13:30",0.000,10.752,64.300,0.000,10.035,0.000
"13:45",0.051,11.059,64.400,0.000,10.342,0.614
"14:00",0.154,8.294,64.700,0.000,11.878,0.717
"14:15",0.000,10.240,64.700,0.000,12.595,0.000
"14:30",0.000,12.595,64.400,0.000,10.598,0.000
"14:45",0.154,5.888,64.500,0.000,9.267,1.894
"15:00",3.174,1.382,64.000,0.000,2.970,4.506
"15:15",0.512,5.632,63.700,0.000,4.198,0.870
"15:30",1.382,2.253,63.700,0.000,3.328,1.741
"15:45",3.789,1.997,63.700,0.000,2.048,3.686
"16:00",8.499,0.614,63.600,0.000,1.434,4.096
"16:15",1.946,1.843,63.600,0.000,2.765,2.253
"16:30",0.614,5.069,63.600,0.000,4.915,0.819
"16:45",0.000,10.598,63.700,0.000,5.427,0.000
"17:00",0.051,16.026,63.700,0.051,5.171,0.102
"17:15",0.000,22.221,63.700,0.000,5.325,0.000
"17:30",0.000,24.781,63.600,0.051,4.813,0.000
"17:45",0.000,24.883,63.600,0.256,3.738,0.000
"18:00",0.000,28.979,63.700,0.410,3.635,0.000
"18:15",0.000,31.334,63.700,0.666,3.482,0.000
"18:30",0.000,34.765,63.700,0.717,3.277,0.000
"18:45",0.000,36.864,63.700,0.614,3.174,0.000
"19:00",0.000,37.632,63.700,0.666,3.123,0.000
"19:15",0.000,38.400,63.700,0.666,3.533,0.000
"19:30",0.000,37.376,63.700,0.922,3.174,0.000
"19:45",0.000,37.427,63.700,0.922,3.226,0.000
"20:00",0.000,38.554,63.700,0.973,3.584,0.000
"20:15",0.000,37.427,63.700,1.075,3.174,0.000
"20:30",0.000,37.581,63.700,1.024,3.072,0.000
"20:45",0.000,38.656,63.700,0.819,3.533,0.000
"21:00",0.000,37.734,63.700,0.973,3.226,0.000
"21:15",0.000,37.581,63.700,0.870,3.226,0.000
"21:30",0.000,38.195,63.700,0.819,3.482,0.000
"21:45",0.000,37.427,63.700,0.973,3.123,0.000
"22:00",0.000,37.734,63.700,0.870,3.226,0.000
"22:15",0.000,38.451,63.700,0.922,3.174,0.000
"22:30",0.000,37.888,63.700,1.024,2.765,0.000
"22:45",0.000,38.758,63.700,0.922,3.123,0.000
"23:00",0.000,38.810,63.700,1.075,3.123,0.000
"23:15",0.000,38.195,63.700,0.973,2.918,0.000
"23:30",0.000,38.810,63.600,0.666,3.533,0.000
"23:45",0.000,37.734,63.600,0.819,3.328,0.000
" 9/05/26 24:00",0.000,37.274,63.600,0.768,3.226,0.000
