"kwh"
"Time ","DAGSR01P","DAGSR01P","DAGSR01P","DAGSR01P","DAGSR01P","DAGSR01P"
" 3/22/26 00:15",0.000,4.198,63.700,5.530,0.000,0.000
" 3/22/26 00:30",0.000,4.096,63.700,5.786,0.000,0.000
"00:45",0.000,4.045,63.700,6.093,0.000,0.000
"01:00",0.000,4.147,63.700,6.349,0.000,0.000
"01:15",0.000,4.352,63.700,6.144,0.000,0.000
"01:30",0.000,4.250,63.700,6.451,0.000,0.000
"01:45",0.000,4.250,63.700,6.810,0.000,0.000
"02:00",0.000,3.942,63.700,7.066,0.000,0.000
"02:15",0.000,3.994,63.700,6.605,0.000,0.000
"02:30",0.000,3.994,63.700,6.963,0.000,0.000
"02:45",0.000,3.891,63.700,7.373,0.000,0.000
"03:00",0.000,3.891,63.700,7.373,0.000,0.000
"03:15",0.000,4.301,63.700,7.270,0.000,0.000
"03:30",0.000,3.942,63.700,7.373,0.000,0.000
"03:45",0.000,3.942,63.700,7.424,0.000,0.000
"04:00",0.000,3.994,63.700,6.963,0.000,0.000
"04:15",0.000,3.994,63.700,7.066,0.000,0.000
"04:30",0.000,3.891,63.700,7.168,0.000,0.000
"04:45",0.000,3.891,63.700,7.578,0.000,0.000
"05:00",0.000,4.147,63.700,7.885,0.000,0.000
"05:15",0.000,4.352,63.700,7.219,0.000,0.000
"05:30",0.000,4.096,63.700,6.400,0.000,0.000
"05:45",0.000,3.994,63.700,6.707,0.000,0.000
"06:00",0.000,4.045,63.700,6.554,0.000,0.000
"06:15",0.000,4.352,63.700,6.451,0.000,0.000
"06:30",0.000,4.045,63.700,6.349,0.000,0.000
"06:45",0.000,4.454,63.700,6.349,0.000,0.000
"07:00",0.000,4.147,63.700,6.656,0.000,0.000
"07:15",0.000,3.994,63.700,6.861,0.000,0.000
"07:30",0.000,3.942,63.700,7.117,0.000,0.000
"07:45",0.000,3.942,63.700,7.117,0.000,0.000
"08:00",0.000,19.866,63.700,3.533,3.174,0.000
"08:15",0.000,35.738,63.700,0.000,7.322,0.000
"08:30",0.000,35.635,63.700,0.000,7.373,0.000
"08:45",0.000,34.304,63.700,0.000,7.475,0.000
"09:00",0.000,31.846,63.700,0.000,7.629,0.000
"09:15",0.000,28.518,63.700,0.000,7.987,0.000
"09:30",0.000,27.034,63.700,0.000,8.704,0.000
"09:45",0.000,20.992,63.700,0.000,8.499,0.000
"10:00",6.042,4.352,63.800,0.000,5.274,3.430
"10:15",28.826,0.307,63.700,0.000,0.512,9.062
"10:30",31.693,0.461,63.700,0.000,0.410,8.499
"10:45",37.786,0.000,63.700,0.000,0.000,9.165
"11:00",43.110,0.000,63.700,0.000,0.000,9.011
"11:15",47.002,0.000,63.700,0.000,0.000,9.216
"11:30",50.790,0.000,63.700,0.000,0.000,9.421
"11:45",54.989,0.000,63.700,0.000,0.000,9.779
"12:00",57.549,0.000,63.700,0.000,0.000,9.830
"12:15",59.648,0.000,63.700,0.000,0.000,10.138
"12:30",58.522,0.000,63.700,0.000,0.000,10.547
"12:45",59.546,0.000,63.700,0.000,0.000,10.240
"13:00",74.854,0.000,63.700,0.000,0.000,5.683
"13:15",92.570,0.000,63.700,0.000,0.000,0.154
"13:30",93.030,0.000,63.700,0.000,0.000,0.000
"13:45",92.723,0.000,63.700,0.000,0.000,0.102
"14:00",92.211,0.000,63.700,0.000,0.000,0.051
"14:15",92.314,0.000,63.700,0.000,0.000,0.051
"14:30",91.290,0.000,63.700,0.000,0.000,0.102
"14:45",90.419,0.000,63.700,0.000,0.000,0.051
"15:00",89.395,0.000,63.700,0.000,0.000,0.000
"15:15",89.088,0.000,63.700,0.000,0.000,0.000
"15:30",89.139,0.000,63.700,0.000,0.000,0.000
"15:45",85.965,0.000,63.700,0.000,0.000,0.000
"16:00",81.613,0.000,63.700,0.000,0.000,0.000
"16:15",76.800,0.000,63.700,0.000,0.000,0.000
"16:30",71.475,0.000,63.700,0.000,0.000,0.000
"16:45",66.304,0.000,63.700,0.000,0.000,0.000
"17:00",60.467,0.000,63.700,0.000,0.000,0.000
"17:15",54.426,0.000,63.700,0.000,0.000,0.000
"17:30",47.411,0.000,63.700,0.000,0.000,0.000
"17:45",40.499,0.000,63.700,0.000,0.000,0.000
"18:00",32.666,0.000,63.800,0.000,0.000,0.000
"18:15",25.139,0.000,63.800,0.000,0.000,0.000
"18:30",17.869,0.000,63.700,0.000,0.000,0.000
"18:45",10.752,0.000,63.700,0.000,0.000,0.000
"19:00",4.250,0.000,63.700,0.461,0.000,0.000
"19:15",0.973,1.792,63.700,3.789,0.000,0.000
"19:30",0.051,3.635,63.700,5.325,0.000,0.000
"19:45",0.000,3.994,63.700,6.093,0.000,0.000
"20:00",0.000,4.864,63.700,5.632,0.000,0.000
"20:15",0.000,4.352,63.700,5.939,0.000,0.000
"20:30",0.000,4.659,63.700,6.042,0.000,0.000
"20:45",0.000,4.096,63.700,5.990,0.000,0.000
"21:00",0.000,4.147,63.700,6.093,0.000,0.000
"21:15",0.000,4.096,63.700,6.093,0.000,0.000
"21:30",0.000,4.198,63.700,6.042,0.000,0.000
"21:45",0.000,4.147,63.700,6.195,0.000,0.000
"22:00",0.000,4.915,63.700,5.837,0.000,0.000
"22:15",0.000,4.454,63.700,6.349,0.000,0.000
"22:30",0.000,4.506,63.700,6.144,0.000,0.000
"22:45",0.000,4.352,63.700,6.298,0.000,0.000
"23:00",0.000,4.506,63.700,6.758,0.000,0.000
"23:15",0.000,4.250,63.700,6.502,0.000,0.000
"23:30",0.000,4.813,63.700,6.298,0.000,0.000
"23:45",0.000,4.659,63.700,6.298,0.000,0.000
" 3/22/26 24:00",0.000,4.915,63.700,5.990,0.000,0.000
