"kwh"
"Time ","DAGSR01P","DAGSR01P","DAGSR01P","DAGSR01P","DAGSR01P","DAGSR01P"
" 6/07/26 00:15",0.000,3.789,63.700,6.042,0.000,0.000
" 6/07/26 00:30",0.000,3.635,63.700,6.195,0.000,0.000
"00:45",0.000,4.557,63.700,5.530,0.000,0.000
"01:00",0.000,3.584,63.700,6.144,0.000,0.000
"01:15",0.000,3.533,63.700,6.400,0.000,0.000
"01:30",0.000,4.198,63.700,6.707,0.000,0.000
"01:45",0.000,4.915,63.700,5.734,0.000,0.000
"02:00",0.000,3.789,63.700,6.810,0.000,0.000
"02:15",0.000,3.533,63.700,6.861,0.000,0.000
"02:30",0.000,3.430,63.700,7.117,0.000,0.000
"02:45",0.000,4.659,63.700,6.042,0.000,0.000
"03:00",0.000,3.738,63.700,6.502,0.000,0.000
"03:15",0.000,4.147,63.700,6.451,0.000,0.000
"03:30",0.000,3.738,63.800,6.554,0.000,0.000
"03:45",0.000,4.710,63.700,5.990,0.000,0.000
"04:00",0.000,3.584,63.700,6.861,0.000,0.000
"04:15",0.000,3.379,63.700,7.014,0.000,0.000
"04:30",0.000,3.738,63.700,6.707,0.000,0.000
"04:45",0.000,4.762,63.700,6.042,0.000,0.000
"05:00",0.000,3.686,63.800,6.605,0.000,0.000
"05:15",0.000,3.379,63.700,6.349,0.000,0.000
"05:30",0.000,3.994,63.700,6.400,0.000,0.000
"05:45",0.000,4.506,63.700,5.990,0.000,0.000
"06:00",0.000,3.635,63.700,6.144,0.000,0.000
"06:15",0.000,3.584,63.700,6.963,0.000,0.000
"06:30",0.000,3.891,63.700,6.758,0.000,0.000
"06:45",0.000,4.096,63.700,6.298,0.000,0.000
"07:00",0.000,4.096,63.700,7.168,0.000,0.000
"07:15",0.000,3.738,63.700,6.861,0.000,0.000
"07:30",0.000,3.891,63.700,6.502,0.000,0.000
"07:45",0.000,4.659,63.700,6.042,0.000,0.000
"08:00",0.000,3.891,63.700,6.554,0.000,0.000
"08:15",0.000,3.789,63.700,6.502,0.000,0.000
"08:30",0.000,3.635,63.700,6.246,0.000,0.000
"08:45",0.000,4.710,63.700,5.530,0.000,0.000
"09:00",0.000,3.482,63.600,6.042,0.000,0.000
"09:15",0.000,3.277,63.700,5.683,0.000,0.000
"09:30",0.512,1.741,63.700,3.635,0.000,0.000
"09:45",5.939,0.358,63.700,1.075,0.000,0.000
"10:00",6.810,0.000,63.600,0.000,0.000,0.000
"10:15",0.512,1.997,63.600,3.533,0.000,0.000
"10:30",1.485,1.690,63.600,2.765,0.000,0.000
"10:45",15.104,0.000,63.700,0.000,0.000,0.000
"11:00",10.496,0.000,63.700,0.000,0.000,0.000
"11:15",16.128,0.000,63.700,0.000,0.000,0.000
"11:30",17.357,0.000,63.700,0.000,0.000,0.000
"11:45",21.811,0.000,63.700,0.000,0.000,0.000
"12:00",38.861,0.000,63.700,0.000,0.000,0.000
"12:15",53.811,0.000,63.700,0.000,0.000,0.102
"12:30",17.971,0.000,63.700,0.000,0.000,0.000
"12:45",10.291,0.000,63.700,0.000,0.000,0.000
"13:00",8.038,0.000,63.700,0.000,0.000,0.000
"13:15",7.578,0.000,63.700,0.000,0.000,0.000
"13:30",4.966,0.000,63.700,0.000,0.000,0.000
"13:45",4.045,0.000,63.700,0.512,0.000,0.000
"14:00",11.366,0.000,63.700,0.000,0.000,0.000
"14:15",11.878,0.000,63.700,0.000,0.000,0.000
"14:30",10.342,0.000,63.700,0.000,0.000,0.000
"14:45",15.462,0.000,63.700,0.000,0.000,0.000
"15:00",15.206,0.000,63.700,0.000,0.000,0.000
"15:15",32.512,0.000,63.700,0.000,0.000,0.000
"15:30",27.085,0.000,63.700,0.000,0.000,0.000
"15:45",19.661,0.000,63.700,0.000,0.000,0.000
"16:00",17.050,0.000,63.700,0.000,0.000,0.000
"16:15",19.866,0.000,63.700,0.000,0.000,0.000
"16:30",11.418,0.000,63.700,0.000,0.000,0.000
"16:45",5.427,0.000,63.700,0.000,0.000,0.000
"17:00",2.458,0.205,63.700,1.434,0.000,0.000
"17:15",0.973,1.382,63.700,2.253,0.000,0.000
"17:30",0.307,2.560,63.700,3.072,0.000,0.000
"17:45",0.154,3.072,63.700,3.584,0.000,0.000
"18:00",0.000,4.557,63.700,4.147,0.000,0.000
"18:15",0.000,4.762,63.700,4.403,0.000,0.000
"18:30",0.000,4.813,63.700,4.557,0.000,0.000
"18:45",0.000,4.864,63.700,4.454,0.000,0.000
"19:00",0.000,5.786,63.700,3.891,0.000,0.000
"19:15",0.000,5.120,63.700,4.403,0.000,0.000
"19:30",0.000,4.762,63.700,4.454,0.000,0.000
"19:45",0.000,4.762,63.700,4.454,0.000,0.000
"20:00",0.000,5.786,63.700,3.942,0.000,0.000
"20:15",0.000,4.557,63.700,4.608,0.000,0.000
"20:30",0.000,4.659,63.700,4.813,0.000,0.000
"20:45",0.000,4.352,63.800,4.710,0.000,0.000
"21:00",0.000,5.325,63.700,3.891,0.000,0.000
"21:15",0.000,4.608,63.700,4.659,0.000,0.000
"21:30",0.000,4.506,63.700,4.403,0.000,0.000
"21:45",0.000,4.301,63.700,4.608,0.000,0.000
"22:00",0.000,5.632,63.700,4.147,0.000,0.000
"22:15",0.000,4.608,63.700,4.762,0.000,0.000
"22:30",0.000,4.301,63.700,5.018,0.000,0.000
"22:45",0.000,4.608,63.700,4.864,0.000,0.000
"23:00",0.000,4.864,63.700,4.710,0.000,0.000
"23:15",0.000,4.352,63.700,5.069,0.000,0.000
"23:30",0.000,4.506,63.700,5.427,0.000,0.000
"23:45",0.000,5.171,63.700,4.762,0.000,0.000
" 6/07/26 24:00",0.000,4.454,63.700,5.427,0.000,0.000
