"kwh"
"Time ","DAGSR01P","DAGSR01P","DAGSR01P","DAGSR01P","DAGSR01P","DAGSR01P"
" 1/02/26 00:15",0.000,4.608,63.600,8.806,0.000,0.000
" 1/02/26 00:30",0.000,4.762,63.600,8.858,0.000,0.000
"00:45",0.000,4.506,63.600,9.114,0.000,0.000
"01:00",0.000,3.942,63.600,9.370,0.000,0.000
"01:15",0.000,4.045,63.600,9.062,0.000,0.000
"01:30",0.000,3.994,63.600,9.318,0.000,0.000
"01:45",0.000,3.942,63.600,9.216,0.000,0.000
"02:00",0.000,3.942,63.600,9.114,0.000,0.000
"02:15",0.000,4.352,63.600,9.011,0.000,0.000
"02:30",0.000,4.864,63.600,8.397,0.000,0.000
"02:45",0.000,4.301,63.600,8.755,0.000,0.000
"03:00",0.000,3.891,63.500,9.165,0.000,0.000
"03:15",0.000,3.840,63.600,9.165,0.000,0.000
"03:30",0.000,3.789,63.500,9.165,0.000,0.000
"03:45",0.000,3.942,63.600,9.216,0.000,0.000
"04:00",0.000,3.789,63.600,9.216,0.000,0.000
"04:15",0.000,4.147,63.600,9.216,0.000,0.000
"04:30",0.000,3.994,63.600,9.216,0.000,0.000
"04:45",0.000,3.840,63.600,9.216,0.000,0.000
"05:00",0.000,3.891,63.600,9.318,0.000,0.000
"05:15",0.000,3.738,63.600,9.216,0.000,0.000
"05:30",0.000,3.789,63.600,9.472,0.000,0.000
"05:45",0.000,4.301,63.600,9.421,0.000,0.000
"06:00",0.000,4.454,63.600,9.267,0.000,0.000
"06:15",0.000,4.864,63.600,9.267,0.000,0.000
"06:30",0.000,4.250,63.600,9.165,0.000,0.000
"06:45",0.000,4.250,63.500,8.448,0.000,0.000
"07:00",0.102,3.430,63.600,6.093,0.000,0.000
"07:15",0.410,2.765,63.600,5.222,0.000,0.000
"07:30",0.973,1.638,63.500,5.222,0.000,0.000
"07:45",3.430,0.205,63.600,1.792,0.000,0.000
"08:00",5.990,5.530,63.600,0.000,3.021,0.000
"08:15",0.000,17.408,63.600,0.000,11.674,0.000
"08:30",0.000,9.830,63.600,0.000,11.725,0.000
"08:45",0.512,3.174,63.600,0.000,8.499,3.430
"09:00",0.563,22.682,63.600,0.000,27.341,1.894
"09:15",0.000,42.291,63.600,0.000,47.258,0.000
"09:30",0.000,51.968,63.500,0.000,58.163,0.000
"09:45",0.000,46.234,63.600,0.000,58.317,0.000
"10:00",0.000,40.397,63.500,0.000,58.675,0.000
"10:15",0.000,35.072,63.500,0.000,58.982,0.000
"10:30",0.000,30.515,63.500,0.000,59.085,0.000
"10:45",0.000,26.675,63.500,0.000,59.546,0.000
"11:00",0.000,22.118,63.500,0.000,59.597,0.000
"11:15",0.000,18.432,63.500,0.000,59.853,0.000
"11:30",0.000,16.947,63.500,0.000,60.570,0.000
"11:45",0.000,14.234,63.500,0.000,60.672,0.000
"12:00",0.000,11.110,63.500,0.000,60.518,0.000
"12:15",0.000,9.114,63.500,0.000,60.672,0.000
"12:30",0.000,7.117,63.500,0.000,60.672,0.051
"12:45",0.051,6.912,63.600,0.000,59.034,1.690
"13:00",0.358,5.888,63.600,0.000,48.947,11.264
"13:15",0.512,4.966,63.600,0.000,41.574,17.562
"13:30",0.256,4.915,63.600,0.000,44.800,14.182
"13:45",0.512,4.659,63.600,0.000,41.574,17.357
"14:00",0.512,4.762,63.600,0.000,41.523,17.459
"14:15",0.358,5.120,63.600,0.000,43.776,15.360
"14:30",0.358,5.427,63.600,0.000,43.520,15.565
"14:45",0.000,7.117,63.600,0.000,56.269,2.765
"15:00",0.000,8.192,63.600,0.000,58.880,0.000
"15:15",0.000,10.138,63.600,0.000,58.829,0.000
"15:30",0.000,12.083,63.600,0.000,58.573,0.000
"15:45",0.000,15.514,63.600,0.000,58.419,0.000
"16:00",0.000,18.483,63.600,0.000,58.163,0.000
"16:15",0.000,21.862,63.600,0.000,58.470,0.000
"16:30",0.000,25.549,63.600,0.000,58.368,0.000
"16:45",0.000,30.822,63.600,0.000,58.010,0.000
"17:00",0.000,36.147,63.600,0.000,57.754,0.000
"17:15",0.000,44.646,63.600,0.000,59.597,0.000
"17:30",0.000,82.074,63.600,0.000,79.360,0.000
"17:45",0.000,87.859,63.600,0.000,78.746,0.000
"18:00",0.000,90.726,63.600,0.000,79.616,0.000
"18:15",0.000,93.747,63.600,0.000,79.462,0.000
"18:30",0.000,105.267,63.600,0.000,78.848,0.000
"18:45",0.000,114.483,63.600,0.000,78.490,0.000
"19:00",0.000,121.702,63.600,0.000,78.438,0.000
"19:15",0.000,128.000,63.600,0.000,78.387,0.000
"19:30",0.000,133.427,63.600,0.000,78.950,0.000
"19:45",0.000,136.294,63.600,0.000,78.694,0.000
"20:00",0.000,137.779,63.600,0.000,78.746,0.000
"20:15",0.000,138.957,63.500,0.000,78.746,0.000
"20:30",0.000,140.186,63.500,0.000,78.694,0.000
"20:45",0.000,141.261,63.500,0.000,78.080,0.000
"21:00",0.000,141.261,63.500,0.000,78.848,0.000
"21:15",0.000,142.131,63.500,0.000,78.643,0.000
"21:30",0.000,144.538,63.500,0.000,79.821,0.000
"21:45",0.000,144.486,63.500,0.000,80.077,0.000
"22:00",0.000,144.384,63.500,0.000,79.718,0.000
"22:15",0.000,144.486,63.500,0.000,79.514,0.000
"22:30",0.000,143.872,63.600,0.000,79.821,0.000
"22:45",0.000,143.974,63.600,0.000,80.077,0.000
"23:00",0.000,143.923,63.600,0.000,79.974,0.000
"23:15",0.000,144.282,63.500,0.000,80.077,0.000
"23:30",0.000,144.691,63.600,0.000,79.821,0.000
"23:45",0.000,144.384,63.600,0.000,79.462,0.000
" 1/02/26 24:00",0.000,144.486,63.600,0.000,80.077,0.000
