"kwh"
"Time ","DAGSR01P","DAGSR01P","DAGSR01P","DAGSR01P","DAGSR01P","DAGSR01P"
" 1/15/26 00:15",0.000,207.923,63.500,0.000,111.974,0.000
" 1/15/26 00:30",0.000,208.640,63.500,0.000,111.923,0.000
"00:45",0.000,208.947,63.500,0.000,112.128,0.000
"01:00",0.000,208.230,63.500,0.000,112.435,0.000
"01:15",0.000,208.896,63.500,0.000,113.050,0.000
"01:30",0.000,208.691,63.500,0.000,113.306,0.000
"01:45",0.000,205.875,63.500,0.000,111.462,0.000
"02:00",0.000,205.312,63.500,0.000,110.899,0.000
"02:15",0.000,205.261,63.500,0.000,110.848,0.000
"02:30",0.000,205.158,63.500,0.000,111.002,0.000
"02:45",0.000,205.210,63.600,0.000,110.950,0.000
"03:00",0.000,205.670,63.600,0.000,110.950,0.000
"03:15",0.000,205.568,63.600,0.000,111.002,0.000
"03:30",0.000,205.261,63.500,0.000,110.899,0.000
"03:45",0.000,204.954,63.500,0.000,110.950,0.000
"04:00",0.000,205.414,63.600,0.000,111.206,0.000
"04:15",0.000,205.261,63.600,0.000,111.002,0.000
"04:30",0.000,205.005,63.600,0.000,111.155,0.000
"04:45",0.000,196.096,63.600,0.000,105.165,0.000
"05:00",0.000,171.520,63.600,0.000,89.293,0.000
"05:15",0.000,171.571,63.600,0.000,89.088,0.000
"05:30",0.000,171.725,63.600,0.000,89.190,0.000
"05:45",0.000,171.930,63.600,0.000,88.986,0.000
"06:00",0.000,171.981,63.600,0.000,88.883,0.000
"06:15",0.000,172.083,63.600,0.000,89.293,0.000
"06:30",0.000,171.520,63.600,0.000,89.139,0.000
"06:45",0.000,171.315,63.600,0.000,89.242,0.000
"07:00",0.000,170.598,63.600,0.000,89.549,0.000
"07:15",0.000,195.584,63.600,0.000,105.114,0.000
"07:30",0.000,205.107,63.600,0.000,111.104,0.000
"07:45",0.000,202.906,63.600,0.000,111.053,0.000
"08:00",0.000,200.909,63.600,0.000,111.462,0.000
"08:15",0.000,196.966,63.600,0.000,110.950,0.000
"08:30",0.000,193.536,63.600,0.000,111.002,0.000
"08:45",0.000,191.386,63.600,0.000,111.053,0.000
"09:00",0.000,174.848,63.600,0.000,111.309,0.000
"09:15",0.000,182.221,63.600,0.000,111.002,0.000
"09:30",0.000,120.627,63.600,0.000,105.523,0.000
"09:45",0.000,146.278,63.500,0.000,99.533,0.000
"10:00",0.000,162.202,63.500,0.000,108.134,0.000
"10:15",0.000,135.731,63.600,0.000,112.538,0.000
"10:30",0.000,127.846,63.500,0.000,111.770,0.000
"10:45",0.000,137.882,63.500,0.000,112.333,0.000
"11:00",0.000,119.296,63.500,0.000,112.794,0.000
"11:15",0.000,131.942,63.500,0.000,112.128,0.000
"11:30",0.000,129.997,63.500,0.000,112.538,0.000
"11:45",0.000,135.578,63.500,0.000,112.179,0.000
"12:00",0.000,129.075,63.500,0.000,112.691,0.000
"12:15",0.000,133.171,63.500,0.000,113.715,0.000
"12:30",0.000,118.784,63.500,0.000,114.381,0.000
"12:45",0.000,109.158,63.500,0.000,115.149,0.000
"13:00",0.000,144.282,63.500,0.000,113.715,0.000
"13:15",0.000,136.755,63.500,0.000,114.022,0.000
"13:30",0.000,110.285,63.500,0.000,114.944,0.000
"13:45",0.000,113.203,63.500,0.000,114.739,0.000
"14:00",0.000,112.077,63.500,0.000,114.739,0.000
"14:15",0.000,132.864,63.500,0.000,114.074,0.000
"14:30",0.000,109.363,63.500,0.000,115.046,0.000
"14:45",0.000,110.080,63.500,0.000,114.995,0.000
"15:00",0.000,84.890,63.500,0.000,98.560,0.000
"15:15",0.000,76.288,63.500,0.000,93.645,0.000
"15:30",0.000,77.773,63.500,0.000,93.440,0.000
"15:45",0.000,80.896,63.500,0.000,93.235,0.000
"16:00",0.000,84.429,63.500,0.000,92.928,0.000
"16:15",0.000,92.979,63.500,0.000,93.952,0.000
"16:30",0.000,122.778,63.500,0.000,102.912,0.000
"16:45",0.000,125.696,63.500,0.000,101.632,0.000
"17:00",0.000,130.970,63.500,0.000,101.427,0.000
"17:15",0.000,168.909,63.500,0.000,113.664,0.000
"17:30",0.000,175.155,63.500,0.000,114.074,0.000
"17:45",0.000,182.221,63.500,0.000,113.664,0.000
"18:00",0.000,188.826,63.500,0.000,113.357,0.000
"18:15",0.000,195.635,63.500,0.000,113.306,0.000
"18:30",0.000,202.138,63.500,0.000,113.306,0.000
"18:45",0.000,208.691,63.500,0.000,113.306,0.000
"19:00",0.000,216.525,63.500,0.000,113.510,0.000
"19:15",0.000,223.539,63.500,0.000,113.562,0.000
"19:30",0.000,229.274,63.500,0.000,114.534,0.000
"19:45",0.000,233.728,63.500,0.000,114.842,0.000
"20:00",0.000,234.752,63.500,0.000,113.920,0.000
"20:15",0.000,236.749,63.500,0.000,113.766,0.000
"20:30",0.000,237.261,63.500,0.000,113.306,0.000
"20:45",0.000,236.954,63.500,0.000,113.152,0.000
"21:00",0.000,237.414,63.500,0.000,113.357,0.000
"21:15",0.000,237.312,63.500,0.000,113.306,0.000
"21:30",0.000,237.056,63.500,0.000,113.306,0.000
"21:45",0.000,236.902,63.500,0.000,113.357,0.000
"22:00",0.000,237.312,63.500,0.000,113.254,0.000
"22:15",0.000,237.261,63.500,0.000,113.306,0.000
"22:30",0.000,237.158,63.500,0.000,113.050,0.000
"22:45",0.000,237.773,63.500,0.000,113.050,0.000
"23:00",0.000,238.080,63.500,0.000,112.947,0.000
"23:15",0.000,237.210,63.500,0.000,113.254,0.000
"23:30",0.000,237.158,63.600,0.000,113.664,0.000
"23:45",0.000,237.056,63.500,0.000,113.562,0.000
" 1/15/26 24:00",0.000,236.646,63.500,0.000,113.306,0.000
