"kwh"
"Time ","DAGSR01P","DAGSR01P","DAGSR01P","DAGSR01P","DAGSR01P","DAGSR01P"
" 5/14/26 00:15",0.000,6.195,63.600,4.915,0.000,0.000
" 5/14/26 00:30",0.000,6.246,63.700,5.018,0.000,0.000
"00:45",0.000,5.888,63.700,5.069,0.000,0.000
"01:00",0.000,5.530,63.700,5.120,0.000,0.000
"01:15",0.000,5.069,63.600,5.274,0.000,0.000
"01:30",0.000,5.171,63.600,5.018,0.000,0.000
"01:45",0.000,4.966,63.600,4.762,0.000,0.000
"02:00",0.000,5.734,63.600,4.454,0.000,0.000
"02:15",0.000,5.939,63.600,4.557,0.000,0.000
"02:30",0.000,5.939,63.600,4.710,0.000,0.000
"02:45",0.000,5.222,63.600,5.325,0.000,0.000
"03:00",0.000,4.813,63.600,5.530,0.000,0.000
"03:15",0.000,4.915,63.600,5.376,0.000,0.000
"03:30",0.000,4.813,63.600,5.478,0.000,0.000
"03:45",0.000,5.018,63.600,5.325,0.000,0.000
"04:00",0.000,5.683,63.600,5.376,0.000,0.000
"04:15",0.000,5.837,63.600,5.478,0.000,0.000
"04:30",0.000,5.325,63.600,5.325,0.000,0.000
"04:45",0.000,5.120,63.600,5.325,0.000,0.000
"05:00",0.000,4.915,63.600,5.222,0.000,0.000
"05:15",0.000,4.915,63.600,5.325,0.000,0.000
"05:30",0.000,4.864,63.600,5.222,0.000,0.000
"05:45",0.000,5.376,63.600,5.274,0.000,0.000
"06:00",0.000,6.451,63.600,4.710,0.000,0.000
"06:15",0.000,6.144,63.600,4.710,0.000,0.000
"06:30",0.000,5.734,63.600,4.608,0.000,0.000
"06:45",0.000,5.376,63.600,4.915,0.000,0.000
"07:00",0.000,4.864,63.700,5.120,0.000,0.000
"07:15",0.000,5.683,63.600,4.966,0.000,0.000
"07:30",0.000,6.246,63.600,4.813,0.000,0.000
"07:45",0.000,6.144,63.600,5.069,0.000,0.000
"08:00",0.000,5.939,63.600,5.069,0.000,0.000
"08:15",0.000,6.349,63.600,4.864,0.000,0.000
"08:30",0.000,5.018,63.600,4.557,0.000,0.000
"08:45",0.051,42.445,63.600,0.768,20.838,0.000
"09:00",0.000,69.376,63.600,0.000,37.581,0.000
"09:15",0.000,94.157,63.600,0.000,50.227,0.000
"09:30",0.000,91.392,63.600,0.000,51.814,0.000
"09:45",0.000,71.731,63.700,0.000,51.456,0.000
"10:00",0.000,76.646,63.700,0.000,51.354,0.000
"10:15",0.000,74.240,63.700,0.000,51.507,0.000
"10:30",0.000,68.762,63.700,0.000,52.634,0.000
"10:45",0.000,76.186,63.700,0.000,52.275,0.000
"11:00",0.000,78.592,63.700,0.000,52.480,0.000
"11:15",0.000,58.266,63.700,0.000,51.866,0.000
"11:30",0.000,77.363,63.700,0.000,50.125,0.000
"11:45",0.461,20.992,63.700,0.000,46.541,5.325
"12:00",1.178,26.419,63.700,0.000,46.950,3.994
"12:15",38.963,0.000,63.700,0.000,0.000,17.101
"12:30",54.272,1.331,63.800,0.000,2.304,15.565
"12:45",62.003,0.000,63.800,0.000,0.000,18.381
"13:00",54.323,0.000,63.700,0.000,0.000,18.074
"13:15",32.410,0.000,63.700,0.000,0.000,17.357
"13:30",43.366,0.717,63.700,0.000,1.587,15.872
"13:45",51.661,0.000,63.700,0.000,0.000,17.562
"14:00",67.123,0.000,63.700,0.000,0.000,18.330
"14:15",64.410,0.000,63.700,0.000,0.000,18.176
"14:30",58.368,0.000,63.700,0.000,0.000,17.818
"14:45",59.392,0.000,63.700,0.000,0.000,18.176
"15:00",49.664,0.000,63.700,0.000,0.000,17.920
"15:15",53.504,0.000,63.700,0.000,0.000,18.074
"15:30",48.845,0.000,63.700,0.000,0.000,17.459
"15:45",45.926,0.000,63.700,0.000,0.000,17.101
"16:00",40.192,0.000,63.700,0.000,0.000,16.794
"16:15",21.453,0.717,63.700,0.000,0.973,14.899
"16:30",49.562,2.970,63.700,0.000,1.894,0.000
"16:45",56.525,0.000,63.700,0.000,0.000,0.000
"17:00",48.589,0.000,63.700,0.000,0.000,0.000
"17:15",39.987,0.000,63.700,0.000,0.000,0.000
"17:30",32.512,0.000,63.800,0.000,0.000,0.000
"17:45",22.784,0.000,63.700,0.000,0.000,0.000
"18:00",13.107,0.205,63.700,0.717,0.000,0.000
"18:15",0.666,2.355,63.700,3.840,0.000,0.000
"18:30",0.051,3.942,63.700,5.478,0.000,0.000
"18:45",0.000,4.915,63.700,5.274,0.000,0.000
"19:00",0.000,4.915,63.700,5.478,0.000,0.000
"19:15",0.000,5.069,63.600,5.683,0.000,0.000
"19:30",0.000,4.915,63.600,5.530,0.000,0.000
"19:45",0.000,5.478,63.600,5.734,0.000,0.000
"20:00",0.000,6.246,63.600,5.837,0.000,0.000
"20:15",0.000,5.427,63.600,5.786,0.000,0.000
"20:30",0.000,5.786,63.600,5.786,0.000,0.000
"20:45",0.000,5.581,63.600,5.990,0.000,0.000
"21:00",0.000,5.888,63.600,5.939,0.000,0.000
"21:15",0.000,5.632,63.600,5.837,0.000,0.000
"21:30",0.000,5.888,63.700,5.888,0.000,0.000
"21:45",0.000,6.042,63.600,5.786,0.000,0.000
"22:00",0.000,5.837,63.700,5.990,0.000,0.000
"22:15",0.000,5.632,63.700,6.093,0.000,0.000
"22:30",0.000,5.888,63.700,6.246,0.000,0.000
"22:45",0.000,5.683,63.700,6.298,0.000,0.000
"23:00",0.000,5.837,63.700,6.195,0.000,0.000
"23:15",0.000,6.093,63.700,5.990,0.000,0.000
"23:30",0.000,5.888,63.700,5.837,0.000,0.000
"23:45",0.000,5.683,63.700,5.837,0.000,0.000
" 5/14/26 24:00",0.000,5.222,63.700,6.093,0.000,0.000
