"kwh"
"Time ","DAGSR01P","DAGSR01P","DAGSR01P","DAGSR01P","DAGSR01P","DAGSR01P"
" 1/13/26 00:15",0.000,104.602,63.600,0.000,44.595,0.000
" 1/13/26 00:30",0.000,105.114,63.600,0.000,44.390,0.000
"00:45",0.000,104.550,63.600,0.000,44.954,0.000
"01:00",0.000,104.499,63.500,0.000,44.902,0.000
"01:15",0.000,104.346,63.600,0.000,44.800,0.000
"01:30",0.000,104.294,63.600,0.000,44.800,0.000
"01:45",0.000,104.243,63.500,0.000,44.646,0.000
"02:00",0.000,104.243,63.600,0.000,44.698,0.000
"02:15",0.000,104.090,63.600,0.000,44.698,0.000
"02:30",0.000,104.141,63.600,0.000,44.749,0.000
"02:45",0.000,104.448,63.600,0.000,45.005,0.000
"03:00",0.000,105.062,63.600,0.000,45.722,0.000
"03:15",0.000,104.653,63.600,0.000,44.902,0.000
"03:30",0.000,104.243,63.600,0.000,44.595,0.000
"03:45",0.000,104.192,63.600,0.000,44.749,0.000
"04:00",0.000,104.141,63.600,0.000,44.851,0.000
"04:15",0.000,104.038,63.600,0.000,44.851,0.000
"04:30",0.000,104.294,63.500,0.000,44.646,0.000
"04:45",0.000,104.346,63.600,0.000,44.749,0.000
"05:00",0.000,104.090,63.600,0.000,44.544,0.000
"05:15",0.000,104.602,63.600,0.000,44.646,0.000
"05:30",0.000,104.192,63.600,0.000,44.493,0.000
"05:45",0.000,104.602,63.600,0.000,44.339,0.000
"06:00",0.000,104.346,63.600,0.000,44.442,0.000
"06:15",0.000,106.854,63.600,0.000,46.234,0.000
"06:30",0.000,107.264,63.600,0.000,46.285,0.000
"06:45",0.000,106.547,63.600,0.000,46.336,0.000
"07:00",0.000,106.598,63.600,0.000,46.643,0.000
"07:15",0.000,105.267,63.600,0.000,46.950,0.000
"07:30",0.000,102.861,63.600,0.000,47.104,0.000
"07:45",0.000,106.240,63.500,0.000,52.070,0.000
"08:00",0.000,132.864,63.800,0.000,69.990,0.000
"08:15",0.000,128.870,64.300,0.000,74.496,0.000
"08:30",0.000,127.795,64.600,0.000,75.981,0.000
"08:45",0.000,119.962,64.600,0.000,76.237,0.000
"09:00",0.000,103.066,64.600,0.000,77.107,0.000
"09:15",0.000,103.629,64.500,0.000,85.709,0.000
"09:30",0.000,132.710,64.500,0.000,98.918,0.000
"09:45",0.000,143.514,64.500,0.000,98.765,0.000
"10:00",0.000,150.989,64.500,0.000,98.611,0.000
"10:15",0.000,143.206,64.600,0.000,99.277,0.000
"10:30",0.000,137.216,64.200,0.000,95.488,0.000
"10:45",0.000,156.723,63.500,0.000,95.232,0.000
"11:00",0.000,174.336,63.900,0.000,112.691,0.000
"11:15",0.000,160.973,64.600,0.000,120.166,0.000
"11:30",0.000,145.715,64.600,0.000,121.446,0.000
"11:45",0.000,148.634,64.500,0.000,120.474,0.000
"12:00",0.000,152.371,64.500,0.000,120.166,0.000
"12:15",0.000,161.434,64.500,0.000,119.654,0.000
"12:30",0.000,180.019,64.500,0.000,119.347,0.000
"12:45",0.000,183.603,64.500,0.000,119.142,0.000
"13:00",0.000,168.960,64.300,0.000,116.480,0.000
"13:15",0.000,158.464,64.600,0.000,120.115,0.000
"13:30",0.000,181.350,64.500,0.000,119.347,0.000
"13:45",0.000,197.786,63.400,0.000,109.312,0.000
"14:00",0.000,201.011,63.500,0.000,109.568,0.000
"14:15",0.000,183.501,63.700,0.000,104.141,0.000
"14:30",0.000,164.147,64.300,0.000,95.232,0.000
"14:45",0.000,154.726,64.400,0.000,95.949,0.000
"15:00",0.000,159.488,64.200,0.000,94.310,0.000
"15:15",0.000,165.990,62.500,0.000,80.998,0.000
"15:30",0.000,162.918,62.000,0.000,77.670,0.000
"15:45",0.000,157.850,62.300,0.000,79.309,0.000
"16:00",0.000,165.734,62.300,0.000,79.053,0.000
"16:15",0.000,164.198,61.600,0.000,74.957,0.000
"16:30",0.000,133.581,62.300,0.000,60.211,0.000
"16:45",0.000,124.160,62.600,0.000,59.648,0.000
"17:00",0.000,125.235,64.100,0.000,71.373,0.000
"17:15",0.000,96.358,63.600,0.000,67.942,0.000
"17:30",0.000,71.885,63.600,0.000,67.994,0.000
"17:45",0.000,68.403,63.600,0.000,49.715,0.000
"18:00",0.000,65.075,63.600,0.000,45.670,0.000
"18:15",0.000,61.030,63.600,0.000,45.978,0.000
"18:30",0.000,83.046,63.600,0.000,46.234,0.000
"18:45",0.000,88.218,63.600,0.000,45.926,0.000
"19:00",0.000,92.314,63.600,0.000,45.722,0.000
"19:15",0.000,87.194,63.600,0.000,46.029,0.000
"19:30",0.000,93.389,63.600,0.000,45.670,0.000
"19:45",0.000,97.280,63.600,0.000,45.107,0.000
"20:00",0.000,100.710,63.500,0.000,46.336,0.000
"20:15",0.000,105.011,63.500,0.000,47.718,0.000
"20:30",0.000,105.830,63.600,0.000,47.565,0.000
"20:45",0.000,107.110,63.500,0.000,47.770,0.000
"21:00",0.000,107.008,63.500,0.000,47.923,0.000
"21:15",0.000,105.574,63.500,0.000,46.746,0.000
"21:30",0.000,105.216,63.500,0.000,46.643,0.000
"21:45",0.000,105.370,63.500,0.000,46.490,0.000
"22:00",0.000,105.472,63.500,0.000,46.694,0.000
"22:15",0.000,105.523,63.500,0.000,46.797,0.000
"22:30",0.000,106.394,63.500,0.000,46.694,0.000
"22:45",0.000,105.677,63.500,0.000,46.746,0.000
"23:00",0.000,105.523,63.500,0.000,46.848,0.000
"23:15",0.000,105.779,63.500,0.000,46.592,0.000
"23:30",0.000,105.830,63.600,0.000,46.541,0.000
"23:45",0.000,106.035,63.500,0.000,46.336,0.000
" 1/13/26 24:00",0.000,105.267,63.600,0.000,45.722,0.000
