"kwh"
"Time ","DAGSR01P","DAGSR01P","DAGSR01P","DAGSR01P","DAGSR01P","DAGSR01P"
" 9/02/26 00:15",0.000,69.171,63.700,0.000,35.123,0.000
" 9/02/26 00:30",0.000,69.990,63.700,0.000,35.482,0.000
"00:45",0.000,69.171,63.700,0.000,35.123,0.000
"01:00",0.000,70.144,63.700,0.000,35.430,0.000
"01:15",0.000,69.478,63.700,0.000,35.174,0.000
"01:30",0.000,69.376,63.700,0.000,35.482,0.000
"01:45",0.000,70.093,63.700,0.000,35.533,0.000
"02:00",0.000,69.171,63.700,0.000,35.123,0.000
"02:15",0.000,70.195,63.700,0.000,35.738,0.000
"02:30",0.000,69.478,63.700,0.000,34.970,0.000
"02:45",0.000,69.888,63.700,0.000,35.226,0.000
"03:00",0.000,69.427,63.700,0.000,35.072,0.000
"03:15",0.000,69.274,63.700,0.000,34.918,0.000
"03:30",0.000,70.093,63.700,0.000,35.379,0.000
"03:45",0.000,69.120,63.700,0.000,34.970,0.000
"04:00",0.000,70.042,63.700,0.000,35.482,0.000
"04:15",0.000,69.376,63.700,0.000,35.072,0.000
"04:30",0.000,69.325,63.700,0.000,34.918,0.000
"04:45",0.000,70.195,63.700,0.000,35.328,0.000
"05:00",0.000,69.171,63.700,0.000,34.662,0.000
"05:15",0.000,69.888,63.700,0.000,35.226,0.000
"05:30",0.000,69.939,63.700,0.000,35.072,0.000
"05:45",0.000,69.018,63.700,0.000,34.867,0.000
"06:00",0.000,69.939,63.700,0.000,35.174,0.000
"06:15",0.000,69.222,63.700,0.000,34.662,0.000
"06:30",0.000,69.734,63.700,0.000,35.174,0.000
"06:45",0.000,70.093,63.700,0.000,34.918,0.000
"07:00",0.000,69.734,63.700,0.000,34.765,0.000
"07:15",0.000,70.246,63.700,0.000,35.277,0.000
"07:30",0.000,69.888,63.600,0.000,34.099,0.000
"07:45",0.000,40.448,63.600,0.000,17.613,0.000
"08:00",0.000,0.000,0.000,0.000,0.000,0.000
"08:15",0.000,0.000,0.000,0.000,0.000,0.000
"08:30",0.000,0.000,0.000,0.000,0.000,0.000
"08:45",0.000,0.000,0.000,0.000,0.000,0.000
"09:00",0.000,0.000,0.000,0.000,0.000,0.000
"09:15",0.000,0.000,0.000,0.000,0.000,0.000
"09:30",0.000,0.000,0.000,0.000,0.000,0.000
"09:45",0.000,0.000,0.000,0.000,0.000,0.000
"10:00",0.000,0.000,0.000,0.000,0.000,0.000
"10:15",0.000,0.000,0.000,0.000,0.000,0.000
"10:30",0.000,0.000,0.000,0.000,0.000,0.000
"10:45",0.000,0.000,0.000,0.000,0.000,0.000
"11:00",0.000,0.000,0.000,0.000,0.000,0.000
"11:15",0.000,0.000,0.000,0.000,0.000,0.000
"11:30",0.000,0.000,0.000,0.000,0.000,0.000
"11:45",0.000,0.000,0.000,0.000,0.000,0.000
"12:00",0.000,0.000,0.000,0.000,0.000,0.000
"12:15",0.000,0.000,0.000,0.000,0.000,0.000
"12:30",0.000,0.000,0.000,0.000,0.000,0.000
"12:45",0.000,0.000,0.000,0.000,0.000,0.000
"13:00",0.000,0.000,0.000,0.000,0.000,0.000
"13:15",0.000,0.000,0.000,0.000,0.000,0.000
"13:30",0.000,15.462,62.900,0.256,6.758,0.000
"13:45",0.000,59.392,63.600,0.000,45.158,0.000
"14:00",28.621,1.382,63.600,0.000,7.373,34.918
"14:15",39.526,0.000,63.600,0.000,0.000,38.400
"14:30",30.413,0.000,63.600,0.000,0.000,44.288
"14:45",40.448,0.000,63.600,0.000,0.000,37.888
"15:00",37.069,0.000,63.600,0.000,0.000,37.734
"15:15",32.410,0.102,63.600,0.000,1.178,36.966
"15:30",0.717,6.554,63.600,0.000,36.301,13.056
"15:45",0.000,42.086,63.600,0.000,68.915,0.000
"16:00",0.000,47.053,63.600,0.000,68.147,0.000
"16:15",0.000,50.227,63.600,0.000,66.662,0.000
"16:30",0.000,26.010,63.600,0.000,46.950,0.000
"16:45",0.000,32.768,63.600,0.000,46.643,0.000
"17:00",0.000,20.480,63.600,0.000,40.550,0.000
"17:15",0.000,33.638,63.600,0.000,49.408,0.000
"17:30",0.000,52.122,63.600,0.000,57.037,0.000
"17:45",0.000,43.008,63.600,0.000,46.797,0.000
"18:00",0.205,17.408,63.700,0.000,23.859,2.202
"18:15",0.000,44.237,63.700,0.000,36.813,0.000
"18:30",0.000,52.685,63.700,0.000,35.840,0.000
"18:45",0.000,49.613,63.700,0.000,28.570,0.000
"19:00",0.000,33.843,63.700,0.000,14.387,0.000
"19:15",0.000,35.328,63.700,0.000,14.131,0.000
"19:30",0.000,35.277,63.700,0.000,14.182,0.000
"19:45",0.000,35.328,63.700,0.000,14.438,0.000
"20:00",0.000,35.635,63.700,0.000,14.285,0.000
"20:15",0.000,36.096,63.700,0.000,14.848,0.000
"20:30",0.000,43.725,63.700,0.000,17.050,0.000
"20:45",0.000,35.686,63.700,0.000,14.234,0.000
"21:00",0.000,35.840,63.700,0.000,14.285,0.000
"21:15",0.000,35.840,63.700,0.000,14.336,0.000
"21:30",0.000,36.352,63.700,0.000,14.643,0.000
"21:45",0.000,35.686,63.700,0.000,13.773,0.000
"22:00",0.000,35.942,63.700,0.000,13.824,0.000
"22:15",0.000,36.096,63.700,0.000,14.438,0.000
"22:30",0.000,35.789,63.700,0.000,14.387,0.000
"22:45",0.000,35.482,63.700,0.000,14.182,0.000
"23:00",0.000,35.942,63.700,0.000,14.336,0.000
"23:15",0.000,35.328,63.700,0.000,14.234,0.000
"23:30",0.000,35.328,63.700,0.000,14.080,0.000
"23:45",0.000,48.282,63.700,0.000,21.862,0.000
" 9/02/26 24:00",0.000,70.093,63.700,0.000,36.045,0.000
