"kwh"
"Time ","DAGSR01P","DAGSR01P","DAGSR01P","DAGSR01P","DAGSR01P","DAGSR01P"
" 2/15/26 00:15",0.000,35.584,63.600,0.000,4.045,0.000
" 2/15/26 00:30",0.000,35.840,63.600,0.000,4.250,0.000
"00:45",0.000,35.789,63.600,0.000,4.198,0.000
"01:00",0.000,35.482,63.600,0.000,3.891,0.000
"01:15",0.000,35.123,63.600,0.000,3.430,0.000
"01:30",0.000,34.816,63.600,0.000,3.379,0.000
"01:45",0.000,34.918,63.600,0.000,3.584,0.000
"02:00",0.000,34.918,63.600,0.000,3.584,0.000
"02:15",0.000,35.738,63.600,0.000,4.147,0.000
"02:30",0.000,35.686,63.600,0.000,4.250,0.000
"02:45",0.000,35.430,63.600,0.000,3.891,0.000
"03:00",0.000,34.816,63.600,0.000,3.328,0.000
"03:15",0.000,34.970,63.600,0.000,3.533,0.000
"03:30",0.000,35.226,63.600,0.000,3.789,0.000
"03:45",0.000,34.765,63.600,0.000,3.328,0.000
"04:00",0.000,35.328,63.600,0.000,3.686,0.000
"04:15",0.000,35.738,63.600,0.000,4.250,0.000
"04:30",0.000,35.942,63.600,0.000,4.403,0.000
"04:45",0.000,34.867,63.600,0.000,3.430,0.000
"05:00",0.000,34.816,63.600,0.000,3.328,0.000
"05:15",0.000,34.867,63.600,0.000,3.226,0.000
"05:30",0.000,34.816,63.600,0.051,3.174,0.000
"05:45",0.000,35.379,63.600,0.000,3.277,0.000
"06:00",0.000,35.891,63.600,0.000,3.994,0.000
"06:15",0.000,35.891,63.600,0.000,4.301,0.000
"06:30",0.000,35.635,63.600,0.000,3.686,0.000
"06:45",0.000,34.867,63.600,0.000,3.226,0.000
"07:00",0.000,34.867,63.600,0.000,3.226,0.000
"07:15",0.000,34.867,63.600,0.000,3.277,0.000
"07:30",0.000,34.611,63.600,0.000,3.738,0.000
"07:45",0.000,31.693,63.600,0.000,4.454,0.000
"08:00",0.000,28.262,63.600,0.000,4.557,0.000
"08:15",3.277,19.507,63.600,0.000,3.328,0.000
"08:30",11.725,0.000,63.600,0.000,0.000,0.000
"08:45",7.424,0.000,63.600,0.000,0.000,0.000
"09:00",5.734,0.000,63.600,0.000,0.000,0.000
"09:15",7.680,0.000,63.600,0.000,0.000,0.000
"09:30",6.093,0.000,63.600,0.000,0.000,0.000
"09:45",13.466,0.000,63.600,0.000,0.000,0.000
"10:00",13.619,0.000,63.600,0.000,0.000,0.000
"10:15",29.440,0.000,63.600,0.000,0.000,0.000
"10:30",37.171,0.000,63.600,0.000,0.000,0.000
"10:45",53.555,0.000,63.600,0.000,0.000,0.000
"11:00",42.854,0.000,63.600,0.000,0.000,0.000
"11:15",26.829,0.000,63.600,0.000,0.000,0.000
"11:30",71.270,0.000,63.600,0.000,0.000,0.000
"11:45",82.381,0.000,63.600,0.000,0.000,0.000
"12:00",77.414,0.000,63.600,0.000,0.000,0.000
"12:15",30.822,0.000,63.600,0.000,0.000,0.000
"12:30",22.784,0.000,63.600,0.000,0.000,0.000
"12:45",57.088,0.000,63.600,0.000,0.000,0.000
"13:00",93.030,0.000,63.600,0.000,0.000,0.000
"13:15",97.690,0.000,63.600,0.000,0.000,0.000
"13:30",75.981,0.000,63.600,0.000,0.000,0.000
"13:45",77.210,0.000,63.600,0.000,0.000,0.000
"14:00",84.429,0.000,63.600,0.000,0.000,0.000
"14:15",78.643,0.000,63.600,0.000,0.000,0.000
"14:30",97.382,0.000,63.600,0.000,0.000,0.000
"14:45",98.970,0.000,63.600,0.000,0.000,0.000
"15:00",71.834,0.000,63.600,0.000,0.000,0.000
"15:15",9.011,0.000,63.600,0.000,0.000,0.000
"15:30",10.445,0.000,63.600,0.000,0.000,0.000
"15:45",95.283,0.000,63.600,0.000,0.000,0.000
"16:00",90.368,0.000,63.600,0.000,0.000,0.000
"16:15",87.040,0.000,63.600,0.000,0.000,0.000
"16:30",81.715,0.000,63.600,0.000,0.000,0.000
"16:45",73.626,0.000,63.600,0.000,0.000,0.000
"17:00",67.482,0.000,63.600,0.000,0.000,0.000
"17:15",61.645,0.000,63.600,0.000,0.000,0.000
"17:30",56.218,0.000,63.600,0.000,0.000,0.000
"17:45",49.357,0.000,63.600,0.000,0.000,0.000
"18:00",42.035,0.000,63.600,0.000,0.000,0.000
"18:15",35.789,0.000,63.600,0.000,0.000,0.000
"18:30",26.982,0.000,63.700,0.000,0.000,0.000
"18:45",17.869,0.000,63.700,0.000,0.000,0.000
"19:00",10.957,0.000,63.600,0.000,0.000,0.000
"19:15",4.813,0.051,63.700,0.461,0.000,0.000
"19:30",1.178,1.434,63.700,3.021,0.000,0.000
"19:45",0.000,3.942,63.600,5.069,0.000,0.000
"20:00",0.000,6.144,63.600,5.837,0.000,0.000
"20:15",0.000,7.680,63.600,5.939,0.000,0.000
"20:30",0.000,8.038,63.600,5.786,0.000,0.000
"20:45",0.000,7.987,63.600,5.939,0.000,0.000
"21:00",0.000,7.526,63.600,6.400,0.000,0.000
"21:15",0.000,7.219,63.600,6.656,0.000,0.000
"21:30",0.000,7.219,63.600,6.502,0.000,0.000
"21:45",0.000,7.578,63.600,6.554,0.000,0.000
"22:00",0.000,6.093,63.600,7.526,0.000,0.000
"22:15",0.000,5.274,63.600,7.475,0.000,0.000
"22:30",0.000,5.274,63.600,7.629,0.000,0.000
"22:45",0.000,5.171,63.600,7.629,0.000,0.000
"23:00",0.000,4.762,63.600,8.346,0.000,0.000
"23:15",0.000,4.506,63.600,8.550,0.000,0.000
"23:30",0.000,4.301,63.600,8.704,0.000,0.000
"23:45",0.000,4.659,63.600,8.704,0.000,0.000
" 2/15/26 24:00",0.000,5.120,63.600,8.550,0.000,0.000
