"kwh"
"Time ","DAGSR01P","DAGSR01P","DAGSR01P","DAGSR01P","DAGSR01P","DAGSR01P"
" 7/13/26 00:15",0.000,5.632,63.700,6.298,0.000,0.000
" 7/13/26 00:30",0.000,6.298,63.700,5.939,0.000,0.000
"00:45",0.000,5.274,63.700,6.810,0.000,0.000
"01:00",0.000,4.966,63.700,6.554,0.000,0.000
"01:15",0.000,4.966,63.700,6.349,0.000,0.000
"01:30",0.000,5.837,63.700,6.042,0.000,0.000
"01:45",0.000,5.325,63.700,6.298,0.000,0.000
"02:00",0.000,4.813,63.700,6.298,0.000,0.000
"02:15",0.000,5.837,63.700,6.195,0.000,0.000
"02:30",0.000,4.659,63.700,6.554,0.000,0.000
"02:45",0.000,4.608,63.700,6.605,0.000,0.000
"03:00",0.000,4.762,63.700,6.758,0.000,0.000
"03:15",0.000,5.683,63.700,6.349,0.000,0.000
"03:30",0.000,5.120,63.700,6.502,0.000,0.000
"03:45",0.000,4.966,63.700,6.656,0.000,0.000
"04:00",0.000,5.018,63.700,6.502,0.000,0.000
"04:15",0.000,5.120,63.700,6.349,0.000,0.000
"04:30",0.000,4.813,63.700,6.758,0.000,0.000
"04:45",0.000,5.222,63.700,6.810,0.000,0.000
"05:00",0.000,5.530,63.700,6.605,0.000,0.000
"05:15",0.000,4.659,63.700,6.912,0.000,0.000
"05:30",0.000,4.966,63.700,6.861,0.000,0.000
"05:45",0.000,5.222,63.700,6.605,0.000,0.000
"06:00",0.000,5.632,63.700,6.246,0.000,0.000
"06:15",0.000,5.632,63.700,6.707,0.000,0.000
"06:30",0.000,4.966,63.700,6.963,0.000,0.000
"06:45",0.000,5.120,63.700,6.810,0.000,0.000
"07:00",0.000,5.069,63.700,7.066,0.000,0.000
"07:15",0.000,4.813,63.700,6.758,0.000,0.000
"07:30",0.000,5.018,63.700,7.014,0.000,0.000
"07:45",0.000,6.195,63.700,6.502,0.000,0.000
"08:00",0.000,5.120,63.700,6.707,0.000,0.000
"08:15",0.000,4.813,63.700,7.219,0.000,0.000
"08:30",0.000,5.734,63.600,6.758,0.000,0.000
"08:45",0.000,6.042,63.600,6.246,0.000,0.000
"09:00",0.000,5.427,63.600,6.195,0.000,0.000
"09:15",0.000,34.304,63.600,0.614,12.698,0.000
"09:30",0.000,35.686,63.600,0.000,15.104,0.000
"09:45",0.000,35.328,63.600,0.000,14.643,0.000
"10:00",0.000,34.970,63.600,0.000,14.234,0.000
"10:15",0.000,29.798,63.600,0.000,14.643,0.000
"10:30",0.000,29.952,63.600,0.000,14.336,0.000
"10:45",0.000,26.163,63.600,0.000,14.490,0.000
"11:00",0.000,24.013,63.600,0.000,14.643,0.000
"11:15",0.000,20.685,63.600,0.000,15.104,0.000
"11:30",0.000,17.971,63.600,0.000,14.797,0.000
"11:45",0.000,13.312,63.600,0.000,14.950,0.000
"12:00",2.202,5.888,63.600,0.000,10.240,4.864
"12:15",9.830,0.870,63.600,0.000,3.277,11.469
"12:30",50.637,0.000,63.600,0.000,0.000,16.077
"12:45",38.605,0.000,63.600,0.000,0.000,15.821
"13:00",27.955,0.000,63.700,0.000,0.000,15.872
"13:15",17.459,0.000,63.700,0.000,0.000,15.206
"13:30",7.731,0.102,63.700,0.000,1.178,14.285
"13:45",23.040,0.000,63.700,0.000,0.000,15.923
"14:00",31.693,0.000,63.700,0.000,0.000,15.770
"14:15",33.331,0.000,63.700,0.000,0.000,15.616
"14:30",42.803,0.000,63.700,0.000,0.000,16.026
"14:45",28.467,0.000,63.700,0.000,0.000,15.923
"15:00",39.629,0.000,63.700,0.000,0.000,15.872
"15:15",43.725,0.000,63.700,0.000,0.000,16.026
"15:30",56.013,0.000,63.700,0.000,0.000,12.186
"15:45",76.800,0.000,63.700,0.000,0.000,0.000
"16:00",63.334,0.000,63.700,0.000,0.000,0.000
"16:15",68.096,0.000,63.700,0.000,0.000,0.000
"16:30",62.054,0.000,63.600,0.000,0.000,0.000
"16:45",55.808,0.000,63.600,0.000,0.000,0.000
"17:00",48.947,0.000,63.600,0.000,0.000,0.000
"17:15",40.909,0.000,63.600,0.000,0.000,0.000
"17:30",33.997,0.000,63.700,0.000,0.000,0.000
"17:45",25.907,0.000,63.600,0.000,0.000,0.000
"18:00",11.366,0.102,63.600,0.512,0.000,0.000
"18:15",0.614,1.331,63.700,3.686,0.000,0.000
"18:30",0.051,3.277,63.700,5.120,0.000,0.000
"18:45",0.000,5.018,63.700,5.427,0.000,0.000
"19:00",0.000,5.018,63.700,5.581,0.000,0.000
"19:15",0.000,4.557,63.700,5.786,0.000,0.000
"19:30",0.000,4.864,63.700,5.786,0.000,0.000
"19:45",0.000,5.069,63.600,5.325,0.000,0.000
"20:00",0.000,4.147,63.700,5.734,0.000,0.000
"20:15",0.000,4.454,63.700,5.837,0.000,0.000
"20:30",0.000,5.120,63.700,5.632,0.000,0.000
"20:45",0.000,4.915,63.600,6.298,0.000,0.000
"21:00",0.000,4.659,63.700,5.990,0.000,0.000
"21:15",0.000,4.966,63.700,5.632,0.000,0.000
"21:30",0.000,5.530,63.600,5.632,0.000,0.000
"21:45",0.000,4.506,63.600,5.888,0.000,0.000
"22:00",0.000,4.506,63.600,6.042,0.000,0.000
"22:15",0.000,5.734,63.600,5.683,0.000,0.000
"22:30",0.000,4.454,63.600,6.400,0.000,0.000
"22:45",0.000,4.454,63.600,6.298,0.000,0.000
"23:00",0.000,5.069,63.600,6.298,0.000,0.000
"23:15",0.000,4.659,63.600,6.144,0.000,0.000
"23:30",0.000,4.813,63.600,6.656,0.000,0.000
"23:45",0.000,4.659,63.600,7.066,0.000,0.000
" 7/13/26 24:00",0.000,4.813,63.600,6.298,0.000,0.000
