"kwh"
"Time ","DAGSR01P","DAGSR01P","DAGSR01P","DAGSR01P","DAGSR01P","DAGSR01P"
" 5/16/26 00:15",0.000,5.222,63.700,5.478,0.000,0.000
" 5/16/26 00:30",0.000,5.222,63.700,5.530,0.000,0.000
"00:45",0.000,5.018,63.700,5.632,0.000,0.000
"01:00",0.000,4.864,63.700,5.478,0.000,0.000
"01:15",0.000,5.018,63.600,5.478,0.000,0.000
"01:30",0.000,5.274,63.700,5.683,0.000,0.000
"01:45",0.000,4.813,63.700,5.990,0.000,0.000
"02:00",0.000,5.018,63.700,6.042,0.000,0.000
"02:15",0.000,4.813,63.700,6.093,0.000,0.000
"02:30",0.000,4.864,63.700,5.990,0.000,0.000
"02:45",0.000,4.966,63.700,5.939,0.000,0.000
"03:00",0.000,5.171,63.700,5.734,0.000,0.000
"03:15",0.000,4.762,63.700,5.734,0.000,0.000
"03:30",0.000,5.478,63.700,5.786,0.000,0.000
"03:45",0.000,5.376,63.700,5.786,0.000,0.000
"04:00",0.000,4.710,63.700,5.939,0.000,0.000
"04:15",0.000,4.915,63.700,6.093,0.000,0.000
"04:30",0.000,5.222,63.700,5.939,0.000,0.000
"04:45",0.000,4.659,63.700,5.990,0.000,0.000
"05:00",0.000,4.864,63.700,5.939,0.000,0.000
"05:15",0.000,4.966,63.700,6.144,0.000,0.000
"05:30",0.000,4.966,63.700,5.990,0.000,0.000
"05:45",0.000,4.864,63.700,5.786,0.000,0.000
"06:00",0.000,5.222,63.700,5.888,0.000,0.000
"06:15",0.000,5.581,63.700,5.888,0.000,0.000
"06:30",0.000,5.632,63.600,5.683,0.000,0.000
"06:45",0.000,5.171,63.600,5.581,0.000,0.000
"07:00",0.000,5.274,63.700,5.632,0.000,0.000
"07:15",0.000,5.478,63.600,5.581,0.000,0.000
"07:30",0.000,5.786,63.600,5.530,0.000,0.000
"07:45",0.000,5.427,63.600,5.734,0.000,0.000
"08:00",0.000,5.018,63.600,5.939,0.000,0.000
"08:15",0.000,4.608,63.600,5.888,0.000,0.000
"08:30",0.000,4.506,63.600,5.734,0.000,0.000
"08:45",0.000,4.557,63.600,5.939,0.000,0.000
"09:00",0.000,4.762,63.600,5.632,0.000,0.000
"09:15",0.000,4.659,63.600,5.427,0.000,0.000
"09:30",0.000,4.198,63.600,5.478,0.000,0.000
"09:45",0.000,3.738,63.600,5.376,0.000,0.000
"10:00",0.051,3.226,63.600,4.915,0.000,0.000
"10:15",0.102,2.816,63.600,4.045,0.000,0.000
"10:30",0.154,2.765,63.600,3.942,0.000,0.000
"10:45",0.768,1.894,63.600,3.584,0.000,0.000
"11:00",3.379,0.205,63.600,0.973,0.000,0.000
"11:15",11.469,0.000,63.600,0.000,0.000,0.000
"11:30",25.600,0.000,63.700,0.000,0.000,0.000
"11:45",33.587,0.000,63.700,0.000,0.000,0.000
"12:00",32.614,0.000,63.600,0.000,0.000,0.000
"12:15",22.682,0.000,63.600,0.000,0.000,0.000
"12:30",14.694,0.000,63.600,0.000,0.000,0.000
"12:45",6.093,0.000,63.600,0.000,0.000,0.000
"13:00",3.226,0.154,63.600,1.280,0.000,0.000
"13:15",1.434,0.666,63.600,3.584,0.000,0.000
"13:30",1.485,0.358,63.600,3.277,0.000,0.000
"13:45",1.587,0.512,63.600,3.482,0.000,0.000
"14:00",1.382,0.819,63.600,3.686,0.000,0.000
"14:15",1.280,0.922,63.600,3.635,0.000,0.000
"14:30",1.434,0.768,63.700,2.714,0.000,0.000
"14:45",1.434,0.922,63.700,3.430,0.000,0.000
"15:00",1.126,1.024,63.600,3.328,0.000,0.000
"15:15",1.434,0.614,63.700,3.328,0.000,0.000
"15:30",1.024,1.126,63.700,3.584,0.000,0.000
"15:45",1.229,0.922,63.700,3.584,0.000,0.000
"16:00",1.126,1.126,63.700,3.635,0.000,0.000
"16:15",2.099,0.256,63.700,1.894,0.000,0.000
"16:30",1.997,0.461,63.600,2.150,0.000,0.000
"16:45",1.075,1.638,63.600,3.686,0.000,0.000
"17:00",1.587,0.717,63.600,2.765,0.000,0.000
"17:15",2.867,0.102,63.600,0.717,0.000,0.000
"17:30",0.870,1.536,63.600,3.840,0.000,0.000
"17:45",0.358,2.714,63.600,4.045,0.000,0.000
"18:00",0.000,3.686,63.800,5.530,0.000,0.000
"18:15",0.000,4.454,63.700,5.888,0.000,0.000
"18:30",0.000,4.813,63.700,5.939,0.000,0.000
"18:45",0.000,5.325,63.700,6.195,0.000,0.000
"19:00",0.000,5.478,63.700,5.786,0.000,0.000
"19:15",0.000,4.966,63.700,5.786,0.000,0.000
"19:30",0.000,5.222,63.700,5.888,0.000,0.000
"19:45",0.000,4.915,63.600,5.939,0.000,0.000
"20:00",0.000,5.018,63.700,5.939,0.000,0.000
"20:15",0.000,4.762,63.700,6.093,0.000,0.000
"20:30",0.000,4.659,63.700,6.246,0.000,0.000
"20:45",0.000,5.325,63.700,6.042,0.000,0.000
"21:00",0.000,5.478,63.700,5.786,0.000,0.000
"21:15",0.000,5.069,63.700,5.888,0.000,0.000
"21:30",0.000,5.222,63.700,5.939,0.000,0.000
"21:45",0.000,5.530,63.700,6.246,0.000,0.000
"22:00",0.000,5.222,63.700,5.990,0.000,0.000
"22:15",0.000,5.734,63.700,6.042,0.000,0.000
"22:30",0.000,5.222,63.700,6.042,0.000,0.000
"22:45",0.000,5.530,63.700,5.888,0.000,0.000
"23:00",0.000,5.427,63.700,5.837,0.000,0.000
"23:15",0.000,4.762,63.700,5.632,0.000,0.000
"23:30",0.000,5.222,63.700,5.888,0.000,0.000
"23:45",0.000,5.530,63.700,5.837,0.000,0.000
" 5/16/26 24:00",0.000,5.120,63.700,5.786,0.000,0.000
