"kwh"
"Time ","DAGSR01P","DAGSR01P","DAGSR01P","DAGSR01P","DAGSR01P","DAGSR01P"
" 7/24/26 00:15",0.000,4.813,63.600,6.707,0.000,0.000
" 7/24/26 00:30",0.000,4.352,63.700,7.424,0.000,0.000
"00:45",0.000,5.632,63.700,6.195,0.000,0.000
"01:00",0.000,5.171,63.700,6.502,0.000,0.000
"01:15",0.000,4.659,63.700,6.707,0.000,0.000
"01:30",0.000,5.581,63.700,6.195,0.000,0.000
"01:45",0.000,5.171,63.700,6.400,0.000,0.000
"02:00",0.000,4.659,63.700,6.554,0.000,0.000
"02:15",0.000,4.557,63.600,6.400,0.000,0.000
"02:30",0.000,5.325,63.700,5.990,0.000,0.000
"02:45",0.000,4.096,63.700,6.605,0.000,0.000
"03:00",0.000,4.096,63.700,6.502,0.000,0.000
"03:15",0.000,5.069,63.700,6.144,0.000,0.000
"03:30",0.000,4.096,63.700,6.605,0.000,0.000
"03:45",0.000,4.096,63.700,6.656,0.000,0.000
"04:00",0.000,5.427,63.700,6.093,0.000,0.000
"04:15",0.000,3.942,63.700,6.656,0.000,0.000
"04:30",0.000,3.738,63.700,6.656,0.000,0.000
"04:45",0.000,4.608,63.700,6.400,0.000,0.000
"05:00",0.000,4.250,63.700,6.451,0.000,0.000
"05:15",0.000,3.738,63.700,6.707,0.000,0.000
"05:30",0.000,4.352,63.700,6.502,0.000,0.000
"05:45",0.000,4.557,63.700,6.195,0.000,0.000
"06:00",0.000,3.789,63.700,6.656,0.000,0.000
"06:15",0.000,3.738,63.700,6.554,0.000,0.000
"06:30",0.000,4.762,63.700,5.837,0.000,0.000
"06:45",0.000,3.942,63.700,6.502,0.000,0.000
"07:00",0.000,4.762,63.700,6.298,0.000,0.000
"07:15",0.000,4.813,63.700,5.939,0.000,0.000
"07:30",0.000,5.427,63.700,5.990,0.000,0.000
"07:45",0.000,5.888,63.700,6.246,0.000,0.000
"08:00",0.000,5.888,63.700,6.246,0.000,0.000
"08:15",0.000,6.502,63.600,5.734,0.000,0.000
"08:30",0.000,6.042,63.600,6.195,0.000,0.000
"08:45",0.000,34.765,63.600,0.717,12.083,0.000
"09:00",0.051,4.813,63.600,4.966,0.000,0.000
"09:15",0.410,2.867,63.700,3.789,0.000,0.000
"09:30",1.075,1.638,63.600,3.738,0.000,0.000
"09:45",1.126,1.126,63.700,3.226,0.000,0.000
"10:00",3.379,0.666,63.700,1.587,0.000,0.000
"10:15",7.117,0.051,63.700,0.358,0.000,0.000
"10:30",9.933,0.000,63.700,0.000,0.000,0.000
"10:45",20.429,0.000,63.700,0.000,0.000,0.000
"11:00",23.040,0.000,63.700,0.000,0.000,0.000
"11:15",21.709,0.666,63.700,0.000,1.843,4.045
"11:30",4.966,3.840,63.700,0.000,6.810,8.653
"11:45",8.653,1.638,63.700,0.000,3.840,11.110
"12:00",15.770,1.638,63.700,0.000,3.584,11.878
"12:15",2.918,2.509,63.700,0.000,8.755,6.042
"12:30",5.990,8.038,63.700,0.000,9.882,4.454
"12:45",21.555,0.512,63.700,0.000,2.406,12.339
"13:00",44.595,0.717,63.700,0.000,1.894,14.234
"13:15",25.805,0.512,63.700,0.000,1.843,13.158
"13:30",53.965,0.000,63.700,0.000,0.000,16.026
"13:45",57.651,0.000,63.700,0.000,0.000,16.486
"14:00",51.814,0.000,63.700,0.000,0.000,15.718
"14:15",47.770,0.102,63.700,0.000,0.410,15.155
"14:30",45.107,0.461,63.700,0.000,0.717,12.134
"14:45",48.026,0.000,63.700,0.000,0.000,0.000
"15:00",62.669,0.000,63.700,0.000,0.000,0.000
"15:15",54.528,0.000,63.700,0.000,0.000,0.000
"15:30",89.395,0.000,63.700,0.000,0.000,0.000
"15:45",85.658,0.000,63.600,0.000,0.000,0.000
"16:00",78.490,0.000,63.600,0.000,0.000,0.051
"16:15",72.960,0.000,63.600,0.000,0.000,0.000
"16:30",67.584,0.000,63.700,0.000,0.000,0.307
"16:45",60.211,0.000,63.700,0.000,0.000,0.000
"17:00",53.965,0.000,63.700,0.000,0.000,0.000
"17:15",46.438,0.000,63.700,0.000,0.000,0.000
"17:30",37.990,0.000,63.700,0.000,0.000,0.000
"17:45",28.006,0.102,63.600,0.000,0.512,0.922
"18:00",22.016,0.000,63.700,0.000,0.000,0.000
"18:15",6.298,0.922,63.700,1.638,0.000,0.000
"18:30",0.205,2.611,63.700,4.506,0.000,0.000
"18:45",0.000,3.738,63.700,6.195,0.000,0.000
"19:00",0.000,4.096,63.700,6.246,0.000,0.000
"19:15",0.000,5.274,63.700,5.632,0.000,0.000
"19:30",0.000,3.840,63.700,6.298,0.000,0.000
"19:45",0.000,4.045,63.600,6.400,0.000,0.000
"20:00",0.000,4.813,63.600,5.632,0.000,0.000
"20:15",0.000,3.994,63.600,6.246,0.000,0.000
"20:30",0.000,4.557,63.600,6.451,0.000,0.000
"20:45",0.000,5.376,63.600,5.939,0.000,0.000
"21:00",0.000,4.403,63.600,6.349,0.000,0.000
"21:15",0.000,4.096,63.600,6.349,0.000,0.000
"21:30",0.000,4.506,63.600,6.298,0.000,0.000
"21:45",0.000,4.915,63.600,5.837,0.000,0.000
"22:00",0.000,4.147,63.600,6.400,0.000,0.000
"22:15",0.000,4.813,63.600,6.656,0.000,0.000
"22:30",0.000,4.864,63.600,6.451,0.000,0.000
"22:45",0.000,4.506,63.600,6.963,0.000,0.000
"23:00",0.000,5.069,63.700,6.707,0.000,0.000
"23:15",0.000,5.581,63.700,6.349,0.000,0.000
"23:30",0.000,5.939,63.700,5.939,0.000,0.000
"23:45",0.000,5.632,63.700,6.144,0.000,0.000
" 7/24/26 24:00",0.000,5.427,63.700,6.093,0.000,0.000
