"kwh"
"Time ","DAGSR01P","DAGSR01P","DAGSR01P","DAGSR01P","DAGSR01P","DAGSR01P"
" 7/12/26 00:15",0.000,3.584,63.700,7.987,0.000,0.000
" 7/12/26 00:30",0.000,3.840,63.700,7.936,0.000,0.000
"00:45",0.000,4.762,63.600,7.424,0.000,0.000
"01:00",0.000,3.635,63.600,7.834,0.000,0.000
"01:15",0.000,4.403,63.600,7.526,0.000,0.000
"01:30",0.000,4.301,63.600,7.680,0.000,0.000
"01:45",0.000,4.915,63.600,7.219,0.000,0.000
"02:00",0.000,4.403,63.700,7.834,0.000,0.000
"02:15",0.000,4.045,63.700,7.782,0.000,0.000
"02:30",0.000,4.045,63.700,7.834,0.000,0.000
"02:45",0.000,4.250,63.700,7.987,0.000,0.000
"03:00",0.000,3.942,63.600,8.090,0.000,0.000
"03:15",0.000,3.686,63.600,8.243,0.000,0.000
"03:30",0.000,4.915,63.600,7.270,0.000,0.000
"03:45",0.000,4.301,63.700,7.680,0.000,0.000
"04:00",0.000,3.942,63.700,7.782,0.000,0.000
"04:15",0.000,3.994,63.600,7.936,0.000,0.000
"04:30",0.000,5.171,63.700,7.424,0.000,0.000
"04:45",0.000,4.454,63.700,7.936,0.000,0.000
"05:00",0.000,4.454,63.700,8.038,0.000,0.000
"05:15",0.000,4.813,63.700,7.731,0.000,0.000
"05:30",0.000,4.557,63.700,7.834,0.000,0.000
"05:45",0.000,4.403,63.700,8.141,0.000,0.000
"06:00",0.000,4.403,63.700,8.090,0.000,0.000
"06:15",0.000,5.120,63.700,7.629,0.000,0.000
"06:30",0.000,4.557,63.700,8.192,0.000,0.000
"06:45",0.000,4.198,63.600,8.038,0.000,0.000
"07:00",0.000,4.608,63.700,7.987,0.000,0.000
"07:15",0.000,4.966,63.600,7.834,0.000,0.000
"07:30",0.000,4.096,63.700,8.397,0.000,0.000
"07:45",0.000,4.147,63.700,8.243,0.000,0.000
"08:00",0.000,5.837,63.700,7.731,0.000,0.000
"08:15",0.000,4.659,63.700,8.192,0.000,0.000
"08:30",0.000,4.506,63.700,7.936,0.000,0.000
"08:45",0.000,4.352,63.700,7.731,0.000,0.000
"09:00",0.666,1.894,63.700,5.120,0.000,0.000
"09:15",5.632,0.000,63.600,0.000,0.000,0.000
"09:30",19.814,0.000,63.600,0.000,0.000,0.000
"09:45",30.003,0.000,63.600,0.000,0.000,0.000
"10:00",37.581,0.000,63.600,0.000,0.000,0.102
"10:15",44.493,0.000,63.600,0.000,0.000,0.000
"10:30",53.555,0.000,63.700,0.000,0.000,0.000
"10:45",58.214,0.000,63.700,0.000,0.000,0.000
"11:00",48.640,0.000,63.700,0.000,0.000,0.000
"11:15",75.008,0.000,63.700,0.000,0.000,0.000
"11:30",76.032,0.000,63.700,0.000,0.000,0.000
"11:45",79.053,0.000,63.700,0.000,0.000,0.000
"12:00",81.971,0.000,63.700,0.000,0.000,0.000
"12:15",82.893,0.000,63.700,0.000,0.000,0.000
"12:30",87.398,0.000,63.700,0.000,0.000,0.000
"12:45",85.197,0.000,63.700,0.000,0.000,0.154
"13:00",82.944,0.000,63.700,0.000,0.000,0.000
"13:15",74.803,0.000,63.700,0.000,0.000,0.000
"13:30",83.046,0.000,63.700,0.000,0.000,0.000
"13:45",68.096,0.000,63.700,0.000,0.000,0.000
"14:00",86.733,0.000,63.700,0.000,0.000,0.051
"14:15",76.800,0.000,63.700,0.000,0.000,0.000
"14:30",83.763,0.000,63.700,0.000,0.000,0.000
"14:45",82.278,0.000,63.700,0.000,0.000,0.000
"15:00",86.989,0.000,63.700,0.000,0.000,0.000
"15:15",79.002,0.000,63.700,0.000,0.000,0.000
"15:30",67.891,0.000,63.700,0.000,0.000,0.000
"15:45",68.250,0.000,63.700,0.000,0.000,0.000
"16:00",67.840,0.000,63.700,0.000,0.000,0.000
"16:15",62.310,0.000,63.700,0.000,0.000,0.000
"16:30",62.413,0.000,63.800,0.000,0.000,0.000
"16:45",55.142,0.000,63.700,0.000,0.000,0.000
"17:00",48.384,0.000,63.700,0.000,0.000,0.000
"17:15",41.882,0.000,63.700,0.000,0.000,0.000
"17:30",27.085,0.000,63.700,0.000,0.000,0.000
"17:45",18.330,0.000,63.700,0.000,0.000,0.000
"18:00",8.653,0.000,63.700,0.000,0.000,0.000
"18:15",1.229,1.024,63.700,3.021,0.000,0.000
"18:30",0.000,3.635,63.700,6.707,0.000,0.000
"18:45",0.000,4.198,63.700,6.758,0.000,0.000
"19:00",0.000,4.813,63.700,6.605,0.000,0.000
"19:15",0.000,5.120,63.700,6.246,0.000,0.000
"19:30",0.000,4.096,63.600,6.554,0.000,0.000
"19:45",0.000,4.454,63.600,6.400,0.000,0.000
"20:00",0.000,4.966,63.700,5.990,0.000,0.000
"20:15",0.000,4.096,63.700,6.861,0.000,0.000
"20:30",0.000,4.045,63.700,6.810,0.000,0.000
"20:45",0.000,4.198,63.700,6.861,0.000,0.000
"21:00",0.000,5.530,63.700,5.888,0.000,0.000
"21:15",0.000,5.325,63.700,5.581,0.000,0.000
"21:30",0.000,5.171,63.700,5.581,0.000,0.000
"21:45",0.000,5.530,63.700,5.376,0.000,0.000
"22:00",0.000,5.683,63.700,5.427,0.000,0.000
"22:15",0.000,5.530,63.700,5.837,0.000,0.000
"22:30",0.000,5.734,63.700,6.042,0.000,0.000
"22:45",0.000,6.554,63.800,5.632,0.000,0.000
"23:00",0.000,5.683,63.700,6.144,0.000,0.000
"23:15",0.000,5.478,63.700,6.349,0.000,0.000
"23:30",0.000,5.530,63.700,5.734,0.000,0.000
"23:45",0.000,5.530,63.700,5.632,0.000,0.000
" 7/12/26 24:00",0.000,5.683,63.700,6.093,0.000,0.000
