"kwh"
"Time ","DAGSR01P","DAGSR01P","DAGSR01P","DAGSR01P","DAGSR01P","DAGSR01P"
" 8/31/26 00:15",0.000,3.891,63.700,8.346,0.000,0.000
" 8/31/26 00:30",0.000,4.864,63.700,7.680,0.000,0.000
"00:45",0.000,3.533,63.800,8.448,0.000,0.000
"01:00",0.000,3.123,63.700,8.499,0.000,0.000
"01:15",0.000,4.096,63.700,7.987,0.000,0.000
"01:30",0.000,3.226,63.700,8.294,0.000,0.000
"01:45",0.000,3.942,63.700,7.834,0.000,0.000
"02:00",0.000,3.072,63.700,8.192,0.000,0.000
"02:15",0.000,3.379,63.700,8.038,0.000,0.000
"02:30",0.000,4.096,63.700,7.680,0.000,0.000
"02:45",0.000,3.123,63.700,8.090,0.000,0.000
"03:00",0.000,3.840,63.700,7.731,0.000,0.000
"03:15",0.000,3.379,63.700,8.192,0.000,0.000
"03:30",0.000,3.328,63.700,8.499,0.000,0.000
"03:45",0.000,3.942,63.700,7.834,0.000,0.000
"04:00",0.000,3.277,63.700,8.346,0.000,0.000
"04:15",0.000,3.891,63.700,8.038,0.000,0.000
"04:30",0.000,4.045,63.700,8.090,0.000,0.000
"04:45",0.000,3.072,63.700,8.397,0.000,0.000
"05:00",0.000,4.147,63.700,7.782,0.000,0.000
"05:15",0.000,3.174,63.700,8.346,0.000,0.000
"05:30",0.000,3.174,63.700,9.677,0.000,0.000
"05:45",0.000,4.096,63.700,8.346,0.000,0.000
"06:00",0.000,3.584,63.700,8.141,0.000,0.000
"06:15",0.000,4.608,63.700,7.117,0.000,0.000
"06:30",0.000,4.506,63.700,8.090,0.000,0.000
"06:45",0.000,4.506,63.700,7.987,0.000,0.000
"07:00",0.000,4.301,63.700,7.578,0.000,0.000
"07:15",0.000,3.533,63.700,8.038,0.000,0.000
"07:30",0.000,4.557,63.700,7.936,0.000,0.000
"07:45",0.000,4.608,63.700,7.424,0.000,0.000
"08:00",0.000,2.867,63.700,6.502,0.000,0.000
"08:15",0.461,1.587,63.700,4.659,0.000,0.000
"08:30",2.816,0.102,63.700,1.024,0.000,0.000
"08:45",3.174,0.051,63.700,0.307,0.000,0.000
"09:00",3.482,5.786,63.800,1.075,3.072,0.000
"09:15",14.387,0.000,63.800,0.000,0.000,0.000
"09:30",21.146,3.430,63.700,0.000,3.789,5.325
"09:45",3.533,12.288,63.700,0.000,11.878,4.301
"10:00",0.051,14.643,63.700,0.000,16.026,0.154
"10:15",0.000,17.715,63.700,0.000,17.050,0.000
"10:30",24.678,1.434,63.700,0.000,1.434,0.000
"10:45",17.152,0.000,63.700,0.000,0.000,0.000
"11:00",22.886,1.126,63.700,0.000,1.741,3.226
"11:15",50.995,0.000,63.800,0.000,0.000,0.000
"11:30",74.394,0.000,63.800,0.000,0.000,0.000
"11:45",77.261,0.000,63.700,0.000,0.000,0.000
"12:00",51.507,0.000,63.700,0.000,0.000,0.000
"12:15",54.835,0.000,63.700,0.000,0.000,0.000
"12:30",44.288,0.000,63.700,0.000,0.000,0.000
"12:45",23.347,0.000,63.700,0.000,0.000,0.000
"13:00",1.280,0.819,63.700,2.458,0.000,0.000
"13:15",0.563,1.280,63.700,4.198,0.000,0.000
"13:30",0.256,3.379,63.700,4.506,0.102,0.000
"13:45",0.000,5.222,63.700,5.120,0.000,0.000
"14:00",0.000,4.813,63.700,5.274,0.051,0.000
"14:15",0.102,12.493,63.700,1.536,9.267,0.358
"14:30",21.248,1.075,63.700,0.000,3.226,20.429
"14:45",68.147,0.000,63.700,0.000,0.000,20.941
"15:00",94.925,0.000,63.800,0.000,0.000,4.045
"15:15",79.309,0.000,63.800,0.000,0.000,9.370
"15:30",92.058,0.000,63.800,0.000,0.000,0.000
"15:45",79.411,0.000,63.800,0.000,0.000,4.557
"16:00",83.354,0.000,63.800,0.000,0.000,0.000
"16:15",62.515,0.000,63.800,0.000,0.000,7.885
"16:30",35.738,0.256,63.800,0.000,0.819,14.592
"16:45",34.970,4.045,63.800,0.000,5.069,2.355
"17:00",42.291,0.000,63.800,0.000,0.000,0.000
"17:15",5.888,18.227,63.800,0.358,9.728,0.000
"17:30",0.000,29.235,63.800,0.000,13.158,0.000
"17:45",0.000,31.539,63.800,0.000,13.312,0.000
"18:00",0.000,31.386,63.800,0.000,12.339,0.000
"18:15",0.000,28.774,63.800,0.000,11.571,0.000
"18:30",0.000,13.773,63.800,0.000,11.827,0.000
"18:45",0.000,24.422,63.800,0.000,12.032,0.000
"19:00",0.000,31.642,63.700,0.000,12.493,0.000
"19:15",0.000,31.693,63.700,0.000,12.032,0.000
"19:30",0.000,32.717,63.700,0.000,12.493,0.000
"19:45",0.000,32.256,63.700,0.000,12.083,0.000
"20:00",0.000,33.075,63.700,0.000,12.493,0.000
"20:15",0.000,32.410,63.700,0.000,12.083,0.000
"20:30",0.000,32.410,63.700,0.000,12.237,0.000
"20:45",0.000,33.126,63.700,0.000,12.595,0.000
"21:00",0.000,32.205,63.700,0.000,11.930,0.000
"21:15",0.000,33.229,63.700,0.000,12.186,0.000
"21:30",0.000,32.051,63.700,0.000,11.827,0.000
"21:45",0.000,34.406,63.700,0.000,12.851,0.000
"22:00",0.000,34.304,63.700,0.000,12.442,0.000
"22:15",0.000,35.072,63.700,0.000,12.595,0.000
"22:30",0.000,35.328,63.700,0.000,12.698,0.000
"22:45",0.000,35.123,63.700,0.000,12.390,0.000
"23:00",0.000,35.994,63.700,0.000,12.749,0.000
"23:15",0.000,35.379,63.700,0.000,12.595,0.000
"23:30",0.000,36.045,63.700,0.000,13.107,0.000
"23:45",0.000,35.174,63.700,0.000,12.390,0.000
" 8/31/26 24:00",0.000,36.403,63.700,0.000,12.902,0.000
