"kwh"
"Time ","DAGSR01P","DAGSR01P","DAGSR01P","DAGSR01P","DAGSR01P","DAGSR01P"
" 6/20/26 00:15",0.000,4.506,63.700,7.373,0.000,0.000
" 6/20/26 00:30",0.000,5.120,63.700,7.424,0.000,0.000
"00:45",0.000,5.837,63.700,7.168,0.000,0.000
"01:00",0.000,4.762,63.700,7.680,0.000,0.000
"01:15",0.000,4.762,63.700,7.987,0.000,0.000
"01:30",0.000,5.530,63.700,7.424,0.000,0.000
"01:45",0.000,4.403,63.700,7.475,0.000,0.000
"02:00",0.000,4.147,63.700,7.578,0.000,0.000
"02:15",0.000,4.096,63.700,7.680,0.000,0.000
"02:30",0.000,4.352,63.700,7.270,0.000,0.000
"02:45",0.000,4.147,63.700,7.680,0.000,0.000
"03:00",0.000,3.840,63.700,8.038,0.000,0.000
"03:15",0.000,3.738,63.700,7.629,0.000,0.000
"03:30",0.000,4.301,63.700,7.373,0.000,0.000
"03:45",0.000,3.635,63.700,8.448,0.000,0.000
"04:00",0.000,3.942,63.700,8.141,0.000,0.000
"04:15",0.000,4.710,63.700,7.834,0.000,0.000
"04:30",0.000,3.635,63.700,8.294,0.000,0.000
"04:45",0.000,3.840,63.700,8.294,0.000,0.000
"05:00",0.000,3.482,63.700,8.090,0.000,0.000
"05:15",0.000,4.710,63.700,7.475,0.000,0.000
"05:30",0.000,3.942,63.700,8.090,0.000,0.000
"05:45",0.000,3.789,63.700,8.141,0.000,0.000
"06:00",0.000,3.686,63.700,8.090,0.000,0.000
"06:15",0.000,4.659,63.700,7.629,0.000,0.000
"06:30",0.000,3.738,63.700,8.294,0.000,0.000
"06:45",0.000,3.482,63.700,8.294,0.000,0.000
"07:00",0.000,4.813,63.700,7.987,0.000,0.000
"07:15",0.000,4.659,63.700,7.629,0.000,0.000
"07:30",0.000,4.147,63.700,7.782,0.000,0.000
"07:45",0.000,4.198,63.700,7.936,0.000,0.000
"08:00",0.000,4.352,63.700,8.038,0.000,0.000
"08:15",0.000,5.990,63.700,7.424,0.000,0.000
"08:30",0.000,5.018,63.700,7.782,0.000,0.000
"08:45",0.000,5.120,63.700,7.629,0.000,0.000
"09:00",0.000,3.840,63.700,6.963,0.000,0.000
"09:15",1.434,2.304,63.700,3.994,0.000,0.000
"09:30",20.890,0.000,63.700,0.000,0.000,0.000
"09:45",34.253,0.000,63.700,0.000,0.000,0.000
"10:00",39.987,0.000,63.700,0.000,0.000,0.000
"10:15",47.770,0.000,63.700,0.000,0.000,0.000
"10:30",55.501,0.000,63.700,0.000,0.000,0.000
"10:45",61.133,0.000,63.700,0.000,0.000,0.000
"11:00",64.973,0.000,63.800,0.000,0.000,0.000
"11:15",68.506,0.000,63.800,0.000,0.000,0.000
"11:30",70.758,0.000,63.800,0.000,0.000,0.000
"11:45",80.947,0.000,63.800,0.000,0.000,0.000
"12:00",84.480,0.000,63.800,0.000,0.000,0.000
"12:15",84.634,0.000,63.800,0.000,0.000,0.000
"12:30",90.880,0.000,63.800,0.000,0.000,0.000
"12:45",93.030,0.000,63.800,0.000,0.000,0.000
"13:00",93.184,0.000,63.800,0.000,0.000,0.000
"13:15",94.669,0.000,63.800,0.000,0.000,0.000
"13:30",95.130,0.000,63.800,0.000,0.000,0.000
"13:45",94.771,0.000,63.800,0.000,0.000,0.000
"14:00",94.106,0.000,63.800,0.000,0.000,0.000
"14:15",94.720,0.000,63.800,0.000,0.000,0.000
"14:30",93.389,0.000,63.800,0.000,0.000,0.000
"14:45",89.190,0.000,63.800,0.000,0.000,0.000
"15:00",89.446,0.000,63.700,0.000,0.000,0.000
"15:15",86.886,0.000,63.700,0.000,0.000,0.000
"15:30",80.538,0.000,63.700,0.000,0.000,0.000
"15:45",75.008,0.000,63.800,0.000,0.000,0.000
"16:00",72.806,0.000,63.800,0.000,0.000,0.000
"16:15",64.563,0.000,63.700,0.000,0.000,0.000
"16:30",56.320,0.000,63.700,0.000,0.000,0.000
"16:45",46.643,0.000,63.700,0.000,0.000,0.000
"17:00",49.254,0.000,63.700,0.000,0.000,0.000
"17:15",39.475,0.000,63.700,0.000,0.000,0.000
"17:30",30.720,0.000,63.700,0.000,0.000,0.000
"17:45",17.459,0.000,63.700,0.051,0.000,0.000
"18:00",1.229,1.075,63.700,3.021,0.000,0.000
"18:15",0.307,2.714,63.700,5.274,0.000,0.000
"18:30",0.000,3.738,63.700,6.707,0.000,0.000
"18:45",0.000,4.096,63.700,6.451,0.000,0.000
"19:00",0.000,4.506,63.700,6.093,0.000,0.000
"19:15",0.000,4.250,63.700,6.707,0.000,0.000
"19:30",0.000,4.096,63.700,6.758,0.000,0.000
"19:45",0.000,4.762,63.700,6.246,0.000,0.000
"20:00",0.000,4.352,63.700,6.963,0.000,0.000
"20:15",0.000,3.891,63.700,7.168,0.000,0.000
"20:30",0.000,3.942,63.700,7.219,0.000,0.000
"20:45",0.000,4.915,63.700,6.656,0.000,0.000
"21:00",0.000,4.762,63.700,6.656,0.000,0.000
"21:15",0.000,4.045,63.700,7.066,0.000,0.000
"21:30",0.000,4.301,63.700,7.168,0.000,0.000
"21:45",0.000,3.942,63.700,7.168,0.000,0.000
"22:00",0.000,4.966,63.700,6.912,0.000,0.000
"22:15",0.000,3.738,63.700,7.373,0.000,0.000
"22:30",0.000,3.840,63.700,7.219,0.000,0.000
"22:45",0.000,4.710,63.700,7.270,0.000,0.000
"23:00",0.000,4.710,63.700,7.117,0.000,0.000
"23:15",0.000,5.734,63.700,6.656,0.000,0.000
"23:30",0.000,4.608,63.700,7.219,0.000,0.000
"23:45",0.000,4.659,63.700,7.322,0.000,0.000
" 6/20/26 24:00",0.000,4.250,63.700,7.475,0.000,0.000
