"kwh"
"Time ","DAGSR01P","DAGSR01P","DAGSR01P","DAGSR01P","DAGSR01P","DAGSR01P"
" 8/14/26 00:15",0.000,6.502,63.700,6.349,0.000,0.000
" 8/14/26 00:30",0.000,6.298,63.700,6.451,0.000,0.000
"00:45",0.000,6.912,63.700,5.939,0.000,0.000
"01:00",0.000,6.298,63.700,6.298,0.000,0.000
"01:15",0.000,5.939,63.700,6.400,0.000,0.000
"01:30",0.000,6.605,63.700,6.400,0.000,0.000
"01:45",0.000,5.274,63.700,6.707,0.000,0.000
"02:00",0.000,5.581,63.700,6.605,0.000,0.000
"02:15",0.000,5.222,63.700,6.810,0.000,0.000
"02:30",0.000,4.403,63.700,7.219,0.000,0.000
"02:45",0.000,5.376,63.700,6.707,0.000,0.000
"03:00",0.000,4.915,63.700,6.861,0.000,0.000
"03:15",0.000,5.274,63.700,6.144,0.000,0.000
"03:30",0.000,5.939,63.700,5.734,0.000,0.000
"03:45",0.000,4.557,63.700,7.322,0.000,0.000
"04:00",0.000,5.427,63.700,7.066,0.000,0.000
"04:15",0.000,4.301,63.700,7.629,0.000,0.000
"04:30",0.000,3.840,63.700,7.885,0.000,0.000
"04:45",0.000,4.301,63.700,7.629,0.000,0.000
"05:00",0.000,3.789,63.700,8.346,0.000,0.000
"05:15",0.000,4.608,63.700,7.731,0.000,0.000
"05:30",0.000,4.710,63.700,7.475,0.000,0.000
"05:45",0.000,4.710,63.700,7.578,0.000,0.000
"06:00",0.000,5.120,63.600,7.373,0.000,0.000
"06:15",0.000,4.710,63.700,7.731,0.000,0.000
"06:30",0.000,5.018,63.700,7.834,0.000,0.000
"06:45",0.000,5.734,63.700,7.475,0.000,0.000
"07:00",0.000,4.659,63.600,8.243,0.000,0.000
"07:15",0.000,5.683,63.600,7.834,0.000,0.000
"07:30",0.000,4.506,63.600,8.397,0.000,0.000
"07:45",0.000,4.608,63.600,8.448,0.000,0.000
"08:00",0.000,6.810,63.600,7.322,0.000,0.000
"08:15",0.000,5.069,63.700,7.270,0.000,0.000
"08:30",0.000,3.942,63.700,6.810,0.000,0.000
"08:45",2.048,0.563,63.700,1.946,0.000,0.000
"09:00",1.997,0.973,63.700,2.560,0.000,0.000
"09:15",0.410,20.173,63.700,0.000,12.442,0.000
"09:30",0.870,6.298,63.700,0.000,9.574,3.072
"09:45",6.502,0.870,63.700,0.000,3.174,10.598
"10:00",3.584,5.376,63.700,0.000,9.984,3.738
"10:15",0.051,11.776,63.700,0.000,12.442,0.563
"10:30",4.864,9.677,63.700,0.000,9.728,4.045
"10:45",9.421,3.021,63.700,0.000,6.042,7.578
"11:00",36.762,1.587,63.700,0.000,1.946,12.544
"11:15",57.907,0.000,63.700,0.000,0.000,15.667
"11:30",47.309,0.410,63.800,0.000,0.512,13.926
"11:45",54.067,0.000,63.700,0.000,0.000,14.899
"12:00",59.136,0.000,63.800,0.000,0.000,15.053
"12:15",65.075,0.000,63.800,0.000,0.000,15.462
"12:30",66.048,0.000,63.800,0.000,0.000,15.821
"12:45",68.966,0.000,63.800,0.000,0.000,15.667
"13:00",65.997,0.000,63.800,0.000,0.051,16.026
"13:15",68.352,0.051,63.700,0.000,0.102,15.258
"13:30",72.704,0.000,63.800,0.000,0.000,15.514
"13:45",58.624,1.280,63.800,0.000,1.229,14.234
"14:00",35.379,0.973,63.700,0.000,2.202,11.827
"14:15",16.077,0.102,63.800,0.000,0.461,13.210
"14:30",23.347,12.339,63.800,0.000,10.650,10.957
"14:45",30.976,5.478,63.800,0.000,6.195,10.803
"15:00",57.907,0.154,63.800,0.000,0.614,15.309
"15:15",53.197,0.000,63.800,0.000,0.000,14.643
"15:30",48.947,0.000,63.700,0.000,0.000,15.053
"15:45",45.005,0.000,63.700,0.000,0.000,14.234
"16:00",32.102,0.000,63.800,0.000,0.000,13.875
"16:15",37.222,0.000,63.800,0.000,0.000,14.387
"16:30",37.427,0.000,63.800,0.000,0.000,13.978
"16:45",30.771,0.000,63.800,0.000,0.000,14.131
"17:00",54.835,0.000,63.700,0.000,0.000,0.000
"17:15",43.008,0.000,63.800,0.000,0.000,0.000
"17:30",37.888,0.000,63.800,0.000,0.000,0.000
"17:45",24.576,0.000,63.700,0.000,0.000,0.000
"18:00",13.875,0.000,63.700,0.000,0.000,0.000
"18:15",3.021,0.154,63.800,1.638,0.000,0.000
"18:30",2.714,0.563,63.700,2.355,0.000,0.000
"18:45",0.102,3.789,63.700,6.451,0.000,0.000
"19:00",0.000,5.069,63.700,7.936,0.000,0.000
"19:15",0.000,5.632,63.700,7.680,0.000,0.000
"19:30",0.000,5.069,63.700,7.885,0.000,0.000
"19:45",0.000,3.994,63.700,8.550,0.000,0.000
"20:00",0.000,4.915,63.700,7.782,0.000,0.000
"20:15",0.000,4.147,63.700,8.294,0.000,0.000
"20:30",0.000,3.840,63.700,8.448,0.000,0.000
"20:45",0.000,4.762,63.700,7.987,0.000,0.000
"21:00",0.000,4.352,63.700,8.448,0.000,0.000
"21:15",0.000,4.250,63.700,8.192,0.000,0.000
"21:30",0.000,4.403,63.700,8.038,0.000,0.000
"21:45",0.000,4.096,63.700,8.448,0.000,0.000
"22:00",0.000,4.352,63.700,7.936,0.000,0.000
"22:15",0.000,3.482,63.700,8.499,0.000,0.000
"22:30",0.000,3.994,63.700,8.653,0.000,0.000
"22:45",0.000,5.530,63.700,8.038,0.000,0.000
"23:00",0.000,4.608,63.700,8.806,0.000,0.000
"23:15",0.000,4.557,63.700,7.834,0.000,0.000
"23:30",0.000,4.352,63.700,7.629,0.000,0.000
"23:45",0.000,4.250,63.700,7.629,0.000,0.000
" 8/14/26 24:00",0.000,4.864,63.700,7.168,0.000,0.000
