"kwh"
"Time ","DAGSR01P","DAGSR01P","DAGSR01P","DAGSR01P","DAGSR01P","DAGSR01P"
" 9/21/26 00:15",0.000,7.885,62.300,9.370,0.000,0.000
" 9/21/26 00:30",0.000,6.656,61.900,10.752,0.000,0.000
"00:45",0.000,7.014,62.000,10.752,0.000,0.000
"01:00",0.000,6.810,61.900,11.059,0.000,0.000
"01:15",0.000,6.554,61.900,11.162,0.000,0.000
"01:30",0.000,5.888,62.000,11.520,0.000,0.000
"01:45",0.000,4.045,61.900,12.749,0.000,0.000
"02:00",0.000,3.789,62.000,12.493,0.000,0.000
"02:15",0.000,3.738,62.100,12.186,0.000,0.000
"02:30",0.000,4.352,62.100,11.981,0.000,0.000
"02:45",0.000,4.659,62.000,12.083,0.000,0.000
"03:00",0.000,3.840,61.800,13.107,0.000,0.000
"03:15",0.000,5.222,61.800,12.390,0.000,0.000
"03:30",0.000,4.198,61.800,13.312,0.000,0.000
"03:45",0.000,3.430,61.800,13.568,0.000,0.000
"04:00",0.000,3.686,61.900,13.414,0.000,0.000
"04:15",0.000,3.226,61.900,13.875,0.000,0.000
"04:30",0.000,2.816,62.000,13.824,0.000,0.000
"04:45",0.000,3.738,62.000,13.210,0.000,0.000
"05:00",0.000,2.816,62.000,13.824,0.000,0.000
"05:15",0.000,2.816,61.900,13.926,0.000,0.000
"05:30",0.000,3.533,61.800,13.670,0.000,0.000
"05:45",0.000,2.918,61.800,14.080,0.000,0.000
"06:00",0.000,2.816,62.000,13.722,0.000,0.000
"06:15",0.000,3.328,61.900,13.875,0.000,0.000
"06:30",0.000,3.533,61.900,13.926,0.000,0.000
"06:45",0.000,3.533,62.600,12.083,0.000,0.000
"07:00",0.000,4.147,62.600,11.981,0.000,0.000
"07:15",0.000,3.584,62.500,12.390,0.000,0.000
"07:30",0.102,2.560,62.500,10.189,0.000,0.000
"07:45",0.768,1.126,62.500,7.066,0.000,0.000
"08:00",4.710,0.051,62.400,0.666,0.000,0.000
"08:15",11.725,0.000,62.200,0.000,0.000,0.000
"08:30",22.272,0.000,61.900,0.000,0.000,0.000
"08:45",32.461,0.000,61.600,0.000,0.000,0.000
"09:00",34.099,0.000,61.900,0.000,0.000,1.536
"09:15",16.384,0.000,61.200,0.000,0.000,5.683
"09:30",25.446,0.000,61.200,0.000,0.000,6.042
"09:45",33.331,0.000,60.400,0.000,0.000,5.069
"10:00",41.421,0.000,60.900,0.000,0.000,5.837
"10:15",48.998,0.000,61.100,0.000,0.000,6.451
"10:30",55.398,0.000,60.900,0.000,0.000,6.758
"10:45",62.771,0.000,61.200,0.000,0.000,7.168
"11:00",58.061,0.000,61.200,0.000,0.000,7.117
"11:15",66.970,0.000,61.200,0.000,0.000,8.397
"11:30",72.704,0.000,61.400,0.000,0.000,8.602
"11:45",72.806,0.000,61.400,0.000,0.000,9.165
"12:00",73.984,0.000,61.500,0.000,0.000,8.960
"12:15",74.701,0.000,61.800,0.000,0.000,9.830
"12:30",73.421,0.000,61.500,0.000,0.000,9.472
"12:45",74.394,0.000,61.600,0.000,0.000,9.421
"13:00",72.858,0.000,61.500,0.000,0.000,9.626
"13:15",73.830,0.000,61.900,0.000,0.000,10.701
"13:30",73.523,0.000,61.900,0.000,0.000,11.008
"13:45",71.680,0.000,61.800,0.000,0.000,10.138
"14:00",71.936,0.000,61.500,0.000,0.000,8.653
"14:15",73.421,0.000,61.500,0.000,0.000,9.472
"14:30",72.550,0.000,61.100,0.000,0.000,8.141
"14:45",63.334,0.000,60.800,0.000,0.000,6.861
"15:00",69.939,0.000,60.700,0.000,0.000,6.758
"15:15",69.018,0.000,60.800,0.000,0.000,6.861
"15:30",59.802,0.000,60.800,0.000,0.000,7.014
"15:45",46.899,0.000,60.700,0.000,0.000,5.837
"16:00",46.643,0.000,60.900,0.000,0.000,6.144
"16:15",54.579,0.000,60.900,0.000,0.000,7.219
"16:30",48.333,0.000,60.900,0.000,0.000,6.144
"16:45",17.459,0.205,61.000,0.000,0.614,7.629
"17:00",4.966,0.563,61.200,0.000,3.789,12.390
"17:15",15.411,1.485,61.800,0.000,3.840,6.758
"17:30",12.339,0.000,61.900,0.000,0.000,8.294
"17:45",9.984,0.000,61.800,0.000,0.000,7.373
"18:00",1.382,1.946,62.500,0.000,5.786,3.789
"18:15",0.000,6.656,64.100,0.000,16.794,0.000
"18:30",0.000,18.586,64.000,0.000,15.462,0.000
"18:45",0.000,28.262,63.800,0.000,14.592,0.000
"19:00",0.000,34.150,63.500,0.000,13.824,0.000
"19:15",0.000,37.581,63.400,0.000,12.698,0.000
"19:30",0.000,37.478,63.400,0.000,12.595,0.000
"19:45",0.000,38.042,64.000,0.000,15.770,0.000
"20:00",0.000,38.861,64.000,0.000,16.230,0.000
"20:15",0.000,37.786,64.000,0.000,15.667,0.000
"20:30",0.000,37.939,64.000,0.000,15.462,0.000
"20:45",0.000,38.861,64.000,0.000,16.384,0.000
"21:00",0.000,37.786,64.000,0.000,15.718,0.000
"21:15",0.000,38.246,64.100,0.000,16.077,0.000
"21:30",0.000,37.939,64.100,0.000,16.538,0.000
"21:45",0.000,38.093,64.200,0.000,16.589,0.000
"22:00",0.000,37.888,64.200,0.000,16.640,0.000
"22:15",0.000,37.734,63.800,0.000,14.797,0.000
"22:30",0.000,37.786,63.900,0.000,14.899,0.000
"22:45",0.000,37.581,64.100,0.000,15.616,0.000
"23:00",0.000,38.042,63.800,0.000,14.131,0.000
"23:15",0.000,36.813,62.000,0.000,7.117,0.000
"23:30",0.000,36.915,61.100,0.000,4.557,0.000
"23:45",0.000,37.376,61.000,0.000,4.659,0.000
" 9/21/26 24:00",0.000,37.222,60.800,0.000,4.147,0.000
