"kwh"
"Time ","DAGSR01P","DAGSR01P","DAGSR01P","DAGSR01P","DAGSR01P","DAGSR01P"
" 2/11/26 00:15",0.000,103.373,63.600,0.000,47.718,0.000
" 2/11/26 00:30",0.000,103.629,63.600,0.000,47.565,0.000
"00:45",0.000,103.578,63.600,0.000,47.514,0.000
"01:00",0.000,103.936,63.600,0.000,47.309,0.000
"01:15",0.000,103.629,63.600,0.000,47.821,0.000
"01:30",0.000,104.243,63.600,0.000,48.589,0.000
"01:45",0.000,104.346,63.600,0.000,48.435,0.000
"02:00",0.000,103.731,63.600,0.000,48.282,0.000
"02:15",0.000,103.322,63.600,0.000,47.821,0.000
"02:30",0.000,103.578,63.600,0.000,47.462,0.000
"02:45",0.000,104.090,63.600,0.000,47.053,0.000
"03:00",0.000,103.987,63.600,0.000,47.462,0.000
"03:15",0.000,104.090,63.600,0.000,47.923,0.000
"03:30",0.000,104.397,63.600,0.000,48.026,0.000
"03:45",0.000,104.346,63.600,0.000,48.179,0.000
"04:00",0.000,103.782,63.600,0.000,48.128,0.000
"04:15",0.000,103.526,63.600,0.000,47.667,0.000
"04:30",0.000,103.219,63.600,0.000,47.514,0.000
"04:45",0.000,103.168,63.600,0.000,47.462,0.000
"05:00",0.000,103.270,63.600,0.000,47.411,0.000
"05:15",0.000,104.090,63.600,0.000,47.923,0.000
"05:30",0.000,104.499,63.600,0.000,48.282,0.000
"05:45",0.000,104.141,63.600,0.000,48.128,0.000
"06:00",0.000,103.526,63.600,0.000,47.514,0.000
"06:15",0.000,103.322,63.600,0.000,47.565,0.000
"06:30",0.000,103.936,63.600,0.000,47.565,0.000
"06:45",0.000,103.629,63.600,0.000,47.514,0.000
"07:00",0.000,101.939,63.600,0.000,46.285,0.000
"07:15",0.000,58.061,63.600,0.000,22.528,0.000
"07:30",0.000,37.683,63.700,0.000,15.462,0.000
"07:45",0.000,34.970,63.600,0.000,14.336,0.000
"08:00",0.000,50.637,63.600,0.000,19.610,0.000
"08:15",0.000,89.395,63.600,0.000,43.878,0.000
"08:30",0.000,85.197,63.600,0.000,46.387,0.000
"08:45",0.000,78.643,63.700,0.000,46.746,0.000
"09:00",0.000,90.470,63.700,0.000,59.238,0.000
"09:15",0.000,96.256,63.600,0.000,68.966,0.000
"09:30",0.000,101.632,63.600,0.000,76.646,0.000
"09:45",0.000,101.990,63.600,0.000,80.435,0.000
"10:00",0.000,74.701,63.600,0.000,67.123,0.000
"10:15",0.000,67.226,63.600,0.000,67.584,0.000
"10:30",0.000,60.774,63.600,0.000,67.942,0.000
"10:45",0.000,55.296,63.600,0.000,68.864,0.000
"11:00",0.000,52.992,63.600,0.000,69.018,0.000
"11:15",0.000,65.178,63.600,0.000,68.506,0.000
"11:30",0.000,86.170,63.600,0.000,68.352,0.000
"11:45",0.000,56.576,63.600,0.000,69.274,0.000
"12:00",0.000,57.139,63.600,0.000,68.301,0.000
"12:15",0.000,58.931,63.600,0.000,68.454,0.000
"12:30",0.000,54.579,63.600,0.000,69.171,0.000
"12:45",0.000,66.611,63.600,0.000,68.864,0.000
"13:00",0.000,81.101,63.600,0.000,68.813,0.000
"13:15",0.000,71.987,63.600,0.000,68.864,0.000
"13:30",0.000,89.651,63.600,0.000,67.891,0.000
"13:45",0.000,100.864,63.600,0.000,67.891,0.000
"14:00",0.000,96.154,63.600,0.000,68.198,0.000
"14:15",0.000,86.426,63.600,0.000,67.994,0.000
"14:30",0.000,65.382,63.600,0.000,69.786,0.000
"14:45",0.000,51.354,63.600,0.000,69.888,0.000
"15:00",0.000,65.178,63.600,0.000,69.274,0.000
"15:15",0.000,76.442,63.600,0.000,68.198,0.000
"15:30",0.000,62.515,63.600,0.000,71.475,0.000
"15:45",0.000,71.680,63.600,0.000,90.163,0.000
"16:00",0.000,110.182,63.600,0.000,102.298,0.000
"16:15",0.000,116.582,63.600,0.000,103.168,0.000
"16:30",0.000,142.490,63.600,0.000,115.507,0.000
"16:45",0.000,159.130,63.600,0.000,122.470,0.000
"17:00",0.000,163.635,63.600,0.000,121.139,0.000
"17:15",0.000,169.267,63.600,0.000,120.986,0.000
"17:30",0.000,160.717,63.600,0.000,111.309,0.000
"17:45",0.000,150.733,63.600,0.000,99.789,0.000
"18:00",0.000,159.795,63.600,0.000,100.352,0.000
"18:15",0.000,182.989,63.600,0.000,100.301,0.000
"18:30",0.000,175.206,63.600,0.000,100.352,0.000
"18:45",0.000,183.450,63.600,0.000,99.430,0.000
"19:00",0.000,190.413,63.600,0.000,100.966,0.000
"19:15",0.000,192.666,63.600,0.000,101.171,0.000
"19:30",0.000,197.171,63.600,0.000,100.403,0.000
"19:45",0.000,199.987,63.600,0.000,100.710,0.000
"20:00",0.000,203.264,63.600,0.000,100.762,0.000
"20:15",0.000,204.595,63.600,0.000,101.069,0.000
"20:30",0.000,204.134,63.600,0.000,99.942,0.000
"20:45",0.000,203.622,63.600,0.000,99.738,0.000
"21:00",0.000,203.622,63.600,0.000,99.686,0.000
"21:15",0.000,203.571,63.600,0.000,99.789,0.000
"21:30",0.000,203.469,63.600,0.000,99.891,0.000
"21:45",0.000,204.186,63.600,0.000,100.454,0.000
"22:00",0.000,204.442,63.500,0.000,100.557,0.000
"22:15",0.000,203.878,63.500,0.000,100.557,0.000
"22:30",0.000,203.571,63.500,0.000,99.891,0.000
"22:45",0.000,203.622,63.500,0.000,99.840,0.000
"23:00",0.000,204.288,63.600,0.000,99.635,0.000
"23:15",0.000,204.339,63.600,0.000,99.482,0.000
"23:30",0.000,205.158,63.600,0.000,99.994,0.000
"23:45",0.000,203.827,63.600,0.000,100.608,0.000
" 2/11/26 24:00",0.000,203.930,63.600,0.000,100.557,0.000
