"kwh"
"Time ","DAGSR01P","DAGSR01P","DAGSR01P","DAGSR01P","DAGSR01P","DAGSR01P"
" 2/02/26 00:15",0.000,41.574,63.600,0.000,13.978,0.000
" 2/02/26 00:30",0.000,41.165,63.600,0.000,13.926,0.000
"00:45",0.000,41.114,63.600,0.000,13.773,0.000
"01:00",0.000,41.114,63.600,0.000,13.824,0.000
"01:15",0.000,41.114,63.600,0.000,13.466,0.000
"01:30",0.000,41.216,63.600,0.000,13.158,0.000
"01:45",0.000,41.114,63.600,0.000,13.517,0.000
"02:00",0.000,41.472,63.600,0.000,13.414,0.000
"02:15",0.000,41.318,63.600,0.000,13.568,0.000
"02:30",0.000,41.216,63.600,0.000,13.158,0.000
"02:45",0.000,41.216,63.600,0.000,12.902,0.000
"03:00",0.000,41.165,63.600,0.000,12.902,0.000
"03:15",0.000,41.267,63.600,0.000,13.312,0.000
"03:30",0.000,41.370,63.600,0.000,13.363,0.000
"03:45",0.000,39.987,63.600,0.000,12.595,0.000
"04:00",0.000,38.502,63.600,0.000,11.520,0.000
"04:15",0.000,38.810,63.600,0.000,11.469,0.000
"04:30",0.000,38.246,63.600,0.000,11.315,0.000
"04:45",0.000,38.298,63.600,0.000,11.110,0.000
"05:00",0.000,38.144,63.600,0.000,11.315,0.000
"05:15",0.000,38.093,63.600,0.000,11.674,0.000
"05:30",0.000,38.093,63.600,0.000,11.674,0.000
"05:45",0.000,37.990,63.600,0.000,11.725,0.000
"06:00",0.000,38.093,63.600,0.000,11.776,0.000
"06:15",0.000,38.042,63.600,0.000,11.725,0.000
"06:30",0.000,38.042,63.600,0.000,11.571,0.000
"06:45",0.000,38.400,63.600,0.000,11.571,0.000
"07:00",0.000,38.246,63.600,0.000,11.776,0.000
"07:15",0.000,37.530,63.600,0.000,12.134,0.000
"07:30",0.000,36.915,63.600,0.000,12.390,0.000
"07:45",0.000,35.994,63.600,0.000,12.851,0.000
"08:00",0.000,32.051,63.600,0.000,12.186,0.000
"08:15",0.000,25.395,63.600,0.000,11.827,0.000
"08:30",0.000,18.893,63.600,0.000,11.674,0.000
"08:45",0.000,11.622,63.600,0.000,11.776,0.000
"09:00",0.256,4.250,63.600,0.000,10.342,1.587
"09:15",3.430,0.614,63.600,0.000,2.867,9.216
"09:30",9.318,0.000,63.700,0.000,0.000,12.288
"09:45",15.616,0.000,63.700,0.000,0.000,12.800
"10:00",21.555,0.000,63.700,0.000,0.000,12.954
"10:15",27.136,0.000,63.700,0.000,0.000,13.363
"10:30",33.075,0.000,63.700,0.000,0.000,13.670
"10:45",38.195,0.000,63.600,0.000,0.000,13.670
"11:00",41.779,1.382,63.600,0.000,0.922,12.800
"11:15",18.586,8.858,63.600,0.000,5.632,7.475
"11:30",29.389,4.966,63.600,0.000,4.096,9.984
"11:45",43.981,4.659,63.700,0.000,3.021,11.315
"12:00",31.590,7.219,63.700,0.000,5.222,8.755
"12:15",62.157,0.000,63.600,0.000,0.000,15.514
"12:30",42.701,3.533,63.700,0.000,3.123,13.517
"12:45",50.022,2.406,63.600,0.000,1.587,15.155
"13:00",60.877,0.000,63.700,0.000,0.000,17.357
"13:15",41.062,2.304,63.600,0.000,2.611,14.131
"13:30",61.082,0.000,63.600,0.000,0.000,17.613
"13:45",52.685,0.051,63.600,0.000,0.051,18.637
"14:00",49.562,0.461,63.600,0.000,0.768,16.538
"14:15",35.891,7.066,63.600,0.000,4.762,11.366
"14:30",60.672,0.000,63.600,0.000,0.000,18.381
"14:45",58.573,0.000,63.700,0.000,0.000,17.203
"15:00",57.088,0.000,63.700,0.000,0.000,17.357
"15:15",37.222,8.346,63.700,0.000,4.198,11.981
"15:30",51.558,0.205,63.700,0.000,0.307,16.794
"15:45",47.360,0.358,63.700,0.000,0.614,16.384
"16:00",46.182,0.000,63.700,0.000,0.000,16.742
"16:15",42.342,0.000,63.600,0.000,0.000,16.742
"16:30",38.656,0.000,63.600,0.000,0.000,15.616
"16:45",35.226,0.051,63.600,0.000,0.102,14.694
"17:00",1.075,3.533,63.600,0.000,21.504,13.670
"17:15",0.000,7.322,63.600,0.000,33.843,1.229
"17:30",0.000,13.312,63.600,0.000,34.816,0.000
"17:45",0.000,18.893,63.600,0.000,35.174,0.000
"18:00",0.000,25.549,63.600,0.000,34.458,0.000
"18:15",0.000,31.846,63.600,0.000,34.560,0.000
"18:30",0.000,37.427,63.600,0.000,33.792,0.000
"18:45",0.000,44.186,63.600,0.000,33.997,0.000
"19:00",0.000,51.456,63.600,0.000,34.048,0.000
"19:15",0.000,58.214,63.600,0.000,33.997,0.000
"19:30",0.000,63.846,63.600,0.000,34.355,0.000
"19:45",0.000,68.096,63.600,0.000,34.458,0.000
"20:00",0.000,70.298,63.600,0.000,34.765,0.000
"20:15",0.000,71.578,63.600,0.000,34.458,0.000
"20:30",0.000,71.782,63.600,0.000,34.355,0.000
"20:45",0.000,71.782,63.600,0.000,34.304,0.000
"21:00",0.000,71.885,63.600,0.000,34.253,0.000
"21:15",0.000,71.731,63.600,0.000,33.997,0.000
"21:30",0.000,71.936,63.600,0.000,34.253,0.000
"21:45",0.000,71.680,63.600,0.000,34.304,0.000
"22:00",0.000,71.629,63.600,0.000,34.099,0.000
"22:15",0.000,71.424,63.600,0.000,34.355,0.000
"22:30",0.000,71.578,63.600,0.000,34.150,0.000
"22:45",0.000,71.936,63.600,0.000,34.253,0.000
"23:00",0.000,71.373,63.600,0.000,34.253,0.000
"23:15",0.000,71.270,63.600,0.000,34.253,0.000
"23:30",0.000,71.168,63.600,0.000,34.355,0.000
"23:45",0.000,71.066,63.600,0.000,34.406,0.000
" 2/02/26 24:00",0.000,71.270,63.600,0.000,34.150,0.000
