"kwh"
"Time ","DAGSR01P","DAGSR01P","DAGSR01P","DAGSR01P","DAGSR01P","DAGSR01P"
" 6/25/26 00:15",0.000,5.683,63.600,7.578,0.000,0.000
" 6/25/26 00:30",0.000,5.581,63.600,7.424,0.000,0.000
"00:45",0.000,6.195,63.600,7.014,0.000,0.000
"01:00",0.000,4.608,63.600,7.526,0.000,0.000
"01:15",0.000,5.171,63.600,7.526,0.000,0.000
"01:30",0.000,5.376,63.600,7.731,0.000,0.000
"01:45",0.000,5.478,63.600,7.475,0.000,0.000
"02:00",0.000,4.198,63.600,7.885,0.000,0.000
"02:15",0.000,4.250,63.600,8.192,0.000,0.000
"02:30",0.000,4.659,63.600,7.680,0.000,0.000
"02:45",0.000,4.762,63.600,7.731,0.000,0.000
"03:00",0.000,4.813,63.600,7.885,0.000,0.000
"03:15",0.000,4.557,63.700,7.987,0.000,0.000
"03:30",0.000,5.069,63.600,7.475,0.000,0.000
"03:45",0.000,4.352,63.700,7.885,0.000,0.000
"04:00",0.000,4.506,63.600,7.987,0.000,0.000
"04:15",0.000,4.301,63.600,8.141,0.000,0.000
"04:30",0.000,5.530,63.600,7.322,0.000,0.000
"04:45",0.000,4.813,63.600,8.294,0.000,0.000
"05:00",0.000,4.301,63.600,8.243,0.000,0.000
"05:15",0.000,5.018,63.600,7.475,0.000,0.000
"05:30",0.000,5.018,63.600,7.731,0.000,0.000
"05:45",0.000,4.710,63.600,7.629,0.000,0.000
"06:00",0.000,4.966,63.600,7.578,0.000,0.000
"06:15",0.000,5.990,63.600,6.758,0.000,0.000
"06:30",0.000,5.171,63.700,7.373,0.000,0.000
"06:45",0.000,4.506,63.700,7.731,0.000,0.000
"07:00",0.000,5.171,63.600,7.322,0.000,0.000
"07:15",0.000,6.400,63.600,6.349,0.000,0.000
"07:30",0.000,5.632,63.600,6.963,0.000,0.000
"07:45",0.000,5.222,63.600,7.219,0.000,0.000
"08:00",0.000,5.939,63.600,7.066,0.000,0.000
"08:15",0.000,6.451,63.600,6.963,0.000,0.000
"08:30",0.000,5.632,63.600,7.322,0.000,0.000
"08:45",0.000,4.147,63.600,7.322,0.000,0.000
"09:00",1.280,1.075,63.600,3.277,0.000,0.000
"09:15",5.222,0.000,63.600,0.000,0.000,0.000
"09:30",21.555,0.000,63.600,0.000,0.000,0.000
"09:45",33.894,0.000,63.600,0.000,0.000,0.000
"10:00",41.370,0.000,63.600,0.000,0.000,0.000
"10:15",50.278,0.000,63.700,0.000,0.000,0.000
"10:30",56.576,0.000,63.700,0.000,0.000,0.000
"10:45",63.027,0.000,63.600,0.000,0.000,0.000
"11:00",4.813,0.563,63.700,0.563,0.000,0.000
"11:15",0.000,0.000,0.000,0.000,0.000,0.000
"11:30",0.000,0.000,0.000,0.000,0.000,0.000
"11:45",0.000,0.000,0.000,0.000,0.000,0.000
"12:00",0.000,0.000,0.000,0.000,0.000,0.000
"12:15",0.000,0.000,0.000,0.000,0.000,0.000
"12:30",0.000,0.000,0.000,0.000,0.000,0.000
"12:45",6.656,0.973,63.500,1.126,0.000,0.000
"13:00",61.542,0.000,63.700,0.000,0.000,0.000
"13:15",95.539,0.000,63.800,0.000,0.000,0.000
"13:30",96.768,0.000,63.700,0.000,0.000,0.000
"13:45",95.590,0.000,63.700,0.000,0.000,0.000
"14:00",96.051,0.000,63.700,0.000,0.000,0.000
"14:15",95.232,0.000,63.700,0.000,0.000,0.000
"14:30",94.362,0.000,63.700,0.000,0.000,0.000
"14:45",90.778,0.000,63.700,0.000,0.000,0.000
"15:00",90.368,0.000,63.700,0.000,0.000,0.000
"15:15",85.504,0.000,63.700,0.000,0.000,0.000
"15:30",82.022,0.000,63.700,0.000,0.000,0.000
"15:45",78.131,0.000,63.700,0.000,0.000,0.000
"16:00",74.086,0.000,63.700,0.000,0.000,0.000
"16:15",68.864,0.000,63.700,0.000,0.000,0.000
"16:30",63.795,0.000,63.700,0.000,0.000,0.000
"16:45",56.269,0.000,63.700,0.000,0.000,0.000
"17:00",49.715,0.000,63.700,0.000,0.000,0.000
"17:15",41.677,0.000,63.600,0.000,0.000,0.000
"17:30",29.389,0.000,63.600,0.000,0.000,0.000
"17:45",17.408,0.000,63.700,0.000,0.000,0.000
"18:00",1.997,0.256,63.700,2.509,0.000,0.000
"18:15",0.614,1.690,63.700,3.994,0.000,0.000
"18:30",0.000,3.328,63.700,7.014,0.000,0.000
"18:45",0.000,3.635,63.700,7.219,0.000,0.000
"19:00",0.000,3.738,63.700,7.168,0.000,0.000
"19:15",0.000,4.608,63.600,6.502,0.000,0.000
"19:30",0.000,3.277,63.600,7.014,0.000,0.000
"19:45",0.000,3.584,63.600,6.912,0.000,0.000
"20:00",0.000,3.430,63.600,6.810,0.000,0.000
"20:15",0.000,4.813,63.600,6.349,0.000,0.000
"20:30",0.000,4.250,63.600,6.810,0.000,0.000
"20:45",0.000,4.250,63.600,7.014,0.000,0.000
"21:00",0.000,4.659,63.600,7.014,0.000,0.000
"21:15",0.000,5.478,63.600,6.400,0.000,0.000
"21:30",0.000,4.403,63.600,7.066,0.000,0.000
"21:45",0.000,3.789,63.700,7.014,0.000,0.000
"22:00",0.000,3.891,63.700,7.219,0.000,0.000
"22:15",0.000,5.120,63.700,6.707,0.000,0.000
"22:30",0.000,4.454,63.700,7.219,0.000,0.000
"22:45",0.000,4.045,63.700,7.475,0.000,0.000
"23:00",0.000,4.506,63.700,7.373,0.000,0.000
"23:15",0.000,4.915,63.700,7.373,0.000,0.000
"23:30",0.000,4.557,63.700,7.014,0.000,0.000
"23:45",0.000,3.635,63.700,7.322,0.000,0.000
" 6/25/26 24:00",0.000,4.250,63.700,7.578,0.000,0.000
