"kwh"
"Time ","DAGSR01P","DAGSR01P","DAGSR01P","DAGSR01P","DAGSR01P","DAGSR01P"
" 4/05/26 00:15",0.000,4.096,63.700,5.786,0.000,0.000
" 4/05/26 00:30",0.000,4.454,63.700,5.632,0.000,0.000
"00:45",0.000,4.147,63.700,5.939,0.000,0.000
"01:00",0.000,4.250,63.700,5.939,0.000,0.000
"01:15",0.000,4.301,63.700,5.990,0.000,0.000
"01:30",0.000,4.147,63.700,6.298,0.000,0.000
"01:45",0.000,4.198,63.700,6.298,0.000,0.000
"02:00",0.000,4.557,63.700,6.093,0.000,0.000
"02:15",0.000,4.352,63.700,6.195,0.000,0.000
"02:30",0.000,4.301,63.700,6.349,0.000,0.000
"02:45",0.000,4.301,63.700,6.195,0.000,0.000
"03:00",0.000,4.403,63.700,6.246,0.000,0.000
"03:15",0.000,4.659,63.700,6.451,0.000,0.000
"03:30",0.000,4.454,63.700,6.554,0.000,0.000
"03:45",0.000,4.454,63.700,6.554,0.000,0.000
"04:00",0.000,4.864,63.700,6.451,0.000,0.000
"04:15",0.000,4.403,63.700,6.400,0.000,0.000
"04:30",0.000,4.250,63.700,6.451,0.000,0.000
"04:45",0.000,4.352,63.600,6.400,0.000,0.000
"05:00",0.000,4.352,63.700,6.400,0.000,0.000
"05:15",0.000,4.403,63.600,6.554,0.000,0.000
"05:30",0.000,4.352,63.700,6.707,0.000,0.000
"05:45",0.000,4.710,63.700,6.963,0.000,0.000
"06:00",0.000,4.352,63.700,6.656,0.000,0.000
"06:15",0.000,4.352,63.600,6.349,0.000,0.000
"06:30",0.000,4.403,63.600,6.144,0.000,0.000
"06:45",0.000,4.710,63.600,6.246,0.000,0.000
"07:00",0.000,4.352,63.700,6.400,0.000,0.000
"07:15",0.000,4.403,63.600,6.195,0.000,0.000
"07:30",0.000,4.454,63.600,6.502,0.000,0.000
"07:45",0.000,4.454,63.600,6.605,0.000,0.000
"08:00",0.000,4.352,63.600,6.554,0.000,0.000
"08:15",0.000,4.045,63.700,6.554,0.000,0.000
"08:30",0.000,3.891,63.600,6.349,0.000,0.000
"08:45",0.000,4.096,63.600,6.246,0.000,0.000
"09:00",0.256,2.560,63.600,4.096,0.000,0.000
"09:15",0.000,2.918,63.600,5.632,0.000,0.000
"09:30",0.666,1.536,63.600,4.557,0.000,0.000
"09:45",1.178,0.563,63.600,3.789,0.000,0.000
"10:00",1.024,1.126,63.600,3.891,0.000,0.000
"10:15",2.304,0.256,63.600,1.843,0.000,0.000
"10:30",3.379,0.000,63.600,0.358,0.000,0.000
"10:45",2.611,0.000,63.600,0.307,0.000,0.000
"11:00",2.509,0.000,63.600,0.768,0.000,0.000
"11:15",2.406,0.205,63.600,1.331,0.000,0.000
"11:30",2.406,0.154,63.600,1.638,0.000,0.000
"11:45",5.478,0.051,63.600,0.461,0.000,0.000
"12:00",7.526,0.000,63.600,0.000,0.000,0.000
"12:15",15.462,0.000,63.600,0.000,0.000,0.000
"12:30",21.350,0.000,63.700,0.000,0.000,0.000
"12:45",19.354,0.000,63.600,0.000,0.000,0.000
"13:00",18.842,0.000,63.600,0.000,0.000,0.000
"13:15",18.278,0.000,63.600,0.000,0.000,0.000
"13:30",20.992,0.000,63.600,0.000,0.000,0.000
"13:45",17.766,0.000,63.700,0.000,0.000,0.000
"14:00",25.958,0.000,63.700,0.000,0.000,0.000
"14:15",23.808,0.000,63.700,0.000,0.000,0.000
"14:30",29.030,0.000,63.600,0.000,0.000,0.000
"14:45",28.621,0.000,63.600,0.000,0.000,0.000
"15:00",42.086,0.000,63.700,0.000,0.000,0.000
"15:15",32.922,0.000,63.600,0.000,0.000,0.000
"15:30",31.386,0.000,63.600,0.000,0.000,0.000
"15:45",24.678,0.000,63.600,0.000,0.000,0.000
"16:00",12.186,0.000,63.600,0.000,0.000,0.000
"16:15",9.114,0.000,63.600,0.000,0.000,0.000
"16:30",7.680,0.000,63.600,0.000,0.000,0.000
"16:45",9.216,0.000,63.600,0.000,0.000,0.000
"17:00",6.042,0.000,63.600,0.000,0.000,0.000
"17:15",2.560,0.051,63.600,0.614,0.000,0.000
"17:30",2.202,0.051,63.600,1.075,0.000,0.000
"17:45",1.024,1.024,63.600,3.584,0.000,0.000
"18:00",0.256,2.406,63.600,3.840,0.000,0.000
"18:15",0.000,3.328,63.600,5.171,0.000,0.000
"18:30",0.000,3.584,63.700,5.786,0.000,0.000
"18:45",0.000,3.738,63.600,5.734,0.000,0.000
"19:00",0.000,4.198,63.700,5.274,0.000,0.000
"19:15",0.000,5.274,63.700,5.274,0.000,0.000
"19:30",0.000,4.454,63.700,5.530,0.000,0.000
"19:45",0.000,4.352,63.700,5.376,0.000,0.000
"20:00",0.000,4.352,63.700,5.478,0.000,0.000
"20:15",0.000,4.557,63.700,5.581,0.000,0.000
"20:30",0.000,4.762,63.700,5.581,0.000,0.000
"20:45",0.000,4.762,63.700,5.581,0.000,0.000
"21:00",0.000,4.454,63.700,5.222,0.000,0.000
"21:15",0.000,4.403,63.700,5.325,0.000,0.000
"21:30",0.000,4.915,63.700,5.427,0.000,0.000
"21:45",0.000,5.786,63.700,5.018,0.000,0.000
"22:00",0.000,4.762,63.700,6.093,0.000,0.000
"22:15",0.000,4.813,63.700,5.939,0.000,0.000
"22:30",0.000,4.762,63.700,5.888,0.000,0.000
"22:45",0.000,4.864,63.700,5.837,0.000,0.000
"23:00",0.000,4.608,63.700,6.298,0.000,0.000
"23:15",0.000,4.403,63.700,5.888,0.000,0.000
"23:30",0.000,4.352,63.700,5.888,0.000,0.000
"23:45",0.000,4.352,63.700,5.888,0.000,0.000
" 4/05/26 24:00",0.000,4.403,63.700,6.144,0.000,0.000
