"kwh"
"Time ","DAGSR01P","DAGSR01P","DAGSR01P","DAGSR01P","DAGSR01P","DAGSR01P"
" 7/10/26 00:15",0.000,5.478,63.600,5.632,0.000,0.000
" 7/10/26 00:30",0.000,5.581,63.600,5.683,0.000,0.000
"00:45",0.000,5.171,63.600,6.093,0.000,0.000
"01:00",0.000,5.376,63.600,6.451,0.000,0.000
"01:15",0.000,4.250,63.600,7.219,0.000,0.000
"01:30",0.000,3.891,63.600,7.066,0.000,0.000
"01:45",0.000,4.045,63.600,6.656,0.000,0.000
"02:00",0.000,4.659,63.600,6.451,0.000,0.000
"02:15",0.000,3.891,63.600,7.168,0.000,0.000
"02:30",0.000,4.250,63.600,7.219,0.000,0.000
"02:45",0.000,4.147,63.600,7.322,0.000,0.000
"03:00",0.000,4.454,63.600,6.605,0.000,0.000
"03:15",0.000,3.738,63.600,7.424,0.000,0.000
"03:30",0.000,3.635,63.600,7.066,0.000,0.000
"03:45",0.000,3.942,63.600,6.963,0.000,0.000
"04:00",0.000,5.018,63.600,7.014,0.000,0.000
"04:15",0.000,3.891,63.600,7.475,0.000,0.000
"04:30",0.000,3.635,63.600,7.066,0.000,0.000
"04:45",0.000,3.738,63.600,7.270,0.000,0.000
"05:00",0.000,4.557,63.600,6.963,0.000,0.000
"05:15",0.000,4.045,63.600,7.526,0.000,0.000
"05:30",0.000,4.096,63.600,7.219,0.000,0.000
"05:45",0.000,4.045,63.600,7.014,0.000,0.000
"06:00",0.000,4.352,63.600,6.656,0.000,0.000
"06:15",0.000,3.686,63.600,6.963,0.000,0.000
"06:30",0.000,3.789,63.600,7.526,0.000,0.000
"06:45",0.000,3.994,63.600,7.424,0.000,0.000
"07:00",0.000,5.018,63.600,6.707,0.000,0.000
"07:15",0.000,4.710,63.600,6.554,0.000,0.000
"07:30",0.000,4.301,63.600,7.168,0.000,0.000
"07:45",0.000,4.250,63.600,7.014,0.000,0.000
"08:00",0.000,4.864,63.600,6.400,0.000,0.000
"08:15",0.000,5.171,63.600,6.502,0.000,0.000
"08:30",0.000,5.120,63.600,7.117,0.000,0.000
"08:45",0.000,3.840,63.600,6.912,0.000,0.000
"09:00",0.256,1.690,63.600,3.840,0.000,0.000
"09:15",4.454,0.154,63.600,0.461,0.000,0.000
"09:30",19.507,0.000,63.600,0.000,0.000,0.000
"09:45",28.058,0.000,63.600,0.000,0.000,0.000
"10:00",36.352,0.000,63.600,0.000,0.000,0.000
"10:15",44.800,0.000,63.600,0.000,0.000,0.000
"10:30",51.866,0.000,63.600,0.000,0.000,0.000
"10:45",58.522,0.000,63.600,0.000,0.000,0.000
"11:00",63.693,0.000,63.600,0.000,0.000,0.000
"11:15",68.915,0.000,63.600,0.000,0.000,0.000
"11:30",74.138,0.000,63.600,0.000,0.000,0.000
"11:45",64.102,0.000,63.600,0.000,0.000,0.000
"12:00",82.330,0.000,63.600,0.000,0.000,0.000
"12:15",77.978,0.000,63.700,0.000,0.000,0.000
"12:30",79.821,0.000,63.600,0.000,0.000,0.051
"12:45",75.827,0.000,63.700,0.000,0.000,0.000
"13:00",91.085,0.000,63.600,0.000,0.000,0.000
"13:15",93.030,0.000,63.600,0.000,0.000,0.000
"13:30",93.133,0.000,63.600,0.000,0.000,0.000
"13:45",86.938,0.000,63.700,0.000,0.000,0.000
"14:00",80.998,0.000,63.700,0.000,0.000,0.000
"14:15",70.195,0.000,63.700,0.000,0.000,0.000
"14:30",77.056,0.000,63.700,0.000,0.000,0.000
"14:45",74.906,0.000,63.700,0.000,0.000,0.000
"15:00",70.400,0.000,63.600,0.000,0.000,0.000
"15:15",71.322,0.000,63.600,0.000,0.000,0.000
"15:30",71.117,0.000,63.700,0.000,0.000,0.000
"15:45",62.618,0.000,63.600,0.000,0.000,0.000
"16:00",53.402,0.000,63.700,0.000,0.000,0.000
"16:15",49.254,0.000,63.700,0.000,0.000,0.000
"16:30",48.435,0.000,63.700,0.000,0.000,0.000
"16:45",38.810,0.000,63.700,0.000,0.000,0.000
"17:00",34.867,0.000,63.700,0.000,0.000,0.000
"17:15",22.630,0.000,63.700,0.000,0.000,0.000
"17:30",22.323,0.000,63.700,0.000,0.000,0.000
"17:45",20.992,0.000,63.700,0.000,0.000,0.000
"18:00",11.674,0.000,63.700,0.000,0.000,0.000
"18:15",2.662,0.256,63.700,1.229,0.000,0.000
"18:30",0.051,3.430,63.700,5.018,0.000,0.000
"18:45",0.000,4.403,63.700,6.298,0.000,0.000
"19:00",0.000,4.403,63.700,6.758,0.000,0.000
"19:15",0.000,5.171,63.700,5.683,0.000,0.000
"19:30",0.000,4.352,63.700,6.298,0.000,0.000
"19:45",0.000,4.454,63.700,6.400,0.000,0.000
"20:00",0.000,5.120,63.700,6.042,0.000,0.000
"20:15",0.000,5.325,63.700,6.246,0.000,0.000
"20:30",0.000,4.198,63.700,7.066,0.000,0.000
"20:45",0.000,3.994,63.700,6.810,0.000,0.000
"21:00",0.000,4.762,63.700,6.400,0.000,0.000
"21:15",0.000,4.096,63.700,6.912,0.000,0.000
"21:30",0.000,4.250,63.700,6.912,0.000,0.000
"21:45",0.000,3.994,63.700,6.963,0.000,0.000
"22:00",0.000,4.762,63.700,6.758,0.000,0.000
"22:15",0.000,4.454,63.600,6.963,0.000,0.000
"22:30",0.000,4.096,63.700,7.117,0.000,0.000
"22:45",0.000,4.762,63.700,6.707,0.000,0.000
"23:00",0.000,4.147,63.700,7.219,0.000,0.000
"23:15",0.000,3.942,63.700,7.373,0.000,0.000
"23:30",0.000,4.198,63.700,7.322,0.000,0.000
"23:45",0.000,5.478,63.700,6.810,0.000,0.000
" 7/10/26 24:00",0.000,4.301,63.700,7.219,0.000,0.000
