"kwh"
"Time ","DAGSR01P","DAGSR01P","DAGSR01P","DAGSR01P","DAGSR01P","DAGSR01P"
" 6/16/26 00:15",0.000,6.554,63.700,7.987,0.000,0.000
" 6/16/26 00:30",0.000,6.195,63.700,8.243,0.000,0.000
"00:45",0.000,5.786,63.700,8.038,0.000,0.000
"01:00",0.000,6.246,63.700,7.834,0.000,0.000
"01:15",0.000,6.093,63.700,8.755,0.000,0.000
"01:30",0.000,5.632,63.700,8.550,0.000,0.000
"01:45",0.000,5.325,63.700,8.192,0.000,0.000
"02:00",0.000,5.427,63.700,8.397,0.000,0.000
"02:15",0.000,5.581,63.700,8.602,0.000,0.000
"02:30",0.000,6.451,63.700,8.090,0.000,0.000
"02:45",0.000,5.734,63.700,8.653,0.000,0.000
"03:00",0.000,5.120,63.700,8.806,0.000,0.000
"03:15",0.000,5.171,63.700,8.755,0.000,0.000
"03:30",0.000,5.325,63.700,9.011,0.000,0.000
"03:45",0.000,6.605,63.700,8.192,0.000,0.000
"04:00",0.000,5.427,63.700,8.858,0.000,0.000
"04:15",0.000,5.376,63.700,9.216,0.000,0.000
"04:30",0.000,5.376,63.700,8.858,0.000,0.000
"04:45",0.000,5.018,63.700,8.602,0.000,0.000
"05:00",0.000,6.144,63.700,8.038,0.000,0.000
"05:15",0.000,5.222,63.700,8.448,0.000,0.000
"05:30",0.000,5.069,63.700,8.397,0.000,0.000
"05:45",0.000,5.427,63.700,8.448,0.000,0.000
"06:00",0.000,5.325,63.700,8.448,0.000,0.000
"06:15",0.000,5.632,63.700,7.885,0.000,0.000
"06:30",0.000,4.864,63.700,8.755,0.000,0.000
"06:45",0.000,5.171,63.700,8.602,0.000,0.000
"07:00",0.000,5.581,63.700,8.397,0.000,0.000
"07:15",0.000,6.093,63.700,8.038,0.000,0.000
"07:30",0.000,5.786,63.700,7.987,0.000,0.000
"07:45",0.000,5.632,63.700,8.192,0.000,0.000
"08:00",0.000,5.632,63.600,8.294,0.000,0.000
"08:15",0.000,4.864,63.600,8.346,0.000,0.000
"08:30",0.000,5.274,63.600,7.885,0.000,0.000
"08:45",0.000,4.096,63.600,8.192,0.000,0.000
"09:00",0.102,3.379,63.600,5.274,0.000,0.000
"09:15",1.331,1.434,63.600,3.840,0.000,0.000
"09:30",6.144,0.000,63.600,0.307,0.000,0.000
"09:45",9.216,0.000,63.600,0.000,0.000,0.000
"10:00",20.531,0.000,63.700,0.000,0.000,0.000
"10:15",24.371,0.000,63.700,0.000,0.000,0.000
"10:30",25.344,0.000,63.700,0.000,0.000,0.000
"10:45",47.309,0.000,63.700,0.000,0.000,0.000
"11:00",45.978,0.000,63.700,0.000,0.000,0.000
"11:15",43.930,0.000,63.700,0.000,0.000,0.000
"11:30",62.413,0.000,63.800,0.000,0.000,0.000
"11:45",68.454,0.000,63.700,0.000,0.000,0.000
"12:00",67.328,0.000,63.800,0.000,0.000,0.000
"12:15",65.894,0.000,63.700,0.000,0.000,0.000
"12:30",59.699,0.000,63.800,0.000,0.000,0.000
"12:45",64.973,0.000,63.800,0.000,0.000,0.000
"13:00",60.723,0.000,63.800,0.000,0.000,0.000
"13:15",76.442,0.000,63.800,0.000,0.000,0.000
"13:30",68.198,0.000,63.800,0.000,0.000,0.000
"13:45",79.155,0.000,63.700,0.000,0.000,0.000
"14:00",78.643,0.000,63.700,0.000,0.000,0.000
"14:15",76.800,0.000,63.700,0.000,0.000,0.000
"14:30",69.888,0.000,63.800,0.000,0.000,0.000
"14:45",71.168,0.000,63.800,0.000,0.000,0.000
"15:00",78.643,0.000,63.800,0.000,0.000,0.000
"15:15",73.216,0.000,63.700,0.000,0.000,0.000
"15:30",78.387,0.000,63.700,0.000,0.000,0.000
"15:45",67.994,0.000,63.700,0.000,0.000,0.000
"16:00",60.928,0.000,63.700,0.000,0.000,0.000
"16:15",47.872,0.000,63.700,0.000,0.000,0.000
"16:30",40.499,0.000,63.700,0.000,0.000,0.000
"16:45",13.056,0.000,63.700,0.000,0.000,0.000
"17:00",20.019,0.000,63.700,0.000,0.000,0.000
"17:15",14.234,0.000,63.700,0.000,0.000,0.000
"17:30",13.568,0.000,63.700,0.000,0.000,0.000
"17:45",10.342,0.000,63.700,0.000,0.000,0.000
"18:00",2.458,0.512,63.700,2.406,0.000,0.000
"18:15",0.512,2.253,63.700,4.096,0.000,0.000
"18:30",0.000,5.632,63.700,6.195,0.000,0.000
"18:45",0.000,5.683,63.700,6.144,0.000,0.000
"19:00",0.000,5.274,63.700,6.451,0.000,0.000
"19:15",0.000,5.274,63.700,6.554,0.000,0.000
"19:30",0.000,6.656,63.700,5.939,0.000,0.000
"19:45",0.000,5.222,63.700,6.554,0.000,0.000
"20:00",0.000,4.864,63.700,6.861,0.000,0.000
"20:15",0.000,5.581,63.700,6.656,0.000,0.000
"20:30",0.000,5.376,63.700,6.810,0.000,0.000
"20:45",0.000,4.557,63.600,7.066,0.000,0.000
"21:00",0.000,4.966,63.700,6.861,0.000,0.000
"21:15",0.000,5.632,63.700,6.298,0.000,0.000
"21:30",0.000,4.966,63.600,6.912,0.000,0.000
"21:45",0.000,4.762,63.600,7.066,0.000,0.000
"22:00",0.000,5.274,63.600,6.707,0.000,0.000
"22:15",0.000,4.506,63.600,7.629,0.000,0.000
"22:30",0.000,5.171,63.600,7.629,0.000,0.000
"22:45",0.000,5.888,63.700,7.270,0.000,0.000
"23:00",0.000,4.659,63.700,7.629,0.000,0.000
"23:15",0.000,4.557,63.700,7.526,0.000,0.000
"23:30",0.000,5.581,63.700,7.014,0.000,0.000
"23:45",0.000,4.915,63.600,7.322,0.000,0.000
" 6/16/26 24:00",0.000,4.352,63.700,7.424,0.000,0.000
