"kwh"
"Time ","DAGSR01P","DAGSR01P","DAGSR01P","DAGSR01P","DAGSR01P","DAGSR01P"
" 7/14/26 00:15",0.000,4.198,63.600,6.656,0.000,0.000
" 7/14/26 00:30",0.000,4.045,63.600,6.963,0.000,0.000
"00:45",0.000,4.710,63.600,6.451,0.000,0.000
"01:00",0.000,4.403,63.600,6.605,0.000,0.000
"01:15",0.000,4.147,63.600,6.707,0.000,0.000
"01:30",0.000,3.738,63.700,6.502,0.000,0.000
"01:45",0.000,4.506,63.600,6.195,0.000,0.000
"02:00",0.000,3.635,63.600,7.066,0.000,0.000
"02:15",0.000,4.045,63.600,6.656,0.000,0.000
"02:30",0.000,4.454,63.600,6.246,0.000,0.000
"02:45",0.000,4.198,63.600,6.810,0.000,0.000
"03:00",0.000,3.840,63.600,6.707,0.000,0.000
"03:15",0.000,3.686,63.600,6.758,0.000,0.000
"03:30",0.000,4.403,63.600,6.502,0.000,0.000
"03:45",0.000,3.533,63.600,6.912,0.000,0.000
"04:00",0.000,3.379,63.600,7.066,0.000,0.000
"04:15",0.000,4.403,63.600,6.656,0.000,0.000
"04:30",0.000,3.430,63.600,7.014,0.000,0.000
"04:45",0.000,3.328,63.600,6.963,0.000,0.000
"05:00",0.000,3.533,63.600,7.066,0.000,0.000
"05:15",0.000,4.301,63.600,6.605,0.000,0.000
"05:30",0.000,3.482,63.600,6.912,0.000,0.000
"05:45",0.000,3.738,63.600,7.117,0.000,0.000
"06:00",0.000,4.352,63.600,6.912,0.000,0.000
"06:15",0.000,3.482,63.600,7.066,0.000,0.000
"06:30",0.000,3.277,63.600,7.066,0.000,0.000
"06:45",0.000,3.277,63.600,7.066,0.000,0.000
"07:00",0.000,4.813,63.600,6.810,0.000,0.000
"07:15",0.000,4.198,63.600,6.912,0.000,0.000
"07:30",0.000,4.198,63.600,6.963,0.000,0.000
"07:45",0.000,5.581,63.600,6.554,0.000,0.000
"08:00",0.000,4.403,63.600,7.270,0.000,0.000
"08:15",0.000,4.250,63.600,7.219,0.000,0.000
"08:30",0.000,5.325,63.600,7.014,0.000,0.000
"08:45",0.000,5.069,63.600,5.990,0.000,0.000
"09:00",0.870,1.485,63.600,3.840,0.000,0.000
"09:15",6.042,0.000,63.600,0.000,0.000,0.000
"09:30",17.664,0.000,63.600,0.000,0.000,0.000
"09:45",35.789,0.000,63.600,0.000,0.000,0.000
"10:00",10.291,1.485,63.600,0.000,4.198,6.656
"10:15",14.746,0.000,63.600,0.000,0.000,13.517
"10:30",20.787,0.000,63.600,0.000,0.000,14.285
"10:45",14.746,0.102,63.600,0.000,0.563,13.414
"11:00",11.059,1.126,63.700,0.000,3.789,10.138
"11:15",3.482,1.946,63.700,0.000,8.448,6.144
"11:30",1.331,3.686,63.700,0.000,10.189,4.147
"11:45",0.666,3.738,63.700,0.000,11.008,3.328
"12:00",1.229,3.584,63.600,0.000,10.086,4.506
"12:15",15.104,0.973,63.600,0.000,2.355,12.851
"12:30",55.962,0.000,63.600,0.000,0.000,14.746
"12:45",44.134,0.000,63.600,0.000,0.000,15.821
"13:00",37.222,0.000,63.600,0.000,0.000,15.206
"13:15",53.811,0.000,63.700,0.000,0.000,16.128
"13:30",66.816,0.000,63.700,0.000,0.000,16.691
"13:45",59.853,0.000,63.600,0.000,0.000,16.026
"14:00",42.445,0.000,63.600,0.000,0.000,15.821
"14:15",31.744,0.000,63.600,0.000,0.000,15.309
"14:30",14.029,0.154,63.600,0.000,1.024,13.568
"14:45",19.866,0.563,63.600,0.000,1.946,12.749
"15:00",4.557,1.997,63.700,0.000,7.066,7.680
"15:15",12.954,0.358,63.600,0.000,2.048,13.722
"15:30",54.886,0.000,63.600,0.000,0.000,1.485
"15:45",68.762,0.000,63.600,0.000,0.000,0.256
"16:00",51.968,0.000,63.600,0.000,0.000,0.000
"16:15",32.512,0.000,63.600,0.000,0.000,0.000
"16:30",24.269,0.000,63.700,0.000,0.000,0.000
"16:45",17.510,0.000,63.600,0.000,0.000,0.051
"17:00",11.878,0.000,63.600,0.000,0.000,0.000
"17:15",11.366,0.000,63.600,0.000,0.000,0.000
"17:30",10.803,0.000,63.600,0.000,0.000,0.000
"17:45",17.050,0.000,63.600,0.000,0.000,0.000
"18:00",9.421,0.000,63.600,0.410,0.000,0.000
"18:15",0.563,1.587,63.700,3.277,0.000,0.000
"18:30",0.102,3.379,63.700,5.888,0.000,0.000
"18:45",0.000,4.454,63.700,6.554,0.000,0.000
"19:00",0.000,5.222,63.700,5.734,0.000,0.000
"19:15",0.000,4.301,63.600,5.786,0.000,0.000
"19:30",0.000,3.789,63.700,6.093,0.000,0.000
"19:45",0.000,3.942,63.700,6.093,0.000,0.000
"20:00",0.000,4.557,63.700,5.734,0.000,0.000
"20:15",0.000,4.045,63.700,6.298,0.000,0.000
"20:30",0.000,3.994,63.700,6.144,0.000,0.000
"20:45",0.000,4.762,63.700,5.786,0.000,0.000
"21:00",0.000,3.635,63.700,6.554,0.000,0.000
"21:15",0.000,3.840,63.700,6.400,0.000,0.000
"21:30",0.000,4.608,63.700,6.298,0.000,0.000
"21:45",0.000,4.352,63.700,6.246,0.000,0.000
"22:00",0.000,3.942,63.700,6.298,0.000,0.000
"22:15",0.000,3.738,63.700,6.502,0.000,0.000
"22:30",0.000,4.403,63.700,6.144,0.000,0.000
"22:45",0.000,3.942,63.700,6.605,0.000,0.000
"23:00",0.000,4.045,63.700,6.810,0.000,0.000
"23:15",0.000,5.222,63.600,6.349,0.000,0.000
"23:30",0.000,4.813,63.600,5.632,0.000,0.000
"23:45",0.000,4.096,63.700,5.990,0.000,0.000
" 7/14/26 24:00",0.000,4.454,63.700,5.786,0.000,0.000
