"kwh"
"Time ","DAGSR01P","DAGSR01P","DAGSR01P","DAGSR01P","DAGSR01P","DAGSR01P"
" 2/04/26 00:15",0.000,136.704,63.600,0.000,49.050,0.000
" 2/04/26 00:30",0.000,136.499,63.600,0.000,48.896,0.000
"00:45",0.000,136.192,63.600,0.000,49.203,0.000
"01:00",0.000,136.141,63.600,0.000,48.947,0.000
"01:15",0.000,136.346,63.600,0.000,48.742,0.000
"01:30",0.000,136.397,63.600,0.000,48.845,0.000
"01:45",0.000,135.731,63.600,0.000,49.152,0.000
"02:00",0.000,135.782,63.600,0.000,49.152,0.000
"02:15",0.000,135.680,63.600,0.000,49.050,0.000
"02:30",0.000,135.731,63.600,0.000,49.050,0.000
"02:45",0.000,136.090,63.600,0.000,49.050,0.000
"03:00",0.000,136.346,63.600,0.000,48.998,0.000
"03:15",0.000,135.987,63.600,0.000,49.050,0.000
"03:30",0.000,136.499,63.600,0.000,49.203,0.000
"03:45",0.000,136.090,63.600,0.000,49.306,0.000
"04:00",0.000,136.653,63.600,0.000,49.203,0.000
"04:15",0.000,136.550,63.600,0.000,49.101,0.000
"04:30",0.000,136.602,63.600,0.000,49.152,0.000
"04:45",0.000,126.874,63.600,0.000,43.520,0.000
"05:00",0.000,104.499,63.600,0.000,29.594,0.000
"05:15",0.000,104.243,63.600,0.000,29.440,0.000
"05:30",0.000,104.192,63.600,0.000,29.491,0.000
"05:45",0.000,104.141,63.600,0.000,29.286,0.000
"06:00",0.000,104.090,63.600,0.000,28.928,0.000
"06:15",0.000,103.629,63.600,0.000,28.979,0.000
"06:30",0.000,103.680,63.600,0.000,29.133,0.000
"06:45",0.000,79.258,63.600,0.000,21.658,0.000
"07:00",0.000,70.451,63.600,0.000,19.354,0.000
"07:15",0.000,70.451,63.600,0.000,19.661,0.000
"07:30",0.000,79.258,63.600,0.000,22.528,0.000
"07:45",0.000,103.475,63.600,0.000,29.440,0.000
"08:00",0.000,101.069,63.700,0.000,29.440,0.000
"08:15",0.000,99.379,63.600,0.000,30.054,0.000
"08:30",0.000,96.768,63.700,0.000,30.054,0.000
"08:45",0.000,92.570,63.600,0.000,29.491,0.000
"09:00",0.000,89.702,63.700,0.000,28.058,0.000
"09:15",0.000,107.008,63.700,0.000,45.722,0.000
"09:30",0.000,120.064,63.600,0.000,61.440,0.000
"09:45",0.000,113.408,63.600,0.000,63.949,0.000
"10:00",0.000,122.368,63.600,0.000,63.898,0.000
"10:15",0.000,126.310,63.600,0.000,72.499,0.000
"10:30",0.000,163.123,63.600,0.000,90.522,0.000
"10:45",0.000,159.642,63.700,0.000,93.798,0.000
"11:00",0.000,134.810,63.600,0.000,94.771,0.000
"11:15",0.000,116.634,63.700,0.000,95.130,0.000
"11:30",0.000,116.736,63.600,0.000,94.822,0.000
"11:45",0.000,124.826,63.600,0.000,94.669,0.000
"12:00",0.000,109.926,63.600,0.000,95.232,0.000
"12:15",0.000,110.387,63.600,0.000,94.925,0.000
"12:30",0.000,106.752,63.600,0.000,95.232,0.000
"12:45",0.000,106.547,63.600,0.000,95.283,0.000
"13:00",0.000,105.011,63.600,0.000,95.386,0.000
"13:15",0.000,109.414,63.600,0.000,96.051,0.000
"13:30",0.000,140.083,63.600,0.000,94.310,0.000
"13:45",0.000,143.155,63.700,0.000,94.310,0.000
"14:00",0.000,139.674,63.700,0.000,94.413,0.000
"14:15",0.000,150.170,63.700,0.000,94.669,0.000
"14:30",0.000,177.971,63.600,0.000,93.184,0.000
"14:45",0.000,145.152,63.600,0.000,95.078,0.000
"15:00",0.000,160.154,63.600,0.000,93.747,0.000
"15:15",0.000,148.122,63.600,0.000,94.771,0.000
"15:30",0.000,163.072,63.600,0.000,96.819,0.000
"15:45",0.000,201.626,63.600,0.000,114.330,0.000
"16:00",0.000,122.778,63.600,0.000,93.030,0.000
"16:15",0.000,97.792,63.600,0.000,92.006,0.000
"16:30",0.000,127.181,63.600,0.000,106.598,0.000
"16:45",0.000,124.774,63.600,0.000,91.494,0.000
"17:00",0.000,109.875,63.600,0.000,90.675,0.000
"17:15",0.000,103.322,63.600,0.000,90.778,0.000
"17:30",0.000,121.037,63.600,0.000,91.750,0.000
"17:45",0.000,128.205,63.600,0.000,91.750,0.000
"18:00",0.000,127.027,63.600,0.000,91.546,0.000
"18:15",0.000,133.990,63.600,0.000,91.187,0.000
"18:30",0.000,140.595,63.500,0.000,90.368,0.000
"18:45",0.000,148.326,63.600,0.000,91.085,0.000
"19:00",0.000,170.035,63.600,0.000,90.624,0.000
"19:15",0.000,168.755,63.600,0.000,90.675,0.000
"19:30",0.000,174.746,63.600,0.000,91.187,0.000
"19:45",0.000,175.053,63.600,0.000,90.931,0.000
"20:00",0.000,174.438,63.600,0.000,90.522,0.000
"20:15",0.000,176.742,63.600,0.000,90.880,0.000
"20:30",0.000,177.050,63.600,0.000,90.675,0.000
"20:45",0.000,177.357,63.600,0.000,90.163,0.000
"21:00",0.000,177.562,63.600,0.000,90.368,0.000
"21:15",0.000,176.179,63.600,0.000,89.395,0.000
"21:30",0.000,174.592,63.600,0.000,88.474,0.000
"21:45",0.000,175.002,63.600,0.000,88.422,0.000
"22:00",0.000,174.285,63.600,0.000,88.730,0.000
"22:15",0.000,174.029,63.600,0.000,88.576,0.000
"22:30",0.000,174.182,63.600,0.000,88.730,0.000
"22:45",0.000,174.438,63.600,0.000,88.474,0.000
"23:00",0.000,174.438,63.600,0.000,88.115,0.000
"23:15",0.000,164.301,63.600,0.000,81.408,0.000
"23:30",0.000,142.336,63.600,0.000,67.021,0.000
"23:45",0.000,141.978,63.600,0.000,67.174,0.000
" 2/04/26 24:00",0.000,141.568,63.600,0.000,67.072,0.000
