"kwh"
"Time ","DAGSR01P","DAGSR01P","DAGSR01P","DAGSR01P","DAGSR01P","DAGSR01P"
" 4/24/26 00:15",0.000,7.117,63.700,3.430,0.000,0.000
" 4/24/26 00:30",0.000,5.478,63.700,4.198,0.000,0.000
"00:45",0.000,5.990,63.700,4.250,0.000,0.000
"01:00",0.000,6.298,63.700,4.454,0.000,0.000
"01:15",0.000,5.478,63.700,4.710,0.000,0.000
"01:30",0.000,6.656,63.700,4.403,0.000,0.000
"01:45",0.000,6.349,63.700,5.120,0.000,0.000
"02:00",0.000,6.093,63.700,4.966,0.000,0.000
"02:15",0.000,5.837,63.700,5.018,0.000,0.000
"02:30",0.000,5.478,63.700,5.376,0.000,0.000
"02:45",0.000,6.707,63.700,4.966,0.000,0.000
"03:00",0.000,5.837,63.700,5.274,0.000,0.000
"03:15",0.000,6.093,63.700,4.915,0.000,0.000
"03:30",0.000,5.837,63.700,5.222,0.000,0.000
"03:45",0.000,5.427,63.700,5.325,0.000,0.000
"04:00",0.000,6.298,63.700,4.864,0.000,0.000
"04:15",0.000,5.325,63.700,5.530,0.000,0.000
"04:30",0.000,6.246,63.700,4.813,0.000,0.000
"04:45",0.000,5.427,63.700,5.376,0.000,0.000
"05:00",0.000,6.093,63.700,4.966,0.000,0.000
"05:15",0.000,6.451,63.700,5.069,0.000,0.000
"05:30",0.000,5.632,63.700,5.325,0.000,0.000
"05:45",0.000,6.298,63.700,4.813,0.000,0.000
"06:00",0.000,5.530,63.700,5.376,0.000,0.000
"06:15",0.000,6.451,63.700,5.018,0.000,0.000
"06:30",0.000,5.478,63.700,6.349,0.000,0.000
"06:45",0.000,6.298,63.700,5.222,0.000,0.000
"07:00",0.000,6.400,63.700,4.608,0.000,0.000
"07:15",0.000,6.093,63.700,4.557,0.000,0.000
"07:30",0.000,6.707,63.700,3.789,0.000,0.000
"07:45",0.000,5.581,63.700,4.250,0.000,0.000
"08:00",0.000,5.632,63.600,4.352,0.000,0.000
"08:15",0.000,6.400,63.600,3.840,0.000,0.000
"08:30",0.000,5.222,63.700,4.045,0.000,0.000
"08:45",0.000,4.762,63.700,3.226,0.000,0.000
"09:00",0.461,2.406,63.700,2.867,0.000,0.000
"09:15",0.358,3.277,63.700,2.714,0.000,0.000
"09:30",0.102,3.482,63.600,2.714,0.000,0.000
"09:45",0.358,2.150,63.600,2.560,0.000,0.000
"10:00",0.717,1.485,63.600,1.894,0.000,0.000
"10:15",3.942,0.000,63.600,0.102,0.000,0.000
"10:30",3.994,0.102,63.700,0.410,0.051,0.051
"10:45",10.650,0.000,63.600,0.000,0.000,0.051
"11:00",8.858,0.000,63.700,0.000,0.000,0.051
"11:15",3.635,0.205,63.700,1.126,0.000,0.000
"11:30",0.973,1.331,63.700,1.638,0.000,0.000
"11:45",1.229,0.973,63.700,2.099,0.000,0.000
"12:00",2.816,0.154,63.700,0.666,0.000,0.000
"12:15",7.731,0.000,63.700,0.102,0.000,0.000
"12:30",7.373,0.000,63.700,0.000,0.000,0.051
"12:45",8.243,0.000,63.700,0.000,0.000,0.051
"13:00",11.776,0.000,63.700,0.000,0.000,0.000
"13:15",11.981,0.000,63.700,0.000,0.000,0.102
"13:30",18.483,0.000,63.800,0.000,0.000,0.000
"13:45",19.456,0.000,63.700,0.000,0.000,0.051
"14:00",27.494,0.000,63.800,0.000,0.000,0.000
"14:15",15.411,0.000,63.700,0.000,0.000,0.102
"14:30",31.437,0.000,63.800,0.000,0.000,0.051
"14:45",34.048,0.000,63.700,0.000,0.000,0.205
"15:00",30.515,0.000,63.700,0.000,0.000,0.000
"15:15",33.587,0.000,63.700,0.000,0.000,0.256
"15:30",23.706,0.000,63.700,0.000,0.000,0.000
"15:45",21.709,0.000,63.700,0.000,0.000,0.102
"16:00",13.414,0.000,63.700,0.000,0.000,0.000
"16:15",8.192,0.000,63.700,0.000,0.000,0.102
"16:30",15.923,0.000,63.700,0.000,0.000,0.000
"16:45",9.677,0.000,63.700,0.000,0.000,0.051
"17:00",43.264,0.000,63.700,0.000,0.000,0.154
"17:15",33.382,0.102,63.700,0.000,0.410,0.410
"17:30",29.133,0.000,63.700,0.000,0.000,0.256
"17:45",22.067,0.000,63.700,0.000,0.000,0.154
"18:00",14.797,0.000,63.700,0.000,0.000,0.102
"18:15",7.936,0.000,63.700,0.051,0.000,0.000
"18:30",1.229,0.870,63.700,1.485,0.000,0.000
"18:45",0.000,4.352,63.700,3.174,0.000,0.000
"19:00",0.000,6.349,63.700,2.816,0.000,0.000
"19:15",0.000,5.683,63.700,3.277,0.000,0.000
"19:30",0.000,6.861,63.700,3.021,0.000,0.000
"19:45",0.000,5.786,63.700,3.686,0.000,0.000
"20:00",0.000,6.656,63.700,3.174,0.000,0.000
"20:15",0.000,6.451,63.700,3.430,0.000,0.000
"20:30",0.000,6.298,63.700,3.738,0.000,0.000
"20:45",0.000,6.707,63.700,3.482,0.000,0.000
"21:00",0.000,6.246,63.600,3.430,0.000,0.000
"21:15",0.000,7.270,63.600,3.021,0.000,0.000
"21:30",0.000,6.195,63.600,3.635,0.000,0.000
"21:45",0.000,7.066,63.600,3.021,0.000,0.000
"22:00",0.000,5.939,63.600,3.891,0.000,0.000
"22:15",0.000,6.554,63.600,3.584,0.000,0.000
"22:30",0.000,5.888,63.600,3.994,0.000,0.000
"22:45",0.000,6.861,63.700,3.584,0.000,0.000
"23:00",0.000,6.093,63.700,4.096,0.000,0.000
"23:15",0.000,6.912,63.700,4.096,0.000,0.000
"23:30",0.000,6.554,63.700,3.994,0.000,0.000
"23:45",0.000,6.707,63.700,3.840,0.000,0.000
" 4/24/26 24:00",0.000,6.093,63.700,3.942,0.000,0.000
