"kwh"
"Time ","DAGSR01P","DAGSR01P","DAGSR01P","DAGSR01P","DAGSR01P","DAGSR01P"
" 7/03/26 00:15",0.000,4.762,63.700,7.526,0.000,0.000
" 7/03/26 00:30",0.000,5.120,63.600,7.526,0.000,0.000
"00:45",0.000,4.608,63.600,8.346,0.000,0.000
"01:00",0.000,4.608,63.700,7.987,0.000,0.000
"01:15",0.000,5.171,63.700,7.424,0.000,0.000
"01:30",0.000,4.608,63.700,7.424,0.000,0.000
"01:45",0.000,4.813,63.700,7.526,0.000,0.000
"02:00",0.000,4.403,63.700,7.885,0.000,0.000
"02:15",0.000,4.096,63.600,8.192,0.000,0.000
"02:30",0.000,3.994,63.700,8.653,0.000,0.000
"02:45",0.000,4.557,63.700,7.987,0.000,0.000
"03:00",0.000,4.557,63.700,7.526,0.000,0.000
"03:15",0.000,4.147,63.700,7.475,0.000,0.000
"03:30",0.000,4.147,63.700,7.526,0.000,0.000
"03:45",0.000,4.147,63.700,7.680,0.000,0.000
"04:00",0.000,4.301,63.600,7.885,0.000,0.000
"04:15",0.000,4.096,63.700,7.987,0.000,0.000
"04:30",0.000,4.557,63.700,7.936,0.000,0.000
"04:45",0.000,3.942,63.700,7.834,0.000,0.000
"05:00",0.000,3.686,63.700,8.038,0.000,0.000
"05:15",0.000,3.738,63.700,7.936,0.000,0.000
"05:30",0.000,3.891,63.700,7.526,0.000,0.000
"05:45",0.000,3.994,63.700,7.834,0.000,0.000
"06:00",0.000,3.891,63.700,8.141,0.000,0.000
"06:15",0.000,3.942,63.700,7.834,0.000,0.000
"06:30",0.000,4.147,63.700,7.885,0.000,0.000
"06:45",0.000,5.069,63.700,7.526,0.000,0.000
"07:00",0.000,4.557,63.600,7.987,0.000,0.000
"07:15",0.000,4.710,63.600,7.475,0.000,0.000
"07:30",0.000,4.710,63.700,7.219,0.000,0.000
"07:45",0.000,4.454,63.700,7.424,0.000,0.000
"08:00",0.000,5.274,63.700,7.578,0.000,0.000
"08:15",0.000,5.530,63.700,7.373,0.000,0.000
"08:30",0.000,5.171,63.700,7.475,0.000,0.000
"08:45",0.000,4.813,63.700,7.424,0.000,0.000
"09:00",0.000,4.813,63.700,7.322,0.000,0.000
"09:15",0.000,5.069,63.700,7.117,0.000,0.000
"09:30",0.000,5.171,63.700,6.861,0.000,0.000
"09:45",0.000,5.120,63.700,7.014,0.000,0.000
"10:00",0.000,21.197,63.700,3.123,6.246,0.000
"10:15",0.000,4.864,63.700,5.888,0.000,0.000
"10:30",0.461,2.048,63.600,4.250,0.000,0.000
"10:45",0.461,1.690,63.600,4.198,0.000,0.000
"11:00",0.512,1.690,63.700,3.942,0.000,0.000
"11:15",0.461,1.843,63.700,3.789,0.000,0.000
"11:30",0.819,1.178,63.700,3.277,0.000,0.000
"11:45",1.280,0.768,63.700,2.714,0.000,0.000
"12:00",3.174,0.256,63.700,1.331,0.000,0.000
"12:15",7.322,0.000,63.700,0.000,0.000,0.000
"12:30",8.346,0.000,63.700,0.000,0.000,0.051
"12:45",10.701,0.000,63.700,0.000,0.000,0.000
"13:00",9.165,0.000,63.700,0.000,0.000,0.000
"13:15",8.243,0.000,63.600,0.000,0.000,0.000
"13:30",8.448,0.000,63.600,0.000,0.000,0.000
"13:45",8.192,0.000,63.600,0.000,0.000,0.000
"14:00",7.424,0.000,63.600,0.000,0.000,0.000
"14:15",7.526,0.000,63.600,0.000,0.000,0.000
"14:30",7.834,0.000,63.600,0.000,0.000,0.000
"14:45",9.165,0.000,63.600,0.000,0.000,0.000
"15:00",9.626,0.000,63.700,0.000,0.000,0.000
"15:15",8.038,0.000,63.700,0.000,0.000,0.000
"15:30",7.782,0.000,63.700,0.000,0.000,0.000
"15:45",9.421,0.000,63.700,0.000,0.000,0.000
"16:00",7.731,0.000,63.700,0.000,0.000,0.000
"16:15",5.632,0.000,63.700,0.000,0.000,0.000
"16:30",5.069,0.000,63.700,0.000,0.000,0.000
"16:45",2.509,0.256,63.700,1.331,0.000,0.000
"17:00",1.280,0.614,63.700,2.099,0.000,0.000
"17:15",0.358,1.331,63.700,3.277,0.000,0.000
"17:30",0.000,2.458,63.700,4.966,0.000,0.000
"17:45",0.000,3.635,63.700,5.222,0.000,0.000
"18:00",0.000,4.659,63.700,5.837,0.000,0.000
"18:15",0.000,5.581,63.700,6.246,0.000,0.000
"18:30",0.000,5.478,63.700,5.837,0.000,0.000
"18:45",0.000,4.966,63.700,6.042,0.000,0.000
"19:00",0.000,5.581,63.700,6.093,0.000,0.000
"19:15",0.000,5.222,63.700,6.758,0.000,0.000
"19:30",0.000,5.171,63.700,7.066,0.000,0.000
"19:45",0.000,5.325,63.600,7.014,0.000,0.000
"20:00",0.000,4.864,63.600,7.578,0.000,0.000
"20:15",0.000,5.069,63.600,7.168,0.000,0.000
"20:30",0.000,5.222,63.600,7.680,0.000,0.000
"20:45",0.000,5.018,63.700,6.861,0.000,0.000
"21:00",0.000,5.530,63.700,6.195,0.000,0.000
"21:15",0.000,5.274,63.600,6.758,0.000,0.000
"21:30",0.000,5.069,63.700,7.373,0.000,0.000
"21:45",0.000,5.171,63.600,6.861,0.000,0.000
"22:00",0.000,4.915,63.600,7.014,0.000,0.000
"22:15",0.000,5.734,63.600,6.093,0.000,0.000
"22:30",0.000,6.093,63.600,6.093,0.000,0.000
"22:45",0.000,6.400,63.600,6.042,0.051,0.000
"23:00",0.000,5.990,63.500,5.990,0.000,0.000
"23:15",0.000,5.274,63.500,5.990,0.000,0.000
"23:30",0.000,5.478,63.600,6.042,0.000,0.000
"23:45",0.000,6.042,63.600,5.990,0.000,0.000
" 7/03/26 24:00",0.000,5.325,63.600,6.400,0.000,0.000
