"kwh"
"Time ","DAGSR01P","DAGSR01P","DAGSR01P","DAGSR01P","DAGSR01P","DAGSR01P"
"10/06/26 00:15",0.000,173.312,63.600,0.000,91.904,0.000
"10/06/26 00:30",0.000,173.312,63.600,0.000,91.904,0.000
"00:45",0.000,173.414,63.600,0.000,92.058,0.000
"01:00",0.000,173.568,63.600,0.000,92.109,0.000
"01:15",0.000,173.312,63.600,0.000,91.904,0.000
"01:30",0.000,173.312,63.600,0.000,91.955,0.000
"01:45",0.000,173.466,63.600,0.000,91.955,0.000
"02:00",0.000,173.414,63.600,0.000,91.904,0.000
"02:15",0.000,173.363,63.600,0.000,91.904,0.000
"02:30",0.000,173.261,63.600,0.000,91.802,0.000
"02:45",0.000,173.363,63.600,0.000,91.853,0.000
"03:00",0.000,173.824,63.600,0.000,91.904,0.000
"03:15",0.000,173.568,63.600,0.000,91.955,0.000
"03:30",0.000,173.312,63.600,0.000,91.904,0.000
"03:45",0.000,173.466,63.600,0.000,92.006,0.000
"04:00",0.000,174.131,63.600,0.000,92.416,0.000
"04:15",0.000,174.234,63.600,0.000,92.518,0.000
"04:30",0.000,173.722,63.600,0.000,92.006,0.000
"04:45",0.000,173.363,63.600,0.000,91.853,0.000
"05:00",0.000,173.363,63.700,0.000,91.955,0.000
"05:15",0.000,173.363,63.700,0.000,91.802,0.000
"05:30",0.000,173.875,63.700,0.000,91.750,0.000
"05:45",0.000,173.312,63.700,0.000,91.750,0.000
"06:00",0.000,173.312,63.700,0.000,91.802,0.000
"06:15",0.000,173.568,63.700,0.000,91.699,0.000
"06:30",0.000,174.950,63.700,0.000,91.034,0.000
"06:45",0.000,174.950,63.700,0.000,91.290,0.000
"07:00",0.000,171.981,63.700,0.000,89.702,0.000
"07:15",0.000,139.827,63.700,0.000,72.243,0.000
"07:30",0.000,138.342,63.700,0.000,72.346,0.000
"07:45",0.000,133.939,63.700,0.000,72.192,0.000
"08:00",0.000,128.563,63.700,0.000,71.578,0.000
"08:15",0.000,129.024,63.700,0.000,71.680,0.000
"08:30",0.000,128.922,63.700,0.000,71.987,0.000
"08:45",0.000,105.933,63.700,0.000,68.096,0.000
"09:00",0.000,58.522,63.600,0.000,48.896,0.000
"09:15",0.000,59.494,63.700,0.000,49.050,0.000
"09:30",0.000,48.384,63.700,0.000,48.998,0.000
"09:45",0.000,42.752,63.600,0.000,49.152,0.000
"10:00",0.000,27.341,63.600,0.000,49.459,0.000
"10:15",0.000,34.509,63.700,0.000,49.357,0.000
"10:30",0.000,32.973,63.700,0.000,48.128,0.410
"10:45",0.154,15.309,63.700,0.000,46.643,2.099
"11:00",0.870,18.534,63.600,0.000,41.216,9.370
"11:15",7.219,2.406,63.600,0.000,8.653,41.062
"11:30",0.205,43.981,63.700,0.000,46.387,2.355
"11:45",0.307,47.565,63.700,0.000,46.080,2.099
"12:00",0.000,66.150,63.700,0.000,48.179,0.000
"12:15",0.000,74.086,63.600,0.000,47.974,0.000
"12:30",0.000,56.166,63.600,0.000,48.742,0.000
"12:45",0.666,24.934,63.600,0.000,42.342,5.427
"13:00",0.410,22.630,63.600,0.000,35.635,1.382
"13:15",9.421,15.872,63.700,0.000,22.682,15.770
"13:30",8.653,14.643,63.700,0.000,24.064,14.592
"13:45",15.002,12.493,63.700,0.000,16.896,22.374
"14:00",26.778,2.406,63.700,0.000,7.424,32.358
"14:15",22.426,5.939,63.700,0.000,11.827,26.470
"14:30",25.088,4.301,63.700,0.000,6.144,32.205
"14:45",24.371,8.141,63.700,0.000,11.008,27.187
"15:00",36.198,1.485,63.700,0.000,2.458,36.762
"15:15",17.715,12.390,63.700,0.000,15.923,21.965
"15:30",3.226,32.870,63.600,0.000,36.096,17.562
"15:45",0.973,7.014,63.700,0.000,40.294,19.814
"16:00",0.102,20.890,63.600,0.000,62.822,4.659
"16:15",0.000,71.424,63.600,0.000,78.899,0.000
"16:30",0.000,97.792,63.600,0.000,76.237,0.000
"16:45",0.000,95.130,63.600,0.000,76.800,0.000
"17:00",0.000,80.384,63.600,0.000,77.107,0.000
"17:15",0.000,58.317,63.700,0.000,62.157,0.000
"17:30",0.000,77.722,63.600,0.000,53.862,0.000
"17:45",0.000,66.406,63.700,0.000,54.170,0.000
"18:00",0.000,82.432,63.700,0.000,54.477,0.000
"18:15",0.000,77.414,63.700,0.000,45.414,0.000
"18:30",0.000,58.624,63.700,0.000,35.942,0.000
"18:45",0.000,59.341,63.700,0.000,36.198,0.000
"19:00",0.000,63.539,63.700,0.000,36.301,0.000
"19:15",0.000,66.714,63.700,0.000,35.891,0.000
"19:30",0.000,68.966,63.700,0.000,35.686,0.000
"19:45",0.000,69.171,63.700,0.000,35.482,0.000
"20:00",0.000,69.632,63.700,0.000,35.686,0.000
"20:15",0.000,69.530,63.700,0.000,35.328,0.000
"20:30",0.000,69.581,63.700,0.000,35.482,0.000
"20:45",0.000,69.427,63.700,0.000,35.482,0.000
"21:00",0.000,70.963,63.700,0.000,36.198,0.000
"21:15",0.000,72.499,63.700,0.000,37.018,0.000
"21:30",0.000,72.704,63.700,0.000,37.171,0.000
"21:45",0.000,72.397,63.700,0.000,36.966,0.000
"22:00",0.000,71.885,63.700,0.000,37.018,0.000
"22:15",0.000,71.987,63.700,0.000,36.762,0.000
"22:30",0.000,72.192,63.700,0.000,36.813,0.000
"22:45",0.000,72.038,63.700,0.000,36.915,0.000
"23:00",0.000,71.936,63.700,0.000,36.915,0.000
"23:15",0.000,71.936,63.700,0.000,37.222,0.000
"23:30",0.000,72.602,63.700,0.000,37.478,0.000
"23:45",0.000,72.909,63.700,0.000,37.888,0.000
"10/06/26 24:00",0.000,73.421,63.700,0.000,37.939,0.000
