"kwh"
"Time ","DAGSR01P","DAGSR01P","DAGSR01P","DAGSR01P","DAGSR01P","DAGSR01P"
" 4/22/26 00:15",0.000,71.168,63.600,0.000,28.928,0.000
" 4/22/26 00:30",0.000,72.141,63.600,0.000,29.133,0.000
"00:45",0.000,71.578,63.600,0.000,28.621,0.000
"01:00",0.000,71.629,63.600,0.000,29.030,0.000
"01:15",0.000,71.373,63.600,0.000,28.518,0.000
"01:30",0.000,70.707,63.700,0.000,28.365,0.000
"01:45",0.000,71.526,63.700,0.000,28.621,0.000
"02:00",0.000,70.963,63.700,0.000,28.467,0.000
"02:15",0.000,71.014,63.700,0.000,28.416,0.000
"02:30",0.000,71.066,63.600,0.000,28.928,0.000
"02:45",0.000,70.707,63.600,0.000,28.826,0.000
"03:00",0.000,71.526,63.600,0.000,29.286,0.000
"03:15",0.000,70.912,63.600,0.000,28.570,0.000
"03:30",0.000,70.963,63.600,0.000,28.621,0.000
"03:45",0.000,71.629,63.600,0.000,29.030,0.000
"04:00",0.000,70.656,63.600,0.000,28.570,0.000
"04:15",0.000,71.578,63.600,0.000,28.979,0.000
"04:30",0.000,70.810,63.700,0.000,28.314,0.000
"04:45",0.000,70.963,63.600,0.000,28.416,0.000
"05:00",0.000,71.424,63.700,0.000,28.774,0.000
"05:15",0.000,70.656,63.700,0.000,28.774,0.000
"05:30",0.000,70.861,63.700,0.000,28.570,0.000
"05:45",0.000,69.632,63.700,0.000,27.648,0.000
"06:00",0.000,69.683,63.700,0.000,27.648,0.000
"06:15",0.000,70.707,63.700,0.000,28.314,0.000
"06:30",0.000,70.195,63.600,0.000,27.648,0.000
"06:45",0.000,70.861,63.600,0.000,27.597,0.000
"07:00",0.000,71.066,63.600,0.000,27.494,0.000
"07:15",0.000,69.939,63.600,0.000,27.802,0.000
"07:30",0.000,71.014,63.600,0.000,28.416,0.000
"07:45",0.000,70.298,63.600,0.000,27.597,0.000
"08:00",0.000,70.810,63.600,0.000,27.597,0.000
"08:15",0.000,70.451,63.600,0.000,28.262,0.000
"08:30",0.000,69.274,63.600,0.000,28.160,0.000
"08:45",0.000,69.530,63.600,0.000,28.877,0.000
"09:00",0.000,68.250,63.600,0.000,28.518,0.000
"09:15",0.000,66.662,63.600,0.000,28.826,0.000
"09:30",0.000,65.382,63.700,0.000,28.723,0.000
"09:45",0.000,63.642,63.700,0.000,28.160,0.000
"10:00",0.000,60.058,63.700,0.000,28.774,0.000
"10:15",0.000,49.459,63.700,0.000,28.262,0.000
"10:30",0.000,57.754,63.700,0.000,28.672,0.000
"10:45",0.000,58.829,63.700,0.000,29.082,0.000
"11:00",0.000,57.805,63.700,0.000,28.928,0.000
"11:15",0.000,56.422,63.700,0.000,29.440,0.000
"11:30",0.000,53.914,63.700,0.000,28.877,0.000
"11:45",0.000,52.582,63.700,0.000,28.979,0.000
"12:00",0.000,50.790,63.700,0.000,28.518,0.000
"12:15",0.000,47.155,63.700,0.000,28.262,0.000
"12:30",0.000,42.138,63.700,0.000,28.774,0.000
"12:45",0.000,38.400,63.700,0.000,28.058,0.000
"13:00",0.000,35.738,63.700,0.000,28.570,0.000
"13:15",0.000,32.051,63.700,0.000,28.621,0.000
"13:30",0.000,33.075,63.700,0.000,28.058,0.000
"13:45",0.000,30.720,63.700,0.000,28.826,0.000
"14:00",0.000,27.494,63.700,0.000,28.314,0.000
"14:15",0.000,28.416,63.700,0.000,28.570,0.000
"14:30",0.000,27.443,63.700,0.000,28.467,0.000
"14:45",0.358,17.613,63.700,0.000,27.034,1.690
"15:00",1.638,13.466,63.700,0.000,25.088,4.301
"15:15",0.051,16.230,63.700,0.000,27.955,0.870
"15:30",7.424,9.728,63.700,0.000,17.306,12.544
"15:45",2.918,18.074,63.700,0.000,21.504,7.014
"16:00",2.918,17.152,63.700,0.000,21.709,7.014
"16:15",2.202,17.050,63.700,0.000,23.450,5.939
"16:30",8.602,10.240,63.700,0.000,12.902,10.394
"16:45",17.664,0.000,63.700,0.000,0.000,15.565
"17:00",12.544,0.000,63.700,0.000,0.000,14.797
"17:15",0.973,12.544,63.700,0.000,11.930,2.611
"17:30",0.358,7.066,63.700,0.000,12.186,2.458
"17:45",0.000,8.192,63.700,0.000,14.387,0.102
"18:00",0.000,17.306,63.700,0.000,14.848,0.000
"18:15",0.000,21.146,63.700,0.000,14.797,0.000
"18:30",0.000,32.307,63.600,0.000,15.360,0.000
"18:45",0.000,37.581,63.600,0.000,15.053,0.000
"19:00",0.000,38.605,63.600,0.000,14.899,0.000
"19:15",0.000,39.987,63.600,0.000,15.155,0.000
"19:30",0.000,38.451,63.600,0.000,14.694,0.000
"19:45",0.000,38.963,63.600,0.000,15.053,0.000
"20:00",0.000,38.246,63.600,0.000,14.848,0.000
"20:15",0.000,38.195,63.600,0.000,14.592,0.000
"20:30",0.000,38.707,63.600,0.000,15.053,0.000
"20:45",0.000,37.376,63.600,0.000,14.438,0.000
"21:00",0.000,38.349,63.600,0.000,15.002,0.000
"21:15",0.000,37.325,63.600,0.000,14.336,0.000
"21:30",0.000,37.683,63.600,0.000,14.336,0.000
"21:45",0.000,38.707,63.600,0.000,14.797,0.000
"22:00",0.000,37.939,63.600,0.000,14.131,0.000
"22:15",0.000,39.014,63.600,0.000,14.438,0.000
"22:30",0.000,37.274,63.600,0.000,14.080,0.000
"22:45",0.000,38.605,63.600,0.000,14.285,0.000
"23:00",0.000,37.939,63.600,0.000,14.029,0.000
"23:15",0.000,37.222,63.600,0.000,13.670,0.000
"23:30",0.000,38.093,63.600,0.000,14.336,0.000
"23:45",0.000,38.144,63.700,0.000,13.773,0.000
" 4/22/26 24:00",0.000,38.400,63.700,0.000,13.824,0.000
