"kwh"
"Time ","DAGSR01P","DAGSR01P","DAGSR01P","DAGSR01P","DAGSR01P","DAGSR01P"
" 5/30/26 00:15",0.000,4.710,63.700,6.246,0.000,0.000
"00:30",0.000,4.147,63.700,6.605,0.000,0.000
"00:45",0.000,4.352,63.700,6.963,0.000,0.000
"01:00",0.000,5.171,63.700,6.093,0.000,0.000
"01:15",0.000,4.403,63.700,6.861,0.000,0.000
"01:30",0.000,4.045,63.700,6.758,0.000,0.000
"01:45",0.000,4.864,63.700,6.451,0.000,0.000
"02:00",0.000,3.942,63.700,7.014,0.000,0.000
"02:15",0.000,5.069,63.700,6.912,0.000,0.000
"02:30",0.000,5.171,63.700,6.298,0.000,0.000
"02:45",0.000,4.045,63.700,6.810,0.000,0.000
"03:00",0.000,4.198,63.700,6.912,0.000,0.000
"03:15",0.000,5.069,63.700,6.605,0.000,0.000
"03:30",0.000,4.557,63.700,7.168,0.000,0.000
"03:45",0.000,4.762,63.700,7.117,0.000,0.000
"04:00",0.000,5.018,63.700,6.810,0.000,0.000
"04:15",0.000,4.710,63.700,6.912,0.000,0.000
"04:30",0.000,4.096,63.700,7.117,0.000,0.000
"04:45",0.000,4.454,63.700,7.014,0.000,0.000
"05:00",0.000,5.120,63.700,6.605,0.000,0.000
"05:15",0.000,4.608,63.700,7.117,0.000,0.000
"05:30",0.000,4.915,63.700,7.066,0.000,0.000
"05:45",0.000,5.376,63.700,6.861,0.000,0.000
"06:00",0.000,4.813,63.700,7.373,0.000,0.000
"06:15",0.000,4.352,63.700,7.475,0.000,0.000
"06:30",0.000,4.915,63.700,7.066,0.000,0.000
"06:45",0.000,4.710,63.700,7.117,0.000,0.000
"07:00",0.000,4.557,63.700,7.373,0.000,0.000
"07:15",0.000,4.506,63.700,7.270,0.000,0.000
"07:30",0.000,5.222,63.700,6.605,0.000,0.000
"07:45",0.000,4.250,63.700,7.219,0.000,0.000
"08:00",0.000,4.403,63.700,7.373,0.000,0.000
"08:15",0.000,6.246,63.700,6.502,0.000,0.000
"08:30",0.000,5.222,63.700,6.912,0.000,0.000
"08:45",0.000,4.813,63.700,6.810,0.000,0.000
"09:00",0.205,3.277,63.700,5.376,0.000,0.000
"09:15",6.554,0.051,63.700,0.666,0.000,0.000
"09:30",8.550,0.000,63.700,0.000,0.000,0.051
"09:45",6.400,0.000,63.700,0.000,0.000,0.000
"10:00",9.114,0.000,63.700,0.000,0.000,0.000
"10:15",24.832,0.000,63.700,0.000,0.000,0.000
"10:30",43.315,0.000,63.700,0.000,0.000,0.000
"10:45",51.558,0.000,63.700,0.000,0.000,0.000
"11:00",48.077,0.000,63.700,0.000,0.000,0.051
"11:15",79.206,0.000,63.700,0.000,0.000,0.000
"11:30",49.562,0.000,63.800,0.000,0.000,0.000
"11:45",39.066,0.000,63.800,0.000,0.000,0.000
"12:00",76.902,0.000,63.800,0.000,0.000,0.205
"12:15",91.085,0.000,63.700,0.000,0.000,0.563
"12:30",63.795,0.000,63.700,0.000,0.000,0.102
"12:45",24.986,0.000,63.700,0.000,0.000,0.000
"13:00",49.818,0.000,63.700,0.000,0.000,0.051
"13:15",98.355,0.000,63.800,0.000,0.000,0.358
"13:30",76.698,0.000,63.800,0.000,0.000,0.410
"13:45",97.536,0.000,63.700,0.000,0.000,0.358
"14:00",92.979,0.000,63.800,0.000,0.000,0.563
"14:15",85.658,0.000,63.700,0.000,0.000,0.256
"14:30",33.229,0.000,63.700,0.000,0.000,0.000
"14:45",39.014,0.000,63.700,0.000,0.000,0.051
"15:00",80.435,0.000,63.700,0.000,0.000,0.205
"15:15",70.912,0.000,63.700,0.000,0.000,0.154
"15:30",68.403,0.000,63.700,0.000,0.000,0.410
"15:45",57.293,0.000,63.700,0.000,0.000,0.102
"16:00",56.269,0.000,63.700,0.000,0.000,0.000
"16:15",58.214,0.000,63.700,0.000,0.000,0.154
"16:30",26.368,0.000,63.700,0.000,0.000,0.000
"16:45",54.938,0.000,63.700,0.000,0.000,0.000
"17:00",47.360,0.000,63.700,0.000,0.000,0.102
"17:15",45.107,0.000,63.700,0.000,0.000,0.000
"17:30",30.054,0.000,63.700,0.000,0.000,0.000
"17:45",19.405,0.000,63.700,0.000,0.000,0.000
"18:00",2.611,0.154,63.700,1.434,0.000,0.000
"18:15",0.768,1.946,63.700,2.765,0.000,0.000
"18:30",0.000,3.840,63.700,3.635,0.000,0.000
"18:45",0.000,3.994,63.700,4.250,0.000,0.000
"19:00",0.000,4.301,63.700,4.301,0.000,0.000
"19:15",0.000,5.478,63.700,3.840,0.000,0.000
"19:30",0.000,4.045,63.700,4.454,0.000,0.000
"19:45",0.000,4.250,63.700,4.659,0.000,0.000
"20:00",0.000,4.864,63.700,4.352,0.000,0.000
"20:15",0.000,4.352,63.700,4.864,0.000,0.000
"20:30",0.000,4.096,63.700,4.557,0.000,0.000
"20:45",0.000,5.018,63.700,4.352,0.000,0.000
"21:00",0.000,4.608,63.700,4.454,0.000,0.000
"21:15",0.000,3.942,63.700,4.762,0.000,0.000
"21:30",0.000,4.608,63.700,4.659,0.000,0.000
"21:45",0.000,4.966,63.700,4.301,0.000,0.000
"22:00",0.000,4.045,63.700,5.120,0.000,0.000
"22:15",0.000,4.147,63.700,5.069,0.000,0.000
"22:30",0.000,5.837,63.700,4.096,0.000,0.000
"22:45",0.000,4.301,63.700,4.966,0.000,0.000
"23:00",0.000,4.045,63.700,5.171,0.000,0.000
"23:15",0.000,5.427,63.700,4.403,0.000,0.000
"23:30",0.000,4.659,63.700,5.222,0.000,0.000
"23:45",0.000,4.557,63.700,5.427,0.000,0.000
" 5/30/26 24:00",0.000,4.966,63.700,5.274,0.000,0.000
