"kwh"
"Time ","DAGSR01P","DAGSR01P","DAGSR01P","DAGSR01P","DAGSR01P","DAGSR01P"
" 8/29/26 00:15",0.000,3.994,63.700,7.270,0.000,0.000
" 8/29/26 00:30",0.000,3.635,63.700,7.782,0.000,0.000
"00:45",0.000,3.738,63.700,8.090,0.000,0.000
"01:00",0.000,4.352,63.800,7.475,0.000,0.000
"01:15",0.000,3.635,63.800,8.192,0.000,0.000
"01:30",0.000,4.096,63.800,7.936,0.000,0.000
"01:45",0.000,4.352,63.700,7.885,0.000,0.000
"02:00",0.000,4.096,63.700,8.090,0.000,0.000
"02:15",0.000,4.301,63.700,7.629,0.000,0.000
"02:30",0.000,3.174,63.700,7.885,0.000,0.000
"02:45",0.000,3.891,63.700,7.834,0.000,0.000
"03:00",0.000,3.226,63.700,8.550,0.000,0.000
"03:15",0.000,3.072,63.700,8.550,0.000,0.000
"03:30",0.000,4.198,63.700,8.346,0.000,0.000
"03:45",0.000,3.123,63.700,8.550,0.000,0.000
"04:00",0.000,3.533,63.700,8.192,0.000,0.000
"04:15",0.000,3.379,63.700,8.141,0.000,0.000
"04:30",0.000,3.277,63.700,8.192,0.000,0.000
"04:45",0.000,4.147,63.700,7.782,0.000,0.000
"05:00",0.000,3.430,63.700,8.602,0.000,0.000
"05:15",0.000,3.328,63.700,8.499,0.000,0.000
"05:30",0.000,3.942,63.700,8.038,0.000,0.000
"05:45",0.000,3.021,63.700,8.499,0.000,0.000
"06:00",0.000,4.045,63.700,7.885,0.000,0.000
"06:15",0.000,3.328,63.700,8.192,0.000,0.000
"06:30",0.000,3.174,63.700,7.987,0.000,0.000
"06:45",0.000,3.891,63.700,7.680,0.000,0.000
"07:00",0.000,3.430,63.700,8.141,0.000,0.000
"07:15",0.000,3.430,63.700,8.090,0.000,0.000
"07:30",0.000,4.147,63.700,7.834,0.000,0.000
"07:45",0.000,3.686,63.700,8.243,0.000,0.000
"08:00",0.000,3.994,63.700,7.322,0.000,0.000
"08:15",0.358,1.587,63.700,5.222,0.000,0.000
"08:30",3.789,0.461,63.700,1.638,0.000,0.000
"08:45",8.141,0.000,63.700,0.102,0.000,0.000
"09:00",17.562,0.000,63.700,0.000,0.000,0.000
"09:15",29.338,0.000,63.700,0.000,0.000,0.000
"09:30",35.686,0.000,63.700,0.000,0.000,0.000
"09:45",36.045,0.307,63.700,0.000,0.922,3.328
"10:00",52.429,0.000,63.700,0.000,0.000,0.000
"10:15",62.822,0.000,63.700,0.000,0.000,0.000
"10:30",61.338,0.000,63.700,0.000,0.000,3.174
"10:45",71.475,0.000,63.700,0.000,0.000,1.331
"11:00",80.589,0.000,63.700,0.000,0.000,0.000
"11:15",84.173,0.000,63.700,0.000,0.000,0.000
"11:30",86.835,0.000,63.700,0.000,0.000,0.512
"11:45",94.259,0.000,63.700,0.000,0.000,0.000
"12:00",98.765,0.000,63.700,0.000,0.000,0.000
"12:15",100.762,0.000,63.700,0.000,0.000,0.000
"12:30",104.038,0.000,63.700,0.000,0.000,0.000
"12:45",93.030,0.000,63.800,0.000,0.000,6.246
"13:00",103.731,0.000,63.700,0.000,0.000,1.280
"13:15",104.294,0.000,63.700,0.000,0.000,0.000
"13:30",105.114,0.000,63.800,0.000,0.000,0.205
"13:45",105.779,0.000,63.700,0.000,0.000,0.000
"14:00",106.650,0.000,63.700,0.000,0.000,0.000
"14:15",104.448,0.000,63.700,0.000,0.000,0.000
"14:30",104.499,0.000,63.700,0.000,0.000,0.000
"14:45",101.069,0.000,63.700,0.000,0.000,0.000
"15:00",99.430,0.000,63.700,0.000,0.000,0.000
"15:15",95.283,0.000,63.800,0.000,0.000,0.000
"15:30",92.928,0.000,63.800,0.000,0.000,0.000
"15:45",88.422,0.000,63.800,0.000,0.000,0.000
"16:00",83.763,0.000,63.800,0.000,0.000,0.000
"16:15",77.773,0.000,63.800,0.000,0.000,0.000
"16:30",73.062,0.000,63.700,0.000,0.000,0.000
"16:45",65.536,0.000,63.700,0.000,0.000,0.000
"17:00",59.955,0.000,63.800,0.000,0.000,0.000
"17:15",44.800,0.000,63.800,0.000,0.000,0.000
"17:30",44.288,0.000,63.800,0.000,0.000,0.000
"17:45",35.277,0.000,63.800,0.000,0.000,0.000
"18:00",26.931,0.000,63.800,0.000,0.000,0.000
"18:15",19.200,0.000,63.800,0.000,0.000,0.000
"18:30",9.370,0.000,63.800,0.000,0.000,0.000
"18:45",2.714,0.205,63.800,1.792,0.000,0.000
"19:00",0.051,3.840,63.800,6.861,0.000,0.000
"19:15",0.000,3.584,63.800,7.834,0.000,0.000
"19:30",0.000,4.506,63.700,7.629,0.000,0.000
"19:45",0.000,3.482,63.700,7.578,0.000,0.000
"20:00",0.000,4.301,63.700,6.656,0.000,0.000
"20:15",0.000,3.174,63.700,7.270,0.000,0.000
"20:30",0.000,3.738,63.700,7.117,0.000,0.000
"20:45",0.000,3.738,63.700,7.168,0.000,0.000
"21:00",0.000,3.379,63.700,7.526,0.000,0.000
"21:15",0.000,3.994,63.700,7.066,0.000,0.000
"21:30",0.000,3.226,63.700,7.731,0.000,0.000
"21:45",0.000,4.352,63.700,7.270,0.000,0.000
"22:00",0.000,3.635,63.700,7.885,0.000,0.000
"22:15",0.000,3.123,63.800,7.885,0.000,0.000
"22:30",0.000,4.096,63.800,7.270,0.000,0.000
"22:45",0.000,3.072,63.800,7.987,0.000,0.000
"23:00",0.000,4.147,63.800,7.834,0.000,0.000
"23:15",0.000,3.174,63.800,8.038,0.000,0.000
"23:30",0.000,3.328,63.800,8.090,0.000,0.000
"23:45",0.000,4.250,63.800,7.219,0.000,0.000
" 8/29/26 24:00",0.000,4.352,63.800,7.270,0.000,0.000
