"kwh"
"Time ","DAGSR01P","DAGSR01P","DAGSR01P","DAGSR01P","DAGSR01P","DAGSR01P"
" 3/11/26 00:15",0.000,4.506,63.700,7.629,0.000,0.000
" 3/11/26 00:30",0.000,4.762,63.700,7.066,0.000,0.000
"00:45",0.000,4.864,63.700,7.270,0.000,0.000
"01:00",0.000,4.454,63.700,7.475,0.000,0.000
"01:15",0.000,4.096,63.700,7.680,0.000,0.000
"01:30",0.000,3.994,63.700,7.629,0.000,0.000
"01:45",0.000,3.994,63.700,7.373,0.000,0.000
"02:00",0.000,4.096,63.700,7.578,0.000,0.000
"02:15",0.000,4.250,63.700,7.475,0.000,0.000
"02:30",0.000,4.096,63.600,7.731,0.000,0.000
"02:45",0.000,4.045,63.700,8.038,0.000,0.000
"03:00",0.000,4.506,63.600,7.834,0.000,0.000
"03:15",0.000,4.045,63.600,8.038,0.000,0.000
"03:30",0.000,4.045,63.700,8.550,0.000,0.000
"03:45",0.000,4.096,63.700,7.936,0.000,0.000
"04:00",0.000,4.045,63.700,7.885,0.000,0.000
"04:15",0.000,3.994,63.700,7.936,0.000,0.000
"04:30",0.000,4.045,63.700,8.038,0.000,0.000
"04:45",0.000,3.994,63.700,8.090,0.000,0.000
"05:00",0.000,4.250,63.700,8.346,0.000,0.000
"05:15",0.000,4.198,63.700,8.090,0.000,0.000
"05:30",0.000,4.096,63.700,8.090,0.000,0.000
"05:45",0.000,4.352,63.700,8.038,0.000,0.000
"06:00",0.000,4.352,63.700,8.090,0.000,0.000
"06:15",0.000,4.198,63.700,8.294,0.000,0.000
"06:30",0.000,4.608,63.700,7.731,0.000,0.000
"06:45",0.000,4.301,63.600,7.424,0.000,0.000
"07:00",0.000,4.250,63.600,7.270,0.000,0.000
"07:15",0.000,4.250,63.600,7.168,0.000,0.000
"07:30",0.000,4.506,63.600,7.219,0.000,0.000
"07:45",0.000,4.506,63.700,7.117,0.000,0.000
"08:00",0.205,2.458,63.700,4.710,0.000,0.000
"08:15",1.075,1.638,63.700,3.738,0.000,0.000
"08:30",7.117,0.000,63.700,0.000,0.000,0.000
"08:45",8.550,0.000,63.700,0.000,0.000,0.000
"09:00",8.704,0.000,63.700,0.000,0.000,0.000
"09:15",16.998,0.000,63.600,0.000,0.000,0.000
"09:30",20.941,0.000,63.700,0.000,0.000,0.000
"09:45",17.613,0.000,63.700,0.000,0.000,0.000
"10:00",13.978,0.000,63.700,0.000,0.000,0.000
"10:15",11.264,0.000,63.600,0.000,0.000,0.000
"10:30",13.261,0.000,63.600,0.000,0.000,0.000
"10:45",20.224,0.000,63.600,0.000,0.000,0.000
"11:00",23.296,0.000,63.600,0.000,0.000,0.000
"11:15",26.880,0.000,63.700,0.000,0.000,0.000
"11:30",34.253,0.000,63.700,0.000,0.000,0.000
"11:45",31.846,0.000,63.600,0.000,0.000,0.000
"12:00",55.347,0.000,63.700,0.000,0.000,0.307
"12:15",29.542,0.000,63.600,0.000,0.000,0.000
"12:30",69.018,0.000,63.700,0.000,0.000,0.512
"12:45",93.901,0.000,63.700,0.000,0.000,0.870
"13:00",92.262,0.000,63.700,0.000,0.000,0.768
"13:15",75.981,0.000,63.700,0.000,0.000,0.410
"13:30",76.595,0.000,63.700,0.000,0.000,0.461
"13:45",73.062,0.000,63.700,0.000,0.000,0.563
"14:00",75.878,0.000,63.700,0.000,0.000,0.614
"14:15",62.208,0.000,63.700,0.000,0.000,0.358
"14:30",87.296,0.000,63.600,0.000,0.000,0.717
"14:45",70.554,0.000,63.600,0.000,0.000,0.410
"15:00",79.155,0.000,63.700,0.000,0.000,0.768
"15:15",83.712,0.000,63.700,0.000,0.000,0.973
"15:30",63.078,0.000,63.600,0.000,0.000,0.512
"15:45",39.168,0.000,63.600,0.000,0.000,0.154
"16:00",85.043,0.000,63.600,0.000,0.000,0.717
"16:15",79.155,0.000,63.600,0.000,0.000,0.461
"16:30",67.277,0.000,63.600,0.000,0.000,0.410
"16:45",70.707,0.000,63.600,0.000,0.000,0.307
"17:00",66.150,0.000,63.600,0.000,0.000,0.307
"17:15",56.730,0.000,63.600,0.000,0.000,0.307
"17:30",43.008,0.000,63.600,0.000,0.000,0.102
"17:45",39.578,0.000,63.600,0.000,0.000,0.154
"18:00",34.355,0.000,63.600,0.000,0.000,0.000
"18:15",19.712,0.051,63.600,0.358,0.000,0.000
"18:30",14.541,0.154,63.600,0.410,0.000,0.000
"18:45",11.366,0.000,63.600,0.000,0.000,0.000
"19:00",1.024,3.021,63.700,3.328,0.000,0.000
"19:15",0.102,3.635,63.600,3.379,0.000,0.000
"19:30",0.000,6.042,63.600,3.891,0.000,0.000
"19:45",0.000,7.322,63.700,4.250,0.000,0.000
"20:00",0.000,8.038,63.600,3.994,0.000,0.000
"20:15",0.000,7.885,63.600,3.891,0.000,0.000
"20:30",0.000,7.987,63.700,3.891,0.000,0.000
"20:45",0.000,7.936,63.600,4.045,0.000,0.000
"21:00",0.000,7.936,63.600,4.045,0.000,0.000
"21:15",0.000,7.373,63.600,4.096,0.000,0.000
"21:30",0.000,7.475,63.700,4.352,0.000,0.000
"21:45",0.000,7.475,63.700,4.506,0.000,0.000
"22:00",0.000,7.526,63.600,4.352,0.000,0.000
"22:15",0.000,7.782,63.700,4.301,0.000,0.000
"22:30",0.000,7.475,63.700,4.403,0.000,0.000
"22:45",0.000,7.475,63.700,4.659,0.000,0.000
"23:00",0.000,7.526,63.700,4.864,0.000,0.000
"23:15",0.000,7.373,63.700,4.762,0.000,0.000
"23:30",0.000,7.424,63.700,5.069,0.000,0.000
"23:45",0.000,7.168,63.700,4.915,0.000,0.000
" 3/11/26 24:00",0.000,7.578,63.700,4.864,0.000,0.000
