"kwh"
"Time ","DAGSR01P","DAGSR01P","DAGSR01P","DAGSR01P","DAGSR01P","DAGSR01P"
" 6/09/26 00:15",0.000,3.840,63.700,6.400,0.000,0.000
" 6/09/26 00:30",0.000,4.454,63.700,5.990,0.000,0.000
"00:45",0.000,3.482,63.700,6.605,0.000,0.000
"01:00",0.000,3.379,63.700,6.707,0.000,0.000
"01:15",0.000,4.045,63.700,6.656,0.000,0.000
"01:30",0.000,4.352,63.600,6.298,0.000,0.000
"01:45",0.000,3.635,63.600,6.707,0.000,0.000
"02:00",0.000,3.430,63.600,6.963,0.000,0.000
"02:15",0.000,3.430,63.600,7.014,0.000,0.000
"02:30",0.000,4.352,63.600,6.707,0.000,0.000
"02:45",0.000,4.147,63.600,7.014,0.000,0.000
"03:00",0.000,4.147,63.600,7.117,0.000,0.000
"03:15",0.000,3.533,63.600,7.168,0.000,0.000
"03:30",0.000,3.994,63.600,6.810,0.000,0.000
"03:45",0.000,4.198,63.600,6.912,0.000,0.000
"04:00",0.000,4.096,63.700,7.475,0.000,0.000
"04:15",0.000,3.482,63.700,7.475,0.000,0.000
"04:30",0.000,3.840,63.700,7.219,0.000,0.000
"04:45",0.000,4.864,63.700,6.707,0.000,0.000
"05:00",0.000,3.482,63.700,7.322,0.000,0.000
"05:15",0.000,3.686,63.700,6.963,0.000,0.000
"05:30",0.000,3.789,63.700,7.117,0.000,0.000
"05:45",0.000,4.762,63.700,6.656,0.000,0.000
"06:00",0.000,3.840,63.700,7.322,0.000,0.000
"06:15",0.000,3.686,63.700,7.270,0.000,0.000
"06:30",0.000,3.994,63.700,7.373,0.000,0.000
"06:45",0.000,4.659,63.700,6.554,0.000,0.000
"07:00",0.000,4.557,63.600,6.810,0.000,0.000
"07:15",0.000,4.198,63.700,6.707,0.000,0.000
"07:30",0.000,4.403,63.700,6.810,0.000,0.000
"07:45",0.000,5.018,63.700,6.400,0.000,0.000
"08:00",0.000,5.683,63.600,6.502,0.000,0.000
"08:15",0.000,5.069,63.600,6.554,0.000,0.000
"08:30",0.000,4.557,63.600,6.554,0.000,0.000
"08:45",0.051,4.352,63.700,6.093,0.000,0.000
"09:00",0.410,2.867,63.700,4.045,0.000,0.000
"09:15",2.714,0.358,63.600,1.997,0.000,0.000
"09:30",5.837,0.000,63.600,0.000,0.000,0.051
"09:45",6.298,0.000,63.700,0.000,0.000,0.000
"10:00",8.960,0.000,63.700,0.000,0.000,0.000
"10:15",12.442,0.000,63.700,0.000,0.000,0.000
"10:30",17.459,0.000,63.700,0.000,0.000,0.000
"10:45",23.603,0.000,63.700,0.000,0.000,0.000
"11:00",35.482,0.000,63.700,0.000,0.000,0.000
"11:15",55.962,0.000,63.700,0.000,0.000,0.000
"11:30",39.885,0.000,63.700,0.000,0.000,0.000
"11:45",29.133,0.000,63.700,0.000,0.000,0.000
"12:00",30.003,0.000,63.700,0.000,0.000,0.000
"12:15",27.955,0.000,63.700,0.000,0.000,0.000
"12:30",22.477,0.000,63.700,0.000,0.000,0.000
"12:45",24.422,0.000,63.700,0.000,0.000,0.000
"13:00",25.242,0.000,63.700,0.000,0.000,0.000
"13:15",35.123,0.000,63.700,0.000,0.000,0.000
"13:30",31.795,0.000,63.700,0.000,0.000,0.000
"13:45",27.802,0.000,63.700,0.000,0.000,0.000
"14:00",26.163,0.000,63.700,0.000,0.000,0.000
"14:15",29.594,0.000,63.700,0.000,0.000,0.000
"14:30",28.826,0.000,63.700,0.000,0.000,0.000
"14:45",26.368,0.000,63.800,0.000,0.000,0.000
"15:00",33.741,0.000,63.700,0.000,0.000,0.000
"15:15",50.944,0.000,63.700,0.000,0.000,0.000
"15:30",39.782,0.000,63.700,0.000,0.000,0.000
"15:45",30.259,0.000,63.700,0.000,0.000,0.000
"16:00",28.518,0.000,63.800,0.000,0.000,0.000
"16:15",20.122,0.000,63.800,0.000,0.000,0.000
"16:30",13.875,0.000,63.800,0.000,0.000,0.051
"16:45",10.496,0.000,63.800,0.000,0.000,0.000
"17:00",9.882,0.000,63.800,0.000,0.000,0.000
"17:15",6.349,0.000,63.800,0.000,0.000,0.000
"17:30",2.765,0.051,63.800,2.611,0.000,0.000
"17:45",1.843,0.666,63.800,3.123,0.000,0.000
"18:00",0.666,1.843,63.800,3.942,0.000,0.000
"18:15",0.000,4.147,63.800,6.758,0.000,0.000
"18:30",0.000,4.557,63.800,6.912,0.000,0.000
"18:45",0.000,4.352,63.700,7.066,0.000,0.000
"19:00",0.000,4.608,63.700,6.861,0.000,0.000
"19:15",0.000,4.403,63.700,6.861,0.000,0.000
"19:30",0.000,4.557,63.700,6.810,0.000,0.000
"19:45",0.000,4.659,63.700,6.707,0.000,0.000
"20:00",0.000,4.352,63.700,6.758,0.000,0.000
"20:15",0.000,4.403,63.700,6.912,0.000,0.000
"20:30",0.000,4.506,63.700,6.963,0.000,0.000
"20:45",0.000,4.403,63.700,6.963,0.000,0.000
"21:00",0.000,3.994,63.700,6.810,0.000,0.000
"21:15",0.000,4.352,63.700,6.810,0.000,0.000
"21:30",0.000,4.454,63.700,6.810,0.000,0.000
"21:45",0.000,4.710,63.700,6.810,0.000,0.000
"22:00",0.000,5.018,63.700,7.014,0.000,0.000
"22:15",0.000,4.608,63.700,7.014,0.000,0.000
"22:30",0.000,4.710,63.700,7.066,0.000,0.000
"22:45",0.000,4.762,63.700,7.014,0.000,0.000
"23:00",0.000,5.837,63.700,6.912,0.000,0.000
"23:15",0.000,5.325,63.700,6.758,0.000,0.000
"23:30",0.000,5.325,63.700,6.758,0.000,0.000
"23:45",0.000,4.966,63.700,6.810,0.000,0.000
" 6/09/26 24:00",0.000,5.120,63.700,6.963,0.000,0.000
