"kwh"
"Time ","DAGSR01P","DAGSR01P","DAGSR01P","DAGSR01P","DAGSR01P","DAGSR01P"
" 5/04/26 00:15",0.000,5.990,63.700,4.403,0.000,0.000
" 5/04/26 00:30",0.000,4.659,63.700,5.888,0.000,0.000
"00:45",0.000,4.659,63.700,5.632,0.000,0.000
"01:00",0.000,5.120,63.700,5.018,0.000,0.000
"01:15",0.000,5.222,63.600,5.325,0.000,0.000
"01:30",0.000,4.352,63.700,6.144,0.000,0.000
"01:45",0.000,4.608,63.700,5.786,0.000,0.000
"02:00",0.000,5.325,63.600,4.710,0.000,0.000
"02:15",0.000,4.454,63.700,5.325,0.000,0.000
"02:30",0.000,4.198,63.700,5.837,0.000,0.000
"02:45",0.000,4.659,63.700,5.683,0.000,0.000
"03:00",0.000,5.274,63.700,4.659,0.000,0.000
"03:15",0.000,4.403,63.700,6.093,0.000,0.000
"03:30",0.000,4.352,63.700,6.144,0.000,0.000
"03:45",0.000,4.915,63.700,5.427,0.000,0.000
"04:00",0.000,5.171,63.700,5.376,0.000,0.000
"04:15",0.000,4.557,63.700,6.298,0.000,0.000
"04:30",0.000,4.250,63.700,6.298,0.000,0.000
"04:45",0.000,5.581,63.700,5.171,0.000,0.000
"05:00",0.000,4.813,63.700,5.734,0.000,0.000
"05:15",0.000,4.608,63.700,6.093,0.000,0.000
"05:30",0.000,4.608,63.700,5.786,0.000,0.000
"05:45",0.000,5.274,63.700,4.966,0.000,0.000
"06:00",0.000,4.198,63.600,5.939,0.000,0.000
"06:15",0.000,4.250,63.600,5.837,0.000,0.000
"06:30",0.000,5.120,63.600,5.171,0.000,0.000
"06:45",0.000,4.966,63.600,4.762,0.000,0.000
"07:00",0.000,4.557,63.600,5.376,0.000,0.000
"07:15",0.000,4.915,63.600,5.222,0.000,0.000
"07:30",0.000,6.144,63.600,4.403,0.000,0.000
"07:45",0.000,5.120,63.600,5.018,0.000,0.000
"08:00",0.000,4.813,63.600,5.325,0.000,0.000
"08:15",0.000,5.325,63.600,4.506,0.000,0.000
"08:30",0.154,3.123,63.600,3.328,0.000,0.000
"08:45",6.963,0.000,63.600,0.256,0.000,0.000
"09:00",17.050,0.000,63.600,0.000,0.000,0.000
"09:15",24.832,0.000,63.600,0.000,0.000,0.000
"09:30",33.331,0.000,63.600,0.000,0.000,0.000
"09:45",41.267,0.000,63.600,0.000,0.000,0.000
"10:00",48.947,0.000,63.600,0.000,0.000,0.000
"10:15",55.706,0.000,63.600,0.000,0.000,0.000
"10:30",62.720,0.000,63.600,0.000,0.000,0.000
"10:45",67.328,0.000,63.600,0.000,0.000,0.000
"11:00",71.731,0.000,63.600,0.000,0.000,0.154
"11:15",77.722,0.000,63.600,0.000,0.000,0.000
"11:30",82.330,0.000,63.600,0.000,0.000,0.000
"11:45",76.390,0.000,63.600,0.000,0.000,5.120
"12:00",88.371,0.000,63.600,0.000,0.000,0.358
"12:15",92.058,0.000,63.600,0.000,0.000,0.154
"12:30",94.310,0.000,63.600,0.000,0.000,0.358
"12:45",95.232,0.000,63.600,0.000,0.000,0.666
"13:00",97.280,0.000,63.600,0.000,0.000,0.307
"13:15",97.587,0.000,63.600,0.000,0.000,0.307
"13:30",98.662,0.000,63.600,0.000,0.000,0.666
"13:45",98.765,0.000,63.600,0.000,0.000,0.512
"14:00",98.458,0.000,63.600,0.000,0.000,0.410
"14:15",96.307,0.000,63.600,0.000,0.000,0.358
"14:30",93.286,0.000,63.600,0.000,0.000,0.666
"14:45",92.518,0.000,63.600,0.000,0.000,0.307
"15:00",90.010,0.000,63.600,0.000,0.000,0.358
"15:15",72.294,0.000,63.600,0.000,0.000,5.632
"15:30",50.432,0.000,63.600,0.000,0.000,11.264
"15:45",45.158,0.000,63.600,0.000,0.000,10.650
"16:00",41.216,0.000,63.600,0.000,0.000,11.008
"16:15",35.226,0.000,63.600,0.000,0.000,11.418
"16:30",30.208,0.000,63.600,0.000,0.000,10.035
"16:45",2.406,8.602,63.600,0.000,26.778,0.922
"17:00",0.000,17.715,63.600,0.000,29.798,0.000
"17:15",0.000,26.061,63.600,0.000,29.440,0.000
"17:30",0.000,35.533,63.600,0.000,28.928,0.000
"17:45",0.000,35.584,63.600,0.000,29.440,0.000
"18:00",0.000,46.234,63.600,0.000,29.696,0.000
"18:15",0.000,57.242,63.600,0.000,28.774,0.000
"18:30",0.000,67.277,63.600,0.000,28.928,0.000
"18:45",0.000,71.066,63.600,0.000,30.054,0.000
"19:00",0.000,71.014,63.500,0.000,29.798,0.000
"19:15",0.000,70.861,63.600,0.000,29.030,0.000
"19:30",0.000,70.963,63.600,0.000,29.338,0.000
"19:45",0.000,72.499,63.600,0.000,30.054,0.000
"20:00",0.000,70.861,63.600,0.000,29.082,0.000
"20:15",0.000,71.014,63.500,0.000,28.979,0.000
"20:30",0.000,72.192,63.500,0.000,29.696,0.000
"20:45",0.000,72.704,63.500,0.000,29.440,0.000
"21:00",0.000,71.526,63.500,0.000,28.826,0.000
"21:15",0.000,71.885,63.500,0.000,29.235,0.000
"21:30",0.000,72.448,63.500,0.000,29.747,0.000
"21:45",0.000,71.424,63.600,0.000,28.774,0.000
"22:00",0.000,71.373,63.600,0.000,28.774,0.000
"22:15",0.000,72.602,63.600,0.000,29.542,0.000
"22:30",0.000,72.346,63.600,0.000,29.235,0.000
"22:45",0.000,71.782,63.600,0.000,28.672,0.000
"23:00",0.000,72.294,63.600,0.000,28.570,0.000
"23:15",0.000,72.602,63.600,0.000,29.286,0.000
"23:30",0.000,70.707,63.600,0.000,28.211,0.000
"23:45",0.000,70.963,63.600,0.000,28.877,0.000
" 5/04/26 24:00",0.000,72.346,63.600,0.000,29.389,0.000
