"kwh"
"Time ","DAGSR01P","DAGSR01P","DAGSR01P","DAGSR01P","DAGSR01P","DAGSR01P"
" 2/01/26 00:15",0.000,41.011,63.700,0.000,14.182,0.000
" 2/01/26 00:30",0.000,41.165,63.700,0.000,14.234,0.000
"00:45",0.000,38.554,63.700,0.000,12.544,0.000
"01:00",0.000,38.246,63.700,0.000,12.186,0.000
"01:15",0.000,38.349,63.700,0.000,12.134,0.000
"01:30",0.000,38.810,63.700,0.000,12.032,0.000
"01:45",0.000,38.349,63.700,0.000,11.930,0.000
"02:00",0.000,38.810,63.700,0.000,11.674,0.000
"02:15",0.000,38.861,63.700,0.000,11.981,0.000
"02:30",0.000,38.912,63.700,0.000,11.622,0.000
"02:45",0.000,39.066,63.700,0.000,11.520,0.000
"03:00",0.000,38.656,63.700,0.000,11.571,0.000
"03:15",0.000,38.502,63.700,0.000,12.186,0.000
"03:30",0.000,38.605,63.700,0.000,12.083,0.000
"03:45",0.000,38.912,63.700,0.000,12.032,0.000
"04:00",0.000,38.451,63.700,0.000,11.776,0.000
"04:15",0.000,38.451,63.700,0.000,11.981,0.000
"04:30",0.000,38.349,63.700,0.000,12.083,0.000
"04:45",0.000,38.298,63.700,0.000,12.083,0.000
"05:00",0.000,38.195,63.700,0.000,12.186,0.000
"05:15",0.000,38.349,63.700,0.000,11.981,0.000
"05:30",0.000,38.298,63.700,0.000,11.930,0.000
"05:45",0.000,38.656,63.700,0.000,11.981,0.000
"06:00",0.000,38.707,63.700,0.000,11.776,0.000
"06:15",0.000,38.400,63.700,0.000,11.674,0.000
"06:30",0.000,38.349,63.700,0.000,11.827,0.000
"06:45",0.000,38.349,63.600,0.000,11.878,0.000
"07:00",0.000,38.349,63.600,0.000,11.930,0.000
"07:15",0.000,38.246,63.600,0.000,11.674,0.000
"07:30",0.000,38.093,63.600,0.000,11.930,0.000
"07:45",0.000,38.246,63.600,0.000,12.134,0.000
"08:00",0.000,37.837,63.600,0.000,12.186,0.000
"08:15",0.000,36.096,63.600,0.000,12.237,0.000
"08:30",0.000,35.226,63.600,0.000,12.442,0.000
"08:45",0.000,33.997,63.600,0.000,12.339,0.000
"09:00",0.000,32.614,63.600,0.000,12.442,0.000
"09:15",0.000,30.669,63.600,0.000,12.544,0.000
"09:30",0.000,26.368,63.600,0.000,12.595,0.000
"09:45",0.000,21.914,63.700,0.000,12.595,0.000
"10:00",0.000,24.474,63.700,0.000,12.851,0.000
"10:15",0.000,24.115,63.600,0.000,12.851,0.000
"10:30",0.000,22.886,63.700,0.000,13.056,0.000
"10:45",0.000,22.170,63.700,0.000,13.107,0.000
"11:00",0.000,19.046,63.700,0.000,12.851,0.000
"11:15",0.000,16.742,63.700,0.000,12.749,0.000
"11:30",0.000,11.264,63.700,0.000,12.749,0.000
"11:45",0.000,9.011,63.700,0.000,12.698,0.000
"12:00",0.000,7.322,63.700,0.000,14.387,0.000
"12:15",0.000,6.093,63.700,0.000,14.797,0.000
"12:30",0.205,3.686,63.700,0.000,12.032,2.509
"12:45",2.970,0.461,63.700,0.000,3.840,10.957
"13:00",4.096,1.126,63.700,0.000,5.120,9.626
"13:15",0.102,4.301,63.700,0.000,13.414,1.229
"13:30",0.000,4.966,63.700,0.000,14.336,0.307
"13:45",0.051,8.141,63.700,0.000,13.875,0.768
"14:00",0.000,12.698,63.700,0.000,14.490,0.000
"14:15",0.000,18.432,63.700,0.000,14.285,0.000
"14:30",0.000,20.429,63.700,0.000,14.285,0.000
"14:45",0.000,18.893,63.700,0.000,14.387,0.000
"15:00",0.000,18.739,63.700,0.000,14.387,0.000
"15:15",0.000,20.224,63.700,0.000,14.387,0.000
"15:30",0.000,19.405,63.700,0.000,14.336,0.000
"15:45",0.000,12.186,63.700,0.000,12.544,0.000
"16:00",0.000,9.472,63.700,0.000,12.493,0.000
"16:15",0.000,9.421,63.700,0.000,12.339,0.000
"16:30",0.000,9.370,63.700,0.000,12.390,0.000
"16:45",0.000,6.605,63.700,0.000,12.442,0.205
"17:00",0.205,4.250,63.700,0.000,10.854,1.690
"17:15",0.000,7.936,63.700,0.000,12.288,0.000
"17:30",0.000,11.008,63.600,0.000,12.134,0.000
"17:45",0.000,15.565,63.600,0.000,12.339,0.000
"18:00",0.000,16.282,63.600,0.000,12.339,0.000
"18:15",0.000,10.906,63.600,0.000,12.186,0.000
"18:30",0.000,20.019,63.600,0.000,11.930,0.000
"18:45",0.000,20.326,63.600,0.000,11.827,0.000
"19:00",0.000,15.616,63.600,0.000,11.878,0.000
"19:15",0.000,23.757,63.600,0.000,12.442,0.000
"19:30",0.000,30.669,63.600,0.000,12.595,0.000
"19:45",0.000,34.560,63.600,0.000,12.339,0.000
"20:00",0.000,37.274,63.600,0.000,12.902,0.000
"20:15",0.000,37.939,63.600,0.000,12.902,0.000
"20:30",0.000,38.400,63.600,0.000,12.493,0.000
"20:45",0.000,38.605,63.600,0.000,12.390,0.000
"21:00",0.000,38.451,63.600,0.000,12.288,0.000
"21:15",0.000,38.400,63.600,0.000,12.186,0.000
"21:30",0.000,38.758,63.600,0.000,12.237,0.000
"21:45",0.000,38.349,63.600,0.000,12.186,0.000
"22:00",0.000,38.349,63.600,0.000,11.827,0.000
"22:15",0.000,38.451,63.600,0.000,11.776,0.000
"22:30",0.000,38.093,63.600,0.000,11.930,0.000
"22:45",0.000,37.990,63.600,0.000,11.981,0.000
"23:00",0.000,38.246,63.600,0.000,11.622,0.000
"23:15",0.000,38.912,63.600,0.000,11.776,0.000
"23:30",0.000,38.861,63.600,0.000,11.981,0.000
"23:45",0.000,38.963,63.600,0.000,11.878,0.000
" 2/01/26 24:00",0.000,39.424,63.600,0.000,12.851,0.000
