"kwh"
"Time ","DAGSR01P","DAGSR01P","DAGSR01P","DAGSR01P","DAGSR01P","DAGSR01P"
" 2/06/26 00:15",0.000,71.117,63.600,0.000,33.536,0.000
" 2/06/26 00:30",0.000,71.322,63.600,0.000,33.638,0.000
"00:45",0.000,70.963,63.600,0.000,33.638,0.000
"01:00",0.000,70.963,63.600,0.000,33.587,0.000
"01:15",0.000,71.168,63.600,0.000,33.229,0.000
"01:30",0.000,70.912,63.600,0.000,33.382,0.000
"01:45",0.000,71.014,63.600,0.000,33.280,0.000
"02:00",0.000,70.963,63.600,0.000,33.024,0.000
"02:15",0.000,71.117,63.600,0.000,32.922,0.000
"02:30",0.000,71.424,63.600,0.000,33.331,0.000
"02:45",0.000,71.475,63.600,0.000,33.382,0.000
"03:00",0.000,71.066,63.600,0.000,33.331,0.000
"03:15",0.000,71.066,63.600,0.000,33.229,0.000
"03:30",0.000,71.014,63.600,0.000,33.126,0.000
"03:45",0.000,71.168,63.600,0.000,32.973,0.000
"04:00",0.000,70.963,63.600,0.000,33.075,0.000
"04:15",0.000,71.066,63.600,0.000,33.229,0.000
"04:30",0.000,71.475,63.600,0.000,33.126,0.000
"04:45",0.000,71.168,63.600,0.000,32.768,0.000
"05:00",0.000,71.680,63.600,0.000,32.768,0.000
"05:15",0.000,71.014,63.600,0.000,32.819,0.000
"05:30",0.000,70.963,63.600,0.000,33.178,0.000
"05:45",0.000,71.014,63.600,0.000,32.922,0.000
"06:00",0.000,70.861,63.600,0.000,33.126,0.000
"06:15",0.000,70.758,63.600,0.000,33.331,0.000
"06:30",0.000,70.861,63.600,0.000,33.331,0.000
"06:45",0.000,70.912,63.600,0.000,33.178,0.000
"07:00",0.000,71.014,63.600,0.000,33.434,0.000
"07:15",0.000,71.322,63.600,0.000,33.536,0.000
"07:30",0.000,70.912,63.600,0.000,33.126,0.000
"07:45",0.000,71.270,63.600,0.000,33.178,0.000
"08:00",0.000,70.349,63.600,0.000,33.434,0.000
"08:15",0.000,57.600,63.600,0.000,27.238,0.000
"08:30",2.509,2.458,63.600,1.587,0.870,0.000
"08:45",5.427,0.000,63.600,0.000,0.000,0.000
"09:00",15.770,0.000,63.600,0.000,0.000,0.000
"09:15",24.371,0.000,63.600,0.000,0.000,0.000
"09:30",5.683,9.728,63.600,0.000,3.533,0.000
"09:45",0.000,18.432,63.700,0.000,4.813,0.000
"10:00",0.000,25.344,63.700,0.000,4.608,0.000
"10:15",0.000,24.269,63.700,0.000,5.683,0.000
"10:30",0.000,19.456,63.600,0.000,5.171,0.000
"10:45",0.000,22.835,63.600,0.000,4.966,0.000
"11:00",0.000,23.142,63.600,0.000,4.608,0.000
"11:15",0.000,22.221,63.600,0.000,4.915,0.000
"11:30",0.000,18.176,63.600,0.000,5.427,0.000
"11:45",0.000,15.309,63.700,0.000,5.427,0.000
"12:00",0.000,8.960,63.700,0.000,5.171,0.000
"12:15",0.973,3.226,63.700,0.000,3.635,1.843
"12:30",0.000,7.014,63.700,0.000,5.478,0.051
"12:45",2.355,2.202,63.700,0.000,3.174,2.509
"13:00",22.067,0.000,63.700,0.000,0.000,6.349
"13:15",6.810,0.973,63.600,0.000,1.587,4.198
"13:30",0.000,7.987,63.700,0.000,5.325,0.154
"13:45",0.000,11.059,63.700,0.000,5.325,0.000
"14:00",3.738,3.840,63.700,0.000,2.918,2.714
"14:15",17.766,0.000,63.700,0.000,0.000,6.093
"14:30",33.178,0.000,63.700,0.000,0.000,6.656
"14:45",52.634,0.000,63.700,0.000,0.000,7.782
"15:00",56.474,0.000,63.700,0.000,0.000,7.885
"15:15",51.354,0.000,63.700,0.000,0.000,7.629
"15:30",59.955,0.000,63.700,0.000,0.000,8.141
"15:45",54.528,0.000,63.600,0.000,0.000,8.141
"16:00",49.254,0.000,63.600,0.000,0.000,7.578
"16:15",48.845,0.000,63.600,0.000,0.000,7.680
"16:30",43.162,0.102,63.600,0.000,0.154,6.246
"16:45",19.507,7.475,63.600,0.000,2.150,2.867
"17:00",39.219,0.000,63.600,0.000,0.000,5.786
"17:15",30.106,0.000,63.600,0.000,0.000,5.837
"17:30",25.958,0.000,63.600,0.000,0.000,5.325
"17:45",17.510,0.000,63.600,0.000,0.000,4.864
"18:00",12.749,0.870,63.600,0.000,0.256,4.659
"18:15",5.325,9.523,63.700,0.000,2.458,2.253
"18:30",0.461,13.517,63.700,0.000,4.096,0.512
"18:45",0.000,19.968,63.700,0.000,4.557,0.000
"19:00",0.000,17.766,63.700,0.000,4.557,0.000
"19:15",0.000,20.890,63.700,0.000,5.018,0.000
"19:30",0.000,26.778,63.600,0.000,4.915,0.000
"19:45",0.000,32.102,63.600,0.000,4.762,0.000
"20:00",0.000,33.894,63.600,0.000,5.018,0.000
"20:15",0.000,35.533,63.600,0.000,5.274,0.000
"20:30",0.000,36.096,63.600,0.000,4.813,0.000
"20:45",0.000,36.301,63.700,0.000,4.813,0.000
"21:00",0.000,36.915,63.600,0.000,4.403,0.000
"21:15",0.000,37.120,63.600,0.000,4.250,0.000
"21:30",0.000,37.018,63.600,0.000,4.557,0.000
"21:45",0.000,37.478,63.600,0.000,4.608,0.000
"22:00",0.000,36.966,63.700,0.000,4.096,0.000
"22:15",0.000,37.222,63.600,0.000,4.352,0.000
"22:30",0.000,37.222,63.600,0.000,4.864,0.000
"22:45",0.000,36.454,63.600,0.000,4.557,0.000
"23:00",0.000,36.403,63.600,0.000,4.557,0.000
"23:15",0.000,36.198,63.600,0.000,4.352,0.000
"23:30",0.000,37.120,63.600,0.000,4.147,0.000
"23:45",0.000,36.659,63.600,0.000,4.557,0.000
" 2/06/26 24:00",0.000,36.762,63.600,0.000,4.659,0.000
