"kwh"
"Time ","DAGSR01P","DAGSR01P","DAGSR01P","DAGSR01P","DAGSR01P","DAGSR01P"
" 5/01/26 00:15",0.000,37.376,63.600,0.000,9.677,0.000
" 5/01/26 00:30",0.000,36.813,63.600,0.000,8.858,0.000
"00:45",0.000,36.557,63.600,0.000,8.499,0.000
"01:00",0.000,37.734,63.600,0.000,9.370,0.000
"01:15",0.000,36.813,63.600,0.000,8.550,0.000
"01:30",0.000,36.557,63.700,0.000,8.499,0.000
"01:45",0.000,37.427,63.700,0.000,9.216,0.000
"02:00",0.000,36.250,63.700,0.000,8.294,0.000
"02:15",0.000,36.454,63.600,0.000,7.936,0.000
"02:30",0.000,37.325,63.600,0.000,8.704,0.000
"02:45",0.000,36.762,63.600,0.000,8.755,0.000
"03:00",0.000,36.454,63.600,0.000,8.806,0.000
"03:15",0.000,37.376,63.600,0.000,9.370,0.000
"03:30",0.000,36.608,63.600,0.000,8.550,0.000
"03:45",0.000,36.301,63.600,0.000,8.550,0.000
"04:00",0.000,37.325,63.700,0.000,9.011,0.000
"04:15",0.000,36.250,63.600,0.000,8.090,0.000
"04:30",0.000,36.454,63.600,0.000,8.243,0.000
"04:45",0.000,37.325,63.600,0.000,9.062,0.000
"05:00",0.000,37.376,63.600,0.000,9.165,0.000
"05:15",0.000,37.734,63.700,0.000,9.370,0.000
"05:30",0.000,38.144,63.700,0.000,9.728,0.000
"05:45",0.000,37.478,63.700,0.000,8.960,0.000
"06:00",0.000,37.990,63.700,0.000,9.523,0.000
"06:15",0.000,37.837,63.700,0.000,9.677,0.000
"06:30",0.000,37.274,63.600,0.000,9.523,0.000
"06:45",0.000,37.939,63.600,0.000,9.933,0.000
"07:00",0.000,38.246,63.600,0.000,9.779,0.000
"07:15",0.000,37.427,63.700,0.000,9.677,0.000
"07:30",0.000,37.734,63.700,0.000,9.933,0.000
"07:45",0.000,38.093,63.700,0.000,9.523,0.000
"08:00",0.000,37.786,63.700,0.000,8.960,0.000
"08:15",0.000,37.478,63.700,0.000,9.421,0.000
"08:30",0.000,33.741,63.700,0.000,9.728,0.000
"08:45",3.328,18.125,63.700,0.000,6.758,0.000
"09:00",16.333,0.000,63.800,0.000,0.000,0.000
"09:15",24.730,0.000,63.800,0.000,0.000,0.000
"09:30",32.768,0.000,63.800,0.000,0.000,0.154
"09:45",40.448,0.000,63.800,0.000,0.000,0.205
"10:00",48.128,0.000,63.700,0.000,0.000,0.000
"10:15",54.170,0.000,63.700,0.000,0.000,0.307
"10:30",60.774,0.000,63.700,0.000,0.000,0.256
"10:45",66.202,0.000,63.700,0.000,0.000,0.358
"11:00",71.117,0.000,63.700,0.000,0.000,0.563
"11:15",76.032,0.000,63.700,0.000,0.000,0.410
"11:30",79.002,0.000,63.700,0.000,0.000,0.614
"11:45",83.610,0.000,63.700,0.000,0.000,0.614
"12:00",86.733,0.000,63.700,0.000,0.000,0.768
"12:15",89.242,0.000,63.700,0.000,0.000,0.973
"12:30",92.467,0.000,63.700,0.000,0.000,0.717
"12:45",92.774,0.000,63.700,0.000,0.000,0.973
"13:00",94.464,0.000,63.700,0.000,0.000,0.768
"13:15",95.795,0.000,63.700,0.000,0.000,0.922
"13:30",95.283,0.000,63.800,0.000,0.000,1.178
"13:45",95.795,0.000,63.700,0.000,0.000,0.973
"14:00",94.157,0.000,63.700,0.000,0.000,1.126
"14:15",93.389,0.000,63.800,0.000,0.000,1.485
"14:30",92.160,0.000,63.700,0.000,0.000,0.819
"14:45",88.474,0.000,63.700,0.000,0.000,1.075
"15:00",85.914,0.000,63.700,0.000,0.000,0.870
"15:15",83.149,0.000,63.700,0.000,0.000,0.922
"15:30",79.974,0.000,63.600,0.000,0.000,0.870
"15:45",75.469,0.000,63.600,0.000,0.000,0.614
"16:00",69.683,0.000,63.600,0.000,0.000,0.819
"16:15",65.792,0.000,63.600,0.000,0.000,0.307
"16:30",59.494,0.000,63.600,0.000,0.000,0.410
"16:45",53.197,0.000,63.600,0.000,0.000,0.461
"17:00",46.592,0.000,63.600,0.000,0.000,0.205
"17:15",39.168,0.000,63.600,0.000,0.000,0.410
"17:30",32.922,0.000,63.600,0.000,0.000,0.102
"17:45",25.139,0.000,63.700,0.000,0.000,0.051
"18:00",16.589,0.000,63.700,0.000,0.000,0.205
"18:15",8.550,0.000,63.700,0.000,0.000,0.000
"18:30",0.563,2.765,63.700,1.894,0.154,0.000
"18:45",0.000,5.376,63.600,2.867,0.102,0.000
"19:00",0.000,5.018,63.600,3.635,0.000,0.000
"19:15",0.000,5.939,63.600,2.714,0.051,0.000
"19:30",0.000,6.144,63.600,2.867,0.102,0.000
"19:45",0.000,5.683,63.600,2.970,0.000,0.000
"20:00",0.000,6.502,63.700,2.253,0.102,0.000
"20:15",0.000,6.042,63.600,2.714,0.000,0.000
"20:30",0.000,5.786,63.600,3.174,0.000,0.000
"20:45",0.000,6.861,63.600,2.458,0.000,0.000
"21:00",0.000,5.581,63.600,3.584,0.000,0.000
"21:15",0.000,5.786,63.600,3.328,0.000,0.000
"21:30",0.000,6.758,63.600,2.458,0.000,0.000
"21:45",0.000,5.632,63.600,3.379,0.000,0.000
"22:00",0.000,5.939,63.600,2.970,0.051,0.000
"22:15",0.000,5.990,63.600,2.970,0.000,0.000
"22:30",0.000,5.120,63.600,4.096,0.000,0.000
"22:45",0.000,6.246,63.600,3.430,0.000,0.000
"23:00",0.000,6.298,63.600,3.328,0.000,0.000
"23:15",0.000,5.632,63.600,3.994,0.000,0.000
"23:30",0.000,6.502,63.600,3.379,0.000,0.000
"23:45",0.000,6.502,63.600,3.174,0.000,0.000
" 5/01/26 24:00",0.000,6.349,63.700,3.584,0.000,0.000
