"kwh"
"Time ","DAGSR01P","DAGSR01P","DAGSR01P","DAGSR01P","DAGSR01P","DAGSR01P"
" 5/15/26 00:15",0.000,5.427,63.600,5.837,0.000,0.000
" 5/15/26 00:30",0.000,5.683,63.700,5.683,0.000,0.000
"00:45",0.000,5.734,63.700,5.990,0.000,0.000
"01:00",0.000,5.171,63.700,6.400,0.000,0.000
"01:15",0.000,5.325,63.700,6.349,0.000,0.000
"01:30",0.000,5.325,63.600,6.656,0.000,0.000
"01:45",0.000,5.325,63.700,6.400,0.000,0.000
"02:00",0.000,5.478,63.700,6.349,0.000,0.000
"02:15",0.000,5.734,63.700,6.605,0.000,0.000
"02:30",0.000,5.478,63.700,6.912,0.000,0.000
"02:45",0.000,5.069,63.700,6.707,0.000,0.000
"03:00",0.000,4.864,63.700,6.912,0.000,0.000
"03:15",0.000,5.018,63.700,7.219,0.000,0.000
"03:30",0.000,5.171,63.700,7.168,0.000,0.000
"03:45",0.000,5.632,63.700,7.373,0.000,0.000
"04:00",0.000,5.734,63.700,7.117,0.000,0.000
"04:15",0.000,5.990,63.700,7.373,0.000,0.000
"04:30",0.000,5.888,63.700,7.475,0.000,0.000
"04:45",0.000,5.990,63.700,7.526,0.000,0.000
"05:00",0.000,5.990,63.700,7.424,0.000,0.000
"05:15",0.000,6.298,63.700,7.373,0.000,0.000
"05:30",0.000,6.246,63.700,7.219,0.000,0.000
"05:45",0.000,6.246,63.700,7.219,0.000,0.000
"06:00",0.000,6.656,63.700,7.475,0.000,0.000
"06:15",0.000,7.219,63.700,7.322,0.000,0.000
"06:30",0.000,6.656,63.700,7.117,0.000,0.000
"06:45",0.000,7.117,63.700,6.758,0.000,0.000
"07:00",0.000,7.270,63.700,6.605,0.000,0.000
"07:15",0.000,6.758,63.700,6.554,0.000,0.000
"07:30",0.000,6.963,63.700,6.502,0.000,0.000
"07:45",0.000,7.066,63.700,6.554,0.000,0.000
"08:00",0.000,7.168,63.700,6.605,0.000,0.000
"08:15",0.000,6.963,63.600,6.502,0.000,0.000
"08:30",0.102,5.069,63.600,5.786,0.000,0.000
"08:45",0.102,27.392,63.600,0.819,12.339,0.000
"09:00",0.000,26.829,63.700,0.000,17.254,0.000
"09:15",0.000,44.083,63.600,0.000,35.226,0.000
"09:30",0.000,36.659,63.600,0.000,35.584,0.000
"09:45",0.000,25.856,63.700,0.000,35.686,0.000
"10:00",0.000,28.262,63.700,0.000,35.635,0.000
"10:15",0.000,33.638,63.700,0.000,35.738,0.000
"10:30",0.000,35.584,63.700,0.000,35.840,0.000
"10:45",0.000,38.554,63.700,0.000,35.686,0.000
"11:00",0.051,37.274,63.700,0.000,35.072,0.614
"11:15",0.000,30.669,63.700,0.000,35.891,0.000
"11:30",0.000,33.126,63.700,0.000,36.147,0.000
"11:45",0.000,34.253,63.700,0.000,35.994,0.000
"12:00",0.000,37.171,63.700,0.000,41.574,0.000
"12:15",0.000,43.008,63.700,0.000,41.267,0.000
"12:30",0.000,31.539,63.700,0.000,36.045,0.000
"12:45",9.421,6.349,63.700,0.000,17.766,19.251
"13:00",24.525,0.051,63.700,0.000,0.154,38.144
"13:15",0.614,11.827,63.700,0.000,31.334,5.018
"13:30",14.541,3.686,63.700,0.000,13.517,24.166
"13:45",6.707,6.554,63.700,0.000,23.859,13.107
"14:00",0.307,14.029,63.700,0.000,33.792,2.714
"14:15",0.154,13.824,63.800,0.000,35.072,1.485
"14:30",2.662,10.906,63.700,0.000,29.030,7.885
"14:45",1.382,7.834,63.700,0.000,27.443,9.574
"15:00",1.434,9.421,63.700,0.000,29.542,7.578
"15:15",0.410,23.347,63.700,0.000,34.611,1.587
"15:30",10.650,13.670,63.700,0.000,19.558,17.613
"15:45",7.424,4.608,63.700,0.000,9.523,27.392
"16:00",3.482,1.946,63.700,0.000,12.646,23.910
"16:15",0.358,6.554,63.700,0.000,30.720,5.786
"16:30",0.358,15.718,63.700,0.000,32.563,3.686
"16:45",0.000,18.022,63.800,0.000,34.099,1.741
"17:00",0.000,33.382,63.700,0.000,35.686,0.000
"17:15",0.000,39.629,63.700,0.000,35.789,0.000
"17:30",0.000,45.261,63.700,0.000,35.942,0.000
"17:45",0.000,29.133,63.700,0.000,27.546,0.000
"18:00",0.000,20.122,63.700,0.000,14.694,0.000
"18:15",1.178,3.686,63.700,3.072,1.126,0.000
"18:30",0.358,3.226,63.700,4.045,0.000,0.000
"18:45",0.000,4.915,63.700,4.915,0.000,0.000
"19:00",0.000,5.478,63.700,4.762,0.000,0.000
"19:15",0.000,5.325,63.700,4.915,0.000,0.000
"19:30",0.000,5.786,63.700,5.120,0.000,0.000
"19:45",0.000,5.222,63.700,5.120,0.000,0.000
"20:00",0.000,5.222,63.700,5.274,0.000,0.000
"20:15",0.000,5.734,63.700,5.274,0.000,0.000
"20:30",0.000,5.632,63.700,5.376,0.000,0.000
"20:45",0.000,5.837,63.700,5.478,0.000,0.000
"21:00",0.000,5.786,63.700,5.274,0.000,0.000
"21:15",0.000,5.274,63.700,5.274,0.000,0.000
"21:30",0.000,5.530,63.700,5.530,0.000,0.000
"21:45",0.000,6.093,63.600,5.530,0.000,0.000
"22:00",0.000,5.632,63.700,5.632,0.000,0.000
"22:15",0.000,5.683,63.700,5.632,0.000,0.000
"22:30",0.000,6.349,63.700,5.683,0.000,0.000
"22:45",0.000,5.376,63.700,5.632,0.000,0.000
"23:00",0.000,5.274,63.700,5.632,0.000,0.000
"23:15",0.000,5.274,63.700,5.478,0.000,0.000
"23:30",0.000,5.120,63.700,5.581,0.000,0.000
"23:45",0.000,5.069,63.700,5.683,0.000,0.000
" 5/15/26 24:00",0.000,5.325,63.700,5.837,0.000,0.000
