"kwh"
"Time ","DAGSR01P","DAGSR01P","DAGSR01P","DAGSR01P","DAGSR01P","DAGSR01P"
" 1/25/26 00:15",0.000,174.950,63.600,0.000,102.144,0.000
" 1/25/26 00:30",0.000,175.155,63.600,0.000,102.246,0.000
"00:45",0.000,175.002,63.600,0.000,102.144,0.000
"01:00",0.000,174.899,63.600,0.000,102.042,0.000
"01:15",0.000,174.899,63.600,0.000,101.939,0.000
"01:30",0.000,175.514,63.600,0.000,102.554,0.000
"01:45",0.000,176.026,63.600,0.000,102.912,0.000
"02:00",0.000,175.258,63.600,0.000,102.349,0.000
"02:15",0.000,174.899,63.600,0.000,102.298,0.000
"02:30",0.000,175.155,63.600,0.000,102.298,0.000
"02:45",0.000,174.950,63.600,0.000,102.042,0.000
"03:00",0.000,175.002,63.600,0.000,101.990,0.000
"03:15",0.000,174.592,63.600,0.000,102.502,0.000
"03:30",0.000,173.875,63.600,0.000,101.478,0.000
"03:45",0.000,171.878,63.600,0.000,100.506,0.000
"04:00",0.000,171.981,63.600,0.000,100.301,0.000
"04:15",0.000,171.776,63.600,0.000,100.557,0.000
"04:30",0.000,171.776,63.600,0.000,100.352,0.000
"04:45",0.000,172.186,63.600,0.000,100.403,0.000
"05:00",0.000,172.032,63.600,0.000,100.301,0.000
"05:15",0.000,172.288,63.600,0.000,100.250,0.000
"05:30",0.000,172.237,63.600,0.000,100.096,0.000
"05:45",0.000,172.595,63.600,0.000,99.686,0.000
"06:00",0.000,171.930,63.600,0.000,100.198,0.000
"06:15",0.000,172.134,63.500,0.000,100.198,0.000
"06:30",0.000,172.698,63.600,0.000,99.891,0.000
"06:45",0.000,173.107,63.600,0.000,99.840,0.000
"07:00",0.000,170.138,63.500,0.000,98.304,0.000
"07:15",0.000,136.653,63.600,0.000,79.514,0.000
"07:30",0.000,136.141,63.600,0.000,80.077,0.000
"07:45",0.000,133.222,63.500,0.000,80.179,0.000
"08:00",0.000,129.178,63.600,0.000,79.821,0.000
"08:15",0.000,123.392,63.500,0.000,79.462,0.000
"08:30",0.000,117.248,63.500,0.000,79.770,0.000
"08:45",0.000,110.029,63.500,0.000,79.462,0.000
"09:00",0.000,102.963,63.500,0.000,79.565,0.000
"09:15",0.000,96.358,63.500,0.000,78.746,0.000
"09:30",0.000,89.549,63.500,0.000,79.258,0.000
"09:45",0.000,70.554,63.500,0.000,71.680,0.000
"10:00",0.000,43.674,63.600,0.000,58.624,0.000
"10:15",0.000,37.786,63.500,0.000,58.829,0.000
"10:30",0.000,32.512,63.500,0.000,59.238,0.000
"10:45",0.000,29.389,63.500,0.000,61.389,0.000
"11:00",0.000,25.600,63.600,0.000,61.696,0.000
"11:15",0.000,22.835,63.600,0.000,62.310,0.000
"11:30",0.000,18.688,63.500,0.000,62.874,0.000
"11:45",0.000,14.285,63.500,0.000,62.310,0.000
"12:00",0.000,11.469,63.500,0.000,62.413,0.000
"12:15",0.000,19.149,63.500,0.000,65.331,0.000
"12:30",0.000,6.861,63.600,0.000,62.874,0.000
"12:45",0.154,5.069,63.600,0.000,54.016,8.704
"13:00",0.256,9.318,63.600,0.000,47.667,14.592
"13:15",0.307,4.762,63.600,0.000,46.387,16.128
"13:30",0.512,4.966,63.600,0.000,44.646,18.227
"13:45",0.410,3.942,63.600,0.000,43.469,19.507
"14:00",0.358,4.454,63.600,0.000,45.261,17.459
"14:15",0.256,19.661,63.500,0.000,50.330,12.134
"14:30",0.205,28.621,63.600,0.000,52.838,9.011
"14:45",0.205,37.171,63.600,0.000,54.221,7.117
"15:00",0.358,24.013,63.600,0.000,48.947,12.032
"15:15",0.717,24.166,63.600,0.000,43.059,16.896
"15:30",0.205,10.496,63.500,0.000,55.706,8.141
"15:45",0.000,47.258,63.500,0.000,80.896,0.000
"16:00",0.000,55.450,63.500,0.000,80.486,0.000
"16:15",0.000,51.814,63.500,0.000,80.998,0.000
"16:30",0.000,55.962,63.500,0.000,80.794,0.000
"16:45",0.000,65.178,63.500,0.000,80.128,0.000
"17:00",0.000,66.509,63.500,0.000,80.026,0.000
"17:15",0.000,71.270,63.500,0.000,79.565,0.000
"17:30",0.000,77.210,63.500,0.000,79.360,0.000
"17:45",0.000,83.456,63.500,0.000,79.258,0.000
"18:00",0.000,89.651,63.600,0.000,78.899,0.000
"18:15",0.000,96.205,63.500,0.000,78.848,0.000
"18:30",0.000,102.810,63.500,0.000,78.848,0.000
"18:45",0.000,109.875,63.500,0.000,78.797,0.000
"19:00",0.000,119.450,63.600,0.000,78.746,0.000
"19:15",0.000,129.485,63.600,0.000,79.360,0.000
"19:30",0.000,130.202,63.600,0.000,79.104,0.000
"19:45",0.000,131.430,63.600,0.000,79.360,0.000
"20:00",0.000,134.656,63.600,0.000,79.053,0.000
"20:15",0.000,137.216,63.600,0.000,79.258,0.000
"20:30",0.000,137.318,63.600,0.000,78.746,0.000
"20:45",0.000,138.138,63.500,0.000,79.053,0.000
"21:00",0.000,138.138,63.500,0.000,79.053,0.000
"21:15",0.000,137.318,63.500,0.000,78.438,0.000
"21:30",0.000,137.728,63.500,0.000,78.387,0.000
"21:45",0.000,140.902,63.500,0.000,80.282,0.000
"22:00",0.000,142.131,63.500,0.000,80.538,0.000
"22:15",0.000,141.670,63.500,0.000,80.538,0.000
"22:30",0.000,141.363,63.500,0.000,80.333,0.000
"22:45",0.000,141.312,63.600,0.000,80.282,0.000
"23:00",0.000,141.517,63.500,0.000,80.230,0.000
"23:15",0.000,141.926,63.500,0.000,80.230,0.000
"23:30",0.000,141.414,63.600,0.000,80.435,0.000
"23:45",0.000,141.005,63.600,0.000,80.128,0.000
" 1/25/26 24:00",0.000,141.210,63.600,0.000,80.333,0.000
