"kwh"
"Time ","DAGSR01P","DAGSR01P","DAGSR01P","DAGSR01P","DAGSR01P","DAGSR01P"
" 1/24/26 00:15",0.000,204.954,63.600,0.000,99.942,0.000
" 1/24/26 00:30",0.000,205.005,63.600,0.000,99.994,0.000
"00:45",0.000,204.800,63.600,0.000,99.891,0.000
"01:00",0.000,204.339,63.600,0.000,100.147,0.000
"01:15",0.000,204.288,63.600,0.000,100.096,0.000
"01:30",0.000,204.442,63.600,0.000,100.045,0.000
"01:45",0.000,204.698,63.600,0.000,99.994,0.000
"02:00",0.000,204.493,63.600,0.000,100.250,0.000
"02:15",0.000,204.902,63.600,0.000,100.045,0.000
"02:30",0.000,205.978,63.600,0.000,100.301,0.000
"02:45",0.000,207.667,63.600,0.000,101.786,0.000
"03:00",0.000,207.923,63.600,0.000,101.939,0.000
"03:15",0.000,207.616,63.600,0.000,101.837,0.000
"03:30",0.000,207.718,63.600,0.000,101.581,0.000
"03:45",0.000,207.411,63.600,0.000,101.939,0.000
"04:00",0.000,207.565,63.600,0.000,101.990,0.000
"04:15",0.000,207.514,63.600,0.000,101.837,0.000
"04:30",0.000,208.179,63.600,0.000,101.530,0.000
"04:45",0.000,207.667,63.600,0.000,101.939,0.000
"05:00",0.000,207.462,63.600,0.000,101.837,0.000
"05:15",0.000,207.206,63.600,0.000,102.195,0.000
"05:30",0.000,207.514,63.600,0.000,102.042,0.000
"05:45",0.000,207.360,63.600,0.000,101.837,0.000
"06:00",0.000,208.179,63.600,0.000,101.274,0.000
"06:15",0.000,208.896,63.600,0.000,101.018,0.000
"06:30",0.000,208.333,63.600,0.000,101.530,0.000
"06:45",0.000,207.565,63.600,0.000,100.864,0.000
"07:00",0.000,205.773,63.600,0.000,101.427,0.000
"07:15",0.000,206.029,63.600,0.000,101.325,0.000
"07:30",0.000,204.698,63.600,0.000,100.659,0.000
"07:45",0.000,203.418,63.600,0.000,101.376,0.000
"08:00",0.000,208.794,63.600,0.000,99.226,0.000
"08:15",0.000,196.608,63.600,0.000,94.003,0.000
"08:30",0.000,189.338,63.600,0.000,94.259,0.000
"08:45",0.000,199.731,63.500,0.000,113.357,0.000
"09:00",0.000,211.661,63.600,0.000,113.766,0.000
"09:15",0.000,210.432,63.600,0.000,114.893,0.000
"09:30",0.000,210.688,63.600,0.000,121.293,0.000
"09:45",0.000,190.362,63.600,0.000,118.784,0.000
"10:00",0.000,163.533,63.600,0.000,105.984,0.000
"10:15",0.000,163.840,63.600,0.000,105.984,0.000
"10:30",0.000,154.880,63.600,0.000,106.138,0.000
"10:45",0.000,129.280,63.600,0.000,106.650,0.000
"11:00",0.000,119.040,63.600,0.000,106.906,0.000
"11:15",0.000,120.627,63.600,0.000,107.162,0.000
"11:30",0.000,114.483,63.600,0.000,107.366,0.000
"11:45",0.000,111.206,63.600,0.000,107.520,0.000
"12:00",0.000,107.366,63.600,0.000,105.677,0.000
"12:15",0.000,53.248,63.600,0.000,87.910,0.000
"12:30",0.000,53.453,63.600,0.000,81.920,0.000
"12:45",0.000,38.042,63.600,0.000,82.842,0.000
"13:00",0.000,46.131,63.600,0.000,83.968,0.000
"13:15",0.000,39.526,63.600,0.000,84.582,0.000
"13:30",0.000,43.622,63.600,0.000,84.326,0.000
"13:45",0.000,39.014,63.600,0.000,84.378,0.000
"14:00",0.000,38.093,63.600,0.000,84.275,0.000
"14:15",0.000,60.467,63.600,0.000,83.302,0.000
"14:30",0.000,38.451,63.600,0.000,84.480,0.000
"14:45",0.000,47.309,63.500,0.000,84.890,0.000
"15:00",0.000,62.720,63.400,0.000,83.661,0.000
"15:15",0.000,85.658,63.500,0.000,82.637,0.000
"15:30",0.000,72.346,63.500,0.000,86.477,0.000
"15:45",0.000,108.083,63.500,0.000,103.782,0.000
"16:00",0.000,117.248,63.500,0.000,103.680,0.000
"16:15",0.000,119.501,63.500,0.000,104.141,0.000
"16:30",0.000,126.822,63.500,0.000,102.451,0.000
"16:45",0.000,124.006,63.500,0.000,101.888,0.000
"17:00",0.000,126.106,63.500,0.000,101.683,0.000
"17:15",0.000,128.870,63.600,0.000,101.581,0.000
"17:30",0.000,131.789,63.600,0.000,101.632,0.000
"17:45",0.000,139.162,63.600,0.000,101.478,0.000
"18:00",0.000,144.691,63.500,0.000,101.478,0.000
"18:15",0.000,141.312,63.600,0.000,101.222,0.000
"18:30",0.000,141.261,63.600,0.000,100.813,0.000
"18:45",0.000,150.374,63.600,0.000,100.864,0.000
"19:00",0.000,157.696,63.500,0.000,101.325,0.000
"19:15",0.000,159.078,63.500,0.000,100.864,0.000
"19:30",0.000,160.051,63.600,0.000,101.222,0.000
"19:45",0.000,161.946,63.600,0.000,101.171,0.000
"20:00",0.000,166.042,63.600,0.000,100.966,0.000
"20:15",0.000,170.035,63.600,0.000,100.915,0.000
"20:30",0.000,172.083,63.600,0.000,100.506,0.000
"20:45",0.000,172.902,63.500,0.000,100.301,0.000
"21:00",0.000,172.032,63.500,0.000,99.840,0.000
"21:15",0.000,172.186,63.600,0.000,99.994,0.000
"21:30",0.000,171.981,63.500,0.000,99.891,0.000
"21:45",0.000,172.083,63.500,0.000,99.994,0.000
"22:00",0.000,172.288,63.600,0.000,99.840,0.000
"22:15",0.000,172.237,63.600,0.000,99.942,0.000
"22:30",0.000,171.776,63.600,0.000,100.147,0.000
"22:45",0.000,172.237,63.600,0.000,99.994,0.000
"23:00",0.000,172.237,63.600,0.000,99.994,0.000
"23:15",0.000,172.595,63.600,0.000,100.045,0.000
"23:30",0.000,173.978,63.600,0.000,100.966,0.000
"23:45",0.000,175.360,63.600,0.000,102.195,0.000
" 1/24/26 24:00",0.000,175.104,63.600,0.000,102.093,0.000
