"kwh"
"Time ","DAGSR01P","DAGSR01P","DAGSR01P","DAGSR01P","DAGSR01P","DAGSR01P"
" 2/12/26 00:15",0.000,203.366,63.600,0.000,99.686,0.000
" 2/12/26 00:30",0.000,203.520,63.600,0.000,99.686,0.000
"00:45",0.000,203.930,63.600,0.000,99.482,0.000
"01:00",0.000,204.186,63.600,0.000,99.635,0.000
"01:15",0.000,203.622,63.600,0.000,99.686,0.000
"01:30",0.000,204.083,63.600,0.000,99.891,0.000
"01:45",0.000,204.595,63.600,0.000,100.147,0.000
"02:00",0.000,204.032,63.600,0.000,100.659,0.000
"02:15",0.000,203.418,63.600,0.000,99.891,0.000
"02:30",0.000,203.469,63.600,0.000,99.686,0.000
"02:45",0.000,203.469,63.600,0.000,99.686,0.000
"03:00",0.000,203.674,63.600,0.000,99.635,0.000
"03:15",0.000,204.083,63.600,0.000,99.686,0.000
"03:30",0.000,204.493,63.600,0.000,100.454,0.000
"03:45",0.000,204.083,63.600,0.000,100.301,0.000
"04:00",0.000,203.930,63.600,0.000,100.557,0.000
"04:15",0.000,203.162,63.600,0.000,99.891,0.000
"04:30",0.000,203.725,63.600,0.000,99.738,0.000
"04:45",0.000,203.315,63.600,0.000,100.045,0.000
"05:00",0.000,203.110,63.600,0.000,100.045,0.000
"05:15",0.000,203.930,63.600,0.000,100.352,0.000
"05:30",0.000,204.544,63.600,0.000,100.608,0.000
"05:45",0.000,204.339,63.600,0.000,100.608,0.000
"06:00",0.000,203.264,63.600,0.000,99.840,0.000
"06:15",0.000,203.008,63.600,0.000,99.840,0.000
"06:30",0.000,203.213,63.600,0.000,99.891,0.000
"06:45",0.000,203.162,63.600,0.000,99.686,0.000
"07:00",0.000,204.288,63.600,0.000,100.096,0.000
"07:15",0.000,201.728,63.600,0.000,99.226,0.000
"07:30",0.000,168.858,63.600,0.000,80.384,0.000
"07:45",0.000,167.885,63.600,0.000,80.282,0.000
"08:00",0.000,165.837,63.600,0.000,79.411,0.000
"08:15",0.000,158.720,63.700,0.000,79.514,0.000
"08:30",0.000,156.877,63.600,0.000,79.462,0.000
"08:45",0.000,158.362,63.600,0.000,79.411,0.000
"09:00",0.000,145.510,63.600,0.000,79.411,0.000
"09:15",0.000,143.667,63.600,0.000,79.718,0.000
"09:30",0.000,164.608,63.600,0.000,91.546,0.000
"09:45",0.000,140.339,63.600,0.000,93.747,0.000
"10:00",0.000,115.149,63.600,0.000,81.613,0.000
"10:15",0.000,136.806,63.600,0.000,81.562,0.000
"10:30",0.000,143.462,63.600,0.000,81.306,0.000
"10:45",0.000,159.181,63.600,0.000,90.726,0.000
"11:00",0.000,165.478,63.600,0.000,92.006,0.000
"11:15",0.000,158.515,63.600,0.000,92.365,0.000
"11:30",0.000,130.611,63.600,0.000,92.723,0.000
"11:45",0.000,128.614,63.600,0.000,91.699,0.000
"12:00",0.000,122.829,63.600,0.000,92.518,0.000
"12:15",0.000,129.126,63.600,0.000,94.003,0.000
"12:30",0.000,104.192,63.600,0.000,95.386,0.000
"12:45",0.000,107.571,63.500,0.000,95.590,0.000
"13:00",0.000,104.346,63.500,0.000,95.744,0.000
"13:15",0.000,104.858,63.500,0.000,96.000,0.000
"13:30",0.000,103.629,63.500,0.000,95.181,0.000
"13:45",0.000,102.349,63.500,0.000,95.181,0.000
"14:00",0.000,103.834,63.600,0.000,94.976,0.000
"14:15",0.000,101.632,63.600,0.000,95.078,0.000
"14:30",0.000,146.330,63.600,0.000,94.054,0.000
"14:45",0.000,122.726,63.600,0.000,95.744,0.000
"15:00",0.000,181.862,63.600,0.000,92.774,0.000
"15:15",0.000,157.030,63.600,0.000,94.566,0.000
"15:30",0.000,183.398,63.600,0.000,95.130,0.000
"15:45",0.000,214.221,63.600,0.000,113.664,0.000
"16:00",0.000,198.093,63.500,0.000,121.958,0.000
"16:15",0.000,232.602,63.500,0.000,135.168,0.000
"16:30",0.000,194.662,63.500,0.000,136.448,0.000
"16:45",0.000,170.138,63.600,0.000,122.010,0.000
"17:00",0.000,167.782,63.500,0.000,116.531,0.000
"17:15",0.000,173.978,63.500,0.000,115.917,0.000
"17:30",0.000,179.507,63.500,0.000,115.098,0.000
"17:45",0.000,186.368,63.500,0.000,114.995,0.000
"18:00",0.000,192.666,63.600,0.000,114.893,0.000
"18:15",0.000,200.909,63.500,0.000,114.381,0.000
"18:30",0.000,207.514,63.600,0.000,114.893,0.000
"18:45",0.000,212.582,63.600,0.000,113.613,0.000
"19:00",0.000,219.750,63.600,0.000,113.971,0.000
"19:15",0.000,225.946,63.600,0.000,113.920,0.000
"19:30",0.000,230.861,63.600,0.000,113.818,0.000
"19:45",0.000,234.394,63.600,0.000,113.869,0.000
"20:00",0.000,236.134,63.600,0.000,113.920,0.000
"20:15",0.000,237.363,63.600,0.000,113.766,0.000
"20:30",0.000,238.438,63.600,0.000,114.074,0.000
"20:45",0.000,238.899,63.500,0.000,114.227,0.000
"21:00",0.000,238.234,63.500,0.000,113.613,0.000
"21:15",0.000,238.080,63.500,0.000,113.357,0.000
"21:30",0.000,238.182,63.500,0.000,113.254,0.000
"21:45",0.000,238.899,63.500,0.000,113.203,0.000
"22:00",0.000,238.541,63.600,0.000,113.664,0.000
"22:15",0.000,239.309,63.500,0.000,113.869,0.000
"22:30",0.000,239.462,63.500,0.000,114.022,0.000
"22:45",0.000,238.438,63.600,0.000,113.613,0.000
"23:00",0.000,238.387,63.600,0.000,113.357,0.000
"23:15",0.000,238.746,63.500,0.000,113.050,0.000
"23:30",0.000,238.029,63.600,0.000,113.306,0.000
"23:45",0.000,237.517,63.600,0.000,113.408,0.000
" 2/12/26 24:00",0.000,238.234,63.600,0.000,113.715,0.000
