"kwh"
"Time ","DAGSR01P","DAGSR01P","DAGSR01P","DAGSR01P","DAGSR01P","DAGSR01P"
" 7/04/26 00:15",0.000,5.530,63.600,6.298,0.000,0.000
" 7/04/26 00:30",0.000,5.427,63.600,6.093,0.000,0.000
"00:45",0.000,5.376,63.600,6.400,0.000,0.000
"01:00",0.000,5.632,63.700,6.451,0.000,0.000
"01:15",0.000,5.478,63.700,6.195,0.000,0.000
"01:30",0.000,5.478,63.700,6.451,0.000,0.000
"01:45",0.000,5.018,63.700,6.451,0.000,0.000
"02:00",0.000,4.710,63.600,7.066,0.000,0.000
"02:15",0.000,5.018,63.600,6.758,0.000,0.000
"02:30",0.000,5.171,63.700,6.451,0.000,0.000
"02:45",0.000,4.966,63.600,6.707,0.000,0.000
"03:00",0.000,5.376,63.700,7.014,0.000,0.000
"03:15",0.000,4.864,63.700,7.424,0.000,0.000
"03:30",0.000,4.966,63.700,6.656,0.000,0.000
"03:45",0.000,5.018,63.700,6.502,0.000,0.000
"04:00",0.000,5.222,63.600,6.451,0.000,0.000
"04:15",0.000,4.915,63.600,6.298,0.000,0.000
"04:30",0.000,4.659,63.600,6.502,0.000,0.000
"04:45",0.000,4.966,63.600,6.451,0.000,0.000
"05:00",0.000,4.762,63.600,6.502,0.000,0.000
"05:15",0.000,4.915,63.700,6.451,0.000,0.000
"05:30",0.000,5.171,63.700,6.400,0.000,0.000
"05:45",0.000,4.710,63.700,6.400,0.000,0.000
"06:00",0.000,4.506,63.700,6.502,0.000,0.000
"06:15",0.000,5.018,63.700,6.451,0.000,0.000
"06:30",0.000,4.864,63.700,6.298,0.000,0.000
"06:45",0.000,5.325,63.700,6.707,0.000,0.000
"07:00",0.000,5.376,63.600,6.605,0.000,0.000
"07:15",0.000,5.069,63.600,6.554,0.000,0.000
"07:30",0.000,5.632,63.600,6.451,0.000,0.000
"07:45",0.000,6.246,63.700,7.168,0.000,0.000
"08:00",0.000,6.349,63.600,6.758,0.000,0.000
"08:15",0.000,6.451,63.600,6.451,0.000,0.000
"08:30",0.000,6.246,63.600,6.195,0.000,0.000
"08:45",0.000,5.581,63.600,5.888,0.000,0.000
"09:00",0.000,5.990,63.700,5.837,0.000,0.000
"09:15",0.000,4.608,63.600,5.581,0.000,0.000
"09:30",0.666,2.253,63.700,3.994,0.000,0.000
"09:45",5.530,0.000,63.700,0.358,0.000,0.000
"10:00",16.282,0.000,63.700,0.000,0.000,0.000
"10:15",40.294,0.000,63.700,0.000,0.000,0.000
"10:30",58.470,0.000,63.700,0.000,0.000,0.000
"10:45",61.952,0.000,63.700,0.000,0.000,0.000
"11:00",67.738,0.000,63.700,0.000,0.000,0.000
"11:15",65.331,0.000,63.700,0.000,0.000,0.051
"11:30",45.466,0.000,63.700,0.000,0.000,0.000
"11:45",54.784,0.000,63.800,0.000,0.000,0.051
"12:00",62.208,0.000,63.700,0.000,0.000,0.051
"12:15",50.586,0.000,63.700,0.000,0.000,0.051
"12:30",51.456,0.000,63.700,0.000,0.000,0.000
"12:45",62.720,0.000,63.700,0.000,0.000,0.051
"13:00",61.030,0.000,63.700,0.000,0.000,0.000
"13:15",46.490,0.000,63.700,0.000,0.000,0.000
"13:30",47.309,0.000,63.700,0.000,0.000,0.000
"13:45",66.048,0.000,63.700,0.000,0.000,0.000
"14:00",46.950,0.000,63.600,0.000,0.000,0.000
"14:15",48.333,0.000,63.600,0.000,0.000,0.000
"14:30",37.939,0.000,63.600,0.000,0.000,0.000
"14:45",30.413,0.000,63.600,0.000,0.000,0.000
"15:00",19.251,0.000,63.600,0.000,0.000,0.000
"15:15",16.486,0.000,63.600,0.000,0.000,0.000
"15:30",15.770,0.000,63.600,0.000,0.000,0.000
"15:45",12.902,0.000,63.600,0.000,0.000,0.000
"16:00",9.216,0.000,63.700,0.000,0.000,0.000
"16:15",5.990,0.000,63.600,0.000,0.000,0.000
"16:30",5.171,0.000,63.700,0.000,0.000,0.000
"16:45",3.635,0.000,63.700,0.051,0.000,0.000
"17:00",1.485,0.307,63.700,2.202,0.000,0.000
"17:15",0.870,0.768,63.700,2.611,0.000,0.000
"17:30",0.205,1.843,63.700,4.147,0.000,0.000
"17:45",0.000,2.970,63.700,5.274,0.000,0.000
"18:00",0.000,5.274,63.700,5.683,0.000,0.000
"18:15",0.000,5.274,63.700,6.042,0.000,0.000
"18:30",0.000,5.786,63.700,6.042,0.000,0.000
"18:45",0.000,5.786,63.700,6.144,0.000,0.000
"19:00",0.000,5.171,63.700,5.939,0.000,0.000
"19:15",0.000,4.813,63.700,5.786,0.000,0.000
"19:30",0.000,4.813,63.600,5.837,0.000,0.000
"19:45",0.000,4.762,63.600,5.888,0.000,0.000
"20:00",0.000,5.069,63.600,5.683,0.000,0.000
"20:15",0.000,4.915,63.700,6.042,0.000,0.000
"20:30",0.000,4.710,63.700,5.734,0.000,0.000
"20:45",0.000,5.171,63.700,5.837,0.000,0.000
"21:00",0.000,5.018,63.700,5.837,0.000,0.000
"21:15",0.000,4.915,63.700,5.683,0.000,0.000
"21:30",0.000,5.222,63.700,5.786,0.000,0.000
"21:45",0.000,4.915,63.700,5.734,0.000,0.000
"22:00",0.000,4.813,63.700,5.990,0.000,0.000
"22:15",0.000,4.813,63.600,5.939,0.000,0.000
"22:30",0.000,4.915,63.700,6.042,0.000,0.000
"22:45",0.000,5.274,63.700,6.093,0.000,0.000
"23:00",0.000,5.120,63.600,6.246,0.000,0.000
"23:15",0.000,4.966,63.700,5.939,0.000,0.000
"23:30",0.000,4.966,63.700,5.990,0.000,0.000
"23:45",0.000,5.171,63.700,6.093,0.000,0.000
" 7/04/26 24:00",0.000,5.120,63.600,6.144,0.000,0.000
