"kwh"
"Time ","DAGSR01P","DAGSR01P","DAGSR01P","DAGSR01P","DAGSR01P","DAGSR01P"
" 1/11/26 00:15",0.000,3.328,63.600,8.038,0.000,0.000
" 1/11/26 00:30",0.000,3.277,63.600,8.038,0.000,0.000
"00:45",0.051,3.379,63.600,9.779,0.000,0.000
"01:00",0.000,3.328,63.600,7.117,0.000,0.000
"01:15",0.051,3.379,63.600,8.090,0.000,0.000
"01:30",0.000,3.584,63.600,9.216,0.000,0.000
"01:45",0.000,3.533,63.600,8.704,0.000,0.000
"02:00",0.000,3.686,63.600,10.650,0.000,0.000
"02:15",0.051,3.379,63.600,9.062,0.000,0.000
"02:30",0.000,3.277,63.600,9.472,0.000,0.000
"02:45",0.000,3.328,63.600,10.291,0.000,0.000
"03:00",0.000,3.379,63.600,8.960,0.000,0.000
"03:15",0.000,3.328,63.600,8.858,0.000,0.000
"03:30",0.000,3.379,63.600,10.854,0.000,0.000
"03:45",0.000,3.789,63.600,10.394,0.000,0.000
"04:00",0.051,3.379,63.600,9.267,0.000,0.000
"04:15",0.000,3.328,63.600,10.598,0.000,0.000
"04:30",0.000,3.379,63.600,10.445,0.000,0.000
"04:45",0.000,3.379,63.600,10.547,0.000,0.000
"05:00",0.000,3.277,63.600,10.394,0.000,0.000
"05:15",0.000,3.430,63.600,10.394,0.000,0.000
"05:30",0.000,3.430,63.600,10.701,0.000,0.000
"05:45",0.000,4.045,63.600,10.138,0.000,0.000
"06:00",0.000,4.608,63.600,10.445,0.000,0.000
"06:15",0.000,3.738,63.600,11.008,0.000,0.000
"06:30",0.000,3.789,63.600,11.213,0.000,0.000
"06:45",0.051,3.072,63.600,7.936,0.000,0.000
"07:00",0.051,0.358,54.900,1.024,0.000,0.000
"07:15",0.000,0.000,0.000,0.000,0.000,0.000
"07:30",0.000,0.000,0.000,0.000,0.000,0.000
"07:45",0.000,0.000,0.000,0.000,0.000,0.000
"08:00",0.000,0.000,0.000,0.000,0.000,0.000
"08:15",0.000,0.000,0.000,0.000,0.000,0.000
"08:30",0.000,0.000,0.000,0.000,0.000,0.000
"08:45",0.000,0.000,0.000,0.000,0.000,0.000
"09:00",0.000,0.000,0.000,0.000,0.000,0.000
"09:15",0.000,0.000,0.000,0.000,0.000,0.000
"09:30",0.000,0.000,0.000,0.000,0.000,0.000
"09:45",0.000,0.000,0.000,0.000,0.000,0.000
"10:00",0.000,0.000,0.000,0.000,0.000,0.000
"10:15",0.000,0.000,0.000,0.000,0.000,0.000
"10:30",0.000,0.000,0.000,0.000,0.000,0.000
"10:45",0.000,0.000,0.000,0.000,0.000,0.000
"11:00",6.400,1.536,63.400,2.867,0.000,0.000
"11:15",69.427,0.000,63.600,0.000,0.000,0.000
"11:30",87.347,0.000,63.600,0.000,0.000,0.000
"11:45",91.290,0.000,63.600,0.000,0.000,0.000
"12:00",93.286,0.000,63.600,0.000,0.000,0.000
"12:15",94.362,0.000,63.600,0.000,0.000,0.000
"12:30",95.590,0.000,63.600,0.000,0.000,0.000
"12:45",96.205,0.000,63.600,0.000,0.000,0.000
"13:00",96.102,0.000,63.600,0.000,0.000,0.000
"13:15",96.205,0.000,63.600,0.000,0.000,0.000
"13:30",96.205,0.000,63.600,0.000,0.000,0.000
"13:45",96.256,0.000,63.600,0.000,0.000,0.000
"14:00",95.488,0.000,63.600,0.000,0.000,0.000
"14:15",95.283,0.000,63.600,0.000,0.000,0.000
"14:30",95.795,0.000,63.600,0.000,0.000,0.000
"14:45",95.795,0.000,63.600,0.000,0.000,0.051
"15:00",94.157,0.000,63.600,0.000,0.000,0.000
"15:15",92.109,0.000,63.600,0.000,0.000,0.000
"15:30",89.856,0.000,63.600,0.000,0.000,0.000
"15:45",86.323,0.000,63.600,0.000,0.000,0.000
"16:00",82.995,0.000,63.600,0.000,0.000,0.000
"16:15",81.715,0.000,63.600,0.000,0.000,0.000
"16:30",77.824,0.000,63.600,0.000,0.000,0.000
"16:45",72.960,0.000,63.600,0.000,0.000,0.000
"17:00",68.608,0.000,63.600,0.000,0.000,0.000
"17:15",63.898,0.000,63.600,0.000,0.000,0.000
"17:30",58.368,0.000,63.600,0.000,0.000,0.000
"17:45",52.122,0.000,63.600,0.000,0.000,0.000
"18:00",45.517,0.000,63.600,0.000,0.000,0.000
"18:15",38.912,0.000,63.600,0.000,0.000,0.000
"18:30",31.898,0.000,63.600,0.000,0.000,0.000
"18:45",23.808,0.000,63.600,0.000,0.000,0.000
"19:00",16.538,0.000,63.600,0.000,0.000,0.000
"19:15",9.779,0.000,63.600,0.000,0.000,0.000
"19:30",4.250,0.000,63.600,0.410,0.000,0.000
"19:45",1.382,0.666,63.600,4.352,0.000,0.000
"20:00",0.461,1.894,63.600,5.837,0.000,0.000
"20:15",0.205,2.560,63.600,6.298,0.000,0.000
"20:30",0.000,3.277,63.600,8.909,0.000,0.000
"20:45",0.000,3.379,63.600,9.165,0.000,0.000
"21:00",0.000,3.430,63.600,9.523,0.000,0.000
"21:15",0.000,3.328,63.600,8.090,0.000,0.000
"21:30",0.051,3.226,63.600,8.192,0.000,0.000
"21:45",0.000,3.174,63.600,8.397,0.000,0.000
"22:00",0.000,3.174,63.600,9.216,0.000,0.000
"22:15",0.051,3.174,63.600,8.243,0.000,0.000
"22:30",0.000,3.174,63.600,9.318,0.000,0.000
"22:45",0.000,3.226,63.600,8.704,0.000,0.000
"23:00",0.000,3.840,63.600,9.933,0.000,0.000
"23:15",0.051,3.226,63.600,8.243,0.000,0.000
"23:30",0.000,3.738,63.600,9.216,0.000,0.000
"23:45",0.000,3.942,63.600,9.421,0.000,0.000
" 1/11/26 24:00",0.000,3.277,63.600,9.779,0.000,0.000
