"kwh"
"Time ","DAGSR01P","DAGSR01P","DAGSR01P","DAGSR01P","DAGSR01P","DAGSR01P"
" 4/18/26 00:15",0.000,5.120,63.700,5.222,0.000,0.000
" 4/18/26 00:30",0.000,5.120,63.700,4.966,0.000,0.000
"00:45",0.000,4.915,63.700,5.069,0.000,0.000
"01:00",0.000,4.659,63.700,5.581,0.000,0.000
"01:15",0.000,4.659,63.700,5.734,0.000,0.000
"01:30",0.000,4.608,63.700,5.632,0.000,0.000
"01:45",0.000,5.222,63.700,5.734,0.000,0.000
"02:00",0.000,5.222,63.700,5.171,0.000,0.000
"02:15",0.000,4.454,63.600,5.325,0.000,0.000
"02:30",0.000,4.403,63.700,5.530,0.000,0.000
"02:45",0.000,4.506,63.700,5.427,0.000,0.000
"03:00",0.000,4.506,63.700,5.530,0.000,0.000
"03:15",0.000,5.427,63.700,4.915,0.000,0.000
"03:30",0.000,4.762,63.700,5.939,0.000,0.000
"03:45",0.000,5.069,63.700,6.042,0.000,0.000
"04:00",0.000,4.352,63.700,5.786,0.000,0.000
"04:15",0.000,4.352,63.700,5.888,0.000,0.000
"04:30",0.000,5.274,63.700,5.120,0.000,0.000
"04:45",0.000,4.813,63.700,5.837,0.000,0.000
"05:00",0.000,4.557,63.700,5.888,0.000,0.000
"05:15",0.000,4.301,63.700,5.990,0.000,0.000
"05:30",0.000,4.608,63.700,5.939,0.000,0.000
"05:45",0.000,5.376,63.700,5.171,0.000,0.000
"06:00",0.000,4.403,63.700,5.734,0.000,0.000
"06:15",0.000,4.557,63.600,5.837,0.000,0.000
"06:30",0.000,4.557,63.600,5.632,0.000,0.000
"06:45",0.000,4.403,63.600,5.581,0.000,0.000
"07:00",0.000,5.325,63.600,4.966,0.000,0.000
"07:15",0.000,4.454,63.600,5.478,0.000,0.000
"07:30",0.000,4.710,63.600,5.683,0.000,0.000
"07:45",0.000,4.608,63.600,5.581,0.000,0.000
"08:00",0.000,4.608,63.600,5.478,0.000,0.000
"08:15",0.000,5.171,63.600,4.659,0.000,0.000
"08:30",0.000,4.198,63.600,5.222,0.000,0.000
"08:45",0.051,3.174,63.600,4.198,0.000,0.000
"09:00",0.410,2.406,63.700,3.533,0.000,0.000
"09:15",0.666,1.792,63.700,3.226,0.000,0.000
"09:30",0.461,1.997,63.700,2.765,0.000,0.000
"09:45",1.126,0.768,63.700,2.714,0.000,0.000
"10:00",1.075,0.717,63.700,2.304,0.000,0.000
"10:15",2.150,0.154,63.700,1.843,0.000,0.000
"10:30",5.222,0.000,63.700,0.205,0.000,0.000
"10:45",5.274,0.000,63.700,0.000,0.000,0.000
"11:00",5.274,0.000,63.700,0.000,0.000,0.000
"11:15",2.816,0.102,63.700,1.075,0.000,0.000
"11:30",15.565,0.000,63.700,0.000,0.000,0.000
"11:45",20.838,0.000,63.700,0.000,0.000,0.000
"12:00",28.570,0.000,63.700,0.000,0.000,0.051
"12:15",14.131,0.000,63.700,0.000,0.000,0.000
"12:30",18.022,0.000,63.700,0.000,0.000,0.000
"12:45",34.458,0.000,63.700,0.000,0.000,0.000
"13:00",30.157,0.000,63.700,0.000,0.000,0.000
"13:15",32.102,0.000,63.700,0.000,0.000,0.000
"13:30",33.280,0.000,63.700,0.000,0.000,0.000
"13:45",37.325,0.000,63.700,0.000,0.000,0.000
"14:00",42.650,0.000,63.700,0.000,0.000,0.000
"14:15",62.720,0.000,63.700,0.000,0.000,0.410
"14:30",52.634,0.000,63.700,0.000,0.000,0.154
"14:45",53.555,0.000,63.700,0.000,0.000,0.154
"15:00",49.459,0.000,63.700,0.000,0.000,0.102
"15:15",57.702,0.000,63.700,0.000,0.000,0.358
"15:30",48.794,0.000,63.700,0.000,0.000,0.154
"15:45",49.254,0.000,63.700,0.000,0.000,0.102
"16:00",33.638,0.000,63.700,0.000,0.000,0.666
"16:15",33.997,0.000,63.700,0.000,0.000,0.051
"16:30",24.525,0.000,63.700,0.000,0.000,0.102
"16:45",16.435,0.000,63.700,0.000,0.000,0.000
"17:00",16.640,0.000,63.700,0.000,0.000,0.000
"17:15",10.138,0.000,63.700,0.000,0.000,0.000
"17:30",8.755,0.000,63.700,0.000,0.000,0.051
"17:45",18.893,0.000,63.700,0.000,0.000,0.000
"18:00",9.114,0.051,63.700,0.461,0.000,0.000
"18:15",9.114,0.000,63.700,0.102,0.000,0.000
"18:30",2.918,1.229,63.700,1.434,0.000,0.000
"18:45",0.000,3.891,63.700,3.533,0.000,0.000
"19:00",0.000,4.250,63.700,4.659,0.000,0.000
"19:15",0.000,4.403,63.700,4.813,0.000,0.000
"19:30",0.000,4.454,63.700,4.915,0.000,0.000
"19:45",0.000,5.990,63.700,3.891,0.000,0.000
"20:00",0.000,4.813,63.700,4.557,0.000,0.000
"20:15",0.000,4.864,63.700,4.506,0.000,0.000
"20:30",0.000,4.454,63.700,4.557,0.000,0.000
"20:45",0.000,4.915,63.700,4.454,0.000,0.000
"21:00",0.000,5.274,63.700,4.147,0.000,0.000
"21:15",0.000,4.557,63.700,4.608,0.000,0.000
"21:30",0.000,4.659,63.700,4.864,0.000,0.000
"21:45",0.000,4.710,63.700,4.659,0.000,0.000
"22:00",0.000,5.427,63.700,3.686,0.000,0.000
"22:15",0.000,6.042,63.700,3.789,0.000,0.000
"22:30",0.000,6.298,63.700,3.789,0.000,0.000
"22:45",0.000,6.246,63.700,3.686,0.000,0.000
"23:00",0.000,6.758,63.700,3.738,0.000,0.000
"23:15",0.000,7.066,63.700,3.686,0.000,0.000
"23:30",0.000,6.656,63.700,4.301,0.000,0.000
"23:45",0.000,6.042,63.700,4.301,0.000,0.000
" 4/18/26 24:00",0.000,6.093,63.700,4.096,0.000,0.000
