"kwh"
"Time ","DAGSR01P","DAGSR01P","DAGSR01P","DAGSR01P","DAGSR01P","DAGSR01P"
" 2/10/26 00:15",0.000,5.939,63.600,7.936,0.000,0.000
" 2/10/26 00:30",0.000,5.120,63.600,8.550,0.000,0.000
"00:45",0.000,4.762,63.600,8.653,0.000,0.000
"01:00",0.000,4.608,63.600,8.806,0.000,0.000
"01:15",0.000,4.608,63.600,8.755,0.000,0.000
"01:30",0.000,5.069,63.600,8.499,0.000,0.000
"01:45",0.000,4.608,63.600,8.653,0.000,0.000
"02:00",0.000,6.144,63.600,7.885,0.000,0.000
"02:15",0.000,5.274,63.600,8.294,0.000,0.000
"02:30",0.000,5.325,63.600,8.448,0.000,0.000
"02:45",0.000,4.864,63.600,9.267,0.000,0.000
"03:00",0.000,4.301,63.600,9.472,0.000,0.000
"03:15",0.000,4.915,63.600,9.011,0.000,0.000
"03:30",0.000,4.250,63.600,9.421,0.000,0.000
"03:45",0.000,5.069,63.600,8.755,0.000,0.000
"04:00",0.000,5.632,63.600,8.499,0.000,0.000
"04:15",0.000,5.734,63.600,8.858,0.000,0.000
"04:30",0.000,5.325,63.600,8.858,0.000,0.000
"04:45",0.000,4.403,63.600,9.318,0.000,0.000
"05:00",0.000,4.403,63.600,9.779,0.000,0.000
"05:15",0.000,4.864,63.600,9.318,0.000,0.000
"05:30",0.000,4.557,63.600,9.370,0.000,0.000
"05:45",0.000,4.813,63.600,9.165,0.000,0.000
"06:00",0.000,5.274,63.600,8.858,0.000,0.000
"06:15",0.000,5.325,63.600,8.755,0.000,0.000
"06:30",0.000,5.939,63.600,8.653,0.000,0.000
"06:45",0.000,4.506,63.600,9.574,0.000,0.000
"07:00",0.000,4.813,63.600,9.267,0.000,0.000
"07:15",0.000,4.608,63.600,7.987,0.000,0.000
"07:30",0.102,3.226,63.600,6.707,0.000,0.000
"07:45",0.102,21.606,63.600,1.741,3.686,0.000
"08:00",0.000,30.208,63.600,0.000,5.581,0.000
"08:15",0.000,36.659,63.600,0.000,6.810,0.000
"08:30",0.000,37.376,63.600,0.000,7.578,0.000
"08:45",0.000,36.506,63.600,0.000,7.117,0.000
"09:00",0.000,36.352,63.600,0.000,6.451,0.000
"09:15",0.000,36.301,63.600,0.000,7.424,0.000
"09:30",0.000,58.675,63.600,0.000,20.634,0.000
"09:45",0.000,64.307,63.600,0.000,25.088,0.000
"10:00",0.000,48.742,63.600,0.000,25.754,0.000
"10:15",0.154,9.574,63.600,0.000,23.808,2.765
"10:30",2.202,2.099,63.600,0.000,10.291,17.152
"10:45",7.424,0.102,63.600,0.000,2.458,24.730
"11:00",11.981,0.051,63.600,0.000,0.410,27.136
"11:15",15.616,0.000,63.600,0.000,0.000,27.904
"11:30",18.739,0.000,63.600,0.000,0.000,28.160
"11:45",21.606,0.000,63.600,0.000,0.000,28.365
"12:00",24.371,0.000,63.600,0.000,0.000,28.928
"12:15",26.573,0.000,63.600,0.000,0.000,29.542
"12:30",21.094,2.611,63.600,0.000,4.659,24.576
"12:45",27.546,0.870,63.600,0.000,1.946,27.034
"13:00",26.061,1.997,63.600,0.000,3.123,26.010
"13:15",24.986,1.997,63.600,0.000,3.072,25.600
"13:30",30.413,0.000,63.600,0.000,0.000,29.389
"13:45",30.259,0.000,63.600,0.000,0.000,29.082
"14:00",29.286,0.000,63.600,0.000,0.000,29.696
"14:15",28.570,0.000,63.600,0.000,0.000,30.054
"14:30",29.133,0.000,63.600,0.000,0.000,29.645
"14:45",28.774,0.000,63.600,0.000,0.000,29.440
"15:00",27.699,0.000,63.600,0.000,0.000,29.030
"15:15",25.088,0.000,63.600,0.000,0.000,29.286
"15:30",24.474,0.000,63.600,0.000,0.000,28.826
"15:45",20.275,0.000,63.600,0.000,0.000,28.723
"16:00",16.435,0.000,63.600,0.000,0.000,29.286
"16:15",11.827,0.000,63.600,0.000,0.000,30.464
"16:30",3.891,14.336,63.600,0.000,30.054,11.469
"16:45",0.000,28.621,63.600,0.000,49.357,0.000
"17:00",0.000,32.717,63.600,0.000,48.845,0.000
"17:15",0.000,38.400,63.600,0.000,48.691,0.000
"17:30",0.000,44.339,63.600,0.000,48.486,0.000
"17:45",0.000,51.046,63.600,0.000,48.691,0.000
"18:00",0.000,57.651,63.600,0.000,48.742,0.000
"18:15",0.000,63.898,63.600,0.000,48.179,0.000
"18:30",0.000,70.042,63.600,0.000,47.616,0.000
"18:45",0.000,76.954,63.600,0.000,47.770,0.000
"19:00",0.000,83.456,63.600,0.000,48.179,0.000
"19:15",0.000,90.778,63.600,0.000,48.333,0.000
"19:30",0.000,96.768,63.600,0.000,49.306,0.000
"19:45",0.000,100.608,63.600,0.000,49.869,0.000
"20:00",0.000,102.707,63.600,0.000,49.715,0.000
"20:15",0.000,103.270,63.600,0.000,49.101,0.000
"20:30",0.000,103.731,63.600,0.000,48.691,0.000
"20:45",0.000,103.731,63.600,0.000,48.435,0.000
"21:00",0.000,104.192,63.600,0.000,48.435,0.000
"21:15",0.000,104.499,63.600,0.000,48.026,0.000
"21:30",0.000,105.421,63.600,0.000,48.998,0.000
"21:45",0.000,104.960,63.600,0.000,49.152,0.000
"22:00",0.000,105.011,63.600,0.000,48.691,0.000
"22:15",0.000,105.114,63.600,0.000,48.435,0.000
"22:30",0.000,103.987,63.600,0.000,48.435,0.000
"22:45",0.000,104.090,63.600,0.000,48.384,0.000
"23:00",0.000,103.987,63.600,0.000,48.282,0.000
"23:15",0.000,103.936,63.600,0.000,48.384,0.000
"23:30",0.000,104.397,63.600,0.000,48.947,0.000
"23:45",0.000,104.192,63.600,0.000,48.896,0.000
" 2/10/26 24:00",0.000,104.192,63.600,0.000,48.230,0.000
