"kwh"
"Time ","DAGSR01P","DAGSR01P","DAGSR01P","DAGSR01P","DAGSR01P","DAGSR01P"
" 4/25/26 00:15",0.000,5.888,63.700,4.147,0.000,0.000
" 4/25/26 00:30",0.000,6.451,63.600,3.789,0.000,0.000
"00:45",0.000,5.530,63.700,4.557,0.000,0.000
"01:00",0.000,6.400,63.700,3.942,0.000,0.000
"01:15",0.000,5.683,63.700,4.506,0.000,0.000
"01:30",0.000,6.758,63.700,3.891,0.000,0.000
"01:45",0.000,6.246,63.700,4.506,0.000,0.000
"02:00",0.000,6.554,63.700,4.147,0.000,0.000
"02:15",0.000,5.530,63.700,4.864,0.000,0.000
"02:30",0.000,6.195,63.700,4.506,0.000,0.000
"02:45",0.000,5.632,63.700,4.659,0.000,0.000
"03:00",0.000,5.990,63.700,4.557,0.000,0.000
"03:15",0.000,6.349,63.700,4.710,0.000,0.000
"03:30",0.000,5.990,63.700,4.966,0.000,0.000
"03:45",0.000,6.246,63.700,4.813,0.000,0.000
"04:00",0.000,5.274,63.700,5.581,0.000,0.000
"04:15",0.000,5.530,63.700,5.632,0.000,0.000
"04:30",0.000,4.864,63.700,6.144,0.000,0.000
"04:45",0.000,5.990,63.700,5.581,0.000,0.000
"05:00",0.000,4.710,63.700,6.144,0.000,0.000
"05:15",0.000,5.888,63.700,5.581,0.000,0.000
"05:30",0.000,5.018,63.700,6.093,0.000,0.000
"05:45",0.000,5.786,63.700,5.632,0.000,0.000
"06:00",0.000,4.762,63.700,6.195,0.000,0.000
"06:15",0.000,5.581,63.700,5.837,0.000,0.000
"06:30",0.000,4.966,63.700,5.888,0.000,0.000
"06:45",0.000,5.274,63.700,5.888,0.000,0.000
"07:00",0.000,5.939,63.700,5.530,0.000,0.000
"07:15",0.000,5.171,63.700,5.786,0.000,0.000
"07:30",0.000,5.939,63.700,5.069,0.000,0.000
"07:45",0.000,5.069,63.700,5.530,0.000,0.000
"08:00",0.000,5.530,63.700,4.864,0.000,0.000
"08:15",0.000,4.506,63.700,5.376,0.000,0.000
"08:30",0.000,4.864,63.700,4.557,0.000,0.000
"08:45",0.000,3.226,63.700,4.454,0.000,0.000
"09:00",1.075,1.382,63.700,2.355,0.000,0.000
"09:15",1.997,0.358,63.700,1.690,0.000,0.000
"09:30",2.867,0.000,63.700,0.410,0.000,0.000
"09:45",5.274,0.000,63.700,0.000,0.000,0.000
"10:00",4.301,0.051,63.700,0.256,0.000,0.000
"10:15",11.162,0.000,63.700,0.000,0.000,0.000
"10:30",10.701,0.000,63.800,0.000,0.000,0.000
"10:45",22.272,0.000,63.800,0.000,0.000,0.000
"11:00",17.101,0.000,63.800,0.000,0.000,0.000
"11:15",11.725,0.000,63.800,0.000,0.000,0.000
"11:30",62.515,0.000,63.800,0.000,0.000,0.358
"11:45",63.027,0.000,63.700,0.000,0.000,0.154
"12:00",42.957,0.000,63.700,0.000,0.000,0.102
"12:15",64.461,0.000,63.700,0.000,0.000,0.768
"12:30",63.744,1.126,63.800,0.000,1.382,7.629
"12:45",35.994,4.147,63.800,0.000,5.069,11.315
"13:00",89.805,0.000,63.800,0.000,0.000,0.563
"13:15",62.925,0.000,63.800,0.000,0.000,0.307
"13:30",25.088,0.000,63.800,0.000,0.000,0.000
"13:45",39.680,0.000,63.800,0.000,0.000,0.154
"14:00",9.779,0.000,63.800,0.000,0.000,0.000
"14:15",33.638,0.000,63.800,0.000,0.000,0.102
"14:30",80.128,0.000,63.800,0.000,0.000,0.461
"14:45",21.965,0.000,63.700,0.000,0.000,0.051
"15:00",44.595,0.000,63.700,0.000,0.000,0.154
"15:15",40.602,0.000,63.700,0.000,0.000,0.102
"15:30",75.315,0.000,63.700,0.000,0.000,0.000
"15:45",75.469,0.000,63.700,0.000,0.000,0.154
"16:00",67.174,0.000,63.700,0.000,0.000,0.000
"16:15",60.672,0.000,63.700,0.000,0.000,0.000
"16:30",53.760,0.000,63.700,0.000,0.000,0.102
"16:45",47.974,0.000,63.700,0.000,0.000,0.000
"17:00",41.933,0.000,63.700,0.000,0.000,0.000
"17:15",36.403,0.000,63.700,0.000,0.000,0.000
"17:30",29.952,0.000,63.800,0.000,0.000,0.000
"17:45",22.630,0.000,63.800,0.000,0.000,0.000
"18:00",16.742,0.000,63.800,0.000,0.000,0.000
"18:15",9.165,0.000,63.700,0.000,0.000,0.000
"18:30",2.048,0.768,63.700,1.382,0.000,0.000
"18:45",0.051,4.454,63.700,4.250,0.000,0.000
"19:00",0.000,6.298,63.700,4.198,0.000,0.000
"19:15",0.000,5.171,63.700,4.762,0.000,0.000
"19:30",0.000,5.632,63.700,3.942,0.000,0.000
"19:45",0.000,4.966,63.700,4.096,0.000,0.000
"20:00",0.000,4.659,63.700,4.710,0.000,0.000
"20:15",0.000,5.632,63.700,3.942,0.000,0.000
"20:30",0.000,4.813,63.700,4.710,0.000,0.000
"20:45",0.000,5.069,63.700,4.352,0.000,0.000
"21:00",0.000,4.710,63.700,4.608,0.000,0.000
"21:15",0.000,4.301,63.700,4.813,0.000,0.000
"21:30",0.000,5.274,63.700,3.942,0.000,0.000
"21:45",0.000,4.250,63.700,5.069,0.000,0.000
"22:00",0.000,4.762,63.700,5.018,0.000,0.000
"22:15",0.000,5.581,63.700,4.966,0.000,0.000
"22:30",0.000,4.352,63.700,5.530,0.000,0.000
"22:45",0.000,5.120,63.700,4.813,0.000,0.000
"23:00",0.000,4.250,63.700,5.376,0.000,0.000
"23:15",0.000,4.403,63.700,5.376,0.000,0.000
"23:30",0.000,5.120,63.800,4.813,0.000,0.000
"23:45",0.000,4.608,63.700,5.581,0.000,0.000
" 4/25/26 24:00",0.000,5.376,63.700,4.864,0.000,0.000
