"kwh"
"Time ","DAGSR01P","DAGSR01P","DAGSR01P","DAGSR01P","DAGSR01P","DAGSR01P"
" 2/20/26 00:15",0.000,102.042,63.600,0.000,49.306,0.000
" 2/20/26 00:30",0.000,102.195,63.600,0.000,48.845,0.000
"00:45",0.000,103.117,63.600,0.000,49.818,0.000
"01:00",0.000,102.861,63.600,0.000,49.818,0.000
"01:15",0.000,102.502,63.600,0.000,49.306,0.000
"01:30",0.000,101.837,63.600,0.000,49.357,0.000
"01:45",0.000,101.837,63.600,0.000,49.306,0.000
"02:00",0.000,101.734,63.600,0.000,49.306,0.000
"02:15",0.000,102.093,63.600,0.000,49.357,0.000
"02:30",0.000,102.656,63.600,0.000,49.971,0.000
"02:45",0.000,102.912,63.600,0.000,49.715,0.000
"03:00",0.000,102.707,63.600,0.000,49.818,0.000
"03:15",0.000,102.195,63.600,0.000,49.152,0.000
"03:30",0.000,101.786,63.600,0.000,49.306,0.000
"03:45",0.000,101.888,63.600,0.000,49.254,0.000
"04:00",0.000,101.888,63.600,0.000,49.408,0.000
"04:15",0.000,102.298,63.600,0.000,49.715,0.000
"04:30",0.000,102.554,63.600,0.000,49.818,0.000
"04:45",0.000,102.912,63.600,0.000,49.664,0.000
"05:00",0.000,102.144,63.600,0.000,49.101,0.000
"05:15",0.000,102.093,63.600,0.000,48.896,0.000
"05:30",0.000,101.990,63.600,0.000,49.050,0.000
"05:45",0.000,102.042,63.600,0.000,49.101,0.000
"06:00",0.000,102.861,63.600,0.000,49.459,0.000
"06:15",0.000,102.810,63.600,0.000,49.562,0.000
"06:30",0.000,102.195,63.600,0.000,49.306,0.000
"06:45",0.000,102.195,63.600,0.000,48.794,0.000
"07:00",0.000,102.502,63.600,0.000,48.845,0.000
"07:15",0.000,101.530,63.500,0.000,48.998,0.000
"07:30",0.000,100.813,63.500,0.000,49.306,0.000
"07:45",0.000,101.120,63.600,0.000,50.432,0.000
"08:00",0.000,98.202,63.600,0.000,50.278,0.000
"08:15",0.000,92.672,63.600,0.000,50.432,0.000
"08:30",0.000,74.342,63.600,0.000,43.469,0.000
"08:45",0.000,46.643,63.600,0.000,30.925,0.000
"09:00",0.000,70.707,63.500,0.000,50.995,0.000
"09:15",0.000,63.846,63.500,0.000,51.200,0.000
"09:30",0.000,57.907,63.500,0.000,50.534,0.000
"09:45",0.000,49.459,63.500,0.000,50.432,0.000
"10:00",0.000,42.394,63.500,0.000,50.330,0.000
"10:15",0.000,36.198,63.500,0.000,50.381,0.000
"10:30",0.000,29.184,63.500,0.000,50.483,0.000
"10:45",0.000,26.266,63.500,0.000,51.712,0.000
"11:00",0.000,20.019,63.500,0.000,53.248,0.000
"11:15",0.000,15.258,63.500,0.000,53.094,0.051
"11:30",0.000,9.626,63.500,0.000,52.941,0.000
"11:45",0.102,12.186,63.500,0.000,50.534,1.741
"12:00",0.512,12.544,63.500,0.000,42.342,9.677
"12:15",1.126,3.635,63.500,0.000,33.229,19.507
"12:30",2.099,5.837,63.500,0.000,22.528,29.952
"12:45",0.973,26.368,63.600,0.000,39.219,12.493
"13:00",0.512,16.640,63.600,0.000,44.851,7.936
"13:15",0.819,10.445,63.600,0.000,43.776,9.472
"13:30",0.973,11.878,63.600,0.000,42.342,11.008
"13:45",1.024,9.421,63.600,0.000,40.653,12.339
"14:00",0.512,26.522,63.600,0.000,45.312,6.246
"14:15",0.717,13.107,63.600,0.000,41.370,11.059
"14:30",0.410,15.667,63.600,0.000,47.002,7.014
"14:45",0.717,7.936,63.600,0.000,43.264,12.390
"15:00",0.358,20.480,63.600,0.000,47.462,7.373
"15:15",0.358,14.131,63.600,0.000,47.565,8.038
"15:30",0.307,35.328,63.600,0.000,48.947,5.478
"15:45",0.051,46.643,63.600,0.000,52.378,1.178
"16:00",0.410,26.010,63.600,0.000,48.128,5.632
"16:15",1.434,13.978,63.600,0.000,39.066,9.370
"16:30",0.819,21.555,63.600,0.000,37.222,3.226
"16:45",1.382,26.419,63.600,0.000,37.018,3.686
"17:00",0.000,42.394,63.600,0.000,41.882,0.000
"17:15",0.000,45.363,63.600,0.000,40.243,0.000
"17:30",0.000,54.630,63.600,0.000,39.322,0.000
"17:45",0.000,50.125,63.600,0.000,39.168,0.000
"18:00",0.000,47.411,63.600,0.000,38.707,0.000
"18:15",0.000,44.800,63.600,0.000,36.557,0.000
"18:30",0.000,55.654,63.600,0.000,36.813,0.000
"18:45",0.000,57.805,63.600,0.000,38.093,0.000
"19:00",0.000,60.314,63.600,0.000,38.246,0.000
"19:15",0.000,64.717,63.600,0.000,37.274,0.000
"19:30",0.000,66.867,63.600,0.000,37.376,0.000
"19:45",0.000,97.126,63.600,0.000,45.773,0.000
"20:00",0.000,70.246,63.600,0.000,37.018,0.000
"20:15",0.000,70.605,63.600,0.000,36.813,0.000
"20:30",0.000,70.861,63.600,0.000,37.069,0.000
"20:45",0.000,70.912,63.600,0.000,37.222,0.000
"21:00",0.000,71.014,63.600,0.000,37.376,0.000
"21:15",0.000,70.400,63.600,0.000,36.506,0.000
"21:30",0.000,70.400,63.600,0.000,36.557,0.000
"21:45",0.000,70.195,63.600,0.000,36.301,0.000
"22:00",0.000,70.656,63.600,0.000,36.301,0.000
"22:15",0.000,70.605,63.600,0.000,36.659,0.000
"22:30",0.000,71.117,63.600,0.000,37.376,0.000
"22:45",0.000,71.526,63.600,0.000,37.069,0.000
"23:00",0.000,70.502,63.600,0.000,36.659,0.000
"23:15",0.000,70.400,63.600,0.000,36.198,0.000
"23:30",0.000,70.554,63.600,0.000,36.454,0.000
"23:45",0.000,69.990,63.600,0.000,36.557,0.000
" 2/20/26 24:00",0.000,70.349,63.600,0.000,36.454,0.000
