"kwh"
"Time ","DAGSR01P","DAGSR01P","DAGSR01P","DAGSR01P","DAGSR01P","DAGSR01P"
" 8/25/26 00:15",0.000,38.093,63.700,0.000,15.462,0.000
" 8/25/26 00:30",0.000,36.915,63.700,0.000,14.592,0.000
"00:45",0.000,37.376,63.700,0.000,14.797,0.000
"01:00",0.000,37.632,63.700,0.000,14.950,0.000
"01:15",0.000,37.786,63.700,0.000,15.104,0.000
"01:30",0.000,40.294,63.700,0.000,16.742,0.000
"01:45",0.000,39.373,63.700,0.000,16.589,0.000
"02:00",0.000,39.219,63.700,0.000,16.333,0.000
"02:15",0.000,40.294,63.700,0.000,16.896,0.000
"02:30",0.000,38.912,63.700,0.000,16.230,0.000
"02:45",0.000,38.810,63.700,0.000,16.333,0.000
"03:00",0.000,39.834,63.700,0.000,16.640,0.000
"03:15",0.000,39.424,63.700,0.000,16.589,0.000
"03:30",0.000,39.270,63.700,0.000,16.384,0.000
"03:45",0.000,39.987,63.700,0.000,16.947,0.000
"04:00",0.000,39.270,63.700,0.000,16.128,0.000
"04:15",0.000,38.963,63.700,0.000,16.435,0.000
"04:30",0.000,40.192,63.700,0.000,16.486,0.000
"04:45",0.000,38.861,63.700,0.000,16.230,0.000
"05:00",0.000,39.373,63.700,0.000,16.589,0.000
"05:15",0.000,39.373,63.700,0.000,16.486,0.000
"05:30",0.000,38.963,63.700,0.000,15.667,0.000
"05:45",0.000,40.294,63.700,0.000,16.384,0.000
"06:00",0.000,39.885,63.700,0.000,16.026,0.000
"06:15",0.000,39.014,63.700,0.000,15.923,0.000
"06:30",0.000,39.731,63.700,0.000,15.923,0.000
"06:45",0.000,39.475,63.700,0.000,16.230,0.000
"07:00",0.000,40.346,63.700,0.000,16.128,0.000
"07:15",0.000,40.653,63.700,0.000,16.742,0.000
"07:30",0.000,38.963,63.700,0.000,15.770,0.000
"07:45",0.000,39.270,63.600,0.000,15.872,0.000
"08:00",0.000,39.731,63.600,0.000,16.230,0.000
"08:15",0.000,38.554,63.600,0.000,16.742,0.000
"08:30",0.000,33.690,63.700,0.000,16.282,0.000
"08:45",0.000,31.795,63.600,0.000,16.691,0.000
"09:00",0.000,28.774,63.600,0.000,16.896,0.000
"09:15",0.000,20.224,63.600,0.000,16.384,0.000
"09:30",0.000,13.824,63.300,0.205,13.363,0.000
"09:45",0.000,26.675,63.600,0.000,16.230,0.000
"10:00",0.000,11.725,63.700,0.000,16.589,0.102
"10:15",3.482,6.246,63.700,0.000,12.442,4.762
"10:30",20.685,2.714,63.600,0.000,5.888,11.315
"10:45",44.083,0.051,63.600,0.000,0.614,17.050
"11:00",0.051,7.680,63.600,0.000,16.282,0.410
"11:15",25.856,0.256,63.600,0.000,1.843,15.616
"11:30",52.941,0.051,63.600,0.000,0.256,18.483
"11:45",21.094,0.051,63.700,0.000,0.256,17.254
"12:00",8.550,0.358,63.700,0.000,3.277,14.080
"12:15",37.171,0.000,63.700,0.000,0.000,19.149
"12:30",39.782,0.000,63.700,0.000,0.000,18.534
"12:45",50.534,0.102,63.300,0.102,0.000,14.950
"13:00",0.000,18.125,63.400,0.205,10.701,0.000
"13:15",12.851,3.738,63.300,0.000,3.840,11.264
"13:30",19.405,0.358,63.100,0.000,2.765,12.390
"13:45",37.325,0.000,63.400,0.000,0.000,17.101
"14:00",29.440,0.000,63.400,0.000,0.000,16.794
"14:15",69.990,0.000,63.300,0.000,0.000,18.381
"14:30",68.352,0.000,63.100,0.000,0.000,16.998
"14:45",58.112,0.000,63.300,0.000,0.000,17.562
"15:00",38.861,0.256,63.100,0.000,1.280,15.718
"15:15",13.926,0.563,62.700,0.000,2.406,10.803
"15:30",58.010,0.000,62.400,0.000,0.000,14.336
"15:45",40.243,0.000,62.100,0.000,0.000,12.237
"16:00",18.534,2.099,62.500,0.000,2.662,10.650
"16:15",37.837,0.000,62.800,0.000,0.000,13.158
"16:30",9.574,1.792,62.600,0.000,2.970,7.885
"16:45",2.867,4.454,62.600,0.000,6.451,3.379
"17:00",7.629,1.434,63.100,0.000,4.301,8.755
"17:15",4.352,1.126,62.900,0.000,2.970,5.581
"17:30",0.000,21.299,63.200,0.256,10.138,0.000
"17:45",1.536,6.912,63.500,0.000,9.882,3.686
"18:00",0.000,18.432,63.600,0.000,14.490,0.102
"18:15",0.000,12.954,63.900,0.000,15.514,0.000
"18:30",0.000,23.757,63.900,0.000,15.923,0.000
"18:45",0.000,29.696,63.900,0.000,15.155,0.000
"19:00",0.000,34.662,63.700,0.000,14.234,0.000
"19:15",0.000,36.659,63.300,0.000,12.493,0.000
"19:30",0.000,36.250,63.500,0.000,12.698,0.000
"19:45",0.000,36.403,63.500,0.000,12.749,0.000
"20:00",0.000,35.635,63.300,0.000,11.776,0.000
"20:15",0.000,36.045,63.400,0.000,12.698,0.000
"20:30",0.000,37.786,63.600,0.000,14.131,0.000
"20:45",0.000,37.530,64.000,0.000,15.974,0.000
"21:00",0.000,37.171,64.000,0.000,15.514,0.000
"21:15",0.000,37.274,64.000,0.000,15.974,0.000
"21:30",0.000,36.608,64.000,0.000,15.872,0.000
"21:45",0.000,37.888,63.900,0.000,15.923,0.000
"22:00",0.000,36.250,63.400,0.000,12.442,0.000
"22:15",0.000,36.557,63.400,0.000,12.493,0.000
"22:30",0.000,37.478,63.500,0.000,13.363,0.000
"22:45",0.000,36.915,63.700,0.000,13.875,0.000
"23:00",0.000,36.454,63.900,0.000,14.797,0.000
"23:15",0.000,37.632,63.700,0.000,14.592,0.000
"23:30",0.000,36.659,63.500,0.000,12.698,0.000
"23:45",0.000,37.120,63.800,0.000,14.285,0.000
" 8/25/26 24:00",0.000,36.454,63.300,0.000,12.083,0.000
