"kwh"
"Time ","DAGSR01P","DAGSR01P","DAGSR01P","DAGSR01P","DAGSR01P","DAGSR01P"
" 5/29/26 00:15",0.000,5.888,63.500,5.990,0.000,0.000
"00:30",0.000,4.864,63.600,6.093,0.000,0.000
"00:45",0.000,4.915,63.700,5.376,0.000,0.000
"01:00",0.000,6.298,63.900,3.942,0.000,0.000
"01:15",0.000,4.966,63.400,6.605,0.000,0.000
"01:30",0.000,4.454,63.200,7.526,0.000,0.000
"01:45",0.000,5.478,63.300,6.656,0.000,0.000
"02:00",0.000,4.301,63.400,6.707,0.000,0.000
"02:15",0.000,4.096,63.500,6.400,0.000,0.000
"02:30",0.000,5.581,63.600,5.530,0.000,0.000
"02:45",0.000,5.222,63.500,5.837,0.000,0.000
"03:00",0.000,4.864,63.600,5.530,0.000,0.000
"03:15",0.000,4.557,63.700,5.683,0.000,0.000
"03:30",0.000,5.376,63.700,5.120,0.000,0.000
"03:45",0.000,4.250,63.800,5.786,0.000,0.000
"04:00",0.000,4.301,63.700,5.734,0.000,0.000
"04:15",0.000,4.762,63.600,5.786,0.000,0.000
"04:30",0.000,4.352,63.600,5.990,0.000,0.000
"04:45",0.000,4.096,63.600,6.195,0.000,0.000
"05:00",0.000,4.454,63.700,5.990,0.000,0.000
"05:15",0.000,5.274,63.600,5.222,0.000,0.000
"05:30",0.000,4.147,63.600,5.939,0.000,0.000
"05:45",0.000,4.147,63.600,6.042,0.000,0.000
"06:00",0.000,5.018,63.500,5.888,0.000,0.000
"06:15",0.000,3.994,63.400,7.219,0.000,0.000
"06:30",0.000,4.352,63.100,8.141,0.000,0.000
"06:45",0.000,4.864,63.200,7.731,0.000,0.000
"07:00",0.000,4.864,63.300,7.117,0.000,0.000
"07:15",0.000,4.147,63.500,6.656,0.000,0.000
"07:30",0.000,4.762,63.300,6.861,0.000,0.000
"07:45",0.000,5.683,63.200,6.605,0.000,0.000
"08:00",0.000,5.734,63.200,7.219,0.000,0.000
"08:15",0.000,5.581,63.100,7.731,0.000,0.000
"08:30",0.000,5.837,63.600,5.530,0.256,0.000
"08:45",0.102,2.918,63.600,4.813,0.000,0.000
"09:00",0.051,2.662,63.600,4.557,0.000,0.000
"09:15",0.461,1.638,63.600,3.226,0.000,0.000
"09:30",3.123,0.154,63.600,0.512,0.000,0.000
"09:45",2.304,0.256,63.600,1.587,0.000,0.000
"10:00",1.536,0.666,63.600,1.894,0.000,0.000
"10:15",3.379,0.102,63.600,0.819,0.000,0.000
"10:30",5.069,0.000,63.600,0.000,0.000,0.000
"10:45",5.376,0.000,63.600,0.000,0.000,0.000
"11:00",6.912,0.000,63.700,0.000,0.000,0.000
"11:15",8.499,0.000,63.700,0.000,0.000,0.000
"11:30",10.189,0.000,63.600,0.000,0.000,0.000
"11:45",12.646,0.000,63.600,0.000,0.000,0.000
"12:00",17.766,0.000,63.600,0.000,0.000,0.000
"12:15",22.221,0.000,63.600,0.000,0.000,0.000
"12:30",27.494,0.000,63.600,0.000,0.000,0.000
"12:45",32.768,0.000,63.600,0.000,0.000,0.000
"13:00",34.662,0.000,63.600,0.000,0.000,0.000
"13:15",43.162,0.000,63.600,0.000,0.000,0.000
"13:30",47.718,0.000,63.600,0.000,0.000,0.000
"13:45",43.674,0.000,63.600,0.000,0.000,0.000
"14:00",34.714,0.000,63.600,0.000,0.051,1.792
"14:15",33.075,0.051,63.700,0.000,0.563,1.331
"14:30",30.362,0.000,63.700,0.000,0.000,0.000
"14:45",33.178,0.000,63.700,0.000,0.000,0.000
"15:00",43.878,0.000,63.600,0.000,0.000,0.000
"15:15",47.104,0.000,63.600,0.000,0.000,0.000
"15:30",35.379,0.000,63.600,0.000,0.000,0.000
"15:45",28.365,0.000,63.700,0.000,0.000,0.000
"16:00",30.259,0.000,63.600,0.000,0.000,0.000
"16:15",38.144,0.000,63.600,0.000,0.000,0.000
"16:30",17.869,0.000,63.600,0.000,0.000,0.000
"16:45",7.629,0.000,63.600,0.000,0.000,0.000
"17:00",4.454,0.102,63.600,0.768,0.000,0.000
"17:15",1.382,0.666,63.600,2.150,0.000,0.000
"17:30",0.614,1.690,63.700,2.714,0.000,0.000
"17:45",0.410,2.253,63.700,3.072,0.000,0.000
"18:00",0.154,3.738,63.700,3.789,0.000,0.000
"18:15",0.000,4.966,63.700,4.608,0.000,0.000
"18:30",0.000,5.837,63.600,5.222,0.000,0.000
"18:45",0.000,6.298,63.600,4.710,0.000,0.000
"19:00",0.000,5.990,63.600,4.915,0.000,0.000
"19:15",0.000,5.427,63.600,5.120,0.000,0.000
"19:30",0.000,5.632,63.600,5.018,0.000,0.000
"19:45",0.000,5.990,63.600,4.659,0.000,0.000
"20:00",0.000,5.376,63.600,5.478,0.000,0.000
"20:15",0.000,4.762,63.600,5.530,0.000,0.000
"20:30",0.000,5.478,63.600,4.915,0.000,0.000
"20:45",0.000,4.915,63.600,5.376,0.000,0.000
"21:00",0.000,5.427,63.700,4.966,0.000,0.000
"21:15",0.000,5.171,63.700,4.915,0.000,0.000
"21:30",0.000,4.966,63.700,5.376,0.000,0.000
"21:45",0.000,5.581,63.700,5.171,0.000,0.000
"22:00",0.000,5.530,63.700,5.530,0.000,0.000
"22:15",0.000,4.762,63.700,5.888,0.000,0.000
"22:30",0.000,5.581,63.700,5.069,0.000,0.000
"22:45",0.000,5.018,63.700,5.632,0.000,0.000
"23:00",0.000,5.069,63.700,5.786,0.000,0.000
"23:15",0.000,5.939,63.600,5.734,0.000,0.000
"23:30",0.000,4.659,63.700,6.861,0.000,0.000
"23:45",0.000,4.710,63.700,6.963,0.000,0.000
" 5/29/26 24:00",0.000,4.198,63.700,6.605,0.000,0.000
