"kwh"
"Time ","DAGSR01P","DAGSR01P","DAGSR01P","DAGSR01P","DAGSR01P","DAGSR01P"
" 2/17/26 00:15",0.000,5.120,63.600,6.400,0.000,0.000
" 2/17/26 00:30",0.000,4.250,63.600,7.322,0.000,0.000
"00:45",0.000,4.147,63.600,7.526,0.000,0.000
"01:00",0.000,4.198,63.600,7.578,0.000,0.000
"01:15",0.000,4.198,63.600,7.424,0.000,0.000
"01:30",0.000,4.557,63.600,7.066,0.000,0.000
"01:45",0.000,5.018,63.600,6.707,0.000,0.000
"02:00",0.000,5.171,63.600,6.605,0.000,0.000
"02:15",0.000,5.888,63.600,6.554,0.000,0.000
"02:30",0.000,7.066,63.600,5.786,0.000,0.000
"02:45",0.000,6.963,63.600,5.990,0.000,0.000
"03:00",0.000,7.014,63.600,6.093,0.000,0.000
"03:15",0.000,7.014,63.600,5.939,0.000,0.000
"03:30",0.000,7.629,63.600,5.478,0.000,0.000
"03:45",0.000,7.885,63.600,5.325,0.000,0.000
"04:00",0.000,8.090,63.600,5.120,0.000,0.000
"04:15",0.000,7.322,63.600,5.888,0.000,0.000
"04:30",0.000,7.014,63.600,5.939,0.000,0.000
"04:45",0.000,7.373,63.600,5.888,0.000,0.000
"05:00",0.000,7.066,63.600,6.042,0.000,0.000
"05:15",0.000,7.014,63.600,6.042,0.000,0.000
"05:30",0.000,7.731,63.600,5.427,0.000,0.000
"05:45",0.000,7.782,63.600,5.325,0.000,0.000
"06:00",0.000,7.373,63.600,5.632,0.000,0.000
"06:15",0.000,6.963,63.600,5.786,0.000,0.000
"06:30",0.000,5.069,63.600,6.758,0.000,0.000
"06:45",0.000,4.301,63.600,7.117,0.000,0.000
"07:00",0.000,4.352,63.600,7.219,0.000,0.000
"07:15",0.000,5.018,63.600,6.656,0.000,0.000
"07:30",0.000,5.325,63.600,6.758,0.000,0.000
"07:45",0.000,4.198,63.600,6.298,0.000,0.000
"08:00",0.051,3.226,63.600,5.888,0.000,0.000
"08:15",0.461,2.355,63.600,4.301,0.000,0.000
"08:30",1.587,0.973,63.600,3.482,0.000,0.000
"08:45",9.216,0.000,63.600,0.000,0.000,0.000
"09:00",14.336,0.000,63.600,0.000,0.000,0.000
"09:15",8.960,0.000,63.600,0.000,0.000,0.000
"09:30",14.899,0.000,63.600,0.000,0.000,0.000
"09:45",16.230,0.000,63.700,0.000,0.000,0.000
"10:00",18.278,0.000,63.700,0.000,0.000,0.000
"10:15",19.712,0.000,63.700,0.000,0.000,0.000
"10:30",33.126,0.000,63.700,0.000,0.000,0.000
"10:45",48.947,0.000,63.700,0.000,0.000,0.000
"11:00",31.334,0.000,63.700,0.000,0.000,0.000
"11:15",46.899,0.000,63.700,0.000,0.000,0.000
"11:30",47.770,0.000,63.700,0.000,0.000,0.000
"11:45",42.803,0.000,63.700,0.000,0.000,0.000
"12:00",54.067,0.000,63.700,0.000,0.000,0.051
"12:15",68.659,0.000,63.700,0.000,0.000,0.051
"12:30",52.736,0.000,63.700,0.000,0.000,0.000
"12:45",41.626,0.000,63.700,0.000,0.000,0.000
"13:00",58.061,0.000,63.700,0.000,0.000,0.154
"13:15",46.541,0.000,63.700,0.000,0.000,0.051
"13:30",48.998,0.000,63.700,0.000,0.000,0.051
"13:45",41.011,0.000,63.700,0.000,0.000,0.000
"14:00",83.661,0.000,63.700,0.000,0.000,0.307
"14:15",94.925,0.000,63.700,0.000,0.000,0.614
"14:30",71.526,0.000,63.700,0.000,0.000,0.307
"14:45",77.517,0.000,63.700,0.000,0.000,0.410
"15:00",78.234,0.000,63.700,0.000,0.000,0.512
"15:15",90.010,0.000,63.700,0.000,0.000,0.614
"15:30",90.624,0.000,63.700,0.000,0.000,0.358
"15:45",87.552,0.000,63.700,0.000,0.000,0.358
"16:00",83.610,0.000,63.700,0.000,0.000,0.256
"16:15",79.360,0.000,63.700,0.000,0.000,0.256
"16:30",70.963,0.000,63.600,0.000,0.000,0.870
"16:45",41.216,0.000,63.600,0.000,0.000,6.349
"17:00",29.542,0.000,63.600,0.000,0.000,7.270
"17:15",24.320,0.000,63.600,0.000,0.000,6.605
"17:30",18.586,0.000,63.600,0.000,0.000,6.400
"17:45",12.186,0.000,63.600,0.000,0.000,6.246
"18:00",23.040,0.000,63.600,0.000,0.000,2.816
"18:15",31.130,0.000,63.600,0.000,0.000,0.051
"18:30",24.115,0.000,63.600,0.000,0.000,0.051
"18:45",17.357,0.000,63.600,0.000,0.000,0.000
"19:00",10.650,0.000,63.600,0.000,0.000,0.000
"19:15",4.301,0.051,63.600,0.666,0.000,0.000
"19:30",0.358,2.714,63.600,3.430,0.000,0.000
"19:45",0.000,6.093,63.600,4.096,0.000,0.000
"20:00",0.000,8.755,63.600,3.584,0.000,0.000
"20:15",0.000,8.806,63.600,4.147,0.000,0.000
"20:30",0.000,8.038,63.600,5.120,0.000,0.000
"20:45",0.000,5.069,63.600,6.912,0.000,0.000
"21:00",0.000,4.966,63.600,6.912,0.000,0.000
"21:15",0.000,5.018,63.600,7.014,0.000,0.000
"21:30",0.000,5.069,63.600,6.758,0.000,0.000
"21:45",0.000,5.581,63.600,6.195,0.000,0.000
"22:00",0.000,5.837,63.600,6.298,0.000,0.000
"22:15",0.000,5.837,63.600,6.298,0.000,0.000
"22:30",0.000,5.171,63.600,6.861,0.000,0.000
"22:45",0.000,5.325,63.600,7.526,0.000,0.000
"23:00",0.000,5.376,63.600,7.731,0.000,0.000
"23:15",0.000,4.915,63.600,7.373,0.000,0.000
"23:30",0.000,5.069,63.600,7.066,0.000,0.000
"23:45",0.000,5.683,63.600,6.400,0.000,0.000
" 2/17/26 24:00",0.000,5.581,63.600,6.400,0.000,0.000
