"kwh"
"Time ","DAGSR01P","DAGSR01P","DAGSR01P","DAGSR01P","DAGSR01P","DAGSR01P"
" 3/07/26 00:15",0.000,3.891,63.700,7.526,0.000,0.000
" 3/07/26 00:30",0.000,4.096,63.700,7.731,0.000,0.000
"00:45",0.000,4.096,63.700,7.629,0.000,0.000
"01:00",0.000,4.557,63.700,7.782,0.000,0.000
"01:15",0.000,4.454,63.700,7.834,0.000,0.000
"01:30",0.000,4.198,63.700,7.987,0.000,0.000
"01:45",0.000,4.045,63.700,8.038,0.000,0.000
"02:00",0.000,3.942,63.700,8.192,0.000,0.000
"02:15",0.000,3.942,63.700,8.243,0.000,0.000
"02:30",0.000,4.250,63.700,8.141,0.000,0.000
"02:45",0.000,4.301,63.700,8.294,0.000,0.000
"03:00",0.000,4.198,63.700,8.243,0.000,0.000
"03:15",0.000,4.045,63.700,8.397,0.000,0.000
"03:30",0.000,4.198,63.600,8.294,0.000,0.000
"03:45",0.000,3.994,63.700,8.243,0.000,0.000
"04:00",0.000,3.942,63.700,8.397,0.000,0.000
"04:15",0.000,3.840,63.700,8.397,0.000,0.000
"04:30",0.000,4.045,63.700,7.885,0.000,0.000
"04:45",0.000,3.994,63.700,8.294,0.000,0.000
"05:00",0.000,3.789,63.700,8.499,0.000,0.000
"05:15",0.000,4.045,63.700,8.499,0.000,0.000
"05:30",0.000,3.994,63.700,8.448,0.000,0.000
"05:45",0.000,3.789,63.700,8.602,0.000,0.000
"06:00",0.000,3.891,63.700,8.653,0.000,0.000
"06:15",0.000,4.045,63.700,8.704,0.000,0.000
"06:30",0.000,3.891,63.700,8.448,0.000,0.000
"06:45",0.000,3.891,63.700,8.397,0.000,0.000
"07:00",0.000,4.301,63.700,8.550,0.000,0.000
"07:15",0.000,4.096,63.700,8.499,0.000,0.000
"07:30",0.000,4.198,63.700,8.294,0.000,0.000
"07:45",0.102,3.174,63.700,7.475,0.000,0.000
"08:00",0.102,2.714,63.700,6.298,0.000,0.000
"08:15",0.819,1.638,63.700,5.222,0.000,0.000
"08:30",1.382,0.563,63.700,4.659,0.000,0.000
"08:45",4.864,0.000,63.700,0.000,0.000,0.000
"09:00",18.176,0.000,63.700,0.000,0.000,0.000
"09:15",18.074,0.000,63.700,0.000,0.000,0.000
"09:30",18.637,0.000,63.600,0.000,0.000,0.000
"09:45",21.709,0.000,63.600,0.000,0.000,0.000
"10:00",25.498,0.000,63.700,0.000,0.000,0.000
"10:15",40.243,0.000,63.700,0.000,0.000,0.000
"10:30",38.093,0.000,63.700,0.000,0.000,0.000
"10:45",41.472,0.000,63.700,0.000,0.000,0.000
"11:00",43.571,0.000,63.700,0.000,0.000,0.000
"11:15",25.856,0.000,63.700,0.000,0.000,0.000
"11:30",37.376,0.000,63.700,0.000,0.000,0.000
"11:45",62.259,0.000,63.700,0.000,0.000,0.000
"12:00",68.864,0.000,63.700,0.000,0.000,0.000
"12:15",86.579,0.000,63.700,0.000,0.000,0.000
"12:30",77.056,0.000,63.700,0.000,0.000,0.000
"12:45",94.310,0.000,63.700,0.000,0.000,0.000
"13:00",93.645,0.000,63.700,0.000,0.000,0.000
"13:15",75.930,0.000,63.600,0.000,0.000,0.000
"13:30",77.056,0.000,63.700,0.000,0.000,0.000
"13:45",92.467,0.000,63.700,0.000,0.000,0.000
"14:00",68.352,0.000,63.700,0.000,0.000,0.000
"14:15",91.034,0.000,63.700,0.000,0.000,0.000
"14:30",83.610,0.000,63.600,0.000,0.000,0.051
"14:45",31.232,0.000,63.700,0.000,0.000,0.000
"15:00",54.835,0.000,63.700,0.000,0.000,0.000
"15:15",34.970,0.000,63.700,0.000,0.000,0.000
"15:30",16.640,0.000,63.700,0.000,0.000,0.000
"15:45",21.350,0.000,63.700,0.000,0.000,0.000
"16:00",45.824,0.000,63.700,0.000,0.000,0.000
"16:15",86.067,0.000,63.700,0.000,0.000,0.000
"16:30",77.722,0.000,63.700,0.000,0.000,0.000
"16:45",67.379,0.000,63.700,0.000,0.000,0.000
"17:00",66.918,0.000,63.700,0.000,0.000,0.000
"17:15",56.320,0.000,63.700,0.000,0.000,0.000
"17:30",30.157,0.000,63.700,0.000,0.000,0.000
"17:45",42.291,0.000,63.600,0.000,0.000,0.000
"18:00",42.496,0.000,63.600,0.000,0.000,0.000
"18:15",18.995,0.000,63.700,0.000,0.000,0.000
"18:30",25.190,0.000,63.700,0.000,0.000,0.000
"18:45",16.538,0.000,63.700,0.000,0.000,0.000
"19:00",8.397,0.000,63.700,0.000,0.000,0.000
"19:15",2.662,0.051,63.700,1.075,0.000,0.000
"19:30",0.410,2.048,63.700,5.018,0.000,0.000
"19:45",0.000,3.584,63.700,6.605,0.000,0.000
"20:00",0.000,4.352,63.700,6.963,0.000,0.000
"20:15",0.000,4.250,63.700,6.861,0.000,0.000
"20:30",0.000,4.198,63.700,6.861,0.000,0.000
"20:45",0.000,4.301,63.700,7.270,0.000,0.000
"21:00",0.000,4.301,63.700,7.270,0.000,0.000
"21:15",0.000,4.557,63.700,7.066,0.000,0.000
"21:30",0.000,4.198,63.700,7.424,0.000,0.000
"21:45",0.000,4.403,63.700,7.219,0.000,0.000
"22:00",0.000,4.608,63.700,7.168,0.000,0.000
"22:15",0.000,4.301,63.700,6.963,0.000,0.000
"22:30",0.000,4.250,63.700,6.963,0.000,0.000
"22:45",0.000,4.250,63.700,7.117,0.000,0.000
"23:00",0.000,4.147,63.700,7.117,0.000,0.000
"23:15",0.000,4.659,63.700,7.168,0.000,0.000
"23:30",0.000,4.813,63.700,7.475,0.000,0.000
"23:45",0.000,4.198,63.700,7.424,0.000,0.000
" 3/07/26 24:00",0.000,4.403,63.700,7.373,0.000,0.000
