"kwh"
"Time ","DAGSR01P","DAGSR01P","DAGSR01P","DAGSR01P","DAGSR01P","DAGSR01P"
" 9/07/26 00:15",0.000,67.789,63.700,0.000,26.368,0.000
" 9/07/26 00:30",0.000,68.352,63.700,0.000,26.266,0.000
"00:45",0.000,69.018,63.700,0.000,26.829,0.000
"01:00",0.000,68.352,63.700,0.000,26.214,0.000
"01:15",0.000,67.738,63.700,0.000,26.317,0.000
"01:30",0.000,68.096,63.700,0.000,26.778,0.000
"01:45",0.000,67.533,63.700,0.000,25.805,0.000
"02:00",0.000,67.533,63.800,0.000,26.010,0.000
"02:15",0.000,68.198,63.700,0.000,26.419,0.000
"02:30",0.000,67.328,63.700,0.000,26.010,0.000
"02:45",0.000,67.328,63.800,0.000,25.754,0.000
"03:00",0.000,68.506,63.700,0.000,25.805,0.000
"03:15",0.000,68.096,63.700,0.000,26.163,0.000
"03:30",0.000,67.328,63.700,0.000,26.061,0.000
"03:45",0.000,67.994,63.700,0.000,26.419,0.000
"04:00",0.000,67.686,63.700,0.000,26.266,0.000
"04:15",0.000,67.277,63.700,0.000,26.163,0.000
"04:30",0.000,67.174,63.700,0.000,26.112,0.000
"04:45",0.000,67.789,63.700,0.000,26.317,0.000
"05:00",0.000,68.250,63.700,0.000,26.368,0.000
"05:15",0.000,67.942,63.700,0.000,26.573,0.000
"05:30",0.000,68.045,63.700,0.000,26.726,0.000
"05:45",0.000,69.222,63.700,0.000,27.392,0.000
"06:00",0.000,68.096,63.700,0.000,26.266,0.000
"06:15",0.000,67.686,63.700,0.000,25.754,0.000
"06:30",0.000,68.506,63.700,0.000,26.368,0.000
"06:45",0.000,67.891,63.700,0.000,26.368,0.000
"07:00",0.000,67.840,63.700,0.000,26.368,0.000
"07:15",0.000,67.994,63.700,0.000,26.624,0.000
"07:30",0.000,67.840,63.700,0.000,26.624,0.000
"07:45",0.000,67.430,63.700,0.000,26.573,0.000
"08:00",0.000,65.741,63.700,0.000,27.085,0.000
"08:15",0.000,57.446,63.700,0.000,27.597,0.000
"08:30",0.000,49.459,63.700,0.000,26.829,0.000
"08:45",0.000,40.448,63.700,0.000,26.624,0.000
"09:00",0.000,52.992,63.700,0.000,39.731,0.000
"09:15",0.000,54.989,63.700,0.000,46.336,0.000
"09:30",0.000,78.694,63.700,0.000,67.533,0.000
"09:45",0.000,70.298,63.700,0.000,69.683,0.000
"10:00",0.000,61.594,63.700,0.000,68.864,0.000
"10:15",0.000,55.859,63.700,0.000,68.506,0.000
"10:30",0.000,40.550,63.700,0.000,65.485,0.000
"10:45",0.563,31.232,63.700,0.000,48.538,6.758
"11:00",0.512,6.349,63.700,0.000,42.189,13.926
"11:15",2.458,1.946,63.700,0.000,22.170,34.253
"11:30",5.786,9.984,63.700,0.000,18.586,37.581
"11:45",6.605,10.752,63.700,0.000,19.251,37.376
"12:00",1.997,29.286,63.700,0.000,42.957,11.827
"12:15",6.400,10.854,63.700,0.000,21.914,34.406
"12:30",2.662,23.757,63.700,0.000,40.755,14.797
"12:45",0.256,28.006,63.700,0.000,53.504,1.894
"13:00",0.870,27.443,63.700,0.000,48.845,6.605
"13:15",6.093,14.541,63.700,0.000,26.726,29.286
"13:30",9.523,6.912,63.700,0.000,9.370,47.872
"13:45",4.301,25.907,63.700,0.000,32.410,22.886
"14:00",11.520,0.000,63.700,0.000,0.000,57.088
"14:15",10.138,5.734,63.700,0.000,8.346,48.179
"14:30",10.598,0.614,63.700,0.000,2.150,54.989
"14:45",0.870,19.149,63.700,0.000,65.178,4.096
"15:00",0.000,23.808,63.700,0.000,70.605,0.000
"15:15",4.147,10.496,63.700,0.000,28.774,28.467
"15:30",4.454,0.717,63.600,0.000,12.646,35.533
"15:45",1.126,2.611,63.600,0.000,22.835,25.702
"16:00",0.051,25.139,63.600,0.000,58.726,2.202
"16:15",0.000,45.517,63.600,0.000,69.222,0.000
"16:30",0.000,51.558,63.600,0.000,68.352,0.000
"16:45",0.000,59.853,63.600,0.000,68.915,0.000
"17:00",0.000,66.304,63.600,0.000,68.352,0.000
"17:15",0.000,75.469,63.600,0.000,68.813,0.000
"17:30",0.000,82.637,63.700,0.000,67.226,0.000
"17:45",0.000,91.597,63.700,0.000,67.584,0.000
"18:00",0.000,100.045,63.700,0.000,67.635,0.000
"18:15",0.000,109.158,63.700,0.000,67.328,0.000
"18:30",0.000,119.040,63.700,0.000,67.891,0.000
"18:45",0.000,126.259,63.700,0.000,67.686,0.000
"19:00",0.000,132.710,63.600,0.000,68.147,0.000
"19:15",0.000,134.605,63.600,0.000,67.482,0.000
"19:30",0.000,135.322,63.600,0.000,67.277,0.000
"19:45",0.000,135.987,63.600,0.000,67.277,0.000
"20:00",0.000,135.834,63.600,0.000,67.328,0.000
"20:15",0.000,135.782,63.600,0.000,67.789,0.000
"20:30",0.000,135.782,63.600,0.000,67.789,0.000
"20:45",0.000,135.270,63.600,0.000,67.482,0.000
"21:00",0.000,136.192,63.600,0.000,68.096,0.000
"21:15",0.000,135.014,63.600,0.000,67.482,0.000
"21:30",0.000,136.397,63.600,0.000,67.942,0.000
"21:45",0.000,135.373,63.600,0.000,67.482,0.000
"22:00",0.000,135.475,63.600,0.000,67.994,0.000
"22:15",0.000,135.117,63.600,0.000,67.738,0.000
"22:30",0.000,134.656,63.600,0.000,67.533,0.000
"22:45",0.000,136.090,63.600,0.000,68.045,0.000
"23:00",0.000,135.680,63.600,0.000,67.430,0.000
"23:15",0.000,135.014,63.600,0.000,67.482,0.000
"23:30",0.000,135.987,63.600,0.000,67.738,0.000
"23:45",0.000,135.270,63.600,0.000,67.379,0.000
" 9/07/26 24:00",0.000,135.526,63.600,0.000,67.174,0.000
