"kwh"
"Time ","DAGSR01P","DAGSR01P","DAGSR01P","DAGSR01P","DAGSR01P","DAGSR01P"
" 9/10/26 00:15",0.000,103.424,63.600,0.000,48.998,0.000
" 9/10/26 00:30",0.000,103.168,63.600,0.000,48.230,0.000
"00:45",0.000,102.707,63.700,0.000,48.384,0.000
"01:00",0.000,103.322,63.700,0.000,49.101,0.000
"01:15",0.000,102.042,63.700,0.000,48.691,0.000
"01:30",0.000,102.042,63.700,0.000,48.640,0.000
"01:45",0.000,103.117,63.700,0.000,48.794,0.000
"02:00",0.000,102.349,63.600,0.000,48.538,0.000
"02:15",0.000,102.195,63.600,0.000,48.435,0.000
"02:30",0.000,102.912,63.600,0.000,48.947,0.000
"02:45",0.000,102.144,63.600,0.000,48.384,0.000
"03:00",0.000,102.810,63.600,0.000,49.203,0.000
"03:15",0.000,103.475,63.600,0.000,49.562,0.000
"03:30",0.000,102.298,63.600,0.000,48.486,0.000
"03:45",0.000,101.786,63.600,0.000,48.384,0.000
"04:00",0.000,102.810,63.600,0.000,48.896,0.000
"04:15",0.000,101.632,63.600,0.000,48.486,0.000
"04:30",0.000,101.939,63.600,0.000,48.282,0.000
"04:45",0.000,102.246,63.600,0.000,48.691,0.000
"05:00",0.000,101.478,63.600,0.000,47.821,0.000
"05:15",0.000,101.120,63.600,0.000,48.026,0.000
"05:30",0.000,101.888,63.600,0.000,48.486,0.000
"05:45",0.000,101.376,63.600,0.000,47.923,0.000
"06:00",0.000,102.195,63.600,0.000,47.565,0.000
"06:15",0.000,102.502,63.600,0.000,48.538,0.000
"06:30",0.000,101.632,63.700,0.000,48.026,0.000
"06:45",0.000,101.530,63.600,0.000,47.821,0.000
"07:00",0.000,102.246,63.600,0.000,48.384,0.000
"07:15",0.000,101.683,63.600,0.000,47.872,0.000
"07:30",0.000,102.451,63.600,0.000,47.974,0.000
"07:45",0.000,103.219,63.600,0.000,48.691,0.000
"08:00",0.000,100.045,63.600,0.000,48.230,0.000
"08:15",0.000,78.950,63.600,0.000,41.114,0.000
"08:30",0.000,53.760,63.700,0.000,30.771,0.000
"08:45",0.000,22.733,63.700,0.000,14.285,0.000
"09:00",0.000,16.947,63.700,0.000,14.285,0.000
"09:15",0.102,14.131,63.700,0.000,14.541,0.614
"09:30",0.000,35.635,63.700,0.000,33.587,0.000
"09:45",0.000,35.430,63.700,0.000,34.202,0.000
"10:00",0.461,19.251,63.700,0.000,30.874,4.966
"10:15",1.741,9.370,63.700,0.000,27.597,7.680
"10:30",2.406,13.158,63.700,0.000,27.341,7.424
"10:45",0.051,30.976,63.700,0.000,35.430,0.307
"11:00",0.102,27.187,63.700,0.000,34.458,0.922
"11:15",2.918,11.622,63.700,0.000,26.982,9.062
"11:30",8.141,9.984,63.700,0.000,18.074,17.562
"11:45",7.782,6.451,63.700,0.000,12.186,23.450
"12:00",3.072,17.306,63.700,0.000,27.750,7.475
"12:15",35.072,0.768,63.700,0.000,2.714,34.662
"12:30",17.766,1.075,63.700,0.000,2.970,33.485
"12:45",10.701,8.960,63.700,0.000,16.026,32.614
"13:00",2.560,9.165,63.700,0.000,34.816,25.549
"13:15",1.075,21.914,63.700,0.000,47.462,11.930
"13:30",3.379,10.342,63.700,0.000,29.235,31.181
"13:45",0.000,27.802,63.800,0.000,58.573,0.256
"14:00",0.102,21.965,63.800,0.000,55.552,2.458
"14:15",0.205,22.579,63.800,0.000,54.221,4.250
"14:30",0.922,16.077,63.700,0.000,49.101,9.011
"14:45",1.075,25.242,63.700,0.000,46.848,11.264
"15:00",0.512,53.350,63.700,0.000,51.712,5.171
"15:15",4.352,5.427,63.700,0.000,22.477,37.069
"15:30",0.051,28.518,63.700,0.000,57.139,0.307
"15:45",0.000,45.773,63.700,0.000,57.702,0.000
"16:00",0.000,79.565,63.700,0.000,56.730,0.000
"16:15",0.000,78.080,63.700,0.000,57.037,0.000
"16:30",0.000,57.344,63.700,0.000,57.856,0.000
"16:45",0.000,83.558,63.700,0.000,57.088,0.000
"17:00",0.000,80.640,63.700,0.000,57.242,0.000
"17:15",0.000,66.406,63.700,0.000,57.293,0.000
"17:30",0.000,94.362,63.700,0.000,57.242,0.000
"17:45",0.000,97.638,63.700,0.000,56.678,0.000
"18:00",0.000,44.288,63.700,0.000,36.352,0.000
"18:15",0.000,62.310,63.700,0.000,34.918,0.000
"18:30",0.000,69.581,63.700,0.000,34.611,0.000
"18:45",0.000,71.168,63.700,0.000,33.741,0.000
"19:00",0.000,73.267,63.700,0.000,34.765,0.000
"19:15",0.000,73.472,63.700,0.000,33.331,0.000
"19:30",0.000,73.830,63.700,0.000,34.304,0.000
"19:45",0.000,73.165,63.700,0.000,34.048,0.000
"20:00",0.000,72.960,63.700,0.000,33.997,0.000
"20:15",0.000,73.370,63.700,0.000,34.099,0.000
"20:30",0.000,73.114,63.700,0.000,33.741,0.000
"20:45",0.000,73.830,63.700,0.000,34.048,0.000
"21:00",0.000,31.181,63.600,0.000,14.592,0.000
"21:15",0.000,0.000,0.000,0.000,0.000,0.000
"21:30",0.000,0.000,0.000,0.000,0.000,0.000
"21:45",0.000,0.000,0.000,0.000,0.000,0.000
"22:00",0.000,0.000,0.000,0.000,0.000,0.000
"22:15",0.000,30.413,63.600,0.666,7.066,0.000
"22:30",0.000,37.018,63.700,0.000,8.243,0.000
"22:45",0.000,37.222,63.700,0.000,8.346,0.000
"23:00",0.000,38.349,63.700,0.000,8.602,0.000
"23:15",0.000,37.734,63.700,0.000,7.987,0.000
"23:30",0.000,37.222,63.700,0.000,7.885,0.000
"23:45",0.000,38.349,63.700,0.000,8.397,0.000
" 9/10/26 24:00",0.000,71.475,63.700,0.000,29.747,0.000
