"kwh"
"Time ","DAGSR01P","DAGSR01P","DAGSR01P","DAGSR01P","DAGSR01P","DAGSR01P"
" 3/09/26 00:15",0.000,5.939,63.700,7.168,0.000,0.000
" 3/09/26 00:30",0.000,6.349,63.700,7.219,0.000,0.000
"00:45",0.000,5.990,63.700,7.373,0.000,0.000
"01:00",0.000,5.683,63.700,7.424,0.000,0.000
"01:15",0.000,5.786,63.700,7.424,0.000,0.000
"01:30",0.000,5.786,63.700,7.322,0.000,0.000
"01:45",0.000,5.837,63.700,6.963,0.000,0.000
"02:00",0.000,5.939,63.700,7.014,0.000,0.000
"02:15",0.000,5.990,63.700,7.066,0.000,0.000
"02:30",0.000,5.939,63.700,7.066,0.000,0.000
"02:45",0.000,5.939,63.700,7.270,0.000,0.000
"03:00",0.000,5.888,63.700,7.475,0.000,0.000
"03:15",0.000,5.888,63.700,7.373,0.000,0.000
"03:30",0.000,5.786,63.700,7.475,0.000,0.000
"03:45",0.000,5.990,63.700,7.578,0.000,0.000
"04:00",0.000,6.093,63.700,7.680,0.000,0.000
"04:15",0.000,5.990,63.700,7.526,0.000,0.000
"04:30",0.000,5.786,63.700,7.526,0.000,0.000
"04:45",0.000,5.786,63.700,7.526,0.000,0.000
"05:00",0.000,5.786,63.700,7.475,0.000,0.000
"05:15",0.000,5.683,63.700,7.475,0.000,0.000
"05:30",0.000,5.734,63.600,7.475,0.000,0.000
"05:45",0.000,5.990,63.700,7.424,0.000,0.000
"06:00",0.000,5.786,63.600,7.322,0.000,0.000
"06:15",0.000,5.632,63.700,7.322,0.000,0.000
"06:30",0.000,5.683,63.700,7.680,0.000,0.000
"06:45",0.000,5.734,63.700,7.526,0.000,0.000
"07:00",0.000,6.042,63.700,7.731,0.000,0.000
"07:15",0.000,5.888,63.700,7.731,0.000,0.000
"07:30",0.000,5.837,63.600,7.373,0.000,0.000
"07:45",0.000,5.018,63.600,7.885,0.000,0.000
"08:00",0.154,3.328,63.700,6.144,0.000,0.000
"08:15",1.997,0.563,63.700,2.816,0.000,0.000
"08:30",8.448,0.000,63.700,0.000,0.000,0.000
"08:45",16.230,0.000,63.700,0.000,0.000,0.000
"09:00",24.013,0.000,63.700,0.000,0.000,0.205
"09:15",31.386,0.000,63.600,0.000,0.000,0.000
"09:30",38.963,0.000,63.600,0.000,0.000,0.000
"09:45",46.797,0.000,63.600,0.000,0.000,0.000
"10:00",53.248,0.000,63.600,0.000,0.000,0.000
"10:15",58.982,0.000,63.600,0.000,0.000,0.000
"10:30",64.614,0.000,63.600,0.000,0.000,0.000
"10:45",69.581,0.000,63.600,0.000,0.000,0.000
"11:00",74.598,0.000,63.600,0.000,0.000,0.000
"11:15",79.667,0.000,63.600,0.000,0.000,0.000
"11:30",83.763,0.000,63.600,0.000,0.000,0.205
"11:45",86.682,0.000,63.600,0.000,0.000,0.358
"12:00",88.986,0.000,63.600,0.000,0.000,0.563
"12:15",91.699,0.000,63.600,0.000,0.000,0.512
"12:30",91.648,0.000,63.600,0.000,0.000,0.461
"12:45",91.750,0.000,63.600,0.000,0.000,0.461
"13:00",92.774,0.000,63.600,0.000,0.000,0.563
"13:15",93.952,0.000,63.600,0.000,0.000,0.666
"13:30",92.211,0.000,63.600,0.000,0.000,0.666
"13:45",91.546,0.000,63.600,0.000,0.000,0.666
"14:00",91.597,0.000,63.600,0.000,0.000,0.717
"14:15",91.341,0.000,63.600,0.000,0.000,0.666
"14:30",94.208,0.000,63.600,0.000,0.000,0.717
"14:45",91.085,0.000,63.600,0.000,0.000,0.614
"15:00",65.638,0.000,63.700,0.000,0.000,0.307
"15:15",76.134,0.000,63.700,0.000,0.000,0.461
"15:30",76.083,0.000,63.600,0.000,0.000,0.410
"15:45",79.309,0.000,63.700,0.000,0.000,0.410
"16:00",67.738,0.000,63.600,0.000,0.000,0.256
"16:15",75.981,0.000,63.600,0.000,0.000,0.410
"16:30",71.629,0.000,63.700,0.000,0.000,0.307
"16:45",69.632,0.000,63.700,0.000,0.000,0.102
"17:00",57.088,0.000,63.600,0.000,0.000,0.102
"17:15",21.709,0.000,63.700,0.000,0.000,0.000
"17:30",34.048,0.000,63.700,0.000,0.000,0.051
"17:45",26.112,0.000,63.700,0.000,0.000,0.000
"18:00",29.850,0.000,63.700,0.000,0.000,0.000
"18:15",34.406,0.000,63.700,0.000,0.000,0.000
"18:30",16.128,0.000,63.700,0.000,0.000,0.051
"18:45",12.237,0.102,63.700,0.512,0.000,0.000
"19:00",7.578,0.000,63.700,0.102,0.000,0.000
"19:15",1.690,0.870,63.700,1.485,0.000,0.000
"19:30",0.256,3.226,63.700,3.072,0.000,0.000
"19:45",0.000,6.144,63.700,3.891,0.000,0.000
"20:00",0.000,7.526,63.700,4.506,0.000,0.000
"20:15",0.000,6.912,63.700,4.352,0.000,0.000
"20:30",0.000,7.270,63.700,4.454,0.000,0.000
"20:45",0.000,7.424,63.600,4.352,0.000,0.000
"21:00",0.000,7.270,63.700,4.762,0.000,0.000
"21:15",0.000,7.270,63.700,4.813,0.000,0.000
"21:30",0.000,7.526,63.700,4.608,0.000,0.000
"21:45",0.000,7.578,63.600,4.966,0.000,0.000
"22:00",0.000,7.322,63.600,5.171,0.000,0.000
"22:15",0.000,7.117,63.700,4.864,0.000,0.000
"22:30",0.000,7.014,63.700,4.864,0.000,0.000
"22:45",0.000,6.963,63.700,5.325,0.000,0.000
"23:00",0.000,7.014,63.700,4.966,0.000,0.000
"23:15",0.000,7.066,63.700,4.915,0.000,0.000
"23:30",0.000,7.117,63.700,4.864,0.000,0.000
"23:45",0.000,7.066,63.700,4.915,0.000,0.000
" 3/09/26 24:00",0.000,7.219,63.700,5.018,0.000,0.000
