"kwh"
"Time ","DAGSR01P","DAGSR01P","DAGSR01P","DAGSR01P","DAGSR01P","DAGSR01P"
" 5/27/26 00:15",0.000,5.939,63.700,7.680,0.000,0.000
" 5/27/26 00:30",0.000,5.478,63.700,7.782,0.000,0.000
"00:45",0.000,5.683,63.700,7.066,0.000,0.000
"01:00",0.000,5.325,63.700,7.424,0.000,0.000
"01:15",0.000,5.581,63.700,7.578,0.000,0.000
"01:30",0.000,5.888,63.700,7.475,0.000,0.000
"01:45",0.000,5.376,63.700,7.578,0.000,0.000
"02:00",0.000,4.659,63.700,7.885,0.000,0.000
"02:15",0.000,4.813,63.700,7.680,0.000,0.000
"02:30",0.000,5.939,63.700,7.117,0.000,0.000
"02:45",0.000,5.837,63.700,7.117,0.000,0.000
"03:00",0.000,5.478,63.700,7.475,0.000,0.000
"03:15",0.000,4.915,63.700,7.680,0.000,0.000
"03:30",0.000,4.813,63.700,7.680,0.000,0.000
"03:45",0.000,5.171,63.700,7.782,0.000,0.000
"04:00",0.000,4.813,63.700,8.243,0.000,0.000
"04:15",0.000,4.710,63.700,7.731,0.000,0.000
"04:30",0.000,5.120,63.700,7.834,0.000,0.000
"04:45",0.000,4.813,63.700,7.885,0.000,0.000
"05:00",0.000,4.966,63.700,7.782,0.000,0.000
"05:15",0.000,5.018,63.700,7.680,0.000,0.000
"05:30",0.000,4.966,63.700,7.987,0.000,0.000
"05:45",0.000,5.069,63.700,7.782,0.000,0.000
"06:00",0.000,5.120,63.700,7.782,0.000,0.000
"06:15",0.000,5.222,63.700,7.629,0.000,0.000
"06:30",0.000,4.813,63.700,7.526,0.000,0.000
"06:45",0.000,4.864,63.700,7.578,0.000,0.000
"07:00",0.000,4.813,63.700,7.578,0.000,0.000
"07:15",0.000,5.786,63.700,6.758,0.000,0.000
"07:30",0.000,5.581,63.700,6.861,0.000,0.000
"07:45",0.000,6.554,63.600,6.912,0.000,0.000
"08:00",0.000,6.144,63.600,7.424,0.000,0.000
"08:15",0.000,4.762,63.600,7.526,0.000,0.000
"08:30",0.102,3.533,63.600,6.195,0.000,0.000
"08:45",0.154,23.706,63.600,1.229,8.806,0.000
"09:00",0.000,27.034,63.700,0.000,11.930,0.000
"09:15",0.000,11.162,63.600,0.000,12.339,0.051
"09:30",1.536,1.536,63.600,0.000,5.786,7.322
"09:45",6.963,0.000,63.600,0.000,0.563,13.312
"10:00",7.322,1.229,63.700,0.000,3.379,9.574
"10:15",18.022,0.051,63.700,0.000,0.154,12.902
"10:30",24.832,0.000,63.700,0.000,0.000,13.158
"10:45",32.410,0.000,63.700,0.000,0.000,13.414
"11:00",38.605,0.000,63.700,0.000,0.000,13.722
"11:15",42.342,0.000,63.700,0.000,0.000,14.080
"11:30",47.258,0.000,63.700,0.000,0.000,14.234
"11:45",50.227,0.000,63.700,0.000,0.000,15.053
"12:00",50.483,0.000,63.700,0.000,0.000,15.667
"12:15",54.886,0.000,63.700,0.000,0.000,15.923
"12:30",57.190,0.000,63.700,0.000,0.000,16.691
"12:45",59.648,0.000,63.700,0.000,0.000,16.845
"13:00",60.621,0.000,63.700,0.000,0.000,16.742
"13:15",63.232,0.000,63.700,0.000,0.000,16.486
"13:30",61.901,0.307,63.700,0.000,0.256,16.179
"13:45",65.024,0.000,63.700,0.000,0.000,16.333
"14:00",63.949,0.000,63.700,0.000,0.000,16.435
"14:15",61.184,0.000,63.700,0.000,0.000,16.486
"14:30",60.570,0.000,63.700,0.000,0.000,16.333
"14:45",60.314,0.000,63.700,0.000,0.000,15.360
"15:00",57.242,0.000,63.700,0.000,0.000,15.002
"15:15",53.965,0.000,63.700,0.000,0.000,15.002
"15:30",48.845,0.000,63.700,0.000,0.000,14.694
"15:45",43.878,0.000,63.600,0.000,0.000,15.002
"16:00",37.734,0.000,63.700,0.000,0.000,14.182
"16:15",30.976,0.000,63.700,0.000,0.000,14.336
"16:30",54.170,0.000,63.700,0.000,0.000,1.587
"16:45",53.146,0.000,63.600,0.000,0.000,0.000
"17:00",44.749,0.000,63.600,0.000,0.000,0.000
"17:15",31.846,0.000,63.600,0.000,0.000,0.000
"17:30",15.923,0.000,63.600,0.000,0.000,0.000
"17:45",9.728,0.000,63.600,0.000,0.000,0.000
"18:00",1.843,1.075,63.700,2.918,0.000,0.000
"18:15",0.512,2.150,63.700,4.608,0.000,0.000
"18:30",0.000,3.584,63.600,7.270,0.000,0.000
"18:45",0.000,5.171,63.600,6.400,0.000,0.000
"19:00",0.000,3.789,63.600,6.707,0.000,0.000
"19:15",0.000,3.789,63.700,6.758,0.000,0.000
"19:30",0.000,5.376,63.700,6.349,0.000,0.000
"19:45",0.000,4.147,63.700,7.014,0.000,0.000
"20:00",0.000,4.301,63.700,7.014,0.000,0.000
"20:15",0.000,5.478,63.700,6.605,0.000,0.000
"20:30",0.000,4.710,63.700,7.168,0.000,0.000
"20:45",0.000,4.403,63.700,7.219,0.000,0.000
"21:00",0.000,4.864,63.700,6.707,0.000,0.000
"21:15",0.000,4.506,63.700,6.963,0.000,0.000
"21:30",0.000,4.454,63.600,7.168,0.000,0.000
"21:45",0.000,5.581,63.700,6.349,0.000,0.000
"22:00",0.000,5.222,63.600,6.656,0.000,0.000
"22:15",0.000,5.274,63.700,6.861,0.000,0.000
"22:30",0.000,4.762,63.700,7.219,0.000,0.000
"22:45",0.000,4.813,63.600,7.680,0.000,0.000
"23:00",0.000,3.891,63.600,7.885,0.000,0.000
"23:15",0.000,4.762,63.600,7.117,0.000,0.000
"23:30",0.000,4.557,63.600,6.963,0.000,0.000
"23:45",0.000,4.966,63.700,7.168,0.000,0.000
" 5/27/26 24:00",0.000,5.786,63.700,6.912,0.000,0.000
