"kwh"
"Time ","DAGSR01P","DAGSR01P","DAGSR01P","DAGSR01P","DAGSR01P","DAGSR01P"
" 8/23/26 00:15",0.000,3.584,63.600,7.731,0.000,0.000
" 8/23/26 00:30",0.000,4.403,63.700,7.373,0.000,0.000
"00:45",0.000,3.584,63.600,7.782,0.000,0.000
"01:00",0.000,3.277,63.600,7.936,0.000,0.000
"01:15",0.000,3.994,63.700,7.475,0.000,0.000
"01:30",0.000,3.738,63.600,7.936,0.000,0.000
"01:45",0.000,3.482,63.600,7.885,0.000,0.000
"02:00",0.000,4.352,63.600,7.526,0.000,0.000
"02:15",0.000,3.226,63.700,8.090,0.000,0.000
"02:30",0.000,3.328,63.700,8.038,0.000,0.000
"02:45",0.000,4.045,63.700,7.629,0.000,0.000
"03:00",0.000,3.277,63.700,8.141,0.000,0.000
"03:15",0.000,3.174,63.700,8.192,0.000,0.000
"03:30",0.000,4.250,63.700,7.680,0.000,0.000
"03:45",0.000,4.250,63.700,7.834,0.000,0.000
"04:00",0.000,3.277,63.700,8.141,0.000,0.000
"04:15",0.000,3.840,63.700,7.680,0.000,0.000
"04:30",0.000,3.891,63.700,7.731,0.000,0.000
"04:45",0.000,3.328,63.700,8.038,0.000,0.000
"05:00",0.000,3.789,63.700,8.192,0.000,0.000
"05:15",0.000,4.301,63.700,7.578,0.000,0.000
"05:30",0.000,3.277,63.700,8.243,0.000,0.000
"05:45",0.000,3.277,63.700,8.243,0.000,0.000
"06:00",0.000,4.352,63.700,7.578,0.000,0.000
"06:15",0.000,3.277,63.700,8.192,0.000,0.000
"06:30",0.000,3.584,63.700,8.243,0.000,0.000
"06:45",0.000,4.710,63.700,7.782,0.000,0.000
"07:00",0.000,3.430,63.700,8.192,0.000,0.000
"07:15",0.000,3.738,63.700,8.294,0.000,0.000
"07:30",0.000,4.557,63.700,7.885,0.000,0.000
"07:45",0.000,4.403,63.700,8.243,0.000,0.000
"08:00",0.000,4.557,63.700,8.192,0.000,0.000
"08:15",0.000,4.403,63.700,7.322,0.000,0.000
"08:30",0.051,2.560,63.700,6.912,0.000,0.000
"08:45",0.819,1.280,63.700,5.274,0.000,0.000
"09:00",1.894,0.358,63.700,3.174,0.000,0.000
"09:15",5.683,0.000,63.700,0.000,0.000,0.000
"09:30",9.216,0.000,63.700,0.000,0.000,0.000
"09:45",8.397,0.000,63.700,0.000,0.000,0.000
"10:00",9.882,0.000,63.800,0.000,0.000,0.000
"10:15",8.397,0.000,63.800,0.000,0.000,0.000
"10:30",6.298,0.000,63.700,0.000,0.000,0.000
"10:45",6.810,0.000,63.700,0.000,0.000,0.000
"11:00",8.960,0.000,63.700,0.000,0.000,0.000
"11:15",7.629,0.000,63.700,0.000,0.000,0.000
"11:30",11.213,0.000,63.700,0.000,0.000,0.000
"11:45",11.366,0.000,63.700,0.000,0.000,0.000
"12:00",12.493,0.000,63.700,0.000,0.000,0.000
"12:15",15.514,0.000,63.700,0.000,0.000,0.000
"12:30",18.381,0.000,63.700,0.000,0.000,0.000
"12:45",16.435,0.000,63.700,0.000,0.000,0.000
"13:00",21.555,0.000,63.700,0.000,0.000,0.000
"13:15",16.538,0.000,63.700,0.000,0.000,0.000
"13:30",15.616,0.000,63.700,0.000,0.000,0.000
"13:45",19.251,0.000,63.700,0.000,0.000,0.000
"14:00",24.218,0.000,63.700,0.000,0.000,0.000
"14:15",30.362,0.000,63.700,0.000,0.000,0.000
"14:30",29.082,0.000,63.700,0.000,0.000,0.000
"14:45",27.136,0.000,63.700,0.000,0.000,0.000
"15:00",27.238,0.000,63.700,0.000,0.000,0.000
"15:15",25.446,0.000,63.700,0.000,0.000,0.000
"15:30",27.443,0.000,63.700,0.000,0.000,0.000
"15:45",22.630,0.000,63.700,0.000,0.000,0.000
"16:00",14.592,0.000,63.700,0.000,0.000,0.000
"16:15",9.216,0.000,63.700,0.000,0.000,0.000
"16:30",6.195,0.000,63.700,0.000,0.000,0.000
"16:45",5.581,0.000,63.700,0.000,0.000,0.000
"17:00",4.506,0.000,63.700,0.000,0.000,0.000
"17:15",3.277,0.000,63.700,0.000,0.000,0.000
"17:30",1.741,0.000,63.700,0.000,0.000,0.000
"17:45",1.178,0.512,63.700,2.509,0.000,0.000
"18:00",1.382,0.051,63.700,2.406,0.000,0.000
"18:15",1.229,0.205,63.700,3.482,0.000,0.000
"18:30",0.307,2.099,63.700,5.581,0.000,0.000
"18:45",0.000,6.349,63.700,5.734,0.000,0.000
"19:00",0.000,6.502,63.700,5.837,0.000,0.000
"19:15",0.000,7.629,63.700,5.274,0.000,0.000
"19:30",0.000,6.810,63.700,5.837,0.000,0.000
"19:45",0.000,6.451,63.600,5.939,0.000,0.000
"20:00",0.000,7.168,63.600,5.530,0.000,0.000
"20:15",0.000,6.656,63.600,5.990,0.000,0.000
"20:30",0.000,6.605,63.600,5.786,0.000,0.000
"20:45",0.000,7.782,63.700,5.222,0.000,0.000
"21:00",0.000,7.270,63.700,5.683,0.000,0.000
"21:15",0.000,7.424,63.700,5.888,0.000,0.000
"21:30",0.000,8.448,63.700,5.325,0.000,0.000
"21:45",0.000,7.885,63.600,5.683,0.000,0.000
"22:00",0.000,7.117,63.600,5.990,0.000,0.000
"22:15",0.000,8.090,63.700,5.632,0.000,0.000
"22:30",0.000,7.526,63.700,5.837,0.000,0.000
"22:45",0.000,7.117,63.700,5.837,0.000,0.000
"23:00",0.000,8.397,63.700,5.786,0.000,0.000
"23:15",0.000,7.578,63.700,5.990,0.000,0.000
"23:30",0.000,7.526,63.700,5.734,0.000,0.000
"23:45",0.000,8.550,63.700,5.376,0.000,0.000
" 8/23/26 24:00",0.000,7.680,63.700,5.734,0.000,0.000
