"kwh"
"Time ","DAGSR01P","DAGSR01P","DAGSR01P","DAGSR01P","DAGSR01P","DAGSR01P"
" 6/17/26 00:15",0.000,4.864,63.700,7.987,0.000,0.000
" 6/17/26 00:30",0.000,5.734,63.700,7.066,0.000,0.000
"00:45",0.000,5.171,63.700,7.424,0.000,0.000
"01:00",0.000,4.762,63.700,7.373,0.000,0.000
"01:15",0.000,6.195,63.700,6.912,0.000,0.000
"01:30",0.000,4.915,63.700,7.629,0.000,0.000
"01:45",0.000,5.120,63.700,7.885,0.000,0.000
"02:00",0.000,5.427,63.700,7.782,0.000,0.000
"02:15",0.000,5.734,63.600,7.475,0.000,0.000
"02:30",0.000,4.198,63.700,8.141,0.000,0.000
"02:45",0.000,4.557,63.700,7.834,0.000,0.000
"03:00",0.000,5.888,63.700,7.475,0.000,0.000
"03:15",0.000,4.762,63.700,8.141,0.000,0.000
"03:30",0.000,5.171,63.700,8.397,0.000,0.000
"03:45",0.000,6.042,63.700,7.629,0.000,0.000
"04:00",0.000,4.659,63.700,7.987,0.000,0.000
"04:15",0.000,4.762,63.700,8.038,0.000,0.000
"04:30",0.000,5.018,63.700,7.936,0.000,0.000
"04:45",0.000,4.659,63.700,8.038,0.000,0.000
"05:00",0.000,4.608,63.700,8.141,0.000,0.000
"05:15",0.000,4.454,63.700,8.141,0.000,0.000
"05:30",0.000,5.939,63.700,7.629,0.000,0.000
"05:45",0.000,4.454,63.700,8.397,0.000,0.000
"06:00",0.000,4.250,63.700,8.294,0.000,0.000
"06:15",0.000,5.222,63.700,7.680,0.000,0.000
"06:30",0.000,5.069,63.700,8.653,0.000,0.000
"06:45",0.000,4.454,63.700,8.192,0.000,0.000
"07:00",0.000,5.632,63.600,7.526,0.000,0.000
"07:15",0.000,5.632,63.600,7.578,0.000,0.000
"07:30",0.000,4.813,63.600,7.731,0.000,0.000
"07:45",0.000,4.710,63.600,7.885,0.000,0.000
"08:00",0.000,6.400,63.600,7.475,0.000,0.000
"08:15",0.000,6.042,63.700,7.680,0.000,0.000
"08:30",0.000,5.837,63.700,7.885,0.000,0.000
"08:45",0.000,5.837,63.700,7.168,0.000,0.000
"09:00",0.000,3.789,63.700,7.322,0.000,0.000
"09:15",0.256,2.406,63.700,5.888,0.000,0.000
"09:30",2.816,0.256,63.700,1.843,0.000,0.000
"09:45",13.824,0.000,63.700,0.000,0.000,0.000
"10:00",20.070,0.000,63.700,0.000,0.000,0.000
"10:15",28.518,0.000,63.700,0.000,0.000,0.000
"10:30",34.816,0.000,63.700,0.000,0.000,0.000
"10:45",30.464,0.000,63.700,0.000,0.000,0.000
"11:00",23.040,0.000,63.700,0.000,0.000,0.000
"11:15",47.104,0.000,63.700,0.000,0.000,0.000
"11:30",49.818,0.000,63.700,0.000,0.000,0.000
"11:45",42.957,0.000,63.700,0.000,0.000,0.000
"12:00",46.490,0.000,63.700,0.000,0.000,0.000
"12:15",19.558,0.000,63.700,0.000,0.000,0.000
"12:30",13.619,0.000,63.700,0.000,0.000,0.000
"12:45",15.718,0.000,63.700,0.000,0.000,0.000
"13:00",17.715,0.000,63.800,0.000,0.000,0.000
"13:15",17.664,0.000,63.800,0.000,0.000,0.000
"13:30",24.781,0.000,63.800,0.000,0.000,0.000
"13:45",28.058,0.000,63.800,0.000,0.000,0.000
"14:00",27.443,0.000,63.800,0.000,0.000,0.000
"14:15",42.650,0.000,63.800,0.000,0.000,0.000
"14:30",35.533,0.000,63.800,0.000,0.000,0.000
"14:45",28.467,0.000,63.800,0.000,0.000,0.000
"15:00",19.610,0.000,63.800,0.000,0.000,0.000
"15:15",9.933,0.000,63.800,0.000,0.000,0.000
"15:30",12.493,0.000,63.800,0.000,0.000,0.000
"15:45",10.240,0.000,63.800,0.102,0.000,0.000
"16:00",4.250,0.051,63.800,1.024,0.000,0.000
"16:15",9.882,0.000,63.800,0.000,0.000,0.000
"16:30",5.120,0.000,63.800,0.154,0.000,0.000
"16:45",2.611,0.307,63.800,2.304,0.000,0.000
"17:00",10.291,0.000,63.800,0.000,0.000,0.000
"17:15",4.813,0.102,63.800,0.512,0.000,0.000
"17:30",3.277,0.358,63.700,1.843,0.000,0.000
"17:45",0.512,1.946,63.700,5.171,0.000,0.000
"18:00",0.000,5.478,63.700,6.861,0.000,0.000
"18:15",0.000,4.506,63.700,7.373,0.000,0.000
"18:30",0.000,4.608,63.700,7.219,0.000,0.000
"18:45",0.000,6.195,63.700,6.400,0.000,0.000
"19:00",0.000,4.352,63.700,7.066,0.000,0.000
"19:15",0.000,4.352,63.700,7.117,0.000,0.000
"19:30",0.000,4.608,63.700,6.451,0.000,0.000
"19:45",0.000,3.891,63.700,6.810,0.000,0.000
"20:00",0.000,3.533,63.700,7.066,0.000,0.000
"20:15",0.000,4.147,63.700,7.373,0.000,0.000
"20:30",0.000,5.274,63.700,6.861,0.000,0.000
"20:45",0.000,4.096,63.700,7.629,0.000,0.000
"21:00",0.000,3.840,63.700,7.373,0.000,0.000
"21:15",0.000,4.864,63.700,6.810,0.000,0.000
"21:30",0.000,3.994,63.700,7.322,0.000,0.000
"21:45",0.000,4.403,63.700,7.322,0.000,0.000
"22:00",0.000,5.478,63.700,7.066,0.000,0.000
"22:15",0.000,4.250,63.700,7.424,0.000,0.000
"22:30",0.000,4.659,63.700,7.270,0.000,0.000
"22:45",0.000,4.096,63.700,7.322,0.000,0.000
"23:00",0.000,3.789,63.700,7.424,0.000,0.000
"23:15",0.000,4.045,63.700,7.322,0.000,0.000
"23:30",0.000,5.376,63.700,6.605,0.000,0.000
"23:45",0.000,4.198,63.700,7.168,0.000,0.000
" 6/17/26 24:00",0.000,4.557,63.700,7.424,0.000,0.000
