"kwh"
"Time ","DAGSR01P","DAGSR01P","DAGSR01P","DAGSR01P","DAGSR01P","DAGSR01P"
" 6/26/26 00:15",0.000,3.533,63.700,7.629,0.000,0.000
" 6/26/26 00:30",0.000,4.301,63.700,7.219,0.000,0.000
"00:45",0.000,3.840,63.700,7.526,0.000,0.000
"01:00",0.000,3.789,63.700,7.168,0.000,0.000
"01:15",0.000,3.635,63.600,7.373,0.000,0.000
"01:30",0.000,4.557,63.600,7.066,0.000,0.000
"01:45",0.000,4.966,63.600,7.219,0.000,0.000
"02:00",0.000,3.430,63.600,7.475,0.000,0.000
"02:15",0.000,3.430,63.600,7.629,0.000,0.000
"02:30",0.000,3.430,63.700,7.680,0.000,0.000
"02:45",0.000,4.659,63.700,7.014,0.000,0.000
"03:00",0.000,3.840,63.700,7.629,0.000,0.000
"03:15",0.000,3.789,63.600,7.578,0.000,0.000
"03:30",0.000,3.584,63.700,7.578,0.000,0.000
"03:45",0.000,3.482,63.700,7.731,0.000,0.000
"04:00",0.000,4.710,63.700,7.270,0.000,0.000
"04:15",0.000,3.533,63.600,7.731,0.000,0.000
"04:30",0.000,3.891,63.700,7.782,0.000,0.000
"04:45",0.000,3.430,63.700,7.834,0.000,0.000
"05:00",0.000,4.813,63.700,7.168,0.000,0.000
"05:15",0.000,3.482,63.700,7.629,0.000,0.000
"05:30",0.000,3.430,63.700,7.680,0.000,0.000
"05:45",0.000,3.482,63.700,7.936,0.000,0.000
"06:00",0.000,4.762,63.700,7.219,0.000,0.000
"06:15",0.000,3.533,63.700,7.578,0.000,0.000
"06:30",0.000,3.584,63.700,7.629,0.000,0.000
"06:45",0.000,4.198,63.700,7.731,0.000,0.000
"07:00",0.000,5.325,63.700,7.066,0.000,0.000
"07:15",0.000,4.915,63.600,7.270,0.000,0.000
"07:30",0.000,4.864,63.600,7.219,0.000,0.000
"07:45",0.000,4.352,63.600,7.168,0.000,0.000
"08:00",0.000,4.403,63.600,7.014,0.000,0.000
"08:15",0.000,5.734,63.600,6.349,0.000,0.000
"08:30",0.000,5.171,63.600,6.246,0.000,0.000
"08:45",0.000,3.942,63.600,6.400,0.000,0.000
"09:00",0.768,1.178,63.600,4.096,0.000,0.000
"09:15",2.918,0.000,63.600,0.102,0.000,0.000
"09:30",6.349,0.000,63.600,0.000,0.000,0.000
"09:45",19.610,0.000,63.600,0.000,0.000,0.000
"10:00",31.386,0.000,63.600,0.000,0.000,0.000
"10:15",35.277,0.000,63.600,0.000,0.000,0.000
"10:30",44.698,0.000,63.700,0.000,0.000,0.000
"10:45",53.146,0.000,63.600,0.000,0.000,0.000
"11:00",60.211,0.000,63.700,0.000,0.000,0.000
"11:15",64.666,0.000,63.700,0.000,0.000,0.000
"11:30",72.141,0.000,63.700,0.000,0.000,0.000
"11:45",78.182,0.000,63.700,0.000,0.000,0.000
"12:00",81.562,0.000,63.700,0.000,0.000,0.000
"12:15",81.613,0.000,63.700,0.000,0.000,0.000
"12:30",84.224,0.000,63.700,0.000,0.000,0.000
"12:45",58.726,0.000,63.700,0.000,0.000,0.000
"13:00",86.733,0.000,63.700,0.000,0.000,0.000
"13:15",85.094,0.000,63.700,0.000,0.000,0.102
"13:30",83.098,0.000,63.700,0.000,0.000,0.051
"13:45",83.149,0.000,63.700,0.000,0.000,0.051
"14:00",75.059,0.000,63.700,0.000,0.000,0.000
"14:15",82.995,0.000,63.700,0.000,0.000,0.102
"14:30",90.675,0.000,63.700,0.000,0.000,0.000
"14:45",84.890,0.000,63.700,0.000,0.000,0.000
"15:00",80.845,0.000,63.700,0.000,0.000,0.000
"15:15",84.531,0.000,63.700,0.000,0.000,0.051
"15:30",80.742,0.000,63.700,0.000,0.000,0.000
"15:45",76.902,0.000,63.700,0.000,0.000,0.000
"16:00",72.346,0.000,63.700,0.000,0.000,0.000
"16:15",64.154,0.000,63.700,0.000,0.000,0.000
"16:30",57.549,0.000,63.600,0.000,0.000,0.000
"16:45",50.944,0.000,63.600,0.000,0.000,0.000
"17:00",41.728,0.000,63.600,0.000,0.000,0.000
"17:15",36.813,0.000,63.700,0.000,0.000,0.000
"17:30",34.099,0.000,63.600,0.000,0.000,0.000
"17:45",19.558,0.000,63.600,0.000,0.000,0.000
"18:00",2.918,0.000,63.600,0.000,0.000,0.000
"18:15",0.717,1.690,63.700,3.635,0.000,0.000
"18:30",0.000,4.352,63.700,6.042,0.000,0.000
"18:45",0.000,5.018,63.600,6.298,0.000,0.000
"19:00",0.000,5.120,63.600,6.554,0.000,0.000
"19:15",0.000,5.530,63.700,5.581,0.000,0.000
"19:30",0.000,3.942,63.700,6.298,0.000,0.000
"19:45",0.000,4.198,63.600,6.195,0.000,0.000
"20:00",0.000,4.813,63.700,6.246,0.000,0.000
"20:15",0.000,5.274,63.600,6.349,0.000,0.000
"20:30",0.000,5.888,63.600,6.093,0.000,0.000
"20:45",0.000,4.864,63.600,6.707,0.000,0.000
"21:00",0.000,5.171,63.600,6.554,0.000,0.000
"21:15",0.000,4.864,63.600,6.605,0.000,0.000
"21:30",0.000,5.530,63.700,6.400,0.000,0.000
"21:45",0.000,6.144,63.600,6.195,0.000,0.000
"22:00",0.000,4.864,63.700,6.707,0.000,0.000
"22:15",0.000,4.915,63.700,6.656,0.000,0.000
"22:30",0.000,4.506,63.600,6.912,0.000,0.000
"22:45",0.000,5.683,63.600,6.349,0.000,0.000
"23:00",0.000,4.762,63.600,7.014,0.000,0.000
"23:15",0.000,5.478,63.600,7.117,0.000,0.000
"23:30",0.000,5.478,63.600,7.117,0.000,0.000
"23:45",0.000,5.837,63.600,6.656,0.000,0.000
" 6/26/26 24:00",0.000,4.813,63.600,7.014,0.000,0.000
