"kwh"
"Time ","DAGSR01P","DAGSR01P","DAGSR01P","DAGSR01P","DAGSR01P","DAGSR01P"
" 3/14/26 00:15",0.000,7.987,63.600,5.069,0.000,0.000
" 3/14/26 00:30",0.000,7.680,63.600,4.659,0.000,0.000
"00:45",0.000,7.731,63.600,5.069,0.000,0.000
"01:00",0.000,7.731,63.600,5.274,0.000,0.000
"01:15",0.000,7.322,63.600,5.888,0.000,0.000
"01:30",0.000,7.219,63.600,5.683,0.000,0.000
"01:45",0.000,7.373,63.600,5.530,0.000,0.000
"02:00",0.000,7.475,63.600,5.069,0.000,0.000
"02:15",0.000,7.424,63.600,5.222,0.000,0.000
"02:30",0.000,7.322,63.600,5.478,0.000,0.000
"02:45",0.000,7.373,63.600,5.683,0.000,0.000
"03:00",0.000,7.475,63.600,5.427,0.000,0.000
"03:15",0.000,7.270,63.600,5.786,0.000,0.000
"03:30",0.000,7.219,63.600,5.581,0.000,0.000
"03:45",0.000,7.270,63.600,5.683,0.000,0.000
"04:00",0.000,7.424,63.600,5.427,0.000,0.000
"04:15",0.000,7.014,63.600,5.427,0.000,0.000
"04:30",0.000,7.168,63.600,5.734,0.000,0.000
"04:45",0.000,8.038,63.600,6.093,0.000,0.000
"05:00",0.000,7.731,63.600,6.246,0.000,0.000
"05:15",0.000,7.322,63.600,6.195,0.000,0.000
"05:30",0.000,6.963,63.600,6.246,0.000,0.000
"05:45",0.000,7.168,63.600,6.246,0.000,0.000
"06:00",0.000,7.168,63.600,6.093,0.000,0.000
"06:15",0.000,6.912,63.600,5.990,0.000,0.000
"06:30",0.000,6.912,63.600,6.042,0.000,0.000
"06:45",0.000,7.322,63.600,5.990,0.000,0.000
"07:00",0.000,6.963,63.700,6.195,0.000,0.000
"07:15",0.000,6.810,63.700,6.349,0.000,0.000
"07:30",0.000,7.168,63.700,5.888,0.000,0.000
"07:45",0.000,6.912,63.600,5.888,0.000,0.000
"08:00",0.000,5.171,63.600,5.427,0.000,0.000
"08:15",0.819,1.536,63.600,3.277,0.000,0.000
"08:30",6.758,0.000,63.600,0.000,0.000,0.000
"08:45",16.538,0.000,63.600,0.000,0.000,0.000
"09:00",29.440,0.000,63.600,0.000,0.000,0.051
"09:15",31.539,0.000,63.600,0.000,0.000,0.000
"09:30",30.925,0.000,63.600,0.000,0.000,0.000
"09:45",25.344,0.000,63.600,0.000,0.000,0.000
"10:00",14.694,0.000,63.600,0.000,0.000,0.000
"10:15",30.310,0.000,63.600,0.000,0.000,0.000
"10:30",56.013,0.000,63.500,0.000,0.000,0.000
"10:45",55.040,0.000,63.600,0.000,0.000,0.000
"11:00",67.891,0.000,63.600,0.000,0.000,0.000
"11:15",77.158,0.000,63.600,0.000,0.000,0.102
"11:30",80.179,0.000,63.700,0.000,0.000,0.358
"11:45",65.229,0.000,63.700,0.000,0.000,0.102
"12:00",76.851,0.000,63.600,0.000,0.000,0.205
"12:15",87.757,0.000,63.600,0.000,0.000,0.358
"12:30",90.010,0.000,63.600,0.000,0.000,0.307
"12:45",91.750,0.000,63.600,0.000,0.000,0.410
"13:00",92.877,0.000,63.600,0.000,0.000,0.461
"13:15",94.310,0.000,63.600,0.000,0.000,0.461
"13:30",90.675,0.000,63.600,0.000,0.000,0.563
"13:45",90.880,0.000,63.600,0.000,0.000,0.614
"14:00",92.621,0.000,63.600,0.000,0.000,0.563
"14:15",91.597,0.000,63.600,0.000,0.000,0.512
"14:30",92.109,0.000,63.600,0.000,0.000,0.461
"14:45",90.522,0.000,63.600,0.000,0.000,0.461
"15:00",88.934,0.000,63.600,0.000,0.000,0.461
"15:15",86.426,0.000,63.600,0.000,0.000,0.358
"15:30",83.712,0.000,63.600,0.000,0.000,0.256
"15:45",80.640,0.000,63.600,0.000,0.000,0.256
"16:00",76.698,0.000,63.600,0.000,0.000,0.205
"16:15",72.653,0.000,63.600,0.000,0.000,0.102
"16:30",67.994,0.000,63.600,0.000,0.000,0.000
"16:45",63.078,0.000,63.600,0.000,0.000,0.000
"17:00",57.344,0.000,63.600,0.000,0.000,0.000
"17:15",51.558,0.000,63.600,0.000,0.000,0.000
"17:30",45.722,0.000,63.600,0.000,0.000,0.000
"17:45",39.014,0.000,63.600,0.000,0.000,0.000
"18:00",32.307,0.000,63.600,0.000,0.000,0.000
"18:15",24.678,0.000,63.600,0.000,0.000,0.000
"18:30",16.691,0.000,63.600,0.000,0.000,0.000
"18:45",9.882,0.000,63.600,0.000,0.000,0.000
"19:00",3.738,0.102,63.700,0.768,0.000,0.000
"19:15",0.614,2.458,63.700,2.662,0.000,0.000
"19:30",0.000,5.530,63.700,3.840,0.000,0.000
"19:45",0.000,6.656,63.700,4.301,0.000,0.000
"20:00",0.000,6.912,63.700,4.301,0.000,0.000
"20:15",0.000,6.963,63.700,4.301,0.000,0.000
"20:30",0.000,6.963,63.700,4.250,0.000,0.000
"20:45",0.000,6.912,63.700,4.454,0.000,0.000
"21:00",0.000,7.322,63.700,4.454,0.000,0.000
"21:15",0.000,6.861,63.700,4.762,0.000,0.000
"21:30",0.000,6.912,63.700,4.659,0.000,0.000
"21:45",0.000,6.912,63.700,4.557,0.000,0.000
"22:00",0.000,6.912,63.700,4.864,0.000,0.000
"22:15",0.000,6.963,63.700,4.506,0.000,0.000
"22:30",0.000,6.963,63.700,4.557,0.000,0.000
"22:45",0.000,6.912,63.700,4.710,0.000,0.000
"23:00",0.000,7.168,63.700,4.659,0.000,0.000
"23:15",0.000,7.219,63.700,4.762,0.000,0.000
"23:30",0.000,7.066,63.700,4.813,0.000,0.000
"23:45",0.000,7.014,63.700,4.915,0.000,0.000
" 3/14/26 24:00",0.000,7.168,63.700,4.864,0.000,0.000
