"kwh"
"Time ","DAGSR01P","DAGSR01P","DAGSR01P","DAGSR01P","DAGSR01P","DAGSR01P"
"10/03/26 00:15",0.000,107.725,63.600,0.000,59.085,0.000
"10/03/26 00:30",0.000,108.032,63.600,0.000,59.187,0.000
"00:45",0.000,107.264,63.600,0.000,58.368,0.000
"01:00",0.000,107.469,63.600,0.000,58.573,0.000
"01:15",0.000,107.315,63.700,0.000,58.675,0.000
"01:30",0.000,107.571,63.700,0.000,58.317,0.000
"01:45",0.000,107.418,63.700,0.000,58.470,0.000
"02:00",0.000,107.418,63.700,0.000,58.470,0.000
"02:15",0.000,107.110,63.700,0.000,58.419,0.000
"02:30",0.000,105.011,63.700,0.000,56.627,0.000
"02:45",0.000,104.448,63.700,0.000,56.730,0.000
"03:00",0.000,104.038,63.700,0.000,56.832,0.000
"03:15",0.000,104.294,63.700,0.000,56.525,0.000
"03:30",0.000,104.909,63.700,0.000,56.064,0.000
"03:45",0.000,104.294,63.700,0.000,56.934,0.000
"04:00",0.000,104.243,63.700,0.000,56.678,0.000
"04:15",0.000,104.448,63.700,0.000,56.627,0.000
"04:30",0.000,104.038,63.700,0.000,56.627,0.000
"04:45",0.000,103.987,63.700,0.000,56.525,0.000
"05:00",0.000,104.346,63.700,0.000,56.576,0.000
"05:15",0.000,104.602,63.700,0.000,56.627,0.000
"05:30",0.000,104.192,63.700,0.000,56.576,0.000
"05:45",0.000,104.550,63.700,0.000,56.576,0.000
"06:00",0.000,104.602,63.700,0.000,56.474,0.000
"06:15",0.000,104.550,63.700,0.000,56.576,0.000
"06:30",0.000,104.346,63.700,0.000,56.525,0.000
"06:45",0.000,104.448,63.700,0.000,56.474,0.000
"07:00",0.000,104.704,63.700,0.000,56.576,0.000
"07:15",0.000,104.550,63.700,0.000,56.883,0.000
"07:30",0.000,103.014,63.700,0.000,57.037,0.000
"07:45",0.000,95.949,63.700,0.000,54.323,0.000
"08:00",0.000,70.451,63.700,0.000,41.472,0.000
"08:15",0.000,97.843,63.700,0.000,56.627,0.000
"08:30",0.000,88.269,63.700,0.000,56.730,0.000
"08:45",0.000,92.058,63.700,0.000,56.525,0.000
"09:00",0.000,59.546,63.700,0.000,55.552,0.000
"09:15",0.000,13.107,63.700,0.000,34.304,0.000
"09:30",0.102,5.274,63.700,0.000,30.618,3.840
"09:45",3.021,1.229,63.700,0.000,11.213,23.450
"10:00",9.318,0.000,63.700,0.000,0.154,34.918
"10:15",15.923,0.000,63.700,0.000,0.000,35.686
"10:30",21.248,0.000,63.700,0.000,0.000,36.147
"10:45",27.341,0.000,63.700,0.000,0.000,36.454
"11:00",31.437,0.051,63.700,0.000,0.922,35.738
"11:15",37.274,0.000,63.700,0.000,0.000,36.198
"11:30",39.782,0.000,63.700,0.000,0.000,36.352
"11:45",42.189,0.000,63.700,0.000,0.000,36.608
"12:00",42.138,0.000,63.700,0.000,0.000,37.069
"12:15",42.342,0.000,63.700,0.000,0.000,37.478
"12:30",41.216,0.000,63.700,0.000,0.000,36.710
"12:45",40.243,0.000,63.700,0.000,0.000,36.710
"13:00",42.086,0.000,63.700,0.000,0.000,37.018
"13:15",38.758,0.000,63.700,0.000,0.000,36.813
"13:30",31.181,6.502,63.700,0.000,5.222,31.027
"13:45",32.000,3.328,63.700,0.000,3.891,32.461
"14:00",42.035,0.000,63.700,0.000,0.000,37.581
"14:15",14.592,17.050,63.700,0.000,17.971,17.766
"14:30",37.018,1.997,63.700,0.000,2.304,34.867
"14:45",34.355,1.280,63.700,0.000,2.406,34.253
"15:00",39.424,0.000,63.700,0.000,0.000,36.966
"15:15",38.451,0.000,63.700,0.000,0.000,38.451
"15:30",16.794,9.370,63.700,0.000,14.694,23.245
"15:45",31.334,0.307,63.700,0.000,1.178,37.632
"16:00",21.709,0.000,63.700,0.000,0.000,37.581
"16:15",14.080,0.000,63.700,0.000,0.000,37.274
"16:30",8.038,0.102,63.700,0.000,2.611,34.253
"16:45",2.662,1.690,63.700,0.000,11.981,24.883
"17:00",0.154,6.656,63.700,0.000,32.922,3.533
"17:15",0.000,15.514,63.700,0.000,36.198,0.000
"17:30",0.000,23.296,63.700,0.000,36.045,0.000
"17:45",0.000,32.256,63.800,0.000,35.994,0.000
"18:00",0.000,40.602,63.800,0.000,35.994,0.000
"18:15",0.000,49.050,63.800,0.000,35.840,0.000
"18:30",0.000,56.576,63.800,0.000,35.840,0.000
"18:45",0.000,64.102,63.800,0.000,35.891,0.000
"19:00",0.000,69.683,63.700,0.000,36.198,0.000
"19:15",0.000,72.960,63.700,0.000,36.147,0.000
"19:30",0.000,74.291,63.700,0.000,36.147,0.000
"19:45",0.000,74.138,63.700,0.000,36.198,0.000
"20:00",0.000,74.138,63.700,0.000,36.198,0.000
"20:15",0.000,74.957,63.700,0.000,36.557,0.000
"20:30",0.000,75.315,63.600,0.000,36.198,0.000
"20:45",0.000,74.701,63.600,0.000,35.942,0.000
"21:00",0.000,74.035,63.600,0.000,35.994,0.000
"21:15",0.000,74.086,63.600,0.000,35.789,0.000
"21:30",0.000,73.830,63.600,0.000,36.045,0.000
"21:45",0.000,73.984,63.600,0.000,35.994,0.000
"22:00",0.000,74.342,63.700,0.000,35.789,0.000
"22:15",0.000,74.086,63.700,0.000,35.738,0.000
"22:30",0.000,74.086,63.700,0.000,35.738,0.000
"22:45",0.000,73.830,63.700,0.000,35.686,0.000
"23:00",0.000,74.086,63.700,0.000,35.482,0.000
"23:15",0.000,74.138,63.700,0.000,35.584,0.000
"23:30",0.000,74.291,63.700,0.000,35.686,0.000
"23:45",0.000,74.240,63.600,0.000,36.096,0.000
"10/03/26 24:00",0.000,74.086,63.700,0.000,35.994,0.000
