"kwh"
"Time ","DAGSR01P","DAGSR01P","DAGSR01P","DAGSR01P","DAGSR01P","DAGSR01P"
" 1/30/26 00:15",0.000,4.147,63.600,8.858,0.000,0.000
" 1/30/26 00:30",0.000,4.966,63.600,7.936,0.000,0.000
"00:45",0.000,5.018,63.600,8.192,0.000,0.000
"01:00",0.000,4.557,63.600,8.858,0.000,0.000
"01:15",0.000,4.454,63.600,8.704,0.000,0.000
"01:30",0.000,5.069,63.600,8.550,0.102,0.000
"01:45",0.000,14.234,63.600,5.837,1.229,0.000
"02:00",0.000,37.376,63.600,0.000,4.454,0.000
"02:15",0.000,20.070,63.600,4.147,1.792,0.000
"02:30",0.000,7.322,63.600,6.963,0.000,0.000
"02:45",0.000,7.117,63.600,7.373,0.000,0.000
"03:00",0.000,7.373,63.600,7.270,0.000,0.000
"03:15",0.000,7.117,63.600,7.168,0.000,0.000
"03:30",0.000,7.066,63.600,7.168,0.000,0.000
"03:45",0.000,7.066,63.600,7.117,0.000,0.000
"04:00",0.000,7.014,63.600,7.168,0.000,0.000
"04:15",0.000,7.066,63.600,7.117,0.000,0.000
"04:30",0.000,7.322,63.600,7.270,0.000,0.000
"04:45",0.000,7.475,63.600,7.270,0.000,0.000
"05:00",0.000,12.698,63.600,5.990,0.768,0.000
"05:15",0.000,13.926,63.600,5.683,0.870,0.000
"05:30",0.000,7.578,63.600,7.117,0.000,0.000
"05:45",0.000,7.219,63.600,7.219,0.000,0.000
"06:00",0.000,7.373,63.600,7.168,0.000,0.000
"06:15",0.000,7.629,63.600,7.117,0.000,0.000
"06:30",0.000,7.014,63.600,7.475,0.000,0.000
"06:45",0.000,4.250,63.600,9.421,0.000,0.000
"07:00",0.051,3.942,63.600,8.243,0.000,0.000
"07:15",0.051,3.635,63.600,6.758,0.000,0.000
"07:30",0.461,2.714,63.600,5.171,0.000,0.000
"07:45",1.280,1.280,63.600,4.864,0.000,0.000
"08:00",3.533,0.154,63.600,1.638,0.000,0.000
"08:15",8.602,0.000,63.600,0.000,0.000,0.000
"08:30",14.746,0.000,63.600,0.000,0.000,0.000
"08:45",21.094,0.000,63.600,0.000,0.000,0.000
"09:00",27.648,0.000,63.600,0.000,0.000,0.000
"09:15",34.509,0.000,63.600,0.000,0.000,0.000
"09:30",41.114,0.000,63.600,0.000,0.000,0.000
"09:45",46.950,0.000,63.600,0.000,0.000,0.000
"10:00",52.634,0.000,63.600,0.000,0.000,0.000
"10:15",58.368,0.000,63.600,0.000,0.000,0.000
"10:30",63.795,0.000,63.600,0.000,0.000,0.000
"10:45",68.864,0.000,63.600,0.000,0.000,0.000
"11:00",73.370,0.000,63.600,0.000,0.000,0.000
"11:15",77.875,0.000,63.600,0.000,0.000,0.000
"11:30",81.050,0.000,63.600,0.000,0.000,0.000
"11:45",83.251,0.000,63.600,0.000,0.000,0.000
"12:00",86.682,0.000,63.600,0.000,0.000,0.000
"12:15",89.958,0.000,63.600,0.000,0.000,0.000
"12:30",92.314,0.000,63.600,0.000,0.000,0.000
"12:45",93.235,0.000,63.600,0.000,0.000,0.000
"13:00",93.235,0.000,63.600,0.000,0.000,0.000
"13:15",93.235,0.000,63.600,0.000,0.000,0.000
"13:30",93.338,0.000,63.600,0.000,0.000,0.000
"13:45",93.440,0.000,63.600,0.000,0.000,0.000
"14:00",94.208,0.000,63.600,0.000,0.000,0.000
"14:15",93.645,0.000,63.600,0.000,0.000,0.000
"14:30",92.365,0.000,63.600,0.000,0.000,0.000
"14:45",90.931,0.000,63.600,0.000,0.000,0.000
"15:00",89.805,0.000,63.600,0.000,0.000,0.000
"15:15",87.757,0.000,63.600,0.000,0.000,0.000
"15:30",84.582,0.000,63.600,0.000,0.000,0.205
"15:45",83.405,0.000,63.600,0.000,0.000,0.000
"16:00",78.234,0.000,63.600,0.000,0.000,0.102
"16:15",65.690,0.000,63.600,0.000,0.000,0.000
"16:30",52.890,0.000,63.500,0.000,0.000,0.000
"16:45",40.346,0.000,63.500,0.000,0.000,0.000
"17:00",46.234,0.000,63.500,0.000,0.000,0.000
"17:15",57.395,0.000,63.500,0.000,0.000,0.000
"17:30",51.558,0.000,63.500,0.000,0.000,0.000
"17:45",31.232,0.000,63.500,0.000,0.000,0.000
"18:00",29.491,0.000,63.600,0.000,0.000,0.000
"18:15",19.712,0.000,63.600,0.000,0.000,0.000
"18:30",9.984,0.000,63.600,0.000,0.000,0.000
"18:45",7.168,0.000,63.600,0.000,0.000,0.000
"19:00",4.301,0.051,63.600,0.563,0.000,0.000
"19:15",0.973,1.792,63.600,2.970,0.000,0.000
"19:30",0.000,4.147,63.600,5.427,0.000,0.000
"19:45",0.000,6.298,63.600,5.939,0.000,0.000
"20:00",0.000,8.192,63.600,6.195,0.000,0.000
"20:15",0.000,7.782,63.600,6.554,0.000,0.000
"20:30",0.000,7.475,63.600,6.912,0.000,0.000
"20:45",0.000,7.168,63.600,6.810,0.000,0.000
"21:00",0.000,7.066,63.600,6.963,0.000,0.000
"21:15",0.000,6.963,63.600,6.861,0.000,0.000
"21:30",0.000,7.219,63.600,6.707,0.000,0.000
"21:45",0.000,4.710,63.600,8.294,0.000,0.000
"22:00",0.000,3.942,63.600,8.602,0.000,0.000
"22:15",0.000,3.891,63.600,8.602,0.000,0.000
"22:30",0.000,3.994,63.600,8.704,0.000,0.000
"22:45",0.000,4.096,63.600,8.704,0.000,0.000
"23:00",0.000,4.454,63.600,8.704,0.000,0.000
"23:15",0.000,4.045,63.600,8.448,0.000,0.000
"23:30",0.000,4.045,63.700,8.499,0.000,0.000
"23:45",0.000,3.994,63.700,8.448,0.000,0.000
" 1/30/26 24:00",0.000,3.891,63.700,8.755,0.000,0.000
