"kwh"
"Time ","DAGSR01P","DAGSR01P","DAGSR01P","DAGSR01P","DAGSR01P","DAGSR01P"
" 9/04/26 00:15",0.000,106.752,63.600,0.000,55.091,0.000
" 9/04/26 00:30",0.000,106.803,63.600,0.000,55.245,0.000
"00:45",0.000,106.342,63.600,0.000,55.296,0.000
"01:00",0.000,105.830,63.600,0.000,55.603,0.000
"01:15",0.000,106.803,63.600,0.000,55.347,0.000
"01:30",0.000,106.291,63.600,0.000,55.194,0.000
"01:45",0.000,105.882,63.600,0.000,55.603,0.000
"02:00",0.000,105.933,63.700,0.000,55.552,0.000
"02:15",0.000,105.830,63.700,0.000,55.552,0.000
"02:30",0.000,106.445,63.700,0.000,55.552,0.000
"02:45",0.000,105.882,63.700,0.000,55.603,0.000
"03:00",0.000,105.984,63.700,0.000,55.501,0.000
"03:15",0.000,105.984,63.600,0.000,55.603,0.000
"03:30",0.000,106.035,63.600,0.000,55.552,0.000
"03:45",0.000,106.291,63.600,0.000,55.654,0.000
"04:00",0.000,105.933,63.600,0.000,55.501,0.000
"04:15",0.000,105.830,63.600,0.000,55.501,0.000
"04:30",0.000,105.933,63.700,0.000,55.347,0.000
"04:45",0.000,105.728,63.600,0.000,55.654,0.000
"05:00",0.000,106.496,63.700,0.000,55.552,0.000
"05:15",0.000,103.680,63.700,0.000,53.606,0.000
"05:30",0.000,103.014,63.700,0.000,53.811,0.000
"05:45",0.000,102.963,63.700,0.000,53.862,0.000
"06:00",0.000,103.117,63.700,0.000,53.709,0.000
"06:15",0.000,103.168,63.700,0.000,53.709,0.000
"06:30",0.000,103.424,63.700,0.000,53.606,0.000
"06:45",0.000,103.782,63.700,0.000,53.709,0.000
"07:00",0.000,103.731,63.700,0.000,53.606,0.000
"07:15",0.000,103.066,63.600,0.000,53.555,0.000
"07:30",0.000,103.782,63.600,0.000,53.658,0.000
"07:45",0.000,103.629,63.600,0.000,53.862,0.000
"08:00",0.000,103.014,63.600,0.000,54.426,0.000
"08:15",0.000,67.328,63.600,0.000,36.352,0.000
"08:30",0.000,0.000,0.000,0.000,0.000,0.000
"08:45",0.000,0.000,0.000,0.000,0.000,0.000
"09:00",0.000,0.000,0.000,0.000,0.000,0.000
"09:15",0.000,0.000,0.000,0.000,0.000,0.000
"09:30",0.000,0.000,0.000,0.000,0.000,0.000
"09:45",0.000,48.538,63.500,0.154,26.931,0.000
"10:00",0.000,40.755,63.700,0.000,36.250,0.000
"10:15",7.270,11.571,63.800,0.000,13.517,7.885
"10:30",9.626,9.677,63.700,0.000,14.592,10.496
"10:45",19.456,4.864,63.700,0.000,7.219,18.688
"11:00",14.182,6.707,63.700,0.000,9.677,15.565
"11:15",0.666,14.592,63.700,0.000,22.323,1.587
"11:30",0.614,10.650,63.700,0.000,20.941,3.686
"11:45",3.174,3.584,63.700,0.000,15.360,10.342
"12:00",13.978,1.690,63.700,0.000,7.475,18.688
"12:15",51.763,0.000,63.800,0.000,0.000,20.429
"12:30",17.254,1.178,63.700,0.000,6.093,20.070
"12:45",15.002,0.256,63.700,0.000,2.304,23.296
"13:00",24.064,0.000,63.700,0.000,0.102,26.726
"13:15",20.070,2.458,63.700,0.000,7.270,18.944
"13:30",39.629,0.000,63.700,0.000,0.000,27.392
"13:45",31.027,1.946,63.700,0.000,6.144,20.992
"14:00",16.128,7.526,63.700,0.000,12.749,13.312
"14:15",10.189,9.882,63.700,0.000,17.050,13.773
"14:30",0.205,45.978,63.700,0.000,44.595,0.973
"14:45",0.000,68.045,63.700,0.000,53.555,0.000
"15:00",0.000,82.432,63.700,0.000,65.587,0.000
"15:15",0.000,83.251,63.700,0.000,66.048,0.000
"15:30",0.000,92.262,63.700,0.000,65.331,0.000
"15:45",0.000,100.710,63.700,0.000,64.563,0.000
"16:00",0.000,82.330,63.700,0.000,58.829,0.000
"16:15",0.000,80.947,63.700,0.000,66.406,0.000
"16:30",0.000,49.101,63.700,0.000,67.891,0.000
"16:45",0.000,56.781,63.700,0.000,67.430,0.000
"17:00",0.000,73.523,63.600,0.000,67.277,0.000
"17:15",0.000,76.646,63.600,0.000,66.918,0.000
"17:30",0.000,82.176,63.600,0.000,66.458,0.000
"17:45",0.000,97.075,63.600,0.000,66.867,0.000
"18:00",0.000,88.678,63.700,0.000,45.005,0.000
"18:15",0.000,92.723,63.700,0.000,44.544,0.000
"18:30",0.000,90.112,63.700,0.000,45.056,0.000
"18:45",0.000,98.509,63.700,0.000,44.288,0.000
"19:00",0.000,102.810,63.700,0.000,44.237,0.000
"19:15",0.000,103.629,63.600,0.000,44.032,0.000
"19:30",0.000,103.322,63.600,0.000,43.520,0.000
"19:45",0.000,103.270,63.600,0.000,43.674,0.000
"20:00",0.000,103.680,63.600,0.000,43.776,0.000
"20:15",0.000,102.912,63.600,0.000,43.520,0.000
"20:30",0.000,104.397,63.600,0.000,44.544,0.000
"20:45",0.000,104.448,63.600,0.000,44.698,0.000
"21:00",0.000,103.834,63.600,0.000,44.134,0.000
"21:15",0.000,104.346,63.600,0.000,44.134,0.000
"21:30",0.000,103.117,63.600,0.000,43.776,0.000
"21:45",0.000,102.707,63.600,0.000,43.776,0.000
"22:00",0.000,103.629,63.600,0.000,44.237,0.000
"22:15",0.000,103.322,63.600,0.000,43.571,0.000
"22:30",0.000,103.373,63.600,0.000,43.827,0.000
"22:45",0.000,103.936,63.600,0.000,44.339,0.000
"23:00",0.000,103.168,63.600,0.000,43.622,0.000
"23:15",0.000,103.731,63.600,0.000,43.622,0.000
"23:30",0.000,104.448,63.600,0.000,44.134,0.000
"23:45",0.000,104.346,63.600,0.000,44.237,0.000
" 9/04/26 24:00",0.000,137.574,63.600,0.000,65.178,0.000
