"kwh"
"Time ","DAGSR01P","DAGSR01P","DAGSR01P","DAGSR01P","DAGSR01P","DAGSR01P"
" 3/10/26 00:15",0.000,7.322,63.600,4.864,0.000,0.000
" 3/10/26 00:30",0.000,4.506,63.700,6.605,0.000,0.000
"00:45",0.000,4.147,63.700,6.758,0.000,0.000
"01:00",0.000,4.454,63.700,7.014,0.000,0.000
"01:15",0.000,3.942,63.700,7.270,0.000,0.000
"01:30",0.000,4.096,63.700,7.066,0.000,0.000
"01:45",0.000,3.942,63.700,7.322,0.000,0.000
"02:00",0.000,4.352,63.700,7.322,0.000,0.000
"02:15",0.000,4.045,63.600,7.168,0.000,0.000
"02:30",0.000,4.045,63.700,7.475,0.000,0.000
"02:45",0.000,4.045,63.600,7.475,0.000,0.000
"03:00",0.000,4.045,63.600,7.578,0.000,0.000
"03:15",0.000,4.096,63.600,7.578,0.000,0.000
"03:30",0.000,4.045,63.600,7.475,0.000,0.000
"03:45",0.000,4.301,63.600,7.578,0.000,0.000
"04:00",0.000,4.608,63.600,7.424,0.000,0.000
"04:15",0.000,4.198,63.600,7.373,0.000,0.000
"04:30",0.000,3.891,63.600,7.424,0.000,0.000
"04:45",0.000,4.045,63.600,7.578,0.000,0.000
"05:00",0.000,3.891,63.600,7.782,0.000,0.000
"05:15",0.000,3.994,63.600,7.680,0.000,0.000
"05:30",0.000,4.045,63.700,7.629,0.000,0.000
"05:45",0.000,4.096,63.700,7.578,0.000,0.000
"06:00",0.000,4.301,63.700,7.322,0.000,0.000
"06:15",0.000,4.045,63.600,7.014,0.000,0.000
"06:30",0.000,4.352,63.700,7.168,0.000,0.000
"06:45",0.000,4.454,63.600,7.014,0.000,0.000
"07:00",0.000,4.301,63.600,6.963,0.000,0.000
"07:15",0.000,4.198,63.600,7.014,0.000,0.000
"07:30",0.000,4.147,63.600,7.117,0.000,0.000
"07:45",0.000,3.789,63.600,6.707,0.000,0.000
"08:00",0.666,1.741,63.700,3.738,0.000,0.000
"08:15",3.533,0.205,63.600,0.870,0.000,0.000
"08:30",9.830,0.000,63.700,0.000,0.000,0.000
"08:45",12.339,0.000,63.700,0.000,0.000,0.000
"09:00",16.230,0.000,63.700,0.000,0.000,0.000
"09:15",19.046,0.000,63.700,0.000,0.000,0.000
"09:30",20.378,0.000,63.700,0.000,0.000,0.000
"09:45",17.715,0.000,63.700,0.000,0.000,0.000
"10:00",17.869,0.000,63.700,0.000,0.000,0.000
"10:15",16.179,0.000,63.700,0.000,0.000,0.000
"10:30",15.667,0.000,63.700,0.000,0.000,0.000
"10:45",21.299,0.000,63.700,0.000,0.000,0.000
"11:00",28.621,0.000,63.700,0.000,0.000,0.000
"11:15",33.536,0.000,63.700,0.000,0.000,0.000
"11:30",44.237,0.000,63.700,0.000,0.000,0.000
"11:45",44.339,0.000,63.700,0.000,0.000,0.000
"12:00",26.573,0.000,63.700,0.000,0.000,0.000
"12:15",24.883,0.000,63.700,0.000,0.000,0.000
"12:30",41.011,0.000,63.700,0.000,0.000,0.000
"12:45",53.504,0.000,63.700,0.000,0.000,0.000
"13:00",11.059,0.000,63.700,0.000,0.000,0.000
"13:15",1.946,0.461,63.700,2.202,0.000,0.000
"13:30",10.240,0.000,63.700,0.000,0.000,0.000
"13:45",10.854,0.000,63.700,0.102,0.000,0.000
"14:00",8.653,0.154,63.700,0.819,0.000,0.000
"14:15",8.141,0.000,63.700,0.563,0.000,0.000
"14:30",19.610,0.000,63.700,0.000,0.000,0.000
"14:45",6.195,0.000,63.700,0.102,0.000,0.000
"15:00",11.776,0.000,63.700,0.000,0.000,0.000
"15:15",3.584,1.382,63.700,3.174,0.000,0.000
"15:30",1.280,0.819,63.700,3.584,0.000,0.000
"15:45",1.229,0.819,63.700,4.710,0.000,0.000
"16:00",1.126,0.973,63.700,4.710,0.000,0.000
"16:15",1.997,0.512,63.700,2.355,0.000,0.000
"16:30",3.174,0.000,63.700,0.256,0.000,0.000
"16:45",6.144,0.000,63.700,0.000,0.000,0.000
"17:00",4.198,0.000,63.700,0.000,0.000,0.000
"17:15",10.598,0.000,63.700,0.000,0.000,0.000
"17:30",15.411,0.000,63.700,0.000,0.000,0.000
"17:45",7.680,0.000,63.700,0.000,0.000,0.000
"18:00",10.906,0.000,63.700,0.000,0.000,0.000
"18:15",6.656,0.000,63.700,0.000,0.000,0.000
"18:30",5.171,0.000,63.700,0.000,0.000,0.000
"18:45",2.202,0.307,63.700,2.253,0.000,0.000
"19:00",0.973,1.536,63.700,4.301,0.000,0.000
"19:15",0.717,2.048,63.700,4.250,0.000,0.000
"19:30",0.051,3.738,63.700,6.195,0.000,0.000
"19:45",0.000,4.506,63.700,7.014,0.000,0.000
"20:00",0.000,3.942,63.700,6.707,0.000,0.000
"20:15",0.000,3.994,63.700,6.861,0.000,0.000
"20:30",0.000,4.250,63.700,6.963,0.000,0.000
"20:45",0.000,4.096,63.700,6.810,0.000,0.000
"21:00",0.000,4.352,63.700,6.912,0.000,0.000
"21:15",0.000,4.352,63.700,7.117,0.000,0.000
"21:30",0.000,3.994,63.700,7.117,0.000,0.000
"21:45",0.000,3.942,63.700,6.861,0.000,0.000
"22:00",0.000,3.942,63.700,6.861,0.000,0.000
"22:15",0.000,3.994,63.700,6.963,0.000,0.000
"22:30",0.000,3.994,63.700,7.322,0.000,0.000
"22:45",0.000,4.659,63.700,7.014,0.000,0.000
"23:00",0.000,4.301,63.700,7.270,0.000,0.000
"23:15",0.000,4.045,63.700,7.373,0.000,0.000
"23:30",0.000,4.045,63.700,7.014,0.000,0.000
"23:45",0.000,4.250,63.700,7.270,0.000,0.000
" 3/10/26 24:00",0.000,4.608,63.700,7.731,0.000,0.000
