"kwh"
"Time ","DAGSR01P","DAGSR01P","DAGSR01P","DAGSR01P","DAGSR01P","DAGSR01P"
" 5/12/26 00:15",0.000,7.014,63.700,5.069,0.000,0.000
" 5/12/26 00:30",0.000,7.014,63.700,5.069,0.000,0.000
"00:45",0.000,6.707,63.700,5.018,0.000,0.000
"01:00",0.000,6.144,63.700,5.478,0.000,0.000
"01:15",0.000,5.939,63.700,5.837,0.000,0.000
"01:30",0.000,6.093,63.700,5.171,0.000,0.000
"01:45",0.000,6.502,63.700,5.274,0.000,0.000
"02:00",0.000,6.093,63.700,5.222,0.000,0.000
"02:15",0.000,6.042,63.700,5.427,0.000,0.000
"02:30",0.000,6.093,63.700,5.530,0.000,0.000
"02:45",0.000,5.990,63.700,5.530,0.000,0.000
"03:00",0.000,6.093,63.700,5.581,0.000,0.000
"03:15",0.000,6.042,63.700,5.683,0.000,0.000
"03:30",0.000,6.349,63.700,5.478,0.000,0.000
"03:45",0.000,6.144,63.700,5.581,0.000,0.000
"04:00",0.000,6.246,63.700,5.632,0.000,0.000
"04:15",0.000,6.042,63.700,5.683,0.000,0.000
"04:30",0.000,5.837,63.700,5.683,0.000,0.000
"04:45",0.000,5.990,63.700,5.683,0.000,0.000
"05:00",0.000,6.093,63.700,5.786,0.000,0.000
"05:15",0.000,5.990,63.700,5.734,0.000,0.000
"05:30",0.000,6.451,63.700,5.427,0.000,0.000
"05:45",0.000,6.605,63.700,5.274,0.000,0.000
"06:00",0.000,6.400,63.700,5.427,0.000,0.000
"06:15",0.000,6.093,63.700,5.427,0.000,0.000
"06:30",0.000,6.144,63.700,5.427,0.000,0.000
"06:45",0.000,5.990,63.700,5.018,0.000,0.000
"07:00",0.000,6.195,63.700,5.120,0.000,0.000
"07:15",0.000,6.451,63.700,5.018,0.000,0.000
"07:30",0.000,6.758,63.700,5.171,0.000,0.000
"07:45",0.000,6.707,63.600,4.966,0.000,0.000
"08:00",0.000,6.758,63.600,5.120,0.000,0.000
"08:15",0.000,5.939,63.600,4.966,0.000,0.000
"08:30",0.102,4.301,63.600,4.403,0.000,0.000
"08:45",2.355,0.614,63.600,1.997,0.000,0.000
"09:00",16.230,0.000,63.600,0.000,0.000,0.000
"09:15",26.522,0.000,63.600,0.000,0.000,0.000
"09:30",34.970,0.000,63.600,0.000,0.000,0.000
"09:45",42.650,0.000,63.700,0.000,0.000,0.000
"10:00",50.893,0.000,63.700,0.000,0.000,0.000
"10:15",58.112,0.000,63.700,0.000,0.000,0.051
"10:30",64.819,0.000,63.700,0.000,0.000,0.000
"10:45",70.656,0.000,63.700,0.000,0.000,0.000
"11:00",76.390,0.000,63.700,0.000,0.000,0.256
"11:15",80.794,0.000,63.700,0.000,0.000,0.154
"11:30",84.685,0.000,63.700,0.000,0.000,0.154
"11:45",87.808,0.000,63.700,0.000,0.000,0.461
"12:00",91.341,0.000,63.700,0.000,0.000,0.614
"12:15",93.184,0.000,63.700,0.000,0.000,0.512
"12:30",95.334,0.000,63.700,0.000,0.000,0.614
"12:45",98.048,0.000,63.700,0.000,0.000,0.563
"13:00",99.994,0.000,63.700,0.000,0.000,0.461
"13:15",100.762,0.000,63.700,0.000,0.000,0.614
"13:30",36.762,0.819,63.600,0.410,0.819,0.102
"13:45",82.125,0.000,63.700,0.000,0.000,0.410
"14:00",99.635,0.000,63.700,0.000,0.000,0.614
"14:15",98.304,0.000,63.700,0.000,0.000,0.666
"14:30",96.461,0.000,63.700,0.000,0.000,0.614
"14:45",94.566,0.000,63.700,0.000,0.000,0.512
"15:00",91.392,0.000,63.700,0.000,0.000,0.461
"15:15",87.757,0.000,63.700,0.000,0.000,0.614
"15:30",83.866,0.000,63.600,0.000,0.000,0.512
"15:45",80.026,0.000,63.600,0.000,0.000,0.563
"16:00",75.315,0.000,63.700,0.000,0.000,0.461
"16:15",69.990,0.000,63.700,0.000,0.000,0.410
"16:30",63.642,0.000,63.600,0.000,0.000,0.256
"16:45",57.190,0.000,63.700,0.000,0.000,0.102
"17:00",49.766,0.000,63.700,0.000,0.000,0.000
"17:15",42.854,0.000,63.700,0.000,0.000,0.051
"17:30",35.123,0.000,63.700,0.000,0.000,0.051
"17:45",27.546,0.000,63.700,0.000,0.000,0.000
"18:00",17.869,0.000,63.700,0.000,0.000,0.000
"18:15",2.355,1.178,63.700,2.253,0.000,0.000
"18:30",0.000,5.018,63.700,3.533,0.000,0.000
"18:45",0.000,5.734,63.700,4.250,0.000,0.000
"19:00",0.000,8.192,69.500,0.307,75.930,0.000
"19:15",0.000,8.550,70.200,0.000,83.354,0.000
"19:30",0.000,8.602,70.100,0.000,81.766,0.000
"19:45",0.000,7.270,67.500,1.741,47.616,0.000
"20:00",0.000,5.478,63.700,4.557,0.000,0.000
"20:15",0.000,6.093,63.700,4.762,0.000,0.000
"20:30",0.000,5.222,63.700,5.222,0.000,0.000
"20:45",0.000,4.915,63.700,5.325,0.000,0.000
"21:00",0.000,4.813,63.700,5.427,0.000,0.000
"21:15",0.000,5.120,63.600,5.274,0.000,0.000
"21:30",0.000,5.018,63.700,5.478,0.000,0.000
"21:45",0.000,4.813,63.700,5.530,0.000,0.000
"22:00",0.000,4.454,63.700,5.734,0.000,0.000
"22:15",0.000,4.710,63.700,5.581,0.000,0.000
"22:30",0.000,5.325,63.700,5.786,0.000,0.000
"22:45",0.000,5.069,63.700,5.837,0.000,0.000
"23:00",0.000,5.939,63.700,5.171,0.000,0.000
"23:15",0.000,6.195,63.700,4.915,0.000,0.000
"23:30",0.000,5.734,63.700,5.069,0.000,0.000
"23:45",0.000,4.966,63.700,5.683,0.000,0.000
" 5/12/26 24:00",0.000,5.478,63.700,5.018,0.000,0.000
