"kwh"
"Time ","DAGSR01P","DAGSR01P","DAGSR01P","DAGSR01P","DAGSR01P","DAGSR01P"
" 9/06/26 00:15",0.000,38.093,63.700,0.666,3.430,0.000
" 9/06/26 00:30",0.000,37.120,63.600,0.922,2.918,0.000
"00:45",0.000,37.376,63.700,0.870,3.021,0.000
"01:00",0.000,37.888,63.600,0.666,3.277,0.000
"01:15",0.000,36.864,63.600,0.870,3.021,0.000
"01:30",0.000,37.171,63.600,0.922,2.918,0.000
"01:45",0.000,38.093,63.600,0.819,3.430,0.000
"02:00",0.000,37.683,63.600,0.666,3.379,0.000
"02:15",0.000,37.734,63.600,0.666,3.379,0.000
"02:30",0.000,37.734,63.600,0.717,3.226,0.000
"02:45",0.000,37.171,63.600,0.870,2.918,0.000
"03:00",0.000,36.915,63.600,0.870,2.816,0.000
"03:15",0.000,37.478,63.600,0.768,2.816,0.000
"03:30",0.000,37.478,63.600,0.768,3.021,0.000
"03:45",0.000,37.018,63.600,0.870,2.918,0.000
"04:00",0.000,36.813,63.600,0.922,2.867,0.000
"04:15",0.000,37.837,63.600,0.819,3.072,0.000
"04:30",0.000,37.069,63.600,0.922,2.970,0.000
"04:45",0.000,37.069,63.600,0.870,2.918,0.000
"05:00",0.000,37.734,63.600,0.717,3.328,0.000
"05:15",0.000,36.710,63.600,0.870,2.970,0.000
"05:30",0.000,36.813,63.600,0.922,2.816,0.000
"05:45",0.000,37.786,63.600,0.768,3.226,0.000
"06:00",0.000,36.762,63.600,0.922,2.765,0.000
"06:15",0.000,36.864,63.600,0.973,2.765,0.000
"06:30",0.000,37.120,63.600,0.870,2.918,0.000
"06:45",0.000,37.478,63.600,0.819,2.970,0.000
"07:00",0.000,37.427,63.600,0.922,2.714,0.000
"07:15",0.000,37.325,63.600,0.973,2.714,0.000
"07:30",0.000,38.349,63.600,0.819,3.277,0.000
"07:45",0.000,38.042,63.600,0.819,2.765,0.000
"08:00",0.000,37.786,63.600,0.717,2.970,0.000
"08:15",0.000,43.162,63.600,0.358,6.810,0.000
"08:30",0.000,66.150,63.600,0.000,16.179,0.000
"08:45",0.000,67.226,63.600,0.000,19.046,0.000
"09:00",0.000,92.774,63.600,0.000,37.683,0.000
"09:15",0.000,87.296,63.600,0.000,37.274,0.000
"09:30",0.000,82.995,63.600,0.000,37.427,0.000
"09:45",0.000,84.122,63.600,0.000,37.632,0.000
"10:00",0.000,82.074,63.600,0.000,37.171,0.000
"10:15",0.000,85.043,63.600,0.000,37.530,0.000
"10:30",0.000,72.602,63.600,0.000,33.946,0.000
"10:45",0.000,42.650,63.600,0.000,28.262,0.000
"11:00",0.000,34.304,63.600,0.000,27.853,0.000
"11:15",0.000,36.198,63.700,0.000,27.648,0.000
"11:30",0.000,38.810,63.600,0.000,27.443,0.000
"11:45",0.000,44.134,63.600,0.000,26.470,0.000
"12:00",0.000,45.363,63.600,0.000,27.494,0.000
"12:15",0.000,46.490,63.600,0.000,27.136,0.000
"12:30",0.000,47.104,63.600,0.000,27.546,0.000
"12:45",0.000,47.309,63.600,0.000,26.982,0.000
"13:00",0.000,47.872,63.600,0.000,27.290,0.000
"13:15",0.000,46.029,63.700,0.000,26.982,0.000
"13:30",0.000,40.909,63.700,0.000,27.034,0.000
"13:45",0.000,42.394,63.700,0.000,27.392,0.000
"14:00",0.000,40.499,63.700,0.000,27.085,0.000
"14:15",0.000,39.834,63.700,0.000,27.443,0.000
"14:30",0.000,42.957,63.700,0.000,26.829,0.000
"14:45",0.000,44.698,63.700,0.000,27.187,0.000
"15:00",0.000,40.755,63.700,0.000,26.982,0.000
"15:15",0.000,37.581,63.700,0.000,26.982,0.000
"15:30",0.000,44.186,63.700,0.000,27.494,0.000
"15:45",0.000,37.888,63.700,0.000,26.931,0.000
"16:00",0.000,39.885,63.700,0.000,27.290,0.000
"16:15",0.000,44.800,63.700,0.000,26.778,0.000
"16:30",0.000,43.981,63.700,0.000,26.931,0.000
"16:45",0.000,47.053,63.700,0.000,26.880,0.000
"17:00",0.000,44.698,63.700,0.000,26.726,0.000
"17:15",0.000,42.547,63.800,0.000,27.290,0.000
"17:30",0.000,45.107,63.800,0.000,26.470,0.000
"17:45",0.000,49.203,63.700,0.000,26.880,0.000
"18:00",0.000,54.733,63.700,0.000,26.419,0.000
"18:15",0.000,58.726,63.700,0.000,26.675,0.000
"18:30",0.000,63.949,63.700,0.000,27.085,0.000
"18:45",0.000,65.946,63.700,0.000,26.163,0.000
"19:00",0.000,68.557,63.700,0.000,27.136,0.000
"19:15",0.000,69.222,63.700,0.000,27.238,0.000
"19:30",0.000,69.427,63.700,0.000,27.034,0.000
"19:45",0.000,69.478,63.600,0.000,26.982,0.000
"20:00",0.000,68.659,63.600,0.000,26.368,0.000
"20:15",0.000,68.608,63.700,0.000,26.726,0.000
"20:30",0.000,68.352,63.700,0.000,26.112,0.000
"20:45",0.000,68.096,63.700,0.000,26.061,0.000
"21:00",0.000,68.762,63.700,0.000,26.829,0.000
"21:15",0.000,68.198,63.700,0.000,26.214,0.000
"21:30",0.000,68.454,63.600,0.000,26.368,0.000
"21:45",0.000,69.069,63.600,0.000,26.829,0.000
"22:00",0.000,67.430,63.600,0.000,26.163,0.000
"22:15",0.000,68.301,63.600,0.000,26.266,0.000
"22:30",0.000,68.813,63.600,0.000,26.624,0.000
"22:45",0.000,67.891,63.700,0.000,26.010,0.000
"23:00",0.000,67.738,63.700,0.000,26.266,0.000
"23:15",0.000,69.274,63.700,0.000,26.880,0.000
"23:30",0.000,67.840,63.700,0.000,26.624,0.000
"23:45",0.000,67.533,63.700,0.000,26.573,0.000
" 9/06/26 24:00",0.000,68.710,63.700,0.000,26.726,0.000
