"kwh"
"Time ","DAGSR01P","DAGSR01P","DAGSR01P","DAGSR01P","DAGSR01P","DAGSR01P"
" 4/28/26 00:15",0.000,6.861,63.700,3.635,0.000,0.000
" 4/28/26 00:30",0.000,5.376,63.600,4.147,0.000,0.000
"00:45",0.000,5.325,63.600,3.994,0.000,0.000
"01:00",0.000,6.093,63.700,3.891,0.000,0.000
"01:15",0.000,5.376,63.700,4.864,0.000,0.000
"01:30",0.000,5.837,63.600,3.942,0.000,0.000
"01:45",0.000,5.274,63.600,4.301,0.000,0.000
"02:00",0.000,5.427,63.600,4.403,0.000,0.000
"02:15",0.000,6.605,63.700,3.789,0.000,0.000
"02:30",0.000,5.376,63.700,4.352,0.000,0.000
"02:45",0.000,6.246,63.700,4.352,0.000,0.000
"03:00",0.000,5.734,63.700,4.198,0.000,0.000
"03:15",0.000,5.530,63.700,4.659,0.000,0.000
"03:30",0.000,6.298,63.700,3.942,0.000,0.000
"03:45",0.000,5.222,63.700,4.710,0.000,0.000
"04:00",0.000,5.120,63.700,5.018,0.000,0.000
"04:15",0.000,5.734,63.700,5.478,0.000,0.000
"04:30",0.000,4.762,63.700,6.195,0.000,0.000
"04:45",0.000,5.530,63.700,5.478,0.000,0.000
"05:00",0.000,4.557,63.700,5.939,0.000,0.000
"05:15",0.000,4.301,63.700,6.093,0.000,0.000
"05:30",0.000,5.376,63.700,5.171,0.000,0.000
"05:45",0.000,4.864,63.700,5.837,0.000,0.000
"06:00",0.000,4.966,63.700,5.837,0.000,0.000
"06:15",0.000,5.069,63.700,5.171,0.000,0.000
"06:30",0.000,4.403,63.700,5.683,0.000,0.000
"06:45",0.000,5.683,63.700,5.120,0.000,0.000
"07:00",0.000,4.710,63.700,5.530,0.000,0.000
"07:15",0.000,5.120,63.600,5.581,0.000,0.000
"07:30",0.000,5.990,63.600,4.762,0.000,0.000
"07:45",0.000,4.762,63.600,5.222,0.000,0.000
"08:00",0.000,4.762,63.600,5.069,0.000,0.000
"08:15",0.000,5.632,63.600,4.403,0.000,0.000
"08:30",0.051,4.045,63.600,4.710,0.000,0.000
"08:45",0.461,2.202,63.600,2.970,0.000,0.000
"09:00",3.686,0.256,63.700,0.717,0.000,0.000
"09:15",7.731,0.000,63.700,0.000,0.000,0.000
"09:30",7.731,0.051,63.700,0.563,0.000,0.000
"09:45",8.448,0.000,63.700,0.000,0.000,0.000
"10:00",30.003,0.000,63.700,0.000,0.000,0.000
"10:15",45.722,0.000,63.700,0.000,0.000,0.051
"10:30",51.814,0.000,63.700,0.000,0.000,0.000
"10:45",57.805,0.000,63.700,0.000,0.000,0.102
"11:00",63.437,0.000,63.700,0.000,0.000,0.000
"11:15",66.867,0.000,63.700,0.000,0.000,0.102
"11:30",70.707,0.000,63.700,0.000,0.000,0.102
"11:45",73.933,0.000,63.700,0.000,0.000,0.000
"12:00",76.083,0.000,63.700,0.000,0.000,0.256
"12:15",79.411,0.000,63.700,0.000,0.000,0.102
"12:30",81.101,0.000,63.700,0.000,0.000,0.307
"12:45",83.149,0.000,63.700,0.000,0.000,0.154
"13:00",84.685,0.000,63.700,0.000,0.000,0.102
"13:15",84.736,0.000,63.700,0.000,0.000,0.461
"13:30",85.402,0.000,63.700,0.000,0.000,0.154
"13:45",85.094,0.000,63.700,0.000,0.000,0.307
"14:00",84.685,0.000,63.700,0.000,0.000,0.154
"14:15",83.814,0.000,63.700,0.000,0.000,0.102
"14:30",81.254,0.000,63.700,0.000,0.000,0.205
"14:45",80.026,0.000,63.700,0.000,0.000,0.000
"15:00",76.851,0.000,63.700,0.000,0.000,0.256
"15:15",74.701,0.000,63.800,0.000,0.000,0.051
"15:30",70.758,0.000,63.800,0.000,0.000,0.000
"15:45",66.611,0.000,63.800,0.000,0.000,0.102
"16:00",63.334,0.000,63.800,0.000,0.000,0.000
"16:15",57.907,0.000,63.700,0.000,0.000,0.051
"16:30",52.890,0.000,63.800,0.000,0.000,0.000
"16:45",47.923,0.000,63.800,0.000,0.000,0.000
"17:00",44.749,0.000,63.800,0.000,0.000,0.051
"17:15",36.506,0.000,63.800,0.000,0.000,0.000
"17:30",30.106,0.000,63.800,0.000,0.000,0.000
"17:45",26.470,0.000,63.800,0.000,0.000,0.000
"18:00",17.306,0.000,63.700,0.000,0.000,0.000
"18:15",9.011,0.000,63.700,0.000,0.000,0.000
"18:30",2.406,0.922,63.700,1.690,0.000,0.000
"18:45",0.000,4.608,63.700,3.840,0.000,0.000
"19:00",0.000,4.454,63.700,5.018,0.000,0.000
"19:15",0.000,5.325,63.700,4.301,0.000,0.000
"19:30",0.000,5.939,63.700,3.891,0.000,0.000
"19:45",0.000,4.966,63.700,4.813,0.000,0.000
"20:00",0.000,6.246,63.700,3.942,0.000,0.000
"20:15",0.000,5.222,63.700,4.813,0.000,0.000
"20:30",0.000,6.400,63.700,4.710,0.000,0.000
"20:45",0.000,7.014,63.700,4.147,0.000,0.000
"21:00",0.000,6.451,63.600,5.069,0.000,0.000
"21:15",0.000,7.014,63.600,4.557,0.000,0.000
"21:30",0.000,6.656,63.700,5.018,0.000,0.000
"21:45",0.000,6.042,63.700,4.966,0.000,0.000
"22:00",0.000,6.195,63.700,4.403,0.000,0.000
"22:15",0.000,5.683,63.700,4.915,0.000,0.000
"22:30",0.000,5.990,63.700,4.864,0.000,0.000
"22:45",0.000,6.042,63.700,4.915,0.000,0.000
"23:00",0.000,5.683,63.700,5.325,0.000,0.000
"23:15",0.000,7.373,63.700,4.557,0.000,0.000
"23:30",0.000,5.786,63.700,5.325,0.000,0.000
"23:45",0.000,5.683,63.700,5.325,0.000,0.000
" 4/28/26 24:00",0.000,7.066,63.700,4.454,0.000,0.000
