"kwh"
"Time ","DAGSR01P","DAGSR01P","DAGSR01P","DAGSR01P","DAGSR01P","DAGSR01P"
" 4/03/26 00:15",0.000,5.530,63.600,3.328,0.000,0.000
" 4/03/26 00:30",0.000,4.762,63.600,3.840,0.000,0.000
"00:45",0.000,5.018,63.700,3.942,0.000,0.000
"01:00",0.000,5.632,63.600,3.738,0.000,0.000
"01:15",0.000,5.171,63.600,3.994,0.000,0.000
"01:30",0.000,4.915,63.600,4.198,0.000,0.000
"01:45",0.000,4.762,63.700,4.198,0.000,0.000
"02:00",0.000,5.683,63.700,3.686,0.000,0.000
"02:15",0.000,4.864,63.700,4.147,0.000,0.000
"02:30",0.000,5.120,63.600,4.250,0.000,0.000
"02:45",0.000,5.888,63.700,3.891,0.000,0.000
"03:00",0.000,4.710,63.700,4.352,0.000,0.000
"03:15",0.000,4.915,63.700,4.250,0.000,0.000
"03:30",0.000,4.762,63.600,4.454,0.000,0.000
"03:45",0.000,5.888,63.600,4.454,0.000,0.000
"04:00",0.000,5.427,63.600,4.301,0.000,0.000
"04:15",0.000,4.762,63.600,4.301,0.000,0.000
"04:30",0.000,5.478,63.600,3.584,0.000,0.000
"04:45",0.000,4.813,63.600,4.352,0.000,0.000
"05:00",0.000,4.813,63.700,4.250,0.000,0.000
"05:15",0.000,5.530,63.600,3.840,0.000,0.000
"05:30",0.000,4.813,63.700,4.352,0.000,0.000
"05:45",0.000,4.966,63.700,4.454,0.000,0.000
"06:00",0.000,4.915,63.700,4.250,0.000,0.000
"06:15",0.000,5.478,63.600,3.686,0.000,0.000
"06:30",0.000,4.762,63.700,4.454,0.000,0.000
"06:45",0.000,4.710,63.600,4.147,0.000,0.000
"07:00",0.000,5.222,63.700,4.045,0.000,0.000
"07:15",0.000,4.403,63.600,4.710,0.000,0.000
"07:30",0.000,4.659,63.600,4.762,0.000,0.000
"07:45",0.000,5.018,63.600,4.506,0.000,0.000
"08:00",0.000,5.222,63.700,4.096,0.000,0.000
"08:15",0.000,5.018,63.700,4.966,0.000,0.000
"08:30",0.000,4.557,63.600,4.250,0.000,0.000
"08:45",0.000,5.325,63.600,3.430,0.000,0.000
"09:00",0.000,4.045,63.600,3.584,0.000,0.000
"09:15",0.102,3.686,63.700,3.123,0.000,0.000
"09:30",0.051,3.738,63.700,2.662,0.000,0.000
"09:45",0.666,1.894,63.700,2.253,0.000,0.000
"10:00",0.666,1.997,63.700,2.099,0.000,0.000
"10:15",0.563,1.997,63.700,1.894,0.102,0.000
"10:30",4.045,0.410,63.700,0.819,0.000,0.000
"10:45",3.942,6.912,63.700,0.000,1.690,0.000
"11:00",8.397,0.000,63.700,0.000,0.000,0.051
"11:15",13.005,0.000,63.700,0.000,0.000,0.051
"11:30",14.080,0.000,63.700,0.000,0.000,0.000
"11:45",14.387,0.000,63.700,0.000,0.000,0.000
"12:00",18.534,0.000,63.700,0.000,0.000,0.102
"12:15",28.416,0.000,63.700,0.000,0.000,0.051
"12:30",51.200,0.000,63.700,0.000,0.000,0.051
"12:45",73.165,0.000,63.700,0.000,0.000,0.512
"13:00",66.765,0.000,63.700,0.000,0.000,0.256
"13:15",47.514,0.000,63.700,0.000,0.000,0.205
"13:30",68.352,0.000,63.700,0.000,0.000,0.461
"13:45",86.221,0.000,63.700,0.000,0.000,0.461
"14:00",64.819,0.000,63.700,0.000,0.000,0.307
"14:15",70.861,0.000,63.700,0.000,0.000,0.256
"14:30",64.973,0.000,63.800,0.000,0.000,0.256
"14:45",86.630,0.000,63.800,0.000,0.000,0.614
"15:00",49.459,0.000,63.700,0.000,0.000,0.205
"15:15",40.602,0.000,63.800,0.000,0.000,0.000
"15:30",41.523,0.000,63.700,0.000,0.000,0.154
"15:45",33.434,0.000,63.800,0.000,0.000,0.051
"16:00",46.950,0.000,63.800,0.000,0.000,0.154
"16:15",62.464,0.000,63.800,0.000,0.000,0.358
"16:30",48.333,0.000,63.800,0.000,0.000,0.154
"16:45",34.355,0.000,63.700,0.000,0.000,0.051
"17:00",35.277,0.000,63.700,0.000,0.000,0.154
"17:15",28.672,0.000,63.700,0.000,0.000,0.000
"17:30",30.157,0.000,63.700,0.000,0.000,0.102
"17:45",10.854,0.000,63.700,0.000,0.000,0.000
"18:00",6.093,0.000,63.700,0.000,0.000,0.000
"18:15",2.560,0.102,63.700,0.666,0.000,0.000
"18:30",3.789,0.051,63.700,0.870,0.000,0.000
"18:45",0.870,1.382,63.700,2.202,0.000,0.000
"19:00",0.256,2.816,63.700,2.253,0.051,0.000
"19:15",0.000,4.608,63.600,4.198,0.000,0.000
"19:30",0.000,5.120,63.600,3.891,0.000,0.000
"19:45",0.000,5.376,63.600,3.789,0.000,0.000
"20:00",0.000,5.632,63.600,4.147,0.000,0.000
"20:15",0.000,6.195,63.600,3.891,0.000,0.000
"20:30",0.000,5.069,63.600,3.994,0.000,0.000
"20:45",0.000,5.069,63.600,3.891,0.000,0.000
"21:00",0.000,5.888,63.600,3.379,0.000,0.000
"21:15",0.000,5.018,63.600,3.942,0.000,0.000
"21:30",0.000,5.120,63.600,4.198,0.000,0.000
"21:45",0.000,5.990,63.600,3.635,0.000,0.000
"22:00",0.000,5.274,63.600,4.301,0.000,0.000
"22:15",0.000,4.762,63.700,4.198,0.000,0.000
"22:30",0.000,5.734,63.600,3.789,0.000,0.000
"22:45",0.000,5.018,63.600,4.250,0.000,0.000
"23:00",0.000,5.376,63.700,4.301,0.000,0.000
"23:15",0.000,5.939,63.700,4.096,0.000,0.000
"23:30",0.000,4.966,63.700,4.454,0.000,0.000
"23:45",0.000,4.864,63.700,4.454,0.000,0.000
" 4/03/26 24:00",0.000,5.581,63.600,3.789,0.000,0.000
