"kwh"
"Time ","DAGSR01P","DAGSR01P","DAGSR01P","DAGSR01P","DAGSR01P","DAGSR01P"
" 2/13/26 00:15",0.000,237.670,63.600,0.000,113.818,0.000
" 2/13/26 00:30",0.000,237.619,63.600,0.000,113.766,0.000
"00:45",0.000,237.363,63.600,0.000,113.459,0.000
"01:00",0.000,237.312,63.600,0.000,112.845,0.000
"01:15",0.000,237.517,63.600,0.000,112.896,0.000
"01:30",0.000,237.824,63.600,0.000,112.742,0.000
"01:45",0.000,237.568,63.600,0.000,112.794,0.000
"02:00",0.000,237.978,63.600,0.000,113.408,0.000
"02:15",0.000,238.182,63.600,0.000,113.510,0.000
"02:30",0.000,238.080,63.600,0.000,113.562,0.000
"02:45",0.000,237.568,63.600,0.000,112.998,0.000
"03:00",0.000,238.080,63.600,0.000,112.794,0.000
"03:15",0.000,238.643,63.600,0.000,112.691,0.000
"03:30",0.000,237.619,63.600,0.000,113.306,0.000
"03:45",0.000,237.466,63.600,0.000,112.998,0.000
"04:00",0.000,238.438,63.600,0.000,113.664,0.000
"04:15",0.000,238.848,63.600,0.000,113.562,0.000
"04:30",0.000,238.080,63.600,0.000,113.510,0.000
"04:45",0.000,237.210,63.600,0.000,112.998,0.000
"05:00",0.000,237.722,63.600,0.000,113.050,0.000
"05:15",0.000,237.414,63.600,0.000,113.101,0.000
"05:30",0.000,237.670,63.600,0.000,113.152,0.000
"05:45",0.000,238.438,63.600,0.000,113.254,0.000
"06:00",0.000,238.746,63.600,0.000,113.920,0.000
"06:15",0.000,237.978,63.600,0.000,113.664,0.000
"06:30",0.000,238.131,63.600,0.000,113.050,0.000
"06:45",0.000,237.875,63.600,0.000,112.691,0.000
"07:00",0.000,238.182,63.600,0.000,112.384,0.000
"07:15",0.000,223.130,63.600,0.000,104.960,0.000
"07:30",0.000,204.134,63.600,0.000,93.133,0.000
"07:45",0.000,213.197,63.600,0.000,99.174,0.000
"08:00",0.000,237.210,63.600,0.000,114.893,0.000
"08:15",0.000,233.779,63.600,0.000,114.278,0.000
"08:30",0.000,231.219,63.600,0.000,114.227,0.000
"08:45",0.000,229.069,63.600,0.000,113.613,0.000
"09:00",0.000,233.574,63.600,0.000,113.613,0.000
"09:15",0.000,232.346,63.600,0.000,113.766,0.000
"09:30",0.000,229.939,63.600,0.000,114.330,0.000
"09:45",0.000,219.238,63.600,0.000,114.432,0.000
"10:00",0.000,205.056,63.600,0.000,118.170,0.000
"10:15",0.000,173.926,63.600,0.000,101.069,0.000
"10:30",0.000,155.034,63.600,0.000,80.640,0.000
"10:45",0.000,138.189,63.600,0.000,80.538,0.000
"11:00",0.000,133.581,63.600,0.000,87.654,0.000
"11:15",0.000,138.957,63.600,0.000,85.862,0.000
"11:30",0.000,115.251,63.600,0.000,91.034,0.000
"11:45",0.000,116.275,63.600,0.000,90.624,0.000
"12:00",0.000,109.670,63.600,0.000,90.163,0.000
"12:15",0.000,127.334,63.600,0.000,88.986,0.000
"12:30",0.000,121.242,63.600,0.000,90.010,0.000
"12:45",0.000,110.797,63.600,0.000,90.419,0.000
"13:00",0.000,107.674,63.600,0.000,90.368,0.000
"13:15",0.000,106.291,63.600,0.000,90.931,0.000
"13:30",0.000,106.598,63.600,0.000,90.982,0.000
"13:45",0.000,93.440,63.600,0.000,92.006,0.000
"14:00",0.000,99.430,63.600,0.000,90.419,0.000
"14:15",0.000,107.930,63.600,0.000,90.061,0.000
"14:30",0.000,128.922,63.600,0.000,89.139,0.000
"14:45",0.000,104.346,63.600,0.000,90.010,0.000
"15:00",0.000,120.576,63.600,0.000,89.549,0.000
"15:15",0.000,86.118,63.600,0.000,91.648,0.000
"15:30",0.000,112.742,63.600,0.000,100.096,0.000
"15:45",0.000,85.914,63.600,0.000,94.976,0.000
"16:00",0.000,125.030,63.600,0.000,89.907,0.000
"16:15",0.000,129.485,63.600,0.000,97.331,0.000
"16:30",0.000,137.216,63.600,0.000,101.274,0.000
"16:45",0.000,156.467,63.500,0.000,100.608,0.000
"17:00",0.000,131.635,63.500,0.000,101.581,0.000
"17:15",0.000,102.246,63.600,0.000,83.046,0.000
"17:30",0.000,110.285,63.600,0.000,64.973,0.000
"17:45",0.000,93.389,63.600,0.000,56.064,0.000
"18:00",0.000,107.674,63.600,0.000,56.064,0.000
"18:15",0.000,94.771,63.600,0.000,50.176,0.000
"18:30",0.000,83.456,63.600,0.000,45.517,0.000
"18:45",0.000,90.470,63.500,0.000,45.670,0.000
"19:00",0.000,90.880,63.500,0.000,46.080,0.000
"19:15",0.000,92.160,63.500,0.000,45.926,0.000
"19:30",0.000,98.406,63.600,0.000,45.210,0.000
"19:45",0.000,104.960,63.500,0.000,46.746,0.000
"20:00",0.000,106.650,63.600,0.000,47.104,0.000
"20:15",0.000,107.622,63.500,0.000,46.746,0.000
"20:30",0.000,108.083,63.500,0.000,46.848,0.000
"20:45",0.000,105.370,63.600,0.000,45.363,0.000
"21:00",0.000,105.011,63.600,0.000,45.210,0.000
"21:15",0.000,104.602,63.600,0.000,44.698,0.000
"21:30",0.000,104.909,63.600,0.000,44.749,0.000
"21:45",0.000,104.602,63.600,0.000,44.698,0.000
"22:00",0.000,104.038,63.600,0.000,44.595,0.000
"22:15",0.000,104.602,63.500,0.000,45.107,0.000
"22:30",0.000,104.602,63.600,0.000,45.261,0.000
"22:45",0.000,104.141,63.600,0.000,44.902,0.000
"23:00",0.000,103.782,63.600,0.000,44.646,0.000
"23:15",0.000,103.834,63.500,0.000,44.493,0.000
"23:30",0.000,103.936,63.600,0.000,44.646,0.000
"23:45",0.000,104.090,63.600,0.000,44.749,0.000
" 2/13/26 24:00",0.000,104.550,63.600,0.000,45.312,0.000
