"kwh"
"Time ","DAGSR01P","DAGSR01P","DAGSR01P","DAGSR01P","DAGSR01P","DAGSR01P"
" 5/10/26 00:15",0.000,5.683,63.700,4.813,0.000,0.000
" 5/10/26 00:30",0.000,5.837,63.700,4.608,0.000,0.000
"00:45",0.000,5.990,63.700,4.659,0.000,0.000
"01:00",0.000,5.939,63.700,4.762,0.000,0.000
"01:15",0.000,6.042,63.700,4.915,0.000,0.000
"01:30",0.000,6.144,63.700,5.120,0.000,0.000
"01:45",0.000,5.939,63.700,5.069,0.000,0.000
"02:00",0.000,5.939,63.700,5.171,0.000,0.000
"02:15",0.000,5.581,63.700,5.171,0.000,0.000
"02:30",0.000,5.478,63.700,5.171,0.000,0.000
"02:45",0.000,5.632,63.700,5.120,0.000,0.000
"03:00",0.000,6.195,63.700,5.222,0.000,0.000
"03:15",0.000,5.530,63.700,5.222,0.000,0.000
"03:30",0.000,5.427,63.700,5.376,0.000,0.000
"03:45",0.000,5.837,63.700,5.222,0.000,0.000
"04:00",0.000,6.042,63.700,5.376,0.000,0.000
"04:15",0.000,6.093,63.700,5.478,0.000,0.000
"04:30",0.000,6.195,63.700,5.325,0.000,0.000
"04:45",0.000,5.837,63.700,5.478,0.000,0.000
"05:00",0.000,5.837,63.700,5.530,0.000,0.000
"05:15",0.000,5.939,63.700,5.530,0.000,0.000
"05:30",0.000,6.246,63.700,5.683,0.000,0.000
"05:45",0.000,5.837,63.700,5.530,0.000,0.000
"06:00",0.000,6.195,63.700,5.632,0.000,0.000
"06:15",0.000,5.837,63.700,5.530,0.000,0.000
"06:30",0.000,5.478,63.700,5.427,0.000,0.000
"06:45",0.000,5.376,63.700,5.376,0.000,0.000
"07:00",0.000,5.427,63.700,5.222,0.000,0.000
"07:15",0.000,5.581,63.700,5.222,0.000,0.000
"07:30",0.000,5.837,63.700,5.376,0.000,0.000
"07:45",0.000,5.478,63.700,5.478,0.000,0.000
"08:00",0.000,5.786,63.700,5.325,0.000,0.000
"08:15",0.000,5.222,63.700,5.325,0.000,0.000
"08:30",0.256,3.123,63.700,4.608,0.000,0.000
"08:45",4.864,0.000,63.700,0.717,0.000,0.000
"09:00",18.483,0.000,63.700,0.000,0.000,0.000
"09:15",27.290,0.000,63.700,0.000,0.000,0.000
"09:30",31.488,0.000,63.700,0.000,0.000,1.587
"09:45",33.024,0.000,63.700,0.000,0.000,3.533
"10:00",29.389,0.000,63.700,0.000,0.000,7.834
"10:15",27.085,0.000,63.700,0.000,0.000,11.059
"10:30",33.690,0.000,63.700,0.000,0.000,11.469
"10:45",39.219,0.000,63.700,0.000,0.000,12.646
"11:00",45.261,0.000,63.700,0.000,0.000,12.954
"11:15",50.330,0.000,63.700,0.000,0.000,13.210
"11:30",54.938,0.000,63.700,0.000,0.000,13.210
"11:45",58.573,0.000,63.700,0.000,0.000,13.466
"12:00",62.566,0.000,63.700,0.000,0.000,13.722
"12:15",65.997,0.000,63.700,0.000,0.000,13.875
"12:30",68.301,0.000,63.700,0.000,0.000,14.029
"12:45",69.837,0.000,63.700,0.000,0.000,14.234
"13:00",70.195,0.000,63.700,0.000,0.000,14.336
"13:15",70.861,0.000,63.700,0.000,0.000,14.490
"13:30",70.605,0.000,63.700,0.000,0.000,14.438
"13:45",70.861,0.000,63.700,0.000,0.000,14.336
"14:00",70.093,0.000,63.700,0.000,0.000,14.234
"14:15",68.608,0.000,63.700,0.000,0.000,14.285
"14:30",67.123,0.000,63.700,0.000,0.000,14.182
"14:45",65.280,0.000,63.700,0.000,0.000,14.131
"15:00",62.259,0.000,63.700,0.000,0.000,14.080
"15:15",58.266,0.000,63.700,0.000,0.000,13.824
"15:30",54.886,0.000,63.800,0.000,0.000,13.670
"15:45",50.381,0.000,63.700,0.000,0.000,13.517
"16:00",45.158,0.000,63.700,0.000,0.000,13.363
"16:15",40.141,0.000,63.700,0.000,0.000,13.005
"16:30",33.690,0.000,63.700,0.000,0.000,12.698
"16:45",26.778,0.000,63.700,0.000,0.000,12.442
"17:00",19.098,0.000,63.700,0.000,0.000,12.237
"17:15",11.469,0.000,63.700,0.000,0.000,12.083
"17:30",4.403,0.358,63.700,0.000,1.894,10.035
"17:45",21.146,0.410,63.700,0.000,1.690,0.870
"18:00",18.125,0.000,63.700,0.000,0.000,0.102
"18:15",3.430,1.434,63.800,1.075,0.102,0.000
"18:30",0.000,4.710,63.800,2.355,0.102,0.000
"18:45",0.000,6.093,63.800,2.560,0.051,0.000
"19:00",0.000,6.400,63.700,2.560,0.000,0.000
"19:15",0.000,6.451,63.700,2.714,0.051,0.000
"19:30",0.000,6.707,63.700,2.816,0.000,0.000
"19:45",0.000,6.861,63.800,2.816,0.000,0.000
"20:00",0.000,6.912,63.800,2.816,0.000,0.000
"20:15",0.000,6.963,63.800,2.714,0.051,0.000
"20:30",0.000,6.707,63.800,2.560,0.154,0.000
"20:45",0.000,6.707,63.700,2.560,0.051,0.000
"21:00",0.000,7.322,63.800,2.765,0.000,0.000
"21:15",0.000,7.270,63.700,2.816,0.000,0.000
"21:30",0.000,7.168,63.700,3.123,0.000,0.000
"21:45",0.000,7.219,63.700,2.970,0.000,0.000
"22:00",0.000,7.014,63.800,3.021,0.000,0.000
"22:15",0.000,7.066,63.800,3.123,0.000,0.000
"22:30",0.000,7.117,63.700,3.226,0.000,0.000
"22:45",0.000,7.322,63.800,3.379,0.000,0.000
"23:00",0.000,7.526,63.800,3.482,0.000,0.000
"23:15",0.000,7.526,63.800,3.738,0.000,0.000
"23:30",0.000,7.066,63.800,3.686,0.000,0.000
"23:45",0.000,7.270,63.800,3.686,0.000,0.000
" 5/10/26 24:00",0.000,7.680,63.800,3.738,0.000,0.000
