"kwh"
"Time ","DAGSR01P","DAGSR01P","DAGSR01P","DAGSR01P","DAGSR01P","DAGSR01P"
" 8/27/26 00:15",0.000,4.454,63.700,7.168,0.000,0.000
" 8/27/26 00:30",0.000,4.301,63.700,7.475,0.000,0.000
"00:45",0.000,4.301,63.700,7.578,0.000,0.000
"01:00",0.000,3.482,63.700,7.731,0.000,0.000
"01:15",0.000,3.123,63.700,7.680,0.000,0.000
"01:30",0.000,4.301,63.700,6.912,0.000,0.000
"01:45",0.000,3.379,63.700,7.834,0.000,0.000
"02:00",0.000,3.328,63.700,7.578,0.000,0.000
"02:15",0.000,4.250,63.700,6.963,0.000,0.000
"02:30",0.000,3.533,63.700,7.475,0.000,0.000
"02:45",0.000,3.789,63.700,7.117,0.000,0.000
"03:00",0.000,3.226,63.700,7.629,0.000,0.000
"03:15",0.000,3.123,63.700,7.731,0.000,0.000
"03:30",0.000,4.198,63.700,7.270,0.000,0.000
"03:45",0.000,3.482,63.700,7.936,0.000,0.000
"04:00",0.000,3.533,63.700,7.629,0.000,0.000
"04:15",0.000,3.482,63.700,7.475,0.000,0.000
"04:30",0.000,3.174,63.700,7.731,0.000,0.000
"04:45",0.000,4.198,63.700,7.219,0.000,0.000
"05:00",0.000,3.072,63.700,7.782,0.000,0.000
"05:15",0.000,3.942,63.700,7.731,0.000,0.000
"05:30",0.000,3.789,63.700,7.475,0.000,0.000
"05:45",0.000,3.277,63.700,7.680,0.000,0.000
"06:00",0.000,6.656,63.700,5.734,0.000,0.000
"06:15",0.000,6.246,63.700,6.246,0.000,0.000
"06:30",0.000,6.502,63.700,6.195,0.000,0.000
"06:45",0.000,7.834,63.700,5.581,0.000,0.000
"07:00",0.000,6.861,63.700,5.990,0.000,0.000
"07:15",0.000,7.322,63.700,5.120,0.000,0.000
"07:30",0.000,7.322,63.700,5.274,0.000,0.000
"07:45",0.000,6.758,63.700,5.786,0.000,0.000
"08:00",0.000,6.912,63.700,5.376,0.000,0.000
"08:15",0.000,5.837,63.700,5.734,0.000,0.000
"08:30",0.000,4.403,63.700,5.530,0.000,0.000
"08:45",0.614,2.662,63.700,3.840,0.000,0.000
"09:00",2.560,0.051,63.700,0.922,0.000,0.000
"09:15",7.987,0.000,63.700,0.000,0.000,0.000
"09:30",8.294,0.000,63.700,0.000,0.000,0.000
"09:45",15.821,0.000,63.700,0.000,0.000,0.000
"10:00",16.026,0.000,63.700,0.000,0.000,0.000
"10:15",33.485,0.000,63.700,0.000,0.000,0.000
"10:30",17.869,0.000,63.700,0.000,0.000,0.000
"10:45",32.563,0.000,63.700,0.000,0.000,0.000
"11:00",23.859,0.000,63.700,0.000,0.000,0.000
"11:15",15.770,0.000,63.700,0.000,0.000,0.000
"11:30",27.392,0.000,63.700,0.000,0.000,0.000
"11:45",25.395,0.000,63.700,0.000,0.000,0.000
"12:00",28.877,0.000,63.700,0.000,0.000,0.000
"12:15",27.750,0.000,63.700,0.000,0.000,0.000
"12:30",29.389,0.000,63.700,0.000,0.000,0.000
"12:45",37.786,0.000,63.700,0.000,0.000,0.000
"13:00",28.109,0.000,63.700,0.000,0.000,0.000
"13:15",51.712,0.000,63.700,0.000,0.000,0.000
"13:30",36.966,0.000,63.700,0.000,0.000,0.000
"13:45",53.914,0.000,63.800,0.000,0.000,0.000
"14:00",66.406,0.000,63.700,0.000,0.000,0.051
"14:15",80.742,0.000,63.700,0.000,0.000,1.382
"14:30",65.638,0.000,63.700,0.000,0.000,0.000
"14:45",76.390,0.000,63.700,0.000,0.000,0.154
"15:00",87.603,0.000,63.700,0.000,0.000,0.000
"15:15",94.208,0.000,63.700,0.000,0.000,0.205
"15:30",53.965,0.000,63.700,0.000,0.000,0.000
"15:45",75.418,0.000,63.700,0.000,0.000,0.102
"16:00",51.814,0.000,63.700,0.000,0.000,0.000
"16:15",76.134,0.000,63.700,0.000,0.000,0.000
"16:30",67.482,0.000,63.800,0.000,0.000,0.000
"16:45",62.310,0.000,63.700,0.000,0.000,0.051
"17:00",54.426,0.000,63.800,0.000,0.000,0.000
"17:15",39.885,0.000,63.700,0.051,0.000,0.000
"17:30",42.035,0.000,63.800,0.000,0.000,0.000
"17:45",32.717,0.000,63.800,0.000,0.000,0.000
"18:00",25.293,0.000,63.800,0.000,0.000,0.000
"18:15",16.538,0.000,63.800,0.000,0.000,0.000
"18:30",9.370,0.000,63.800,0.000,0.000,0.000
"18:45",1.434,0.512,63.800,3.277,0.000,0.000
"19:00",0.051,2.970,63.800,7.168,0.000,0.000
"19:15",0.000,4.710,63.800,7.424,0.000,0.000
"19:30",0.000,3.891,63.800,7.629,0.000,0.000
"19:45",0.000,4.301,63.800,7.168,0.000,0.000
"20:00",0.000,3.174,63.800,7.629,0.000,0.000
"20:15",0.000,4.045,63.700,7.219,0.000,0.000
"20:30",0.000,3.277,63.700,7.731,0.000,0.000
"20:45",0.000,4.096,63.700,7.629,0.000,0.000
"21:00",0.000,3.738,63.700,7.987,0.000,0.000
"21:15",0.000,4.147,63.700,7.424,0.000,0.000
"21:30",0.000,3.226,63.700,8.038,0.000,0.000
"21:45",0.000,3.840,63.700,7.424,0.000,0.000
"22:00",0.000,3.482,63.700,7.731,0.000,0.000
"22:15",0.000,4.352,63.700,7.629,0.000,0.000
"22:30",0.000,3.994,63.700,7.680,0.000,0.000
"22:45",0.000,3.277,63.700,8.090,0.000,0.000
"23:00",0.000,3.840,63.700,8.090,0.000,0.000
"23:15",0.000,3.482,63.700,7.731,0.000,0.000
"23:30",0.000,4.045,63.700,6.912,0.000,0.000
"23:45",0.000,3.277,63.700,7.322,0.000,0.000
" 8/27/26 24:00",0.000,4.403,63.700,6.912,0.000,0.000
