"kwh"
"Time ","DAGSR01P","DAGSR01P","DAGSR01P","DAGSR01P","DAGSR01P","DAGSR01P"
" 2/05/26 00:15",0.000,141.568,63.600,0.000,67.072,0.000
" 2/05/26 00:30",0.000,141.670,63.700,0.000,66.970,0.000
"00:45",0.000,141.363,63.700,0.000,67.021,0.000
"01:00",0.000,141.261,63.600,0.000,67.174,0.000
"01:15",0.000,141.363,63.600,0.000,67.174,0.000
"01:30",0.000,141.261,63.600,0.000,67.021,0.000
"01:45",0.000,141.158,63.600,0.000,67.072,0.000
"02:00",0.000,141.466,63.600,0.000,67.072,0.000
"02:15",0.000,141.210,63.600,0.000,67.021,0.000
"02:30",0.000,141.056,63.600,0.000,67.174,0.000
"02:45",0.000,140.954,63.600,0.000,67.277,0.000
"03:00",0.000,140.902,63.600,0.000,67.226,0.000
"03:15",0.000,141.363,63.600,0.000,66.765,0.000
"03:30",0.000,141.517,63.600,0.000,67.021,0.000
"03:45",0.000,141.363,63.600,0.000,66.765,0.000
"04:00",0.000,141.210,63.600,0.000,66.970,0.000
"04:15",0.000,141.466,63.600,0.000,66.867,0.000
"04:30",0.000,141.670,63.600,0.000,66.714,0.000
"04:45",0.000,141.312,63.600,0.000,66.816,0.000
"05:00",0.000,141.312,63.600,0.000,66.560,0.000
"05:15",0.000,142.080,63.600,0.000,66.867,0.000
"05:30",0.000,144.282,63.600,0.000,68.659,0.000
"05:45",0.000,144.077,63.600,0.000,68.659,0.000
"06:00",0.000,144.435,63.700,0.000,68.659,0.000
"06:15",0.000,144.282,63.600,0.000,68.915,0.000
"06:30",0.000,144.128,63.600,0.000,68.915,0.000
"06:45",0.000,144.026,63.600,0.000,68.659,0.000
"07:00",0.000,144.691,63.600,0.000,68.506,0.000
"07:15",0.000,144.845,63.600,0.000,68.659,0.000
"07:30",0.000,142.899,63.600,0.000,70.246,0.000
"07:45",0.000,158.515,63.600,0.000,82.432,0.000
"08:00",0.000,96.973,63.600,0.000,45.312,0.000
"08:15",0.000,58.061,63.600,0.000,24.422,0.000
"08:30",0.000,55.910,63.600,0.000,24.320,0.000
"08:45",0.000,50.893,63.600,0.000,23.757,0.000
"09:00",0.000,44.442,63.600,0.000,23.808,0.000
"09:15",0.000,46.029,63.600,0.000,23.859,0.000
"09:30",0.000,41.626,63.600,0.000,30.106,0.000
"09:45",0.000,60.467,63.600,0.000,37.478,0.000
"10:00",0.051,31.181,63.600,0.000,23.706,0.102
"10:15",1.024,18.944,63.600,0.000,20.736,3.994
"10:30",0.000,35.994,63.600,0.000,24.166,0.000
"10:45",2.406,12.698,63.600,0.000,18.176,6.912
"11:00",0.000,50.125,63.600,0.000,38.707,0.000
"11:15",0.102,50.176,63.600,0.000,45.414,1.331
"11:30",0.051,46.643,63.600,0.000,45.466,0.922
"11:45",0.000,31.334,63.600,0.000,46.131,0.819
"12:00",0.512,12.288,63.600,0.000,39.731,8.397
"12:15",0.973,7.219,63.600,0.000,36.352,12.032
"12:30",0.563,28.570,63.600,0.000,40.397,7.322
"12:45",0.717,10.086,63.600,0.000,36.403,12.186
"13:00",0.819,5.990,63.600,0.000,33.638,15.411
"13:15",1.075,6.502,63.600,0.000,35.123,13.670
"13:30",0.512,20.429,63.600,0.000,40.704,7.270
"13:45",0.051,54.630,63.700,0.000,45.722,0.666
"14:00",0.051,52.480,63.600,0.000,45.414,0.819
"14:15",0.410,18.534,63.600,0.000,40.755,7.373
"14:30",0.000,54.938,63.600,0.000,46.438,0.000
"14:45",0.205,31.078,63.600,0.000,43.366,4.096
"15:00",0.000,55.040,63.600,0.000,46.541,0.000
"15:15",0.154,37.325,63.600,0.000,43.827,3.379
"15:30",0.410,25.907,63.600,0.000,45.056,5.530
"15:45",0.000,84.531,63.600,0.000,66.048,0.000
"16:00",0.614,42.291,63.600,0.000,47.718,1.792
"16:15",2.458,26.317,63.600,0.000,30.362,5.222
"16:30",0.000,38.246,63.600,0.000,34.611,0.000
"16:45",6.758,12.442,63.700,0.000,14.131,21.862
"17:00",1.638,1.997,63.700,0.000,17.715,18.278
"17:15",0.154,37.786,63.600,0.000,33.126,2.918
"17:30",0.000,50.074,63.600,0.000,36.454,0.000
"17:45",0.000,38.656,63.600,0.000,36.864,0.000
"18:00",0.000,31.846,63.600,0.000,35.277,0.000
"18:15",0.000,44.851,63.600,0.000,34.611,0.000
"18:30",0.000,59.392,63.700,0.000,34.150,0.000
"18:45",0.000,48.179,63.600,0.000,34.048,0.000
"19:00",0.000,56.320,63.600,0.000,33.894,0.000
"19:15",0.000,58.675,63.600,0.000,33.997,0.000
"19:30",0.000,63.949,63.600,0.000,33.843,0.000
"19:45",0.000,66.509,63.600,0.000,33.843,0.000
"20:00",0.000,68.454,63.600,0.000,34.253,0.000
"20:15",0.000,70.349,63.600,0.000,34.150,0.000
"20:30",0.000,70.861,63.600,0.000,33.997,0.000
"20:45",0.000,71.014,63.600,0.000,33.792,0.000
"21:00",0.000,71.373,63.600,0.000,33.690,0.000
"21:15",0.000,70.861,63.600,0.000,33.792,0.000
"21:30",0.000,71.322,63.600,0.000,33.843,0.000
"21:45",0.000,71.014,63.600,0.000,33.741,0.000
"22:00",0.000,70.912,63.600,0.000,33.638,0.000
"22:15",0.000,70.861,63.600,0.000,33.382,0.000
"22:30",0.000,70.810,63.600,0.000,33.485,0.000
"22:45",0.000,70.656,63.600,0.000,33.434,0.000
"23:00",0.000,70.707,63.600,0.000,33.587,0.000
"23:15",0.000,70.605,63.600,0.000,33.843,0.000
"23:30",0.000,71.373,63.600,0.000,33.741,0.000
"23:45",0.000,70.912,63.600,0.000,33.690,0.000
" 2/05/26 24:00",0.000,70.707,63.600,0.000,33.638,0.000
