"kwh"
"Time ","DAGSR01P","DAGSR01P","DAGSR01P","DAGSR01P","DAGSR01P","DAGSR01P"
" 2/28/26 00:15",0.000,168.038,63.600,0.000,84.634,0.000
" 2/28/26 00:30",0.000,167.526,63.600,0.000,84.275,0.000
"00:45",0.000,167.475,63.600,0.000,83.968,0.000
"01:00",0.000,167.373,63.600,0.000,83.917,0.000
"01:15",0.000,167.322,63.600,0.000,83.814,0.000
"01:30",0.000,167.782,63.600,0.000,83.968,0.000
"01:45",0.000,168.550,63.600,0.000,84.224,0.000
"02:00",0.000,168.192,63.600,0.000,84.429,0.000
"02:15",0.000,167.373,63.600,0.000,84.378,0.000
"02:30",0.000,167.014,63.600,0.000,84.019,0.000
"02:45",0.000,167.168,63.600,0.000,84.019,0.000
"03:00",0.000,166.963,63.600,0.000,83.866,0.000
"03:15",0.000,166.963,63.600,0.000,83.814,0.000
"03:30",0.000,167.731,63.600,0.000,84.634,0.000
"03:45",0.000,167.731,63.600,0.000,84.582,0.000
"04:00",0.000,167.680,63.600,0.000,84.378,0.000
"04:15",0.000,166.963,63.600,0.000,83.814,0.000
"04:30",0.000,167.424,63.600,0.000,83.456,0.000
"04:45",0.000,167.322,63.600,0.000,83.558,0.000
"05:00",0.000,167.219,63.600,0.000,83.302,0.000
"05:15",0.000,167.731,63.600,0.000,84.070,0.000
"05:30",0.000,167.373,63.600,0.000,84.275,0.000
"05:45",0.000,167.014,63.600,0.000,84.122,0.000
"06:00",0.000,166.861,63.600,0.000,83.456,0.000
"06:15",0.000,166.707,63.600,0.000,83.507,0.000
"06:30",0.000,166.246,63.600,0.000,83.763,0.000
"06:45",0.000,166.451,63.600,0.000,83.405,0.000
"07:00",0.000,167.629,63.600,0.000,83.763,0.000
"07:15",0.000,167.731,63.600,0.000,83.661,0.000
"07:30",0.000,166.912,63.600,0.000,83.814,0.000
"07:45",0.000,162.918,63.600,0.000,83.098,0.000
"08:00",0.000,125.696,63.600,0.000,63.078,0.000
"08:15",0.000,78.182,63.600,0.000,33.997,0.000
"08:30",0.000,57.549,63.600,0.000,20.224,0.000
"08:45",0.000,42.342,63.600,0.000,12.749,0.000
"09:00",0.000,28.160,63.600,0.000,7.475,0.000
"09:15",4.250,1.792,63.600,0.000,1.792,5.171
"09:30",11.674,0.000,63.600,0.000,0.000,6.042
"09:45",18.944,0.000,63.500,0.000,0.000,6.144
"10:00",25.498,0.000,63.600,0.000,0.000,6.349
"10:15",31.539,0.000,63.600,0.000,0.000,6.963
"10:30",36.659,0.000,63.600,0.000,0.000,7.322
"10:45",41.626,0.000,63.600,0.000,0.000,7.475
"11:00",45.875,0.000,63.500,0.000,0.000,7.885
"11:15",50.944,0.000,63.500,0.000,0.000,7.578
"11:30",55.142,0.000,63.500,0.000,0.000,7.834
"11:45",58.675,0.000,63.600,0.000,0.000,7.936
"12:00",79.974,0.000,63.600,0.000,0.000,3.021
"12:15",93.542,0.000,63.600,0.000,0.000,0.000
"12:30",95.232,0.000,63.500,0.000,0.000,0.102
"12:45",96.870,0.000,63.500,0.000,0.000,0.154
"13:00",97.024,0.000,63.600,0.000,0.000,0.102
"13:15",97.178,0.000,63.600,0.000,0.000,0.000
"13:30",97.638,0.000,63.600,0.000,0.000,0.051
"13:45",97.690,0.000,63.600,0.000,0.000,0.000
"14:00",98.458,0.000,63.600,0.000,0.000,0.051
"14:15",97.331,0.000,63.600,0.000,0.000,0.410
"14:30",96.666,0.000,63.600,0.000,0.000,0.410
"14:45",95.898,0.000,63.600,0.000,0.000,0.410
"15:00",94.669,0.000,63.600,0.000,0.000,0.051
"15:15",92.314,0.000,63.600,0.000,0.000,0.000
"15:30",90.214,0.000,63.600,0.000,0.000,0.051
"15:45",87.757,0.000,63.600,0.000,0.000,0.000
"16:00",83.917,0.000,63.600,0.000,0.000,0.051
"16:15",81.920,0.000,63.600,0.000,0.000,0.102
"16:30",82.995,0.000,63.600,0.000,0.000,0.051
"16:45",77.005,0.000,63.600,0.000,0.000,0.205
"17:00",59.597,0.000,63.600,0.000,0.000,0.000
"17:15",49.664,0.000,63.600,0.000,0.000,0.000
"17:30",56.166,0.000,63.600,0.000,0.000,0.000
"17:45",50.125,0.000,63.600,0.000,0.000,0.000
"18:00",32.512,0.000,63.800,0.000,0.000,0.000
"18:15",37.530,0.000,63.700,0.000,0.000,0.000
"18:30",26.573,0.000,63.700,0.000,0.000,0.000
"18:45",18.432,0.000,63.600,0.000,0.000,0.000
"19:00",11.059,0.000,63.600,0.000,0.000,0.000
"19:15",5.171,0.051,63.600,0.205,0.000,0.000
"19:30",1.280,0.922,63.600,2.560,0.000,0.000
"19:45",0.102,3.584,63.600,3.277,0.000,0.000
"20:00",0.000,4.250,63.600,4.813,0.000,0.000
"20:15",0.000,4.762,63.600,5.018,0.000,0.000
"20:30",0.000,5.120,63.600,5.274,0.000,0.000
"20:45",0.000,4.608,63.600,5.222,0.000,0.000
"21:00",0.000,5.325,63.600,4.966,0.000,0.000
"21:15",0.000,5.120,63.600,4.966,0.000,0.000
"21:30",0.000,5.018,63.600,4.813,0.000,0.000
"21:45",0.000,4.250,63.600,5.786,0.000,0.000
"22:00",0.000,6.195,63.600,4.301,0.000,0.000
"22:15",0.000,7.014,63.600,3.430,0.000,0.000
"22:30",0.000,7.014,63.600,3.430,0.000,0.000
"22:45",0.000,7.731,63.600,3.226,0.000,0.000
"23:00",0.000,7.885,63.700,3.174,0.000,0.000
"23:15",0.000,7.834,63.600,3.174,0.000,0.000
"23:30",0.000,7.168,63.600,3.379,0.000,0.000
"23:45",0.000,7.526,63.700,3.328,0.000,0.000
" 2/28/26 24:00",0.000,7.424,63.600,3.482,0.000,0.000
