"kwh"
"Time ","DAGSR01P","DAGSR01P","DAGSR01P","DAGSR01P","DAGSR01P","DAGSR01P"
" 5/19/26 00:15",0.000,40.704,63.700,0.000,13.568,0.000
" 5/19/26 00:30",0.000,40.960,63.700,0.000,14.182,0.000
"00:45",0.000,40.448,63.700,0.000,13.926,0.000
"01:00",0.000,40.602,63.700,0.000,13.773,0.000
"01:15",0.000,39.885,63.700,0.000,13.261,0.000
"01:30",0.000,39.578,63.700,0.000,13.158,0.000
"01:45",0.000,39.578,63.700,0.000,13.005,0.000
"02:00",0.000,39.885,63.700,0.000,13.261,0.000
"02:15",0.000,39.117,63.700,0.000,13.056,0.000
"02:30",0.000,39.219,63.700,0.000,13.005,0.000
"02:45",0.000,38.758,63.700,0.000,12.544,0.000
"03:00",0.000,38.912,63.700,0.000,12.544,0.000
"03:15",0.000,38.810,63.700,0.000,13.056,0.000
"03:30",0.000,38.810,63.700,0.000,12.954,0.000
"03:45",0.000,38.656,63.600,0.000,13.056,0.000
"04:00",0.000,38.810,63.700,0.000,12.544,0.000
"04:15",0.000,38.554,63.700,0.000,12.800,0.000
"04:30",0.000,40.243,63.700,0.000,13.158,0.000
"04:45",0.000,39.936,63.700,0.000,13.158,0.000
"05:00",0.000,39.731,63.700,0.000,13.005,0.000
"05:15",0.000,38.758,63.700,0.000,12.954,0.000
"05:30",0.000,38.605,63.700,0.000,13.056,0.000
"05:45",0.000,38.758,63.700,0.000,12.339,0.000
"06:00",0.000,39.270,63.700,0.000,12.134,0.000
"06:15",0.000,39.117,63.700,0.000,13.005,0.000
"06:30",0.000,38.861,63.700,0.000,12.954,0.000
"06:45",0.000,38.810,63.700,0.000,13.261,0.000
"07:00",0.000,38.707,63.700,0.000,13.312,0.000
"07:15",0.000,38.912,63.700,0.000,13.363,0.000
"07:30",0.000,39.373,63.700,0.000,13.670,0.000
"07:45",0.000,39.066,63.600,0.000,13.466,0.000
"08:00",0.000,38.912,63.600,0.000,13.466,0.000
"08:15",0.000,39.885,63.600,0.000,14.080,0.000
"08:30",0.000,39.680,63.600,0.000,14.182,0.000
"08:45",0.000,33.229,63.600,0.000,14.490,0.000
"09:00",0.000,22.170,63.600,0.000,14.029,0.000
"09:15",0.051,7.782,63.600,0.000,13.158,0.870
"09:30",1.382,6.963,63.600,0.000,13.210,5.581
"09:45",0.000,24.525,63.600,0.000,35.584,0.000
"10:00",0.000,16.230,63.700,0.000,35.789,0.000
"10:15",0.000,9.267,63.700,0.000,36.045,0.051
"10:30",0.717,3.533,63.700,0.000,25.600,10.803
"10:45",3.789,0.666,63.700,0.000,10.189,26.317
"11:00",8.448,0.000,63.700,0.000,0.102,36.710
"11:15",13.773,0.000,63.700,0.000,0.000,37.274
"11:30",17.818,0.000,63.700,0.000,0.000,37.530
"11:45",21.811,0.000,63.700,0.000,0.000,37.734
"12:00",25.805,0.000,63.700,0.000,0.000,38.042
"12:15",27.648,0.000,63.700,0.000,0.000,38.554
"12:30",29.798,0.000,63.700,0.000,0.000,38.656
"12:45",31.539,0.000,63.700,0.000,0.000,38.707
"13:00",34.202,0.000,63.700,0.000,0.000,38.451
"13:15",34.304,0.000,63.700,0.000,0.000,38.758
"13:30",34.509,0.000,63.700,0.000,0.000,38.605
"13:45",35.379,0.000,63.700,0.000,0.000,38.451
"14:00",34.202,0.000,63.700,0.000,0.000,38.502
"14:15",33.075,0.000,63.600,0.000,0.000,38.554
"14:30",30.874,0.000,63.700,0.000,0.000,38.400
"14:45",35.482,0.000,63.700,0.000,0.000,34.150
"15:00",58.522,0.000,63.700,0.000,0.000,18.893
"15:15",56.115,0.000,63.700,0.000,0.000,18.739
"15:30",67.021,0.000,63.700,0.000,0.000,10.547
"15:45",80.742,0.000,63.700,0.000,0.000,0.051
"16:00",75.162,0.000,63.700,0.000,0.000,0.000
"16:15",70.144,0.000,63.700,0.000,0.000,0.000
"16:30",64.410,0.000,63.700,0.000,0.000,0.000
"16:45",57.958,0.000,63.700,0.000,0.000,0.000
"17:00",51.354,0.000,63.700,0.000,0.000,0.000
"17:15",43.366,0.000,63.700,0.000,0.000,0.000
"17:30",34.611,0.000,63.700,0.000,0.000,0.000
"17:45",25.754,0.000,63.700,0.000,0.000,0.000
"18:00",10.803,0.256,63.700,0.922,0.000,0.000
"18:15",0.768,2.509,63.700,3.482,0.000,0.000
"18:30",0.000,4.762,63.700,5.069,0.000,0.000
"18:45",0.000,5.222,63.700,4.915,0.000,0.000
"19:00",0.000,5.530,63.700,4.864,0.000,0.000
"19:15",0.000,5.530,63.700,5.120,0.000,0.000
"19:30",0.000,5.069,63.700,5.120,0.000,0.000
"19:45",0.000,5.939,63.700,5.325,0.000,0.000
"20:00",0.000,6.298,63.600,4.864,0.000,0.000
"20:15",0.000,6.144,63.600,4.966,0.000,0.000
"20:30",0.000,6.758,63.600,5.018,0.000,0.000
"20:45",0.000,6.042,63.600,5.376,0.000,0.000
"21:00",0.000,5.632,63.600,5.478,0.000,0.000
"21:15",0.000,5.683,63.600,5.427,0.000,0.000
"21:30",0.000,5.683,63.600,5.581,0.000,0.000
"21:45",0.000,5.683,63.700,5.786,0.000,0.000
"22:00",0.000,5.939,63.700,5.888,0.000,0.000
"22:15",0.000,5.530,63.600,6.144,0.000,0.000
"22:30",0.000,5.632,63.600,6.144,0.000,0.000
"22:45",0.000,5.888,63.700,6.246,0.000,0.000
"23:00",0.000,5.478,63.700,6.400,0.000,0.000
"23:15",0.000,5.786,63.600,6.400,0.000,0.000
"23:30",0.000,5.530,63.700,6.144,0.000,0.000
"23:45",0.000,5.427,63.700,6.298,0.000,0.000
" 5/19/26 24:00",0.000,6.451,63.700,5.530,0.000,0.000
