"kwh"
"Time ","DAGSR01P","DAGSR01P","DAGSR01P","DAGSR01P","DAGSR01P","DAGSR01P"
" 3/23/26 00:15",0.000,4.659,63.700,6.605,0.000,0.000
" 3/23/26 00:30",0.000,4.608,63.700,6.605,0.000,0.000
"00:45",0.000,3.942,63.700,6.349,0.000,0.000
"01:00",0.000,4.045,63.700,6.758,0.000,0.000
"01:15",0.000,4.045,63.700,6.502,0.000,0.000
"01:30",0.000,3.942,63.700,6.502,0.000,0.000
"01:45",0.000,4.659,63.700,6.093,0.000,0.000
"02:00",0.000,4.198,63.700,6.451,0.000,0.000
"02:15",0.000,4.250,63.700,6.605,0.000,0.000
"02:30",0.000,3.891,63.700,7.117,0.000,0.000
"02:45",0.000,3.942,63.700,7.629,0.000,0.000
"03:00",0.000,3.994,63.700,6.707,0.000,0.000
"03:15",0.000,4.250,63.700,6.502,0.000,0.000
"03:30",0.000,4.147,63.700,6.758,0.000,0.000
"03:45",0.000,4.147,63.700,7.117,0.000,0.000
"04:00",0.000,4.506,63.700,7.834,0.000,0.000
"04:15",0.000,4.096,63.700,7.322,0.000,0.000
"04:30",0.000,3.942,63.700,6.605,0.000,0.000
"04:45",0.000,4.096,63.700,6.451,0.000,0.000
"05:00",0.000,3.942,63.700,6.195,0.000,0.000
"05:15",0.000,3.994,63.700,6.861,0.000,0.000
"05:30",0.000,3.942,63.700,7.014,0.000,0.000
"05:45",0.000,4.454,63.700,6.605,0.000,0.000
"06:00",0.000,4.147,63.700,7.066,0.000,0.000
"06:15",0.000,4.096,63.700,6.861,0.000,0.000
"06:30",0.000,3.942,63.700,6.707,0.000,0.000
"06:45",0.000,3.994,63.700,6.554,0.000,0.000
"07:00",0.000,3.942,63.700,6.758,0.000,0.000
"07:15",0.000,3.942,63.700,6.912,0.000,0.000
"07:30",0.000,4.864,63.700,7.168,0.000,0.000
"07:45",0.000,3.840,63.700,6.298,0.000,0.000
"08:00",0.563,2.304,63.700,4.301,0.000,0.000
"08:15",0.666,1.843,63.700,4.096,0.000,0.000
"08:30",0.922,1.434,63.700,4.045,0.000,0.000
"08:45",0.051,27.238,63.700,0.154,7.578,0.000
"09:00",0.000,22.067,63.700,0.000,7.680,0.000
"09:15",0.256,19.046,63.700,0.000,8.038,0.410
"09:30",5.837,7.424,63.700,0.000,4.966,4.147
"09:45",6.298,7.526,63.700,0.000,3.942,3.994
"10:00",24.166,0.000,63.700,0.000,0.051,8.653
"10:15",28.826,0.000,63.700,0.000,0.000,9.472
"10:30",34.253,0.000,63.700,0.000,0.000,9.677
"10:45",38.810,0.000,63.700,0.000,0.000,10.701
"11:00",43.315,0.000,63.700,0.000,0.000,11.366
"11:15",49.562,0.000,63.700,0.000,0.000,10.547
"11:30",53.453,0.000,63.700,0.000,0.000,10.957
"11:45",56.883,0.000,63.700,0.000,0.000,11.110
"12:00",60.518,0.000,63.700,0.000,0.000,11.366
"12:15",62.362,0.000,63.700,0.000,0.000,11.827
"12:30",64.410,0.000,63.700,0.000,0.000,11.469
"12:45",65.946,0.000,63.700,0.000,0.000,10.957
"13:00",66.099,0.000,63.800,0.000,0.000,10.598
"13:15",66.304,0.000,63.800,0.000,0.000,10.598
"13:30",66.253,0.000,63.700,0.000,0.000,11.059
"13:45",66.765,0.000,63.700,0.000,0.000,10.752
"14:00",65.946,0.000,63.700,0.000,0.000,11.008
"14:15",65.382,0.000,63.700,0.000,0.000,11.366
"14:30",61.850,0.000,63.700,0.000,0.000,12.646
"14:45",60.109,0.000,63.700,0.000,0.000,13.107
"15:00",59.034,0.000,63.700,0.000,0.000,11.366
"15:15",56.627,0.000,63.700,0.000,0.000,11.315
"15:30",54.067,0.000,63.700,0.000,0.000,11.366
"15:45",50.330,0.000,63.700,0.000,0.000,11.008
"16:00",46.490,0.000,63.700,0.000,0.000,10.906
"16:15",41.165,0.000,63.700,0.000,0.000,11.110
"16:30",37.171,0.000,63.700,0.000,0.000,10.496
"16:45",31.283,0.000,63.700,0.000,0.000,10.189
"17:00",25.139,0.000,63.700,0.000,0.000,10.394
"17:15",19.866,0.000,63.700,0.000,0.000,9.728
"17:30",13.056,0.000,63.800,0.000,0.000,9.472
"17:45",6.042,0.205,63.800,0.000,1.024,8.704
"18:00",1.331,2.304,63.800,0.000,5.581,3.789
"18:15",0.000,8.909,63.800,0.000,9.216,0.000
"18:30",0.000,16.026,63.800,0.000,9.216,0.000
"18:45",0.000,24.013,63.800,0.000,9.370,0.000
"19:00",0.000,30.413,63.700,0.000,9.114,0.000
"19:15",0.000,35.430,63.700,0.000,9.318,0.000
"19:30",0.000,38.502,63.700,0.000,9.626,0.000
"19:45",0.000,38.093,63.700,0.000,9.062,0.000
"20:00",0.000,38.554,63.700,0.000,9.062,0.000
"20:15",0.000,39.168,63.700,0.000,9.574,0.000
"20:30",0.000,38.400,63.700,0.000,9.370,0.000
"20:45",0.000,38.195,63.600,0.000,9.267,0.000
"21:00",0.000,38.042,63.700,0.000,9.370,0.000
"21:15",0.000,38.758,63.700,0.000,9.626,0.000
"21:30",0.000,38.656,63.700,0.000,9.216,0.000
"21:45",0.000,38.861,63.700,0.000,9.267,0.000
"22:00",0.000,38.144,63.700,0.000,8.909,0.000
"22:15",0.000,36.813,63.700,0.000,8.141,0.000
"22:30",0.000,36.710,63.700,0.000,8.192,0.000
"22:45",0.000,36.608,63.700,0.000,7.731,0.000
"23:00",0.000,37.581,63.700,0.000,7.987,0.000
"23:15",0.000,37.018,63.700,0.000,7.629,0.000
"23:30",0.000,36.864,63.700,0.000,7.885,0.000
"23:45",0.000,37.837,63.700,0.000,8.141,0.000
" 3/23/26 24:00",0.000,37.683,63.700,0.000,7.475,0.000
