"kwh"
"Time ","DAGSR01P","DAGSR01P","DAGSR01P","DAGSR01P","DAGSR01P","DAGSR01P"
" 6/28/26 00:15",0.000,6.400,63.700,6.707,0.000,0.000
" 6/28/26 00:30",0.000,6.502,63.600,6.400,0.000,0.000
"00:45",0.000,6.093,63.700,6.400,0.000,0.000
"01:00",0.000,5.888,63.700,6.502,0.000,0.000
"01:15",0.000,6.246,63.700,6.963,0.000,0.000
"01:30",0.000,6.144,63.700,6.400,0.000,0.000
"01:45",0.000,5.632,63.700,6.707,0.000,0.000
"02:00",0.000,6.349,63.600,6.656,0.000,0.000
"02:15",0.000,5.376,63.600,6.861,0.000,0.000
"02:30",0.000,5.376,63.600,6.912,0.000,0.000
"02:45",0.000,5.222,63.600,7.117,0.000,0.000
"03:00",0.000,5.427,63.600,7.014,0.000,0.000
"03:15",0.000,5.683,63.600,6.810,0.000,0.000
"03:30",0.000,5.632,63.600,7.066,0.000,0.000
"03:45",0.000,5.222,63.600,6.963,0.000,0.000
"04:00",0.000,4.915,63.600,7.117,0.000,0.000
"04:15",0.000,5.069,63.600,7.168,0.000,0.000
"04:30",0.000,5.325,63.600,7.014,0.000,0.000
"04:45",0.000,4.915,63.600,7.322,0.000,0.000
"05:00",0.000,5.427,63.600,7.117,0.000,0.000
"05:15",0.000,5.018,63.600,7.066,0.000,0.000
"05:30",0.000,4.864,63.600,6.963,0.000,0.000
"05:45",0.000,5.376,63.600,7.168,0.000,0.000
"06:00",0.000,4.813,63.600,7.219,0.000,0.000
"06:15",0.000,5.018,63.600,7.219,0.000,0.000
"06:30",0.000,5.990,63.600,6.861,0.000,0.000
"06:45",0.000,5.478,63.600,6.963,0.000,0.000
"07:00",0.000,5.837,63.600,6.656,0.000,0.000
"07:15",0.000,5.478,63.600,6.758,0.000,0.000
"07:30",0.000,5.530,63.600,6.707,0.000,0.000
"07:45",0.000,6.093,63.600,6.707,0.000,0.000
"08:00",0.000,6.605,63.600,6.656,0.000,0.000
"08:15",0.000,6.246,63.600,6.912,0.000,0.000
"08:30",0.000,6.246,63.600,7.117,0.000,0.000
"08:45",0.000,5.939,63.600,6.707,0.000,0.000
"09:00",0.563,2.048,63.600,4.557,0.000,0.000
"09:15",3.226,0.000,63.600,0.358,0.000,0.000
"09:30",18.278,0.000,63.600,0.000,0.000,0.000
"09:45",32.922,0.000,63.600,0.000,0.000,0.000
"10:00",41.011,0.000,63.600,0.000,0.000,0.000
"10:15",49.152,0.000,63.700,0.000,0.000,0.000
"10:30",57.190,0.000,63.600,0.000,0.000,0.000
"10:45",63.283,0.000,63.600,0.000,0.000,0.000
"11:00",69.120,0.000,63.700,0.000,0.000,0.000
"11:15",74.086,0.000,63.700,0.000,0.000,0.000
"11:30",78.438,0.000,63.700,0.000,0.000,0.000
"11:45",82.534,0.000,63.600,0.000,0.000,0.000
"12:00",86.016,0.000,63.600,0.000,0.000,0.000
"12:15",89.344,0.000,63.600,0.000,0.000,0.102
"12:30",91.238,0.000,63.700,0.000,0.000,0.051
"12:45",93.133,0.000,63.700,0.000,0.000,0.205
"13:00",95.078,0.000,63.700,0.000,0.000,0.154
"13:15",96.717,0.000,63.700,0.000,0.000,0.205
"13:30",96.614,0.000,63.700,0.000,0.000,0.154
"13:45",95.744,0.000,63.700,0.000,0.000,0.051
"14:00",96.051,0.000,63.700,0.000,0.000,0.000
"14:15",95.846,0.000,63.700,0.000,0.000,0.000
"14:30",94.874,0.000,63.700,0.000,0.000,0.000
"14:45",93.082,0.000,63.700,0.000,0.000,0.000
"15:00",89.856,0.000,63.700,0.000,0.000,0.000
"15:15",86.733,0.000,63.700,0.000,0.000,0.000
"15:30",83.507,0.000,63.700,0.000,0.000,0.000
"15:45",79.309,0.000,63.700,0.000,0.000,0.000
"16:00",74.086,0.000,63.700,0.000,0.000,0.000
"16:15",68.915,0.000,63.700,0.000,0.000,0.000
"16:30",62.464,0.000,63.700,0.000,0.000,0.000
"16:45",56.474,0.000,63.700,0.000,0.000,0.000
"17:00",50.176,0.000,63.700,0.000,0.000,0.000
"17:15",42.650,0.000,63.700,0.000,0.000,0.000
"17:30",34.611,0.000,63.700,0.000,0.000,0.000
"17:45",23.347,0.000,63.700,0.000,0.000,0.000
"18:00",3.430,0.000,63.700,0.358,0.000,0.000
"18:15",0.563,1.382,63.700,4.198,0.000,0.000
"18:30",0.000,4.096,63.700,6.400,0.000,0.000
"18:45",0.000,4.250,63.700,6.349,0.000,0.000
"19:00",0.000,4.557,63.700,6.605,0.000,0.000
"19:15",0.000,4.915,63.700,6.451,0.000,0.000
"19:30",0.000,5.018,63.700,6.758,0.000,0.000
"19:45",0.000,5.120,63.700,6.605,0.000,0.000
"20:00",0.000,4.608,63.700,6.758,0.000,0.000
"20:15",0.000,5.018,63.700,5.939,0.000,0.000
"20:30",0.000,5.427,63.700,5.683,0.000,0.000
"20:45",0.000,5.530,63.700,5.683,0.000,0.000
"21:00",0.000,6.195,63.700,5.581,0.000,0.000
"21:15",0.000,5.888,63.600,5.530,0.000,0.000
"21:30",0.000,5.990,63.700,5.837,0.000,0.000
"21:45",0.000,5.786,63.600,5.581,0.000,0.000
"22:00",0.000,5.734,63.600,5.837,0.000,0.000
"22:15",0.000,5.581,63.600,6.144,0.000,0.000
"22:30",0.000,6.093,63.600,6.144,0.000,0.000
"22:45",0.000,5.683,63.600,6.298,0.000,0.000
"23:00",0.000,6.093,63.600,6.451,0.000,0.000
"23:15",0.000,5.837,63.600,5.888,0.000,0.000
"23:30",0.000,5.325,63.600,5.990,0.000,0.000
"23:45",0.000,5.222,63.600,5.888,0.000,0.000
" 6/28/26 24:00",0.000,5.478,63.600,5.837,0.000,0.000
