"kwh"
"Time ","DAGSR01P","DAGSR01P","DAGSR01P","DAGSR01P","DAGSR01P","DAGSR01P"
" 7/16/26 00:15",0.000,4.506,63.700,6.246,0.000,0.000
" 7/16/26 00:30",0.000,4.454,63.700,6.349,0.000,0.000
"00:45",0.000,5.018,63.700,5.786,0.000,0.000
"01:00",0.000,3.533,63.700,6.246,0.000,0.000
"01:15",0.000,3.379,63.700,6.656,0.000,0.000
"01:30",0.000,3.840,63.700,6.400,0.000,0.000
"01:45",0.000,3.942,63.700,6.451,0.000,0.000
"02:00",0.000,3.379,63.700,6.656,0.000,0.000
"02:15",0.000,3.942,63.700,6.656,0.000,0.000
"02:30",0.000,4.096,63.700,6.349,0.000,0.000
"02:45",0.000,3.328,63.700,6.912,0.000,0.000
"03:00",0.000,3.686,63.600,6.861,0.000,0.000
"03:15",0.000,4.045,63.600,6.758,0.000,0.000
"03:30",0.000,3.789,63.600,6.758,0.000,0.000
"03:45",0.000,3.738,63.600,7.066,0.000,0.000
"04:00",0.000,3.379,63.600,7.117,0.000,0.000
"04:15",0.000,4.301,63.600,6.400,0.000,0.000
"04:30",0.000,3.277,63.600,7.014,0.000,0.000
"04:45",0.000,3.379,63.600,7.066,0.000,0.000
"05:00",0.000,3.891,63.600,6.810,0.000,0.000
"05:15",0.000,4.147,63.600,6.912,0.000,0.000
"05:30",0.000,3.635,63.600,6.912,0.000,0.000
"05:45",0.000,3.942,63.600,7.117,0.000,0.000
"06:00",0.000,4.250,63.600,6.554,0.000,0.000
"06:15",0.000,4.045,63.600,6.810,0.000,0.000
"06:30",0.000,3.533,63.600,6.963,0.000,0.000
"06:45",0.000,4.096,63.600,6.861,0.000,0.000
"07:00",0.000,4.506,63.600,6.707,0.000,0.000
"07:15",0.000,4.045,63.600,7.066,0.000,0.000
"07:30",0.000,4.045,63.600,7.168,0.000,0.000
"07:45",0.000,4.403,63.600,6.605,0.000,0.000
"08:00",0.000,3.840,63.600,6.912,0.000,0.000
"08:15",0.000,4.250,63.600,6.554,0.000,0.000
"08:30",0.000,4.198,63.600,6.502,0.000,0.000
"08:45",0.000,25.088,63.600,2.048,8.397,0.000
"09:00",0.000,36.915,63.600,0.000,13.414,0.000
"09:15",0.000,36.352,63.600,0.000,13.158,0.000
"09:30",0.000,37.222,63.500,0.000,13.619,0.000
"09:45",0.000,33.024,63.600,0.000,13.414,0.000
"10:00",0.000,28.774,63.600,0.000,13.568,0.000
"10:15",2.304,7.475,63.600,0.000,11.366,2.918
"10:30",19.405,0.000,63.600,0.000,0.000,13.926
"10:45",10.752,7.936,63.600,0.000,6.605,7.014
"11:00",0.000,20.326,63.600,0.000,13.875,0.000
"11:15",0.000,17.664,63.600,0.000,13.568,0.000
"11:30",0.307,9.114,63.600,0.000,12.083,1.485
"11:45",0.000,16.333,63.600,0.000,13.926,0.000
"12:00",0.000,13.722,63.600,0.000,13.619,0.000
"12:15",10.240,4.403,63.600,0.000,6.400,7.526
"12:30",20.173,0.358,63.600,0.000,1.843,13.158
"12:45",26.163,0.000,63.600,0.000,0.205,14.490
"13:00",7.782,0.102,63.600,0.000,1.126,12.749
"13:15",13.568,0.102,63.600,0.000,0.922,11.622
"13:30",31.334,0.000,63.600,0.000,0.000,0.000
"13:45",52.736,0.000,63.600,0.000,0.000,2.406
"14:00",60.109,0.000,63.600,0.000,0.000,16.333
"14:15",58.624,0.000,63.600,0.000,0.000,15.770
"14:30",57.805,0.000,63.600,0.000,0.000,15.821
"14:45",54.938,0.000,63.600,0.000,0.000,16.128
"15:00",52.429,0.000,63.600,0.000,0.000,15.411
"15:15",59.034,0.000,63.600,0.000,0.000,10.650
"15:30",75.520,0.000,63.600,0.000,0.000,0.102
"15:45",70.349,0.000,63.500,0.000,0.000,0.000
"16:00",64.256,0.000,63.500,0.000,0.000,0.000
"16:15",58.522,0.000,63.500,0.000,0.000,0.000
"16:30",54.989,0.000,63.500,0.000,0.000,0.000
"16:45",49.203,0.000,63.500,0.000,0.000,0.000
"17:00",42.650,0.000,63.500,0.000,0.000,0.000
"17:15",37.222,0.000,63.500,0.000,0.000,0.000
"17:30",30.925,0.000,63.500,0.000,0.000,0.000
"17:45",18.944,0.051,63.500,0.358,0.000,0.000
"18:00",0.410,2.202,63.600,3.021,0.000,0.000
"18:15",0.000,3.994,63.600,5.325,0.000,0.000
"18:30",0.000,4.659,63.600,5.837,0.000,0.000
"18:45",0.000,5.274,63.600,5.018,0.000,0.000
"19:00",0.000,4.966,63.600,6.093,0.000,0.000
"19:15",0.000,4.710,63.600,6.349,0.000,0.000
"19:30",0.000,6.195,63.700,4.915,0.000,0.000
"19:45",0.000,6.656,63.600,4.659,0.000,0.000
"20:00",0.000,6.298,63.600,4.659,0.000,0.000
"20:15",0.000,6.093,63.600,4.710,0.000,0.000
"20:30",0.000,6.656,63.600,4.403,0.000,0.000
"20:45",0.000,5.632,63.600,5.018,0.000,0.000
"21:00",0.000,6.810,63.600,4.915,0.000,0.000
"21:15",0.000,7.526,63.600,4.454,0.000,0.000
"21:30",0.000,6.554,63.600,4.966,0.000,0.000
"21:45",0.000,6.758,63.600,4.864,0.000,0.000
"22:00",0.000,6.912,63.600,5.120,0.000,0.000
"22:15",0.000,6.758,63.600,4.864,0.000,0.000
"22:30",0.000,6.451,63.600,5.325,0.000,0.000
"22:45",0.000,6.912,63.600,5.581,0.000,0.000
"23:00",0.000,7.373,63.600,4.915,0.000,0.000
"23:15",0.000,6.298,63.700,5.171,0.000,0.000
"23:30",0.000,6.758,63.700,4.813,0.000,0.000
"23:45",0.000,7.066,63.700,4.403,0.000,0.000
" 7/16/26 24:00",0.000,6.912,63.700,4.352,0.000,0.000
