"kwh"
"Time ","DAGSR01P","DAGSR01P","DAGSR01P","DAGSR01P","DAGSR01P","DAGSR01P"
" 3/08/26 00:15",0.000,4.352,63.700,7.475,0.000,0.000
" 3/08/26 00:30",0.000,4.250,63.700,7.219,0.000,0.000
"00:45",0.000,4.301,63.700,7.219,0.000,0.000
"01:00",0.000,4.301,63.700,7.373,0.000,0.000
"01:15",0.000,4.710,63.700,7.270,0.000,0.000
"01:30",0.000,4.301,63.700,7.526,0.000,0.000
"01:45",0.000,4.250,63.700,7.834,0.000,0.000
"02:00",0.000,4.250,63.700,7.731,0.000,0.000
"02:15",0.000,4.198,63.700,8.038,0.000,0.000
"02:30",0.000,4.198,63.700,7.731,0.000,0.000
"02:45",0.000,4.250,63.700,7.782,0.000,0.000
"03:00",0.000,4.250,63.700,7.885,0.000,0.000
"03:15",0.205,3.584,63.800,6.093,0.000,0.000
"03:30",0.461,2.816,64.400,4.710,0.000,0.000
"03:45",0.614,2.714,64.400,4.608,0.000,0.000
"04:00",0.717,2.765,64.400,4.557,0.000,0.000
"04:15",0.717,2.714,64.500,4.557,0.000,0.000
"04:30",0.666,2.867,64.500,4.557,0.000,0.000
"04:45",0.717,2.867,64.500,4.557,0.000,0.000
"05:00",0.307,2.662,64.000,5.069,0.000,0.000
"05:15",0.410,2.509,63.900,5.018,0.000,0.000
"05:30",0.461,2.458,64.000,4.966,0.000,0.000
"05:45",0.410,2.355,63.900,4.966,0.000,0.000
"06:00",0.358,2.406,64.000,5.018,0.000,0.000
"06:15",0.461,2.355,64.000,4.915,0.000,0.000
"06:30",0.410,2.714,64.400,4.659,0.000,0.000
"06:45",0.461,2.816,64.400,4.762,0.000,0.000
"07:00",0.666,2.662,64.400,4.659,0.000,0.000
"07:15",0.768,2.714,64.500,4.608,0.000,0.000
"07:30",0.256,2.150,63.700,5.274,0.000,0.000
"07:45",0.154,2.202,63.700,6.400,0.000,0.000
"08:00",0.154,2.304,63.700,5.325,0.000,0.000
"08:15",0.256,2.150,63.700,5.171,0.000,0.000
"08:30",0.256,2.202,63.700,5.120,0.000,0.000
"08:45",0.256,2.150,63.700,5.171,0.000,0.000
"09:00",0.307,2.099,63.700,5.274,0.000,0.000
"09:15",0.256,2.099,63.700,5.274,0.000,0.000
"09:30",0.102,2.304,63.700,5.222,0.000,0.000
"09:45",0.256,2.253,63.700,5.222,0.000,0.000
"10:00",0.256,2.304,63.700,5.171,0.000,0.000
"10:15",0.205,2.202,63.700,5.222,0.000,0.000
"10:30",0.256,2.253,63.700,5.478,0.000,0.000
"10:45",0.051,2.458,63.700,6.042,0.000,0.000
"11:00",0.051,2.458,63.700,6.912,0.000,0.000
"11:15",0.102,2.304,63.700,6.349,0.000,0.000
"11:30",0.307,2.253,63.700,5.376,0.000,0.000
"11:45",2.099,1.280,63.700,4.198,0.000,0.000
"12:00",13.005,0.000,63.700,0.000,0.000,0.000
"12:15",3.738,0.000,63.700,0.102,0.000,0.000
"12:30",3.021,0.102,63.700,1.587,0.000,0.000
"12:45",3.686,0.000,63.700,0.102,0.000,0.000
"13:00",0.666,1.894,63.700,5.171,0.000,0.000
"13:15",0.819,1.638,63.700,5.376,0.000,0.000
"13:30",3.072,0.205,63.700,2.662,0.000,0.000
"13:45",4.352,0.000,63.600,0.000,0.000,0.000
"14:00",0.000,0.000,0.000,0.000,0.000,0.000
"14:15",0.000,0.000,0.000,0.000,0.000,0.000
"14:30",0.000,0.000,0.000,0.000,0.000,0.000
"14:45",0.000,0.000,0.000,0.000,0.000,0.000
"15:00",0.000,0.000,0.000,0.000,0.000,0.000
"15:15",0.000,0.000,0.000,0.000,0.000,0.000
"15:30",0.000,0.000,0.000,0.000,0.000,0.000
"15:45",0.000,0.000,0.000,0.000,0.000,0.000
"16:00",0.000,0.000,0.000,0.000,0.000,0.000
"16:15",0.000,0.000,0.000,0.000,0.000,0.000
"16:30",0.000,0.000,0.000,0.000,0.000,0.000
"16:45",0.000,0.000,0.000,0.000,0.000,0.000
"17:00",0.000,0.000,0.000,0.000,0.000,0.000
"17:15",0.000,0.000,0.000,0.000,0.000,0.000
"17:30",0.000,0.000,0.000,0.000,0.000,0.000
"17:45",0.000,0.000,0.000,0.000,0.000,0.000
"18:00",0.000,1.741,7.500,11.162,0.000,0.000
"18:15",0.000,1.894,7.400,12.646,0.000,0.000
"18:30",0.000,1.741,7.700,12.646,0.000,0.000
"18:45",0.000,1.741,7.700,12.544,0.000,0.000
"19:00",0.000,1.690,7.400,12.442,0.000,0.000
"19:15",0.000,1.536,6.900,12.544,0.000,0.000
"19:30",0.000,1.536,6.700,12.442,0.000,0.000
"19:45",0.000,1.485,6.700,12.442,0.000,0.000
"20:00",0.000,1.485,7.100,12.493,0.000,0.000
"20:15",0.000,1.536,7.000,12.442,0.000,0.000
"20:30",0.000,1.382,7.700,12.442,0.000,0.000
"20:45",0.000,1.485,7.600,12.390,0.000,0.000
"21:00",0.000,1.434,7.800,12.442,0.000,0.000
"21:15",0.000,1.382,7.400,12.390,0.000,0.000
"21:30",0.000,4.659,47.300,8.550,0.000,0.000
"21:45",0.000,6.246,63.700,6.810,0.000,0.000
"22:00",0.000,6.195,63.700,6.810,0.000,0.000
"22:15",0.000,6.195,63.700,6.810,0.000,0.000
"22:30",0.000,6.195,63.700,6.963,0.000,0.000
"22:45",0.000,6.144,63.700,7.066,0.000,0.000
"23:00",0.000,6.195,63.700,6.963,0.000,0.000
"23:15",0.000,6.093,63.700,7.322,0.000,0.000
"23:30",0.000,6.144,63.700,7.014,0.000,0.000
"23:45",0.000,6.144,63.700,7.014,0.000,0.000
" 3/08/26 24:00",0.000,5.990,63.700,7.168,0.000,0.000
