"kwh"
"Time ","DAGSR01P","DAGSR01P","DAGSR01P","DAGSR01P","DAGSR01P","DAGSR01P"
" 3/25/26 00:15",0.000,70.144,63.700,0.000,30.208,0.000
" 3/25/26 00:30",0.000,70.298,63.700,0.000,30.720,0.000
"00:45",0.000,69.274,63.700,0.000,30.310,0.000
"01:00",0.000,69.581,63.700,0.000,29.901,0.000
"01:15",0.000,70.144,63.700,0.000,30.208,0.000
"01:30",0.000,69.274,63.700,0.000,29.798,0.000
"01:45",0.000,69.581,63.700,0.000,29.491,0.000
"02:00",0.000,70.195,63.700,0.000,30.157,0.000
"02:15",0.000,69.376,63.700,0.000,29.850,0.000
"02:30",0.000,69.581,63.700,0.000,29.798,0.000
"02:45",0.000,70.349,63.700,0.000,30.054,0.000
"03:00",0.000,46.234,63.700,0.000,19.712,0.000
"03:15",0.000,37.018,63.700,0.000,15.462,0.000
"03:30",0.000,37.734,63.700,0.000,16.026,0.000
"03:45",0.000,37.274,63.700,0.000,15.770,0.000
"04:00",0.000,37.018,63.700,0.000,15.923,0.000
"04:15",0.000,37.632,63.700,0.000,16.179,0.000
"04:30",0.000,37.069,63.700,0.000,16.077,0.000
"04:45",0.000,37.274,63.700,0.000,16.077,0.000
"05:00",0.000,37.683,63.700,0.000,16.282,0.000
"05:15",0.000,37.018,63.700,0.000,15.770,0.000
"05:30",0.000,37.274,63.700,0.000,15.872,0.000
"05:45",0.000,38.144,63.700,0.000,16.282,0.000
"06:00",0.000,37.018,63.700,0.000,15.718,0.000
"06:15",0.000,37.120,63.700,0.000,15.974,0.000
"06:30",0.000,38.144,63.700,0.000,16.179,0.000
"06:45",0.000,37.120,63.700,0.000,15.718,0.000
"07:00",0.000,37.274,63.700,0.000,15.770,0.000
"07:15",0.000,38.195,63.700,0.000,16.282,0.000
"07:30",0.000,37.222,63.700,0.000,16.077,0.000
"07:45",0.000,37.171,63.700,0.000,16.026,0.000
"08:00",0.000,36.608,63.700,0.000,17.459,0.000
"08:15",0.000,58.982,63.700,0.000,27.955,0.000
"08:30",0.000,37.376,63.700,0.000,21.248,0.000
"08:45",0.000,19.456,63.700,0.000,16.282,0.000
"09:00",0.000,10.957,63.700,0.000,15.667,0.000
"09:15",0.358,4.198,63.700,0.000,12.851,2.714
"09:30",3.021,0.563,63.700,0.000,4.966,11.264
"09:45",9.984,0.000,63.700,0.000,0.000,16.179
"10:00",17.152,0.000,63.700,0.000,0.000,16.486
"10:15",22.067,0.000,63.700,0.000,0.000,16.998
"10:30",28.365,0.000,63.700,0.000,0.000,16.947
"10:45",33.690,0.000,63.700,0.000,0.000,17.203
"11:00",38.195,0.000,63.700,0.000,0.000,17.664
"11:15",41.933,0.000,63.700,0.000,0.000,17.869
"11:30",46.848,0.000,63.700,0.000,0.000,17.869
"11:45",50.586,0.000,63.700,0.000,0.000,18.074
"12:00",53.453,0.000,63.700,0.000,0.000,18.842
"12:15",41.626,3.328,63.700,0.000,3.123,14.694
"12:30",44.032,2.355,63.700,0.000,3.277,14.694
"12:45",58.061,0.102,63.700,0.000,0.307,18.688
"13:00",63.283,0.000,63.700,0.000,0.000,18.842
"13:15",50.586,0.256,63.700,0.000,0.973,17.357
"13:30",62.771,0.000,63.700,0.000,0.000,19.251
"13:45",63.642,0.000,63.700,0.000,0.000,18.944
"14:00",58.266,0.000,63.700,0.000,0.000,20.070
"14:15",62.157,0.000,63.700,0.000,0.000,18.944
"14:30",60.314,0.000,63.600,0.000,0.000,19.098
"14:45",58.675,0.000,63.600,0.000,0.000,18.637
"15:00",46.490,0.102,63.600,0.000,0.563,17.408
"15:15",79.002,0.000,63.600,0.000,0.000,5.120
"15:30",85.453,0.000,63.700,0.000,0.000,0.000
"15:45",80.845,0.000,63.700,0.000,0.000,0.000
"16:00",75.930,0.000,63.700,0.000,0.000,0.000
"16:15",70.963,0.000,63.700,0.000,0.000,0.051
"16:30",64.922,0.000,63.700,0.000,0.000,0.000
"16:45",61.030,0.000,63.700,0.000,0.000,0.000
"17:00",55.962,0.000,63.700,0.000,0.000,0.000
"17:15",49.971,0.000,63.700,0.000,0.000,0.000
"17:30",43.366,0.000,63.700,0.000,0.000,0.000
"17:45",37.376,0.000,63.700,0.000,0.000,0.000
"18:00",30.157,0.000,63.700,0.000,0.000,0.000
"18:15",22.528,0.000,63.800,0.000,0.000,0.000
"18:30",13.722,0.000,63.800,0.000,0.000,0.000
"18:45",7.731,0.000,63.700,0.000,0.000,0.000
"19:00",2.560,0.410,63.700,1.690,0.000,0.000
"19:15",0.410,3.533,63.700,3.277,0.000,0.000
"19:30",0.000,4.454,63.700,4.659,0.000,0.000
"19:45",0.000,4.710,63.700,5.222,0.000,0.000
"20:00",0.000,5.786,63.700,4.710,0.000,0.000
"20:15",0.000,4.864,63.700,5.274,0.000,0.000
"20:30",0.000,4.813,63.700,5.427,0.000,0.000
"20:45",0.000,5.478,63.700,4.762,0.000,0.000
"21:00",0.000,4.864,63.700,5.018,0.000,0.000
"21:15",0.000,4.864,63.700,4.966,0.000,0.000
"21:30",0.000,5.018,63.700,4.762,0.000,0.000
"21:45",0.000,4.864,63.600,5.069,0.000,0.000
"22:00",0.000,4.659,63.700,5.478,0.000,0.000
"22:15",0.000,5.530,63.700,4.966,0.000,0.000
"22:30",0.000,5.786,63.600,5.120,0.000,0.000
"22:45",0.000,4.813,63.600,5.325,0.000,0.000
"23:00",0.000,4.915,63.600,5.427,0.000,0.000
"23:15",0.000,5.530,63.600,4.915,0.000,0.000
"23:30",0.000,4.864,63.600,5.837,0.000,0.000
"23:45",0.000,4.966,63.600,5.581,0.000,0.000
" 3/25/26 24:00",0.000,5.734,63.600,5.069,0.000,0.000
