"kwh"
"Time ","DAGSR01P","DAGSR01P","DAGSR01P","DAGSR01P","DAGSR01P","DAGSR01P"
" 9/28/26 00:15",0.000,38.195,63.700,0.000,14.694,0.000
" 9/28/26 00:30",0.000,38.246,63.700,0.000,14.643,0.000
"00:45",0.000,38.502,63.700,0.000,14.592,0.000
"01:00",0.000,39.424,63.700,0.000,15.206,0.000
"01:15",0.000,41.062,63.700,0.000,16.282,0.000
"01:30",0.000,41.062,63.700,0.000,16.384,0.000
"01:45",0.000,41.165,63.700,0.000,16.282,0.000
"02:00",0.000,41.267,63.700,0.000,16.128,0.000
"02:15",0.000,41.421,63.700,0.000,16.282,0.000
"02:30",0.000,41.421,63.700,0.000,16.077,0.000
"02:45",0.000,41.165,63.700,0.000,16.179,0.000
"03:00",0.000,41.062,63.700,0.000,16.179,0.000
"03:15",0.000,41.062,63.700,0.000,15.923,0.000
"03:30",0.000,41.472,63.700,0.000,16.179,0.000
"03:45",0.000,41.779,63.700,0.000,16.435,0.000
"04:00",0.000,41.882,63.700,0.000,16.333,0.000
"04:15",0.000,41.318,63.700,0.000,15.718,0.000
"04:30",0.000,41.216,63.700,0.000,15.616,0.000
"04:45",0.000,41.267,63.700,0.000,15.667,0.000
"05:00",0.000,41.318,63.700,0.000,15.360,0.000
"05:15",0.000,41.165,63.700,0.000,15.565,0.000
"05:30",0.000,41.165,63.700,0.000,15.616,0.000
"05:45",0.000,41.216,63.700,0.000,15.667,0.000
"06:00",0.000,41.421,63.700,0.000,15.565,0.000
"06:15",0.000,41.574,63.700,0.000,15.514,0.000
"06:30",0.000,41.882,63.700,0.000,15.462,0.000
"06:45",0.000,41.523,63.700,0.000,15.462,0.000
"07:00",0.000,41.318,63.700,0.000,15.514,0.000
"07:15",0.000,41.626,63.700,0.000,15.616,0.000
"07:30",0.000,40.653,63.700,0.000,16.128,0.000
"07:45",0.000,53.965,63.700,0.000,26.778,0.000
"08:00",0.000,67.482,63.700,0.000,37.325,0.000
"08:15",0.000,67.533,63.700,0.000,37.427,0.000
"08:30",0.000,82.227,63.600,0.000,56.371,0.000
"08:45",0.000,74.394,63.600,0.000,56.781,0.000
"09:00",0.000,63.846,63.600,0.000,56.269,0.000
"09:15",0.000,58.624,63.600,0.000,56.832,0.000
"09:30",0.000,60.416,63.600,0.000,61.184,0.000
"09:45",0.000,87.757,63.600,0.000,70.246,0.000
"10:00",0.000,78.541,63.600,0.000,72.038,0.000
"10:15",0.000,71.424,63.600,0.000,70.810,0.000
"10:30",0.000,55.706,63.600,0.000,71.219,0.000
"10:45",0.000,49.050,63.600,0.000,71.219,0.000
"11:00",0.000,43.622,63.600,0.000,71.475,0.000
"11:15",0.000,61.133,63.600,0.000,84.838,0.000
"11:30",0.000,40.602,63.600,0.000,72.294,0.000
"11:45",0.000,76.800,63.600,0.000,70.605,0.000
"12:00",0.000,55.450,63.600,0.000,71.526,0.000
"12:15",0.000,84.941,63.600,0.000,71.219,0.000
"12:30",0.000,76.339,63.600,0.000,82.074,0.000
"12:45",0.000,47.718,63.600,0.000,71.936,0.000
"13:00",0.000,44.032,63.600,0.000,72.653,0.000
"13:15",0.000,46.387,63.600,0.000,72.038,0.000
"13:30",0.000,28.672,63.700,0.000,73.216,0.000
"13:45",0.000,24.627,63.700,0.000,73.114,0.000
"14:00",0.000,24.934,63.700,0.000,72.704,0.000
"14:15",0.000,24.986,63.600,0.000,71.987,0.000
"14:30",1.638,24.781,63.600,0.000,62.157,6.093
"14:45",11.622,1.946,63.700,0.000,6.758,42.803
"15:00",3.482,23.859,63.700,0.000,30.003,18.739
"15:15",11.827,0.256,63.700,0.000,2.765,46.746
"15:30",8.192,2.099,63.700,0.000,6.861,43.622
"15:45",1.075,61.338,63.700,0.000,39.834,6.758
"16:00",1.280,19.046,63.700,0.000,35.942,13.107
"16:15",0.102,9.779,63.600,0.000,44.698,3.686
"16:30",12.595,6.861,63.700,0.000,12.595,17.357
"16:45",14.592,0.000,63.700,0.000,0.256,27.494
"17:00",3.482,20.480,63.700,0.000,14.285,13.363
"17:15",0.000,39.731,63.700,0.000,25.856,0.000
"17:30",0.000,29.747,63.700,0.000,26.931,0.000
"17:45",0.000,47.002,63.700,0.000,25.600,0.000
"18:00",0.000,29.082,63.700,0.000,26.061,0.000
"18:15",0.000,47.718,63.700,0.000,25.395,0.000
"18:30",0.000,54.323,63.700,0.000,26.010,0.000
"18:45",0.000,63.232,63.700,0.000,26.112,0.000
"19:00",0.000,63.898,63.700,0.000,26.061,0.000
"19:15",0.000,66.816,63.700,0.000,26.214,0.000
"19:30",0.000,68.557,63.700,0.000,25.907,0.000
"19:45",0.000,68.864,63.700,0.000,25.958,0.000
"20:00",0.000,68.915,63.700,0.000,25.702,0.000
"20:15",0.000,69.274,63.700,0.000,25.907,0.000
"20:30",0.000,69.427,63.700,0.000,25.754,0.000
"20:45",0.000,69.274,63.700,0.000,25.805,0.000
"21:00",0.000,69.171,63.700,0.000,25.702,0.000
"21:15",0.000,69.274,63.700,0.000,25.754,0.000
"21:30",0.000,69.274,63.700,0.000,25.702,0.000
"21:45",0.000,69.888,63.700,0.000,25.702,0.000
"22:00",0.000,69.683,63.700,0.000,25.395,0.000
"22:15",0.000,69.376,63.700,0.000,25.344,0.000
"22:30",0.000,68.813,63.700,0.000,25.242,0.000
"22:45",0.000,68.915,63.700,0.000,25.498,0.000
"23:00",0.000,68.966,63.700,0.000,25.805,0.000
"23:15",0.000,69.581,63.700,0.000,26.368,0.000
"23:30",0.000,70.042,63.700,0.000,26.317,0.000
"23:45",0.000,69.222,63.700,0.000,25.856,0.000
" 9/28/26 24:00",0.000,68.813,63.700,0.000,25.651,0.000
