"kwh"
"Time ","DAGSR01P","DAGSR01P","DAGSR01P","DAGSR01P","DAGSR01P","DAGSR01P"
"10/02/26 00:15",0.000,103.885,63.600,0.000,56.678,0.000
"10/02/26 00:30",0.000,103.834,63.600,0.000,56.627,0.000
"00:45",0.000,103.578,63.700,0.000,56.474,0.000
"01:00",0.000,103.987,63.600,0.000,56.525,0.000
"01:15",0.000,103.578,63.700,0.000,56.525,0.000
"01:30",0.000,103.373,63.700,0.000,56.627,0.000
"01:45",0.000,103.578,63.700,0.000,56.678,0.000
"02:00",0.000,103.322,63.700,0.000,56.525,0.000
"02:15",0.000,103.373,63.700,0.000,56.627,0.000
"02:30",0.000,103.629,63.700,0.000,56.320,0.000
"02:45",0.000,103.885,63.700,0.000,56.576,0.000
"03:00",0.000,103.373,63.700,0.000,56.627,0.000
"03:15",0.000,103.475,63.700,0.000,56.678,0.000
"03:30",0.000,103.424,63.700,0.000,56.678,0.000
"03:45",0.000,103.885,63.700,0.000,56.576,0.000
"04:00",0.000,103.629,63.700,0.000,56.678,0.000
"04:15",0.000,104.243,63.700,0.000,56.934,0.000
"04:30",0.000,104.294,63.700,0.000,57.088,0.000
"04:45",0.000,117.965,63.700,0.000,65.024,0.000
"05:00",0.000,136.448,63.700,0.000,75.418,0.000
"05:15",0.000,112.998,63.700,0.000,62.106,0.000
"05:30",0.000,103.475,63.700,0.000,56.576,0.000
"05:45",0.000,103.578,63.700,0.000,56.525,0.000
"06:00",0.000,104.038,63.700,0.000,56.166,0.000
"06:15",0.000,103.475,63.700,0.000,56.525,0.000
"06:30",0.000,103.475,63.600,0.000,56.474,0.000
"06:45",0.000,104.141,63.600,0.000,56.525,0.000
"07:00",0.000,92.570,63.600,0.000,49.715,0.000
"07:15",0.000,92.211,63.600,0.000,50.074,0.000
"07:30",0.000,104.448,63.600,0.000,56.934,0.000
"07:45",0.000,102.400,63.100,0.000,53.965,0.000
"08:00",0.000,101.632,62.800,0.000,51.866,0.000
"08:15",0.000,99.533,63.700,0.000,57.702,0.000
"08:30",0.000,68.454,63.700,0.000,40.038,0.000
"08:45",0.000,78.387,63.600,0.000,44.595,0.000
"09:00",0.000,97.024,63.400,0.000,55.245,0.000
"09:15",0.000,90.010,63.100,0.000,51.098,0.000
"09:30",0.000,61.850,63.400,0.000,36.710,0.000
"09:45",0.000,72.858,63.700,0.000,46.592,0.000
"10:00",0.000,90.061,63.700,0.000,58.112,0.000
"10:15",0.000,85.658,63.700,0.000,58.010,0.000
"10:30",0.000,83.149,63.700,0.000,58.163,0.000
"10:45",0.000,86.426,63.700,0.000,58.266,0.000
"11:00",0.000,86.989,63.700,0.000,58.214,0.000
"11:15",0.000,84.531,63.700,0.000,58.470,0.000
"11:30",0.000,76.902,63.700,0.000,58.163,0.000
"11:45",0.000,83.968,63.700,0.000,58.112,0.000
"12:00",0.000,69.427,63.700,0.000,58.573,0.000
"12:15",0.000,64.102,63.700,0.000,59.085,0.000
"12:30",0.870,29.389,63.700,0.000,52.429,7.322
"12:45",0.973,32.666,63.700,0.000,51.302,8.960
"13:00",16.128,8.448,63.700,0.000,20.992,23.245
"13:15",30.515,2.304,63.700,0.000,5.734,34.304
"13:30",19.251,4.966,63.700,0.000,16.077,24.371
"13:45",1.741,17.050,63.600,0.000,33.280,4.659
"14:00",13.568,11.469,63.700,0.000,23.654,16.691
"14:15",31.744,3.994,63.700,0.000,6.042,36.454
"14:30",24.525,3.430,63.700,0.000,9.523,31.949
"14:45",18.739,10.086,63.700,0.000,18.483,22.067
"15:00",28.826,4.096,63.700,0.000,6.963,34.253
"15:15",19.354,4.966,63.800,0.000,8.346,32.512
"15:30",27.802,2.099,63.800,0.000,4.966,36.506
"15:45",32.461,0.000,63.700,0.000,0.000,41.728
"16:00",20.019,2.099,63.700,0.000,5.837,35.277
"16:15",4.506,14.387,63.700,0.000,48.333,9.114
"16:30",0.000,49.818,63.700,0.000,61.184,0.000
"16:45",0.000,63.846,63.700,0.000,61.133,0.000
"17:00",0.000,71.424,63.600,0.000,60.006,0.000
"17:15",0.000,64.205,63.600,0.000,60.570,0.000
"17:30",0.000,84.787,63.700,0.000,59.955,0.000
"17:45",0.000,66.509,63.800,0.000,59.648,0.000
"18:00",0.000,64.870,63.800,0.000,59.136,0.000
"18:15",0.000,82.790,63.700,0.000,58.880,0.000
"18:30",0.000,86.682,63.700,0.000,58.778,0.000
"18:45",0.000,96.973,63.700,0.000,59.085,0.000
"19:00",0.000,100.147,63.700,0.000,59.341,0.000
"19:15",0.000,104.602,63.700,0.000,59.494,0.000
"19:30",0.000,107.878,63.700,0.000,59.546,0.000
"19:45",0.000,108.288,63.700,0.000,59.290,0.000
"20:00",0.000,108.390,63.700,0.000,59.290,0.000
"20:15",0.000,108.698,63.700,0.000,58.829,0.000
"20:30",0.000,108.032,63.600,0.000,59.290,0.000
"20:45",0.000,108.134,63.600,0.000,59.392,0.000
"21:00",0.000,108.186,63.600,0.000,59.085,0.000
"21:15",0.000,108.186,63.600,0.000,59.085,0.000
"21:30",0.000,108.083,63.600,0.000,59.085,0.000
"21:45",0.000,108.237,63.600,0.000,58.778,0.000
"22:00",0.000,107.571,63.600,0.000,59.290,0.000
"22:15",0.000,107.571,63.700,0.000,59.238,0.000
"22:30",0.000,107.930,63.600,0.000,59.341,0.000
"22:45",0.000,107.725,63.600,0.000,59.290,0.000
"23:00",0.000,108.083,63.600,0.000,58.675,0.000
"23:15",0.000,107.930,63.600,0.000,59.238,0.000
"23:30",0.000,107.674,63.700,0.000,58.982,0.000
"23:45",0.000,107.520,63.600,0.000,58.317,0.000
"10/02/26 24:00",0.000,107.622,63.600,0.000,58.419,0.000
