"kwh"
"Time ","DAGSR01P","DAGSR01P","DAGSR01P","DAGSR01P","DAGSR01P","DAGSR01P"
" 8/09/26 00:15",0.000,3.942,63.800,7.782,0.000,0.000
" 8/09/26 00:30",0.000,4.198,63.800,7.526,0.000,0.000
"00:45",0.000,3.635,63.800,7.987,0.000,0.000
"01:00",0.000,4.403,63.800,7.680,0.000,0.000
"01:15",0.000,4.301,63.800,7.936,0.000,0.000
"01:30",0.000,3.994,63.800,8.090,0.000,0.000
"01:45",0.000,4.250,63.800,7.782,0.000,0.000
"02:00",0.000,3.738,63.800,8.346,0.000,0.000
"02:15",0.000,4.403,63.800,7.885,0.000,0.000
"02:30",0.000,4.045,63.800,8.704,0.000,0.000
"02:45",0.000,3.840,63.800,8.704,0.000,0.000
"03:00",0.000,4.813,63.700,7.885,0.000,0.000
"03:15",0.000,3.533,63.800,8.397,0.000,0.000
"03:30",0.000,4.352,63.800,8.192,0.000,0.000
"03:45",0.000,4.045,63.800,8.602,0.000,0.000
"04:00",0.000,3.482,63.700,8.448,0.000,0.000
"04:15",0.000,4.352,63.700,7.987,0.000,0.000
"04:30",0.000,4.096,63.700,8.499,0.000,0.000
"04:45",0.000,3.738,63.700,9.114,0.000,0.000
"05:00",0.000,4.352,63.700,8.397,0.000,0.000
"05:15",0.000,4.198,63.700,8.192,0.000,0.000
"05:30",0.000,3.840,63.700,8.294,0.000,0.000
"05:45",0.000,3.021,63.700,9.267,0.000,0.000
"06:00",0.000,3.482,63.700,9.523,0.000,0.000
"06:15",0.000,3.994,63.700,8.704,0.000,0.000
"06:30",0.000,3.021,63.700,9.318,0.000,0.000
"06:45",0.000,3.686,63.700,8.550,0.000,0.000
"07:00",0.000,3.840,63.700,8.960,0.000,0.000
"07:15",0.000,3.072,63.700,9.216,0.000,0.000
"07:30",0.000,4.506,63.700,9.165,0.000,0.000
"07:45",0.000,4.147,63.700,9.830,0.000,0.000
"08:00",0.000,3.533,63.700,9.574,0.000,0.000
"08:15",0.000,4.198,63.700,9.216,0.000,0.000
"08:30",0.102,2.714,63.700,6.810,0.000,0.000
"08:45",1.894,0.819,63.700,3.994,0.000,0.000
"09:00",14.336,0.000,63.700,0.000,0.000,0.000
"09:15",23.910,0.000,63.800,0.000,0.000,0.000
"09:30",32.922,0.000,63.800,0.000,0.000,0.000
"09:45",42.342,0.000,63.800,0.000,0.000,0.000
"10:00",49.152,0.000,63.800,0.000,0.000,0.000
"10:15",57.395,0.000,63.800,0.000,0.000,0.000
"10:30",64.102,0.000,63.800,0.000,0.000,0.000
"10:45",70.093,0.000,63.800,0.000,0.000,0.000
"11:00",77.466,0.000,63.800,0.000,0.000,0.000
"11:15",82.534,0.000,63.800,0.000,0.000,0.000
"11:30",87.552,0.000,63.800,0.000,0.000,0.000
"11:45",90.982,0.000,63.800,0.000,0.000,0.000
"12:00",95.744,0.000,63.800,0.000,0.000,0.000
"12:15",97.690,0.000,63.800,0.000,0.000,0.000
"12:30",101.478,0.000,63.800,0.000,0.000,0.000
"12:45",103.014,0.000,63.800,0.000,0.000,0.000
"13:00",104.806,0.000,63.800,0.000,0.000,0.000
"13:15",105.523,0.000,63.800,0.000,0.000,0.000
"13:30",106.803,0.000,63.800,0.000,0.000,0.000
"13:45",104.909,0.000,63.800,0.000,0.000,0.000
"14:00",106.189,0.000,63.800,0.000,0.000,0.000
"14:15",105.370,0.000,63.900,0.000,0.000,0.000
"14:30",104.346,0.000,63.800,0.000,0.000,0.000
"14:45",103.117,0.000,63.800,0.000,0.000,0.000
"15:00",99.174,0.000,63.800,0.000,0.000,0.000
"15:15",97.024,0.000,63.800,0.000,0.000,0.000
"15:30",92.058,0.000,63.800,0.000,0.000,0.000
"15:45",88.781,0.000,63.800,0.000,0.000,0.000
"16:00",83.814,0.000,63.800,0.000,0.000,0.000
"16:15",78.643,0.000,63.800,0.000,0.000,0.000
"16:30",73.114,0.000,63.800,0.000,0.000,0.000
"16:45",65.894,0.000,63.800,0.000,0.000,0.000
"17:00",59.853,0.000,63.700,0.000,0.000,0.000
"17:15",51.814,0.000,63.800,0.000,0.000,0.000
"17:30",44.851,0.000,63.800,0.000,0.000,0.000
"17:45",36.915,0.000,63.800,0.000,0.000,0.000
"18:00",27.392,0.000,63.700,0.000,0.000,0.000
"18:15",18.739,0.000,63.800,0.000,0.000,0.000
"18:30",6.963,0.461,63.800,1.280,0.000,0.000
"18:45",0.205,2.458,63.800,6.349,0.000,0.000
"19:00",0.000,3.482,63.800,8.243,0.000,0.000
"19:15",0.000,4.352,63.800,7.475,0.000,0.000
"19:30",0.000,3.789,63.800,7.885,0.000,0.000
"19:45",0.000,4.096,63.700,7.680,0.000,0.000
"20:00",0.000,4.454,63.700,7.885,0.000,0.000
"20:15",0.000,4.710,63.700,7.885,0.000,0.000
"20:30",0.000,5.786,63.700,7.475,0.000,0.000
"20:45",0.000,4.710,63.700,7.987,0.000,0.000
"21:00",0.000,4.762,63.700,7.680,0.000,0.000
"21:15",0.000,5.120,63.700,7.475,0.000,0.000
"21:30",0.000,4.301,63.700,8.038,0.000,0.000
"21:45",0.000,5.018,63.700,7.731,0.000,0.000
"22:00",0.000,4.608,63.700,7.936,0.000,0.000
"22:15",0.000,4.198,63.700,8.141,0.000,0.000
"22:30",0.000,4.506,63.700,8.038,0.000,0.000
"22:45",0.000,3.789,63.700,8.550,0.000,0.000
"23:00",0.000,5.171,63.700,7.936,0.000,0.000
"23:15",0.000,4.198,63.700,8.397,0.000,0.000
"23:30",0.000,4.403,63.700,8.243,0.000,0.000
"23:45",0.000,5.018,63.800,7.936,0.000,0.000
" 8/09/26 24:00",0.000,3.840,63.800,8.499,0.000,0.000
