"kwh"
"Time ","DAGSR01P","DAGSR01P","DAGSR01P","DAGSR01P","DAGSR01P","DAGSR01P"
" 4/13/26 00:15",0.000,38.042,63.700,0.000,14.694,0.000
" 4/13/26 00:30",0.000,36.762,63.700,0.000,13.978,0.000
"00:45",0.000,37.018,63.700,0.000,14.285,0.000
"01:00",0.000,36.250,63.700,0.000,13.670,0.000
"01:15",0.000,36.557,63.700,0.000,13.773,0.000
"01:30",0.000,36.864,63.700,0.000,14.131,0.000
"01:45",0.000,36.506,63.700,0.000,13.466,0.000
"02:00",0.000,37.376,63.700,0.000,14.182,0.000
"02:15",0.000,36.403,63.700,0.000,13.568,0.000
"02:30",0.000,37.018,63.700,0.000,13.926,0.000
"02:45",0.000,36.659,63.700,0.000,13.568,0.000
"03:00",0.000,36.659,63.700,0.000,13.210,0.000
"03:15",0.000,37.222,63.700,0.000,13.670,0.000
"03:30",0.000,36.506,63.700,0.000,13.210,0.000
"03:45",0.000,37.274,63.700,0.000,13.466,0.000
"04:00",0.000,36.301,63.700,0.000,13.005,0.000
"04:15",0.000,37.018,63.700,0.000,13.363,0.000
"04:30",0.000,36.915,63.700,0.000,13.517,0.000
"04:45",0.000,36.198,63.700,0.000,13.056,0.000
"05:00",0.000,37.120,63.700,0.000,13.312,0.000
"05:15",0.000,36.608,63.700,0.000,12.954,0.000
"05:30",0.000,36.915,63.700,0.000,13.261,0.000
"05:45",0.000,36.762,63.700,0.000,13.107,0.000
"06:00",0.000,36.301,63.700,0.000,13.210,0.000
"06:15",0.000,37.376,63.700,0.000,14.080,0.000
"06:30",0.000,36.557,63.700,0.000,13.619,0.000
"06:45",0.000,36.710,63.700,0.000,13.978,0.000
"07:00",0.000,37.632,63.700,0.000,14.336,0.000
"07:15",0.000,36.506,63.700,0.000,13.926,0.000
"07:30",0.000,37.274,63.600,0.000,14.490,0.000
"07:45",0.000,36.966,63.600,0.000,13.773,0.000
"08:00",0.000,37.376,63.600,0.000,14.490,0.000
"08:15",0.000,36.147,63.600,0.000,14.797,0.000
"08:30",0.000,35.379,63.700,0.000,14.490,0.000
"08:45",0.000,33.587,63.700,0.000,15.565,0.000
"09:00",0.000,27.955,63.700,0.000,14.541,0.000
"09:15",0.000,28.928,63.700,0.000,14.592,0.000
"09:30",0.000,26.522,63.700,0.000,15.462,0.000
"09:45",0.000,13.978,63.700,0.000,14.643,0.000
"10:00",0.051,13.466,63.700,0.000,15.002,0.256
"10:15",0.666,10.803,63.700,0.000,13.670,1.792
"10:30",1.690,3.379,63.700,0.000,8.806,6.349
"10:45",5.786,1.741,63.700,0.000,6.502,8.397
"11:00",11.366,0.154,63.700,0.000,0.922,14.182
"11:15",15.104,1.485,63.700,0.000,4.915,10.957
"11:30",1.587,2.253,63.700,0.000,8.499,6.144
"11:45",0.768,2.816,63.700,0.000,10.854,4.250
"12:00",15.974,0.000,63.700,0.000,0.410,15.206
"12:15",14.848,0.000,63.700,0.000,0.000,15.309
"12:30",6.451,0.051,63.700,0.000,0.717,15.002
"12:45",5.376,0.154,63.700,0.000,1.587,13.466
"13:00",12.954,0.000,63.700,0.000,0.000,15.360
"13:15",15.514,0.000,63.700,0.000,0.000,15.923
"13:30",20.173,0.000,63.700,0.000,0.000,15.514
"13:45",7.885,0.973,63.700,0.000,4.864,10.650
"14:00",13.978,0.000,63.700,0.000,0.154,14.950
"14:15",11.162,0.000,63.700,0.000,0.000,14.848
"14:30",3.994,0.666,63.700,0.000,3.328,11.981
"14:45",0.614,5.018,63.700,0.000,11.571,2.560
"15:00",2.867,3.430,63.700,0.000,8.294,6.605
"15:15",0.000,6.502,63.700,0.000,14.694,0.000
"15:30",1.024,3.174,63.700,0.000,10.547,4.403
"15:45",5.683,4.557,63.700,0.000,7.885,7.117
"16:00",0.000,9.011,63.700,0.000,14.029,0.256
"16:15",0.000,17.715,63.600,0.000,14.182,0.000
"16:30",0.000,21.862,63.600,0.000,14.643,0.000
"16:45",0.000,14.899,63.700,0.000,14.336,0.000
"17:00",1.331,12.442,63.700,0.000,12.237,2.253
"17:15",0.000,21.811,63.700,0.000,14.438,0.000
"17:30",0.000,23.654,63.700,0.000,14.285,0.000
"17:45",0.000,28.416,63.700,0.000,15.104,0.000
"18:00",0.000,30.003,63.700,0.000,14.592,0.000
"18:15",0.000,27.290,63.700,0.000,14.387,0.000
"18:30",0.000,33.587,63.700,0.000,14.950,0.000
"18:45",0.000,34.970,63.700,0.000,14.336,0.000
"19:00",0.000,36.250,63.700,0.000,14.541,0.000
"19:15",0.000,36.557,63.700,0.000,14.797,0.000
"19:30",0.000,36.045,63.700,0.000,14.490,0.000
"19:45",0.000,36.915,63.700,0.000,15.155,0.000
"20:00",0.000,36.147,63.700,0.000,14.387,0.000
"20:15",0.000,36.710,63.700,0.000,14.234,0.000
"20:30",0.000,37.632,63.700,0.000,15.002,0.000
"20:45",0.000,36.557,63.700,0.000,14.234,0.000
"21:00",0.000,36.762,63.700,0.000,14.541,0.000
"21:15",0.000,36.915,63.700,0.000,14.592,0.000
"21:30",0.000,36.147,63.700,0.000,14.285,0.000
"21:45",0.000,36.864,63.700,0.000,15.002,0.000
"22:00",0.000,36.250,63.700,0.000,14.234,0.000
"22:15",0.000,36.096,63.700,0.000,14.131,0.000
"22:30",0.000,36.966,63.700,0.000,14.899,0.000
"22:45",0.000,36.147,63.700,0.000,14.131,0.000
"23:00",0.000,36.454,63.700,0.000,14.541,0.000
"23:15",0.000,36.762,63.700,0.000,14.387,0.000
"23:30",0.000,36.096,63.700,0.000,14.029,0.000
"23:45",0.000,37.222,63.700,0.000,14.592,0.000
" 4/13/26 24:00",0.000,36.557,63.700,0.000,13.773,0.000
