"kwh"
"Time ","DAGSR01P","DAGSR01P","DAGSR01P","DAGSR01P","DAGSR01P","DAGSR01P"
" 8/15/26 00:15",0.000,4.096,63.700,7.629,0.000,0.000
" 8/15/26 00:30",0.000,4.301,63.700,7.526,0.000,0.000
"00:45",0.000,4.966,63.700,7.066,0.000,0.000
"01:00",0.000,3.789,63.700,7.629,0.000,0.000
"01:15",0.000,4.250,63.700,7.424,0.000,0.000
"01:30",0.000,4.198,63.700,7.629,0.000,0.000
"01:45",0.000,3.584,63.700,7.782,0.000,0.000
"02:00",0.000,4.403,63.700,7.219,0.000,0.000
"02:15",0.000,3.533,63.700,7.834,0.000,0.000
"02:30",0.000,3.891,63.700,7.834,0.000,0.000
"02:45",0.000,3.891,63.700,7.629,0.000,0.000
"03:00",0.000,3.123,63.700,7.936,0.000,0.000
"03:15",0.000,3.891,63.700,7.475,0.000,0.000
"03:30",0.000,3.789,63.700,7.885,0.000,0.000
"03:45",0.000,3.123,63.700,7.987,0.000,0.000
"04:00",0.000,3.942,63.700,7.526,0.000,0.000
"04:15",0.000,3.430,63.700,7.987,0.000,0.000
"04:30",0.000,3.686,63.700,7.885,0.000,0.000
"04:45",0.000,3.994,63.700,7.526,0.000,0.000
"05:00",0.000,3.635,63.700,7.885,0.000,0.000
"05:15",0.000,4.147,63.700,7.322,0.000,0.000
"05:30",0.000,3.277,63.700,8.038,0.000,0.000
"05:45",0.000,3.174,63.700,8.294,0.000,0.000
"06:00",0.000,4.198,63.700,7.578,0.000,0.000
"06:15",0.000,3.379,63.700,7.936,0.000,0.000
"06:30",0.000,3.379,63.700,7.782,0.000,0.000
"06:45",0.000,3.994,63.700,7.373,0.000,0.000
"07:00",0.000,3.635,63.700,7.936,0.000,0.000
"07:15",0.000,4.762,63.700,7.373,0.000,0.000
"07:30",0.000,3.738,63.700,7.885,0.000,0.000
"07:45",0.000,3.430,63.700,7.987,0.000,0.000
"08:00",0.000,4.966,63.700,7.475,0.000,0.000
"08:15",0.000,3.942,63.700,7.834,0.000,0.000
"08:30",0.000,3.482,63.700,7.526,0.000,0.000
"08:45",0.000,2.867,63.700,6.451,0.000,0.000
"09:00",0.154,2.253,63.700,6.093,0.000,0.000
"09:15",0.051,31.898,63.700,0.256,12.032,0.000
"09:30",0.000,32.410,63.700,0.000,12.339,0.000
"09:45",0.000,31.795,63.700,0.000,12.237,0.000
"10:00",0.000,32.051,63.700,0.000,13.107,0.000
"10:15",0.000,29.798,63.700,0.000,12.288,0.000
"10:30",0.000,29.286,63.700,0.000,12.800,0.000
"10:45",0.000,27.187,63.700,0.000,12.544,0.000
"11:00",0.000,27.187,63.700,0.000,12.698,0.000
"11:15",0.000,27.187,63.700,0.000,13.107,0.000
"11:30",3.533,13.875,63.700,0.000,6.912,0.000
"11:45",8.550,0.000,63.700,0.000,0.000,0.000
"12:00",10.035,0.000,63.700,0.000,0.000,0.000
"12:15",9.011,0.000,63.700,0.000,0.000,0.000
"12:30",7.885,0.000,63.700,0.000,0.000,0.000
"12:45",11.315,0.000,63.700,0.000,0.000,0.000
"13:00",12.442,0.000,63.700,0.000,0.000,0.000
"13:15",10.547,0.000,63.700,0.000,0.000,0.000
"13:30",11.110,0.000,63.700,0.000,0.000,0.000
"13:45",12.698,0.000,63.700,0.000,0.000,0.000
"14:00",11.520,0.000,63.700,0.000,0.000,0.000
"14:15",12.698,0.000,63.700,0.000,0.000,0.000
"14:30",12.954,0.000,63.700,0.000,0.000,0.000
"14:45",13.670,0.000,63.700,0.000,0.000,0.000
"15:00",11.469,0.000,63.700,0.000,0.000,0.000
"15:15",10.650,0.000,63.700,0.000,0.000,0.000
"15:30",11.725,0.000,63.700,0.000,0.000,0.000
"15:45",11.264,0.000,63.700,0.000,0.000,0.000
"16:00",11.571,0.000,63.700,0.000,0.000,0.000
"16:15",12.237,0.000,63.700,0.000,0.000,0.000
"16:30",13.722,0.000,63.700,0.000,0.000,0.000
"16:45",9.574,0.000,63.700,0.000,0.000,0.000
"17:00",5.786,0.000,63.700,0.000,0.000,0.000
"17:15",4.915,0.000,63.700,0.000,0.000,0.000
"17:30",2.662,0.205,63.700,1.024,0.000,0.000
"17:45",1.587,0.256,63.700,2.714,0.000,0.000
"18:00",0.922,0.614,63.700,3.994,0.000,0.000
"18:15",0.154,2.406,63.700,5.683,0.000,0.000
"18:30",0.051,2.355,63.700,6.195,0.000,0.000
"18:45",0.000,3.123,63.700,7.168,0.000,0.000
"19:00",0.000,3.482,63.700,7.578,0.000,0.000
"19:15",0.000,3.482,63.700,7.936,0.000,0.000
"19:30",0.000,4.198,63.700,7.578,0.000,0.000
"19:45",0.000,3.533,63.700,8.192,0.000,0.000
"20:00",0.000,3.840,63.700,7.885,0.000,0.000
"20:15",0.000,3.789,63.700,7.885,0.000,0.000
"20:30",0.000,3.277,63.700,8.499,0.000,0.000
"20:45",0.000,4.198,63.700,7.834,0.000,0.000
"21:00",0.000,3.482,63.700,8.346,0.000,0.000
"21:15",0.000,3.635,63.700,8.294,0.000,0.000
"21:30",0.000,4.813,63.700,7.834,0.000,0.000
"21:45",0.000,3.584,63.700,8.448,0.000,0.000
"22:00",0.000,4.147,63.700,8.038,0.000,0.000
"22:15",0.000,3.891,63.700,8.141,0.000,0.000
"22:30",0.000,3.738,63.700,8.397,0.000,0.000
"22:45",0.000,4.352,63.700,8.090,0.000,0.000
"23:00",0.000,3.584,63.700,8.397,0.000,0.000
"23:15",0.000,4.096,63.700,7.680,0.000,0.000
"23:30",0.000,4.915,63.700,7.322,0.000,0.000
"23:45",0.000,4.352,63.700,7.680,0.000,0.000
" 8/15/26 24:00",0.000,5.222,63.700,7.168,0.000,0.000
