"kwh"
"Time ","DAGSR01P","DAGSR01P","DAGSR01P","DAGSR01P","DAGSR01P","DAGSR01P"
" 7/01/26 00:15",0.000,6.349,63.600,6.195,0.000,0.000
" 7/01/26 00:30",0.000,5.632,63.600,7.014,0.000,0.000
"00:45",0.000,6.400,63.700,7.014,0.000,0.000
"01:00",0.000,6.502,63.700,6.195,0.000,0.000
"01:15",0.000,6.861,63.600,6.195,0.000,0.000
"01:30",0.000,5.990,63.700,6.042,0.000,0.000
"01:45",0.000,5.786,63.700,6.246,0.000,0.000
"02:00",0.000,5.581,63.700,6.451,0.000,0.000
"02:15",0.000,5.734,63.700,6.349,0.000,0.000
"02:30",0.000,5.837,63.700,6.298,0.000,0.000
"02:45",0.000,6.195,63.700,6.451,0.000,0.000
"03:00",0.000,5.069,63.700,6.605,0.000,0.000
"03:15",0.000,5.018,63.700,6.502,0.000,0.000
"03:30",0.000,5.222,63.700,6.502,0.000,0.000
"03:45",0.000,4.454,63.700,6.554,0.000,0.000
"04:00",0.000,4.659,63.700,6.451,0.000,0.000
"04:15",0.000,5.325,63.700,6.502,0.000,0.000
"04:30",0.000,5.376,63.700,6.502,0.000,0.000
"04:45",0.000,5.222,63.700,6.451,0.000,0.000
"05:00",0.000,5.222,63.700,6.707,0.000,0.000
"05:15",0.000,5.069,63.700,6.400,0.000,0.000
"05:30",0.000,4.966,63.700,6.502,0.000,0.000
"05:45",0.000,5.581,63.700,6.502,0.000,0.000
"06:00",0.000,5.427,63.700,6.298,0.000,0.000
"06:15",0.000,4.915,63.700,6.400,0.000,0.000
"06:30",0.000,5.325,63.700,6.195,0.000,0.000
"06:45",0.000,5.837,63.700,6.451,0.000,0.000
"07:00",0.000,5.786,63.600,5.683,0.000,0.000
"07:15",0.000,6.298,63.600,5.683,0.000,0.000
"07:30",0.000,7.424,63.600,5.683,0.000,0.000
"07:45",0.000,7.117,63.600,5.581,0.000,0.000
"08:00",0.000,6.707,63.600,5.530,0.000,0.000
"08:15",0.000,7.219,63.600,5.325,0.000,0.000
"08:30",0.000,7.578,63.600,5.325,0.000,0.000
"08:45",0.000,7.066,63.600,5.581,0.000,0.000
"09:00",0.000,7.014,63.600,5.171,0.000,0.000
"09:15",0.000,5.990,63.600,5.632,0.000,0.000
"09:30",0.000,6.042,63.600,5.325,0.000,0.000
"09:45",0.000,5.530,63.600,5.171,0.000,0.000
"10:00",0.000,4.045,63.600,4.608,0.000,0.000
"10:15",0.768,1.434,63.600,3.277,0.000,0.000
"10:30",1.485,0.358,63.600,1.434,0.000,0.000
"10:45",1.997,0.102,63.600,0.819,0.000,0.000
"11:00",2.202,0.000,63.600,0.051,0.000,0.000
"11:15",3.328,0.000,63.600,0.000,0.000,0.000
"11:30",3.021,0.000,63.600,0.000,0.000,0.000
"11:45",3.226,0.000,63.600,0.000,0.000,0.000
"12:00",1.894,0.102,63.600,1.485,0.000,0.000
"12:15",0.973,0.461,63.600,3.430,0.000,0.000
"12:30",0.768,0.717,63.600,3.482,0.000,0.000
"12:45",1.331,0.205,63.600,2.918,0.000,0.000
"13:00",1.587,0.256,63.600,1.894,0.000,0.000
"13:15",1.792,0.154,63.600,1.434,0.000,0.000
"13:30",1.741,0.102,63.600,0.666,0.000,0.000
"13:45",2.611,0.000,63.600,0.102,0.000,0.000
"14:00",4.506,0.000,63.600,0.000,0.000,0.000
"14:15",6.554,0.000,63.600,0.000,0.000,0.000
"14:30",5.069,0.000,63.600,0.000,0.000,0.000
"14:45",2.970,0.102,63.600,1.024,0.000,0.000
"15:00",2.765,0.102,63.600,0.870,0.000,0.000
"15:15",2.765,0.051,63.700,0.563,0.000,0.000
"15:30",0.666,1.536,63.700,3.021,0.000,0.000
"15:45",0.154,2.150,63.700,3.533,0.000,0.000
"16:00",0.154,2.765,63.600,3.686,0.000,0.000
"16:15",0.154,2.970,63.700,4.147,0.000,0.000
"16:30",1.690,0.666,63.700,2.662,0.000,0.000
"16:45",0.819,1.536,63.600,3.533,0.000,0.000
"17:00",0.614,1.946,63.700,3.379,0.000,0.000
"17:15",0.102,3.738,63.700,4.710,0.000,0.000
"17:30",0.000,5.018,63.700,5.581,0.000,0.000
"17:45",0.000,6.554,63.700,6.042,0.000,0.000
"18:00",0.000,6.298,63.700,5.888,0.000,0.000
"18:15",0.000,6.707,63.700,5.837,0.000,0.000
"18:30",0.000,7.014,63.700,5.990,0.000,0.000
"18:45",0.000,5.990,63.700,6.042,0.000,0.000
"19:00",0.000,6.400,63.700,5.990,0.000,0.000
"19:15",0.000,6.861,63.700,6.042,0.000,0.000
"19:30",0.000,6.502,63.700,5.888,0.000,0.000
"19:45",0.000,6.707,63.700,5.683,0.000,0.000
"20:00",0.000,6.400,63.700,5.837,0.000,0.000
"20:15",0.000,7.424,63.600,5.786,0.000,0.000
"20:30",0.000,7.117,63.700,6.042,0.000,0.000
"20:45",0.000,6.861,63.700,6.195,0.000,0.000
"21:00",0.000,6.963,63.700,6.144,0.000,0.000
"21:15",0.000,6.912,63.700,6.246,0.000,0.000
"21:30",0.000,7.373,63.700,6.451,0.000,0.000
"21:45",0.000,7.014,63.700,6.246,0.000,0.000
"22:00",0.000,6.810,63.700,6.246,0.000,0.000
"22:15",0.000,7.014,63.700,6.144,0.000,0.000
"22:30",0.000,7.424,63.700,6.093,0.000,0.000
"22:45",0.000,7.322,63.700,6.451,0.000,0.000
"23:00",0.000,6.912,63.700,6.502,0.000,0.000
"23:15",0.000,6.400,63.600,6.810,0.000,0.000
"23:30",0.000,6.963,63.600,6.400,0.000,0.000
"23:45",0.000,7.526,63.600,6.656,0.000,0.000
" 7/01/26 24:00",0.000,7.219,63.700,6.656,0.000,0.000
