"kwh"
"Time ","DAGSR01P","DAGSR01P","DAGSR01P","DAGSR01P","DAGSR01P","DAGSR01P"
" 3/20/26 00:15",0.000,36.915,63.600,0.000,9.318,0.000
" 3/20/26 00:30",0.000,36.915,63.700,0.000,9.677,0.000
"00:45",0.000,37.376,63.600,0.000,9.574,0.000
"01:00",0.000,37.069,63.600,0.000,9.882,0.000
"01:15",0.000,36.762,63.600,0.000,9.318,0.000
"01:30",0.000,36.710,63.600,0.000,9.267,0.000
"01:45",0.000,36.762,63.600,0.000,9.318,0.000
"02:00",0.000,37.222,63.600,0.000,9.574,0.000
"02:15",0.000,36.762,63.600,0.000,9.216,0.000
"02:30",0.000,36.762,63.600,0.000,9.114,0.000
"02:45",0.000,37.325,63.600,0.000,8.960,0.000
"03:00",0.000,37.018,63.700,0.000,9.318,0.000
"03:15",0.000,36.659,63.600,0.000,9.216,0.000
"03:30",0.000,37.120,63.700,0.000,9.165,0.000
"03:45",0.000,36.915,63.600,0.000,9.370,0.000
"04:00",0.000,36.813,63.700,0.000,9.216,0.000
"04:15",0.000,36.659,63.700,0.000,9.114,0.000
"04:30",0.000,36.864,63.700,0.000,9.114,0.000
"04:45",0.000,37.325,63.700,0.000,9.318,0.000
"05:00",0.000,36.966,63.700,0.000,9.318,0.000
"05:15",0.000,36.710,63.700,0.000,9.062,0.000
"05:30",0.000,36.710,63.700,0.000,9.011,0.000
"05:45",0.000,36.710,63.700,0.000,9.165,0.000
"06:00",0.000,37.171,63.600,0.000,9.318,0.000
"06:15",0.000,36.659,63.600,0.000,9.165,0.000
"06:30",0.000,37.171,63.700,0.000,9.114,0.000
"06:45",0.000,37.274,63.600,0.000,9.267,0.000
"07:00",0.000,37.478,63.600,0.000,9.677,0.000
"07:15",0.000,37.427,63.700,0.000,9.626,0.000
"07:30",0.000,37.325,63.600,0.000,9.574,0.000
"07:45",0.000,37.018,63.600,0.000,9.574,0.000
"08:00",0.000,37.325,63.600,0.000,9.677,0.000
"08:15",0.000,34.406,63.700,0.000,10.394,0.000
"08:30",0.000,46.387,63.700,0.000,16.486,0.000
"08:45",0.000,55.706,63.700,0.000,21.760,0.000
"09:00",0.000,46.029,63.600,0.000,21.709,0.000
"09:15",0.000,34.662,63.600,0.000,22.477,0.000
"09:30",0.000,40.448,63.700,0.000,20.582,0.000
"09:45",0.051,22.835,63.700,0.000,21.402,1.280
"10:00",1.434,27.290,63.700,0.000,16.589,5.837
"10:15",0.000,58.112,63.700,0.000,22.118,0.000
"10:30",0.000,59.187,63.700,0.000,21.709,0.000
"10:45",0.000,58.112,63.700,0.000,22.118,0.000
"11:00",0.000,57.651,63.700,0.000,22.118,0.000
"11:15",0.000,58.214,63.700,0.000,22.016,0.000
"11:30",0.000,45.107,63.700,0.000,22.323,0.000
"11:45",0.000,38.246,63.700,0.000,21.811,0.000
"12:00",0.000,49.818,63.700,0.000,21.914,0.000
"12:15",1.280,35.123,63.700,0.000,20.787,1.638
"12:30",33.690,6.963,63.700,0.000,4.403,7.578
"12:45",51.968,0.000,63.700,0.000,0.000,11.878
"13:00",37.478,0.000,63.700,0.000,0.051,11.162
"13:15",61.338,0.051,63.700,0.000,0.051,13.312
"13:30",62.925,0.000,63.700,0.000,0.000,13.875
"13:45",60.928,0.000,63.700,0.000,0.000,13.005
"14:00",60.058,0.000,63.700,0.000,0.000,12.749
"14:15",62.566,0.000,63.700,0.000,0.000,13.466
"14:30",47.309,1.587,63.700,0.000,1.638,10.854
"14:45",42.547,3.072,63.700,0.000,2.048,9.830
"15:00",57.395,0.154,63.700,0.000,0.154,12.544
"15:15",55.859,0.000,63.700,0.000,0.000,12.339
"15:30",53.299,0.000,63.700,0.000,0.000,12.288
"15:45",35.738,5.120,63.700,0.000,2.304,9.114
"16:00",47.770,1.331,63.700,0.000,0.563,12.032
"16:15",34.918,1.229,63.700,0.000,0.819,11.315
"16:30",37.325,0.000,63.700,0.000,0.000,11.264
"16:45",4.710,13.568,63.600,0.000,7.578,2.202
"17:00",22.272,2.714,63.700,0.000,1.638,9.421
"17:15",20.326,0.000,63.700,0.000,0.000,10.547
"17:30",8.602,9.114,63.600,0.000,4.557,5.734
"17:45",1.024,16.179,63.700,0.000,7.987,2.560
"18:00",0.307,19.046,63.700,0.000,9.882,1.024
"18:15",0.000,16.384,63.700,0.000,10.086,0.358
"18:30",0.000,17.613,63.700,0.000,10.854,0.000
"18:45",0.000,23.142,63.700,0.000,10.291,0.000
"19:00",0.000,28.160,63.700,0.000,10.394,0.000
"19:15",0.000,32.051,63.700,0.000,10.547,0.000
"19:30",0.000,36.301,63.700,0.000,10.035,0.000
"19:45",0.000,36.966,63.700,0.000,10.035,0.000
"20:00",0.000,37.837,63.700,0.000,10.240,0.000
"20:15",0.000,36.762,63.700,0.000,9.830,0.000
"20:30",0.000,36.864,63.700,0.000,9.830,0.000
"20:45",0.000,36.813,63.700,0.000,9.830,0.000
"21:00",0.000,37.939,63.700,0.000,10.086,0.000
"21:15",0.000,37.376,63.700,0.000,9.574,0.000
"21:30",0.000,37.530,63.700,0.000,9.421,0.000
"21:45",0.000,37.581,63.700,0.000,9.165,0.000
"22:00",0.000,37.274,63.700,0.000,9.216,0.000
"22:15",0.000,37.786,63.700,0.000,9.626,0.000
"22:30",0.000,36.915,63.700,0.000,9.216,0.000
"22:45",0.000,36.966,63.700,0.000,9.267,0.000
"23:00",0.000,36.813,63.700,0.000,9.267,0.000
"23:15",0.000,2.202,62.700,0.000,0.563,0.000
"23:30",0.000,0.000,0.000,0.000,0.000,0.000
"23:45",0.000,0.000,0.000,0.000,0.000,0.000
" 3/20/26 24:00",0.000,0.000,0.000,0.000,0.000,0.000
