"kwh"
"Time ","DAGSR01P","DAGSR01P","DAGSR01P","DAGSR01P","DAGSR01P","DAGSR01P"
" 4/21/26 00:15",0.000,5.837,63.700,5.274,0.000,0.000
" 4/21/26 00:30",0.000,5.427,63.700,5.325,0.000,0.000
"00:45",0.000,5.837,63.700,5.018,0.000,0.000
"01:00",0.000,4.710,63.700,5.427,0.000,0.000
"01:15",0.000,4.710,63.700,5.581,0.000,0.000
"01:30",0.000,5.530,63.700,5.018,0.000,0.000
"01:45",0.000,4.710,63.700,5.734,0.000,0.000
"02:00",0.000,4.506,63.700,5.683,0.000,0.000
"02:15",0.000,4.915,63.600,5.171,0.000,0.000
"02:30",0.000,4.506,63.700,5.530,0.000,0.000
"02:45",0.000,4.250,63.700,5.786,0.000,0.000
"03:00",0.000,4.813,63.600,5.734,0.000,0.000
"03:15",0.000,4.864,63.600,5.376,0.000,0.000
"03:30",0.000,4.352,63.700,5.888,0.000,0.000
"03:45",0.000,4.198,63.700,5.837,0.000,0.000
"04:00",0.000,5.478,63.700,5.120,0.000,0.000
"04:15",0.000,4.352,63.700,5.837,0.000,0.000
"04:30",0.000,4.352,63.600,5.786,0.000,0.000
"04:45",0.000,5.069,63.600,5.376,0.000,0.000
"05:00",0.000,4.301,63.600,5.632,0.000,0.000
"05:15",0.000,4.301,63.700,5.734,0.000,0.000
"05:30",0.000,5.120,63.700,5.274,0.000,0.000
"05:45",0.000,4.710,63.600,5.683,0.000,0.000
"06:00",0.000,4.966,63.700,5.478,0.000,0.000
"06:15",0.000,4.915,63.600,5.018,0.000,0.000
"06:30",0.000,4.659,63.600,4.966,0.000,0.000
"06:45",0.000,4.403,63.700,5.222,0.000,0.000
"07:00",0.000,4.710,63.600,4.966,0.000,0.000
"07:15",0.000,5.274,63.600,4.557,0.000,0.000
"07:30",0.000,4.506,63.600,5.427,0.000,0.000
"07:45",0.000,4.506,63.600,5.120,0.000,0.000
"08:00",0.000,5.581,63.600,4.506,0.000,0.000
"08:15",0.000,4.352,63.600,4.915,0.000,0.000
"08:30",0.000,3.994,63.600,4.915,0.000,0.000
"08:45",0.000,4.762,63.400,3.942,0.307,0.000
"09:00",0.102,3.584,63.600,3.482,0.000,0.000
"09:15",0.000,3.123,63.700,3.686,0.000,0.000
"09:30",0.000,4.250,63.700,4.045,0.000,0.000
"09:45",3.482,0.461,63.700,0.563,0.000,0.000
"10:00",5.632,0.000,63.700,0.000,0.000,0.000
"10:15",2.611,0.154,63.700,0.819,0.000,0.000
"10:30",8.704,0.000,63.700,0.000,0.000,0.000
"10:45",12.186,0.000,63.700,0.000,0.000,0.000
"11:00",31.642,0.000,63.700,0.000,0.000,0.051
"11:15",43.264,0.000,63.700,0.000,0.000,0.102
"11:30",57.037,0.000,63.700,0.000,0.000,0.102
"11:45",64.922,0.000,63.700,0.000,0.000,0.256
"12:00",39.322,0.000,63.700,0.000,0.000,2.970
"12:15",2.304,2.918,63.700,0.000,9.779,5.018
"12:30",9.830,1.178,63.700,0.000,4.710,10.957
"12:45",32.410,0.051,63.700,0.000,0.358,17.050
"13:00",52.685,0.000,63.700,0.000,0.000,17.869
"13:15",16.845,0.102,63.700,0.000,0.870,15.002
"13:30",54.323,0.000,63.700,0.000,0.102,18.432
"13:45",3.379,14.643,63.600,0.000,13.875,2.150
"14:00",10.854,9.318,63.600,0.000,10.240,5.325
"14:15",54.477,0.000,63.600,0.000,0.000,18.278
"14:30",41.523,0.102,63.600,0.000,0.410,16.794
"14:45",9.574,5.837,63.600,0.000,9.011,6.605
"15:00",18.739,8.243,63.600,0.000,8.858,7.270
"15:15",36.915,3.430,63.600,0.000,4.301,12.646
"15:30",17.715,9.062,63.700,0.000,9.626,7.168
"15:45",1.536,7.373,63.700,0.000,14.336,1.178
"16:00",30.259,1.536,63.700,0.000,3.789,13.158
"16:15",19.046,6.963,63.700,0.000,6.554,15.565
"16:30",0.000,49.869,63.700,0.000,28.006,0.000
"16:45",0.000,58.470,63.700,0.000,28.621,0.000
"17:00",0.000,49.664,63.700,0.000,28.774,0.000
"17:15",0.000,47.872,63.700,0.000,28.877,0.000
"17:30",0.000,34.662,63.700,0.000,30.054,0.000
"17:45",0.000,32.973,63.700,0.000,29.440,0.000
"18:00",0.000,54.835,63.700,0.000,29.133,0.000
"18:15",0.000,60.109,63.700,0.000,29.235,0.000
"18:30",0.000,61.594,63.700,0.000,29.184,0.000
"18:45",0.000,69.427,63.700,0.000,30.106,0.000
"19:00",0.000,70.963,63.700,0.000,29.338,0.000
"19:15",0.000,70.963,63.700,0.000,29.184,0.000
"19:30",0.000,71.680,63.700,0.000,29.542,0.000
"19:45",0.000,70.912,63.700,0.000,28.877,0.000
"20:00",0.000,71.834,63.700,0.000,29.286,0.000
"20:15",0.000,70.758,63.700,0.000,29.133,0.000
"20:30",0.000,70.605,63.700,0.000,28.979,0.000
"20:45",0.000,71.782,63.700,0.000,29.747,0.000
"21:00",0.000,71.270,63.700,0.000,29.235,0.000
"21:15",0.000,71.987,63.700,0.000,29.696,0.000
"21:30",0.000,71.322,63.700,0.000,29.235,0.000
"21:45",0.000,71.424,63.700,0.000,28.979,0.000
"22:00",0.000,72.090,63.600,0.000,29.286,0.000
"22:15",0.000,71.014,63.600,0.000,28.723,0.000
"22:30",0.000,71.731,63.600,0.000,29.338,0.000
"22:45",0.000,71.475,63.600,0.000,28.826,0.000
"23:00",0.000,71.424,63.600,0.000,28.621,0.000
"23:15",0.000,71.731,63.700,0.000,29.338,0.000
"23:30",0.000,70.758,63.600,0.000,28.570,0.000
"23:45",0.000,71.373,63.600,0.000,29.338,0.000
" 4/21/26 24:00",0.000,71.014,63.600,0.000,29.030,0.000
