"kwh"
"Time ","DAGSR01P","DAGSR01P","DAGSR01P","DAGSR01P","DAGSR01P","DAGSR01P"
" 4/30/26 00:15",0.000,5.120,63.700,5.274,0.000,0.000
" 4/30/26 00:30",0.000,5.990,63.700,5.018,0.000,0.000
"00:45",0.000,5.478,63.700,5.171,0.000,0.000
"01:00",0.000,4.250,63.700,5.581,0.000,0.000
"01:15",0.000,4.966,63.700,5.222,0.000,0.000
"01:30",0.000,4.659,63.700,5.581,0.000,0.000
"01:45",0.000,4.198,63.700,6.144,0.000,0.000
"02:00",0.000,5.427,63.700,5.222,0.000,0.000
"02:15",0.000,4.762,63.700,6.093,0.000,0.000
"02:30",0.000,4.147,63.700,5.837,0.000,0.000
"02:45",0.000,5.427,63.700,5.120,0.000,0.000
"03:00",0.000,4.198,63.700,5.888,0.000,0.000
"03:15",0.000,4.454,63.700,5.632,0.000,0.000
"03:30",0.000,5.120,63.700,5.581,0.000,0.000
"03:45",0.000,4.557,63.700,5.786,0.000,0.000
"04:00",0.000,4.813,63.700,5.734,0.000,0.000
"04:15",0.000,5.018,63.700,5.683,0.000,0.000
"04:30",0.000,4.250,63.700,5.990,0.000,0.000
"04:45",0.000,4.813,63.700,5.632,0.000,0.000
"05:00",0.000,4.506,63.700,5.530,0.000,0.000
"05:15",0.000,4.403,63.700,5.632,0.000,0.000
"05:30",0.000,5.734,63.700,5.018,0.000,0.000
"05:45",0.000,4.454,63.700,5.837,0.000,0.000
"06:00",0.000,4.454,63.700,5.786,0.000,0.000
"06:15",0.000,5.376,63.700,4.864,0.000,0.000
"06:30",0.000,4.301,63.700,5.632,0.000,0.000
"06:45",0.000,4.352,63.700,5.530,0.000,0.000
"07:00",0.000,5.786,63.700,4.762,0.000,0.000
"07:15",0.000,5.069,63.700,5.478,0.000,0.000
"07:30",0.000,7.834,63.700,5.069,0.461,0.000
"07:45",0.000,6.144,63.700,4.659,0.000,0.000
"08:00",0.000,5.274,63.700,5.478,0.000,0.000
"08:15",0.000,5.120,63.600,4.454,0.051,0.000
"08:30",0.000,33.587,63.600,0.000,9.523,0.000
"08:45",0.000,23.398,63.600,0.000,8.550,0.000
"09:00",0.000,14.387,63.600,0.000,8.550,0.000
"09:15",0.154,6.502,63.700,0.000,8.397,0.717
"09:30",3.328,0.410,63.700,0.000,1.894,6.861
"09:45",10.342,0.000,63.600,0.000,0.000,9.472
"10:00",17.510,0.000,63.600,0.000,0.000,9.472
"10:15",24.678,0.000,63.600,0.000,0.000,9.472
"10:30",28.774,0.000,63.600,0.000,0.000,10.291
"10:45",35.328,0.000,63.700,0.000,0.000,9.933
"11:00",40.909,0.000,63.700,0.000,0.000,10.035
"11:15",45.363,0.000,63.700,0.000,0.000,11.110
"11:30",50.278,0.000,63.700,0.000,0.000,10.803
"11:45",53.453,0.000,63.700,0.000,0.000,11.418
"12:00",57.242,0.000,63.700,0.000,0.000,11.418
"12:15",60.416,0.000,63.700,0.000,0.000,11.520
"12:30",62.208,0.000,63.700,0.000,0.000,12.134
"12:45",63.181,0.000,63.700,0.000,0.000,11.366
"13:00",66.458,0.000,63.700,0.000,0.000,11.725
"13:15",66.355,0.000,63.700,0.000,0.000,12.595
"13:30",68.506,0.000,63.700,0.000,0.000,11.981
"13:45",68.045,0.000,63.700,0.000,0.000,12.237
"14:00",67.482,0.000,63.700,0.000,0.000,12.186
"14:15",66.611,0.000,63.700,0.000,0.000,11.674
"14:30",62.464,0.000,63.700,0.000,0.000,12.134
"14:45",61.338,0.000,63.700,0.000,0.000,11.418
"15:00",58.778,0.000,63.700,0.000,0.000,11.520
"15:15",54.016,0.000,63.700,0.000,0.000,11.622
"15:30",50.842,0.000,63.700,0.000,0.000,11.162
"15:45",48.077,0.000,63.700,0.000,0.000,11.571
"16:00",43.674,0.000,63.700,0.000,0.000,11.008
"16:15",37.581,0.000,63.700,0.000,0.000,11.366
"16:30",32.410,0.000,63.700,0.000,0.000,10.598
"16:45",24.371,0.000,63.700,0.000,0.000,10.957
"17:00",18.432,0.000,63.700,0.000,0.000,9.933
"17:15",11.418,0.000,63.700,0.000,0.000,9.779
"17:30",3.226,0.461,63.700,0.000,2.458,7.629
"17:45",0.102,5.325,63.700,0.000,8.448,1.075
"18:00",0.000,13.875,63.700,0.000,9.984,0.000
"18:15",0.000,21.914,63.600,0.000,9.472,0.000
"18:30",0.000,32.205,63.600,0.000,9.728,0.000
"18:45",0.000,37.683,63.600,0.000,10.547,0.000
"19:00",0.000,37.274,63.700,0.000,9.574,0.000
"19:15",0.000,37.274,63.700,0.000,9.728,0.000
"19:30",0.000,37.581,63.700,0.000,9.933,0.000
"19:45",0.000,36.864,63.600,0.000,9.882,0.000
"20:00",0.000,37.734,63.600,0.000,10.496,0.000
"20:15",0.000,37.325,63.600,0.000,9.830,0.000
"20:30",0.000,36.454,63.600,0.000,9.882,0.000
"20:45",0.000,37.376,63.600,0.000,10.240,0.000
"21:00",0.000,36.506,63.600,0.000,9.626,0.000
"21:15",0.000,36.352,63.600,0.000,9.574,0.000
"21:30",0.000,37.478,63.600,0.000,10.189,0.000
"21:45",0.000,36.557,63.600,0.000,9.370,0.000
"22:00",0.000,36.403,63.600,0.000,9.318,0.000
"22:15",0.000,37.274,63.600,0.000,9.984,0.000
"22:30",0.000,36.352,63.600,0.000,9.114,0.000
"22:45",0.000,36.915,63.600,0.000,9.574,0.000
"23:00",0.000,37.120,63.600,0.000,9.472,0.000
"23:15",0.000,36.813,63.600,0.000,9.267,0.000
"23:30",0.000,37.069,63.600,0.000,9.421,0.000
"23:45",0.000,36.710,63.600,0.000,9.267,0.000
" 4/30/26 24:00",0.000,36.403,63.600,0.000,9.370,0.000
