"kwh"
"Time ","DAGSR01P","DAGSR01P","DAGSR01P","DAGSR01P","DAGSR01P","DAGSR01P"
" 9/22/26 00:15",0.000,36.762,60.500,0.000,2.970,0.000
" 9/22/26 00:30",0.000,36.454,60.400,0.000,2.867,0.000
"00:45",0.000,36.454,60.700,0.000,3.533,0.000
"01:00",0.000,36.454,61.000,0.000,3.994,0.000
"01:15",0.000,36.659,61.100,0.000,4.250,0.000
"01:30",0.000,36.608,61.000,0.000,3.994,0.000
"01:45",0.000,36.966,60.600,0.000,3.021,0.000
"02:00",0.000,31.078,60.500,2.867,2.458,0.000
"02:15",0.000,20.429,60.700,7.834,1.690,0.000
"02:30",0.000,13.875,61.000,10.496,1.178,0.000
"02:45",0.000,36.506,61.000,0.000,3.891,0.000
"03:00",0.000,36.608,61.000,0.000,4.147,0.000
"03:15",0.000,36.557,61.200,0.000,4.403,0.000
"03:30",0.000,36.557,61.200,0.000,4.557,0.000
"03:45",0.000,36.813,61.300,0.000,4.813,0.000
"04:00",0.000,36.608,61.500,0.000,5.018,0.000
"04:15",0.000,36.659,61.500,0.000,5.120,0.000
"04:30",0.000,36.710,61.500,0.000,5.171,0.000
"04:45",0.000,36.710,61.500,0.000,5.120,0.000
"05:00",0.000,36.813,61.400,0.000,5.274,0.000
"05:15",0.000,36.608,61.400,0.000,4.966,0.000
"05:30",0.000,36.966,61.300,0.000,4.762,0.000
"05:45",0.000,36.608,61.200,0.000,4.506,0.000
"06:00",0.000,36.864,61.100,0.000,4.301,0.000
"06:15",0.000,36.813,60.900,0.000,3.840,0.000
"06:30",0.000,37.427,61.300,0.000,4.762,0.000
"06:45",0.000,36.864,61.600,0.000,5.376,0.000
"07:00",0.000,36.864,61.400,0.000,4.762,0.000
"07:15",0.000,37.018,61.400,0.000,5.018,0.000
"07:30",0.000,36.250,61.100,0.000,4.454,0.000
"07:45",0.205,21.811,60.900,3.533,2.560,0.000
"08:00",4.403,0.051,60.900,1.024,0.000,0.000
"08:15",14.029,0.000,61.100,0.000,0.000,0.000
"08:30",22.630,0.000,61.100,0.000,0.000,0.000
"08:45",31.386,0.000,61.200,0.000,0.000,0.000
"09:00",37.837,0.102,60.900,0.256,0.000,0.051
"09:15",37.427,0.000,60.500,0.000,0.000,0.922
"09:30",57.293,0.000,61.100,0.000,0.000,0.000
"09:45",71.987,0.000,61.400,0.000,0.000,0.000
"10:00",63.795,0.000,61.100,0.000,0.000,0.000
"10:15",57.754,0.000,60.900,0.000,0.051,2.867
"10:30",74.035,0.358,60.700,0.256,0.000,0.000
"10:45",88.678,0.000,60.400,0.051,0.000,0.051
"11:00",88.371,0.000,60.200,0.000,0.000,0.870
"11:15",100.403,0.000,60.400,0.000,0.000,0.000
"11:30",103.014,0.000,60.200,0.000,0.000,0.000
"11:45",104.960,0.000,60.300,0.000,0.000,0.000
"12:00",105.984,0.000,60.400,0.000,0.000,0.000
"12:15",107.059,0.000,60.700,0.000,0.000,0.000
"12:30",107.315,0.000,60.900,0.000,0.000,0.000
"12:45",107.418,0.000,61.000,0.000,0.000,0.000
"13:00",102.349,0.000,61.000,0.000,0.000,0.000
"13:15",104.499,0.000,61.000,0.000,0.000,0.000
"13:30",104.192,0.000,61.000,0.000,0.000,0.000
"13:45",104.448,0.000,61.000,0.000,0.000,0.000
"14:00",103.936,0.000,60.700,0.000,0.000,0.000
"14:15",104.602,0.000,61.000,0.000,0.000,0.000
"14:30",104.141,0.000,60.800,0.000,0.000,0.000
"14:45",102.758,0.000,60.600,0.000,0.000,0.000
"15:00",85.555,0.000,60.500,0.000,0.000,3.789
"15:15",86.221,0.000,60.400,0.000,0.000,2.970
"15:30",84.275,0.000,60.300,0.000,0.000,1.997
"15:45",59.443,0.000,60.300,0.000,0.000,6.246
"16:00",50.278,0.102,60.600,0.051,0.000,7.322
"16:15",47.002,0.000,61.000,0.000,0.000,8.499
"16:30",19.968,0.000,60.800,0.000,0.000,19.712
"16:45",2.099,2.355,60.700,0.000,11.162,16.077
"17:00",0.102,5.683,60.900,0.000,22.118,2.662
"17:15",0.000,12.646,62.600,0.000,30.157,0.000
"17:30",0.000,46.285,62.600,0.000,45.414,0.000
"17:45",0.000,34.355,61.200,0.000,28.621,0.000
"18:00",0.000,41.882,61.900,0.000,30.464,0.000
"18:15",0.000,81.818,62.400,0.000,50.637,0.000
"18:30",0.000,90.931,63.000,0.000,53.862,0.000
"18:45",0.000,98.867,63.700,0.000,57.856,0.000
"19:00",0.000,103.578,63.700,0.000,57.498,0.000
"19:15",0.000,108.698,63.700,0.000,58.368,0.000
"19:30",0.000,107.981,63.700,0.000,57.549,0.000
"19:45",0.000,107.366,63.700,0.000,56.986,0.000
"20:00",0.000,107.827,63.600,0.000,56.934,0.000
"20:15",0.000,107.981,63.600,0.000,56.781,0.000
"20:30",0.000,108.698,63.700,0.000,56.371,0.000
"20:45",0.000,108.032,63.600,0.000,56.678,0.000
"21:00",0.000,108.851,63.600,0.000,57.139,0.000
"21:15",0.000,108.442,63.600,0.000,56.422,0.000
"21:30",0.000,108.390,63.600,0.000,56.525,0.000
"21:45",0.000,109.056,63.600,0.000,56.576,0.000
"22:00",0.000,105.882,63.700,0.000,54.989,0.000
"22:15",0.000,105.626,63.700,0.000,54.835,0.000
"22:30",0.000,105.728,63.700,0.000,54.323,0.000
"22:45",0.000,105.318,63.700,0.000,54.784,0.000
"23:00",0.000,105.523,63.600,0.000,54.733,0.000
"23:15",0.000,105.216,63.600,0.000,54.630,0.000
"23:30",0.000,104.806,63.600,0.000,54.682,0.000
"23:45",0.000,104.858,63.600,0.000,54.733,0.000
" 9/22/26 24:00",0.000,104.755,63.600,0.000,54.835,0.000
