"kwh"
"Time ","DAGSR01P","DAGSR01P","DAGSR01P","DAGSR01P","DAGSR01P","DAGSR01P"
" 8/10/26 00:15",0.000,4.659,63.700,8.038,0.000,0.000
" 8/10/26 00:30",0.000,3.891,63.800,8.704,0.000,0.000
"00:45",0.000,4.096,63.800,8.704,0.000,0.000
"01:00",0.000,4.147,63.800,8.397,0.000,0.000
"01:15",0.000,3.430,63.700,8.806,0.000,0.000
"01:30",0.000,4.198,63.800,8.550,0.000,0.000
"01:45",0.000,3.891,63.800,8.909,0.000,0.000
"02:00",0.000,3.482,63.800,9.011,0.000,0.000
"02:15",0.000,4.506,63.700,8.499,0.000,0.000
"02:30",0.000,3.533,63.800,9.062,0.000,0.000
"02:45",0.000,4.403,63.700,8.704,0.000,0.000
"03:00",0.000,3.789,63.700,9.216,0.000,0.000
"03:15",0.000,3.430,63.700,9.216,0.000,0.000
"03:30",0.000,4.557,63.700,8.550,0.000,0.000
"03:45",0.000,4.096,63.700,9.165,0.000,0.000
"04:00",0.000,4.403,63.700,9.114,0.000,0.000
"04:15",0.000,3.482,63.700,9.421,0.000,0.000
"04:30",0.000,3.840,63.700,9.062,0.000,0.000
"04:45",0.000,4.250,63.700,8.858,0.000,0.000
"05:00",0.000,3.226,63.700,9.882,0.000,0.000
"05:15",0.000,4.506,63.700,9.523,0.000,0.000
"05:30",0.000,4.147,63.700,8.909,0.000,0.000
"05:45",0.000,3.789,63.700,8.960,0.000,0.000
"06:00",0.000,4.301,63.700,8.448,0.000,0.000
"06:15",0.000,3.738,63.700,8.806,0.000,0.000
"06:30",0.000,3.635,63.800,9.011,0.000,0.000
"06:45",0.000,4.454,63.700,8.755,0.000,0.000
"07:00",0.000,3.942,63.700,8.909,0.000,0.000
"07:15",0.000,4.710,63.700,8.294,0.000,0.000
"07:30",0.000,3.942,63.700,8.806,0.000,0.000
"07:45",0.000,4.250,63.700,8.858,0.000,0.000
"08:00",0.000,6.093,63.700,8.192,0.000,0.000
"08:15",0.000,5.734,63.700,8.499,0.000,0.000
"08:30",0.000,4.454,63.700,7.987,0.000,0.000
"08:45",2.458,0.512,64.000,2.867,0.000,0.000
"09:00",14.797,0.000,64.300,0.000,0.000,0.000
"09:15",19.661,0.000,64.300,0.000,0.000,0.000
"09:30",8.192,0.000,64.200,0.000,0.000,0.000
"09:45",8.499,0.000,64.300,0.000,0.000,0.000
"10:00",10.803,0.000,64.200,0.000,0.000,0.000
"10:15",12.134,0.000,64.200,0.000,0.000,0.000
"10:30",12.288,0.000,64.200,0.000,0.000,0.000
"10:45",14.541,0.000,64.200,0.000,0.000,0.000
"11:00",17.869,0.000,64.200,0.000,0.000,0.000
"11:15",18.995,0.000,64.200,0.000,0.000,0.000
"11:30",21.914,0.000,64.200,0.000,0.000,0.000
"11:45",28.570,0.000,64.200,0.000,0.000,0.000
"12:00",31.744,0.000,64.300,0.000,0.000,0.000
"12:15",28.109,0.000,64.300,0.000,0.000,0.000
"12:30",32.870,0.000,64.300,0.000,0.000,0.000
"12:45",42.035,0.000,64.300,0.000,0.000,0.000
"13:00",51.507,0.000,64.300,0.000,0.000,0.000
"13:15",62.874,0.000,64.300,0.000,0.000,0.000
"13:30",68.710,0.000,64.300,0.000,0.000,0.051
"13:45",74.138,0.000,64.300,0.000,0.000,0.051
"14:00",72.755,0.000,64.300,0.000,0.000,0.000
"14:15",77.312,0.000,64.300,0.000,0.000,0.000
"14:30",91.034,0.000,64.300,0.000,0.000,0.000
"14:45",87.501,0.000,64.200,0.000,0.000,0.051
"15:00",101.274,0.000,64.200,0.000,0.000,0.102
"15:15",95.693,0.000,64.200,0.000,0.000,0.000
"15:30",93.952,0.000,64.200,0.000,0.000,0.051
"15:45",91.136,0.000,64.200,0.000,0.000,0.000
"16:00",85.760,0.000,64.200,0.000,0.000,0.051
"16:15",78.746,0.000,64.200,0.000,0.000,0.000
"16:30",74.803,0.000,64.200,0.000,0.000,0.000
"16:45",66.970,0.000,64.200,0.000,0.000,0.000
"17:00",60.006,0.000,64.300,0.000,0.000,0.000
"17:15",51.354,0.000,64.300,0.000,0.000,0.000
"17:30",43.930,0.000,64.300,0.000,0.000,0.000
"17:45",35.891,0.000,64.300,0.000,0.000,0.000
"18:00",26.266,0.000,64.300,0.000,0.000,0.000
"18:15",17.920,0.000,64.300,0.000,0.000,0.000
"18:30",7.424,0.307,64.200,0.512,0.000,0.000
"18:45",0.256,2.560,64.200,3.482,0.000,0.000
"19:00",0.000,3.789,64.200,5.376,0.000,0.000
"19:15",0.000,5.325,64.200,4.710,0.000,0.000
"19:30",0.000,4.198,64.200,5.222,0.000,0.000
"19:45",0.000,4.096,64.200,5.274,0.000,0.000
"20:00",0.000,5.171,64.200,4.864,0.000,0.000
"20:15",0.000,4.301,64.200,5.376,0.000,0.000
"20:30",0.000,5.683,64.200,4.966,0.000,0.000
"20:45",0.000,5.274,64.200,5.274,0.000,0.000
"21:00",0.000,4.608,64.200,5.376,0.000,0.000
"21:15",0.000,5.530,64.200,4.659,0.000,0.000
"21:30",0.000,4.557,64.200,5.325,0.000,0.000
"21:45",0.000,5.120,64.200,5.376,0.000,0.000
"22:00",0.000,5.990,64.200,5.069,0.000,0.000
"22:15",0.000,4.608,64.200,5.683,0.000,0.000
"22:30",0.000,5.530,64.200,4.915,0.000,0.000
"22:45",0.000,4.915,64.200,5.632,0.000,0.000
"23:00",0.000,4.403,64.200,5.837,0.000,0.000
"23:15",0.000,5.478,64.200,5.069,0.000,0.000
"23:30",0.000,5.069,64.200,5.427,0.000,0.000
"23:45",0.000,4.608,64.200,5.786,0.000,0.000
" 8/10/26 24:00",0.000,4.813,64.200,5.376,0.000,0.000
