"kwh"
"Time ","DAGSR01P","DAGSR01P","DAGSR01P","DAGSR01P","DAGSR01P","DAGSR01P"
" 1/09/26 00:15",0.000,36.813,63.400,0.000,11.110,0.000
" 1/09/26 00:30",0.000,37.120,63.500,0.000,12.032,0.000
"00:45",0.000,36.710,63.500,0.000,12.544,0.000
"01:00",0.000,36.403,63.100,0.000,10.342,0.000
"01:15",0.000,36.352,63.100,0.000,10.394,0.000
"01:30",0.000,36.454,63.200,0.000,10.957,0.000
"01:45",0.000,36.608,63.300,0.000,11.622,0.000
"02:00",0.000,36.864,63.400,0.000,11.930,0.000
"02:15",0.000,36.608,63.400,0.000,11.827,0.000
"02:30",0.000,36.557,63.200,0.000,11.162,0.000
"02:45",0.000,36.506,63.200,0.000,10.906,0.000
"03:00",0.000,36.608,63.300,0.000,11.213,0.000
"03:15",0.000,36.557,63.300,0.000,11.264,0.000
"03:30",0.000,36.506,63.300,0.000,11.059,0.000
"03:45",0.000,36.659,63.300,0.000,11.418,0.000
"04:00",0.000,36.864,63.400,0.000,11.469,0.000
"04:15",0.000,36.864,63.400,0.000,11.469,0.000
"04:30",0.000,36.762,63.400,0.000,11.674,0.000
"04:45",0.000,39.014,63.500,0.000,13.414,0.000
"05:00",0.000,39.680,63.500,0.000,13.670,0.000
"05:15",0.000,39.629,63.400,0.000,13.261,0.000
"05:30",0.000,39.680,63.400,0.000,13.210,0.000
"05:45",0.000,39.834,63.400,0.000,13.619,0.000
"06:00",0.000,39.885,63.500,0.000,13.670,0.000
"06:15",0.000,39.834,63.400,0.000,13.363,0.000
"06:30",0.000,39.731,63.400,0.000,12.954,0.000
"06:45",0.000,39.629,63.300,0.000,12.339,0.000
"07:00",0.000,38.861,63.400,0.000,12.646,0.000
"07:15",0.000,56.371,63.200,0.000,23.808,0.000
"07:30",0.000,69.632,63.100,0.000,33.075,0.000
"07:45",0.000,70.093,63.400,0.000,35.072,0.000
"08:00",0.000,67.123,63.900,0.000,38.758,0.000
"08:15",0.000,63.283,63.700,0.000,36.813,0.000
"08:30",0.000,63.539,63.800,0.000,37.274,0.000
"08:45",0.000,61.030,64.300,0.000,41.574,0.000
"09:00",0.000,62.259,64.500,0.000,41.165,0.000
"09:15",0.000,52.992,63.800,0.000,35.840,0.000
"09:30",0.000,49.152,63.600,0.000,34.816,0.000
"09:45",0.000,45.517,63.600,0.000,35.277,0.000
"10:00",0.000,41.830,64.100,0.000,39.066,0.000
"10:15",1.741,29.901,64.800,0.000,39.782,5.427
"10:30",12.186,16.026,65.300,0.000,28.723,22.016
"10:45",0.000,54.886,66.000,0.000,56.218,0.000
"11:00",0.000,57.907,64.700,0.000,44.237,0.000
"11:15",9.626,24.269,65.200,0.000,32.205,18.381
"11:30",3.021,44.800,65.900,0.000,50.534,5.376
"11:45",0.000,56.166,64.900,0.000,45.466,0.000
"12:00",0.000,41.933,64.600,0.000,43.110,0.000
"12:15",5.274,20.019,66.500,0.000,44.493,14.131
"12:30",62.618,0.000,67.100,0.000,0.000,50.227
"12:45",64.102,0.000,63.600,0.000,0.000,0.000
"13:00",7.322,0.000,63.600,0.102,0.000,0.000
"13:15",42.394,0.000,63.600,0.000,0.000,0.000
"13:30",15.309,0.000,63.600,0.000,0.000,0.000
"13:45",35.891,0.000,63.700,0.000,0.000,0.000
"14:00",64.461,0.000,63.600,0.000,0.000,0.000
"14:15",0.000,0.000,0.000,0.000,0.000,0.000
"14:30",0.000,0.000,0.000,0.000,0.000,0.000
"14:45",0.000,0.000,0.000,0.000,0.000,0.000
"15:00",0.000,0.000,0.000,0.000,0.000,0.000
"15:15",0.000,0.000,0.000,0.000,0.000,0.000
"15:30",0.000,0.000,0.000,0.000,0.000,0.000
"15:45",0.000,0.000,0.000,0.000,0.000,0.000
"16:00",0.000,25.395,65.800,0.000,27.341,0.000
"16:15",5.530,1.690,66.500,0.000,8.090,31.898
"16:30",4.250,0.563,65.800,0.000,9.011,24.218
"16:45",3.840,1.894,65.000,0.000,9.318,15.770
"17:00",3.379,1.894,65.600,0.000,14.848,15.718
"17:15",0.717,14.387,64.700,0.000,21.914,4.915
"17:30",0.000,44.954,64.400,0.000,30.720,0.000
"17:45",0.461,30.208,64.600,0.000,29.798,3.174
"18:00",0.000,48.486,65.600,0.000,42.342,0.000
"18:15",0.000,55.142,64.400,0.000,33.024,0.000
"18:30",0.000,57.446,64.000,0.000,29.798,0.000
"18:45",0.000,57.754,64.000,0.000,29.645,0.000
"19:00",0.000,57.856,64.000,0.000,29.082,0.000
"19:15",0.000,59.546,63.600,0.000,26.368,0.000
"19:30",0.000,64.102,63.400,0.000,25.037,0.000
"19:45",0.000,67.174,63.400,0.000,24.627,0.000
"20:00",0.000,68.659,63.200,0.000,23.347,0.000
"20:15",0.000,69.837,63.000,0.000,22.579,0.000
"20:30",0.000,71.168,62.700,0.000,20.634,0.000
"20:45",0.000,72.038,62.500,0.000,19.507,0.000
"21:00",0.000,72.448,62.700,0.000,19.968,0.000
"21:15",0.000,72.550,62.700,0.000,19.354,0.000
"21:30",0.000,72.858,62.600,0.000,18.944,0.000
"21:45",0.000,72.448,62.700,0.000,19.507,0.000
"22:00",0.000,70.451,62.800,0.000,19.149,0.000
"22:15",0.000,69.171,62.600,0.000,17.664,0.000
"22:30",0.000,69.427,62.700,0.000,17.971,0.000
"22:45",0.000,69.376,62.800,0.000,18.586,0.000
"23:00",0.000,69.274,62.900,0.000,19.302,0.000
"23:15",0.000,69.325,63.000,0.000,19.763,0.000
"23:30",0.000,69.018,63.000,0.000,19.610,0.000
"23:45",0.000,69.171,63.100,0.000,20.070,0.000
" 1/09/26 24:00",0.000,69.222,62.900,0.000,19.200,0.000
