"kwh"
"Time ","DAGSR01P","DAGSR01P","DAGSR01P","DAGSR01P","DAGSR01P","DAGSR01P"
" 6/15/26 00:15",0.000,4.301,63.700,7.475,0.000,0.000
" 6/15/26 00:30",0.000,4.352,63.700,7.578,0.000,0.000
"00:45",0.000,4.506,63.700,7.680,0.000,0.000
"01:00",0.000,3.994,63.700,7.782,0.000,0.000
"01:15",0.000,4.608,63.600,7.424,0.000,0.000
"01:30",0.000,4.659,63.700,7.322,0.000,0.000
"01:45",0.000,3.891,63.700,7.987,0.000,0.000
"02:00",0.000,3.891,63.700,8.243,0.000,0.000
"02:15",0.000,4.045,63.700,8.090,0.000,0.000
"02:30",0.000,4.352,63.700,8.090,0.000,0.000
"02:45",0.000,4.864,63.700,7.629,0.000,0.000
"03:00",0.000,3.840,63.700,8.192,0.000,0.000
"03:15",0.000,3.635,63.700,8.090,0.000,0.000
"03:30",0.000,3.840,63.700,8.090,0.000,0.000
"03:45",0.000,4.096,63.700,7.987,0.000,0.000
"04:00",0.000,4.198,63.700,8.038,0.000,0.000
"04:15",0.000,4.557,63.700,7.629,0.000,0.000
"04:30",0.000,3.738,63.700,8.141,0.000,0.000
"04:45",0.000,3.686,63.700,8.090,0.000,0.000
"05:00",0.000,3.584,63.700,8.346,0.000,0.000
"05:15",0.000,3.942,63.700,8.038,0.000,0.000
"05:30",0.000,5.274,63.700,7.270,0.000,0.000
"05:45",0.000,3.891,63.700,7.885,0.000,0.000
"06:00",0.000,3.891,63.700,7.782,0.000,0.000
"06:15",0.000,3.738,63.700,7.680,0.000,0.000
"06:30",0.000,3.686,63.700,7.731,0.000,0.000
"06:45",0.000,4.403,63.700,7.578,0.000,0.000
"07:00",0.000,4.454,63.700,7.424,0.000,0.000
"07:15",0.000,3.840,63.700,7.322,0.000,0.000
"07:30",0.000,4.045,63.700,7.782,0.000,0.000
"07:45",0.000,3.789,63.700,7.578,0.000,0.000
"08:00",0.000,4.045,63.700,7.834,0.000,0.000
"08:15",0.000,5.325,63.700,7.014,0.000,0.000
"08:30",0.000,4.813,63.700,7.680,0.000,0.000
"08:45",0.000,4.506,63.700,7.680,0.000,0.000
"09:00",0.000,4.250,63.700,7.322,0.000,0.000
"09:15",0.000,3.430,63.700,6.861,0.000,0.000
"09:30",0.000,3.430,63.700,5.837,0.000,0.000
"09:45",0.922,1.434,63.700,4.813,0.000,0.000
"10:00",1.434,0.768,63.700,3.123,0.000,0.000
"10:15",1.536,0.614,63.700,3.072,0.000,0.000
"10:30",3.328,0.205,63.700,1.946,0.000,0.000
"10:45",4.608,0.000,63.700,0.000,0.000,0.000
"11:00",4.096,0.051,63.700,0.614,0.000,0.000
"11:15",8.346,0.000,63.700,0.000,0.000,0.000
"11:30",7.680,0.000,63.700,0.000,0.000,0.000
"11:45",8.602,0.000,63.700,0.000,0.000,0.000
"12:00",7.834,0.000,63.700,0.000,0.000,0.000
"12:15",7.731,0.000,63.700,0.000,0.000,0.000
"12:30",9.830,0.000,63.700,0.000,0.000,0.000
"12:45",8.806,0.000,63.800,0.000,0.000,0.000
"13:00",9.626,0.000,63.700,0.000,0.000,0.000
"13:15",8.602,0.000,63.800,0.000,0.000,0.000
"13:30",8.243,0.000,63.800,0.000,0.000,0.000
"13:45",9.114,0.000,63.800,0.000,0.000,0.000
"14:00",7.987,0.000,63.800,0.000,0.000,0.000
"14:15",6.502,0.000,63.800,0.000,0.000,0.000
"14:30",5.888,0.000,63.800,0.000,0.000,0.000
"14:45",6.400,0.000,63.800,0.000,0.000,0.000
"15:00",6.451,0.000,63.800,0.000,0.000,0.000
"15:15",3.482,0.000,63.800,0.819,0.000,0.000
"15:30",3.072,0.051,63.800,1.280,0.000,0.000
"15:45",5.478,0.000,63.800,0.000,0.000,0.000
"16:00",5.888,0.000,63.700,0.000,0.000,0.000
"16:15",6.707,0.000,63.700,0.000,0.000,0.000
"16:30",4.710,0.000,63.700,0.000,0.000,0.000
"16:45",3.123,0.000,63.700,0.717,0.000,0.000
"17:00",3.994,0.051,63.700,0.563,0.000,0.000
"17:15",5.120,0.000,63.700,0.563,0.000,0.000
"17:30",4.506,0.000,63.700,0.154,0.000,0.000
"17:45",1.843,0.563,63.700,3.174,0.000,0.000
"18:00",0.307,2.202,63.700,4.454,0.000,0.000
"18:15",0.154,3.533,63.700,5.581,0.000,0.000
"18:30",0.000,4.454,63.700,7.475,0.000,0.000
"18:45",0.000,4.557,63.800,7.475,0.000,0.000
"19:00",0.000,4.710,63.800,7.219,0.000,0.000
"19:15",0.000,4.506,63.800,7.373,0.000,0.000
"19:30",0.000,5.939,63.700,6.758,0.000,0.000
"19:45",0.000,5.069,63.700,7.987,0.000,0.000
"20:00",0.000,4.966,63.700,8.294,0.000,0.000
"20:15",0.000,5.274,63.700,7.731,0.000,0.000
"20:30",0.000,5.581,63.700,7.578,0.000,0.000
"20:45",0.000,6.093,63.700,7.629,0.000,0.000
"21:00",0.000,7.782,63.700,6.861,0.000,0.000
"21:15",0.000,6.093,63.700,7.424,0.000,0.000
"21:30",0.000,5.734,63.700,7.578,0.000,0.000
"21:45",0.000,5.837,63.700,7.731,0.000,0.000
"22:00",0.000,6.042,63.700,7.731,0.000,0.000
"22:15",0.000,6.246,63.700,7.680,0.000,0.000
"22:30",0.000,6.758,63.700,7.270,0.000,0.000
"22:45",0.000,5.939,63.700,7.987,0.000,0.000
"23:00",0.000,5.683,63.700,7.782,0.000,0.000
"23:15",0.000,6.093,63.600,7.782,0.000,0.000
"23:30",0.000,6.656,63.600,7.731,0.000,0.000
"23:45",0.000,7.936,63.700,7.117,0.000,0.000
" 6/15/26 24:00",0.000,6.246,63.700,7.885,0.000,0.000
