"kwh"
"Time ","DAGSR01P","DAGSR01P","DAGSR01P","DAGSR01P","DAGSR01P","DAGSR01P"
" 2/08/26 00:15",0.000,3.994,63.600,9.267,0.000,0.000
" 2/08/26 00:30",0.000,4.045,63.600,9.523,0.000,0.000
"00:45",0.000,4.096,63.600,9.779,0.000,0.000
"01:00",0.000,4.352,63.600,9.728,0.000,0.000
"01:15",0.000,4.454,63.600,9.626,0.000,0.000
"01:30",0.000,4.403,63.600,9.370,0.000,0.000
"01:45",0.000,4.710,63.600,9.574,0.000,0.000
"02:00",0.000,4.608,63.600,9.574,0.000,0.000
"02:15",0.000,4.915,63.600,9.472,0.000,0.000
"02:30",0.000,4.403,63.600,9.626,0.000,0.000
"02:45",0.000,4.250,63.600,9.882,0.000,0.000
"03:00",0.000,4.147,63.600,10.240,0.000,0.000
"03:15",0.000,4.301,63.600,10.138,0.000,0.000
"03:30",0.000,4.198,63.600,10.138,0.000,0.000
"03:45",0.000,4.301,63.600,9.677,0.000,0.000
"04:00",0.000,4.352,63.600,9.830,0.000,0.000
"04:15",0.000,4.915,63.600,9.574,0.000,0.000
"04:30",0.000,4.608,63.600,9.728,0.000,0.000
"04:45",0.000,4.403,63.600,9.677,0.000,0.000
"05:00",0.000,4.454,63.600,9.779,0.000,0.000
"05:15",0.000,4.352,63.600,9.574,0.000,0.000
"05:30",0.000,4.403,63.600,9.779,0.000,0.000
"05:45",0.000,4.250,63.600,9.933,0.000,0.000
"06:00",0.000,4.147,63.600,9.984,0.000,0.000
"06:15",0.000,4.352,63.600,10.240,0.000,0.000
"06:30",0.000,4.250,63.600,10.803,0.000,0.000
"06:45",0.000,4.403,63.600,10.598,0.000,0.000
"07:00",0.000,3.994,63.600,10.701,0.000,0.000
"07:15",0.000,3.584,63.600,10.291,0.000,0.000
"07:30",0.256,3.021,63.600,7.885,0.000,0.000
"07:45",1.229,1.075,63.600,5.581,0.000,0.000
"08:00",4.096,0.000,63.600,0.563,0.000,0.000
"08:15",4.762,0.000,63.600,0.000,0.000,0.000
"08:30",10.035,0.000,63.600,0.000,0.000,0.000
"08:45",8.192,5.478,63.600,0.000,4.198,0.000
"09:00",0.563,13.158,63.600,0.000,11.674,1.638
"09:15",2.970,9.062,63.600,0.000,9.779,3.738
"09:30",3.123,8.704,63.700,0.000,10.906,3.021
"09:45",0.870,6.502,63.700,0.000,10.598,3.123
"10:00",0.000,12.544,63.600,0.000,13.517,0.000
"10:15",0.000,13.107,63.600,0.000,13.722,0.000
"10:30",0.102,4.915,63.700,0.000,12.083,1.946
"10:45",0.154,7.014,63.700,0.000,12.288,1.434
"11:00",0.000,11.366,63.600,0.000,13.722,0.000
"11:15",2.202,3.738,63.700,0.000,7.526,6.605
"11:30",6.810,0.000,63.700,0.000,0.051,14.694
"11:45",16.435,0.000,63.700,0.000,0.000,15.206
"12:00",45.619,0.000,63.700,0.000,0.000,16.486
"12:15",23.706,0.154,63.700,0.000,0.768,14.387
"12:30",47.258,0.000,63.700,0.000,0.000,16.333
"12:45",42.701,0.000,63.700,0.000,0.000,16.384
"13:00",41.830,0.000,63.700,0.000,0.205,15.770
"13:15",26.419,0.102,63.700,0.000,0.307,15.002
"13:30",39.424,0.000,63.700,0.000,0.000,16.230
"13:45",52.326,0.154,63.700,0.000,0.614,16.230
"14:00",50.995,1.536,63.700,0.000,1.894,14.746
"14:15",56.832,0.000,63.700,0.000,0.000,16.794
"14:30",49.613,0.000,63.700,0.000,0.000,16.282
"14:45",58.214,0.154,63.700,0.000,0.410,16.589
"15:00",58.880,0.000,63.700,0.000,0.000,16.691
"15:15",56.064,0.154,63.700,0.000,0.307,16.384
"15:30",37.427,0.307,63.700,0.000,1.280,14.541
"15:45",15.462,0.819,63.700,0.000,3.942,11.008
"16:00",25.805,3.123,63.700,0.000,5.581,9.830
"16:15",36.250,2.970,63.700,0.000,3.789,12.186
"16:30",18.074,10.138,63.700,0.000,7.936,6.656
"16:45",36.506,1.690,63.700,0.000,2.406,13.363
"17:00",13.824,12.134,63.700,0.000,8.448,5.888
"17:15",12.083,10.291,63.700,0.000,8.243,6.195
"17:30",11.674,10.342,63.700,0.000,6.605,8.038
"17:45",3.482,15.923,63.700,0.000,10.035,3.942
"18:00",6.554,8.858,63.700,0.000,7.475,6.912
"18:15",3.584,12.442,63.700,0.000,6.912,7.219
"18:30",0.256,12.749,63.700,0.000,11.930,1.792
"18:45",0.000,27.443,63.700,0.000,13.619,0.000
"19:00",0.000,31.334,63.700,0.000,13.670,0.000
"19:15",0.000,30.259,63.600,0.000,13.773,0.000
"19:30",0.000,32.666,63.600,0.000,13.773,0.000
"19:45",0.000,36.659,63.600,0.000,13.824,0.000
"20:00",0.000,38.451,63.600,0.000,14.029,0.000
"20:15",0.000,39.475,63.600,0.000,14.080,0.000
"20:30",0.000,40.448,63.600,0.000,13.619,0.000
"20:45",0.000,40.909,63.600,0.000,13.414,0.000
"21:00",0.000,40.141,63.600,0.000,13.619,0.000
"21:15",0.000,40.243,63.600,0.000,13.926,0.000
"21:30",0.000,40.499,63.600,0.000,13.875,0.000
"21:45",0.000,40.397,63.600,0.000,13.824,0.000
"22:00",0.000,40.806,63.600,0.000,13.824,0.000
"22:15",0.000,40.858,63.600,0.000,13.926,0.000
"22:30",0.000,40.141,63.600,0.000,13.773,0.000
"22:45",0.000,40.294,63.600,0.000,13.773,0.000
"23:00",0.000,40.090,63.600,0.000,13.619,0.000
"23:15",0.000,40.038,63.600,0.000,13.312,0.000
"23:30",0.000,40.448,63.600,0.000,13.363,0.000
"23:45",0.000,40.499,63.600,0.000,13.670,0.000
" 2/08/26 24:00",0.000,40.141,63.600,0.000,13.466,0.000
