"kwh"
"Time ","DAGSR01P","DAGSR01P","DAGSR01P","DAGSR01P","DAGSR01P","DAGSR01P"
" 6/14/26 00:15",0.000,6.144,63.700,5.632,0.000,0.000
" 6/14/26 00:30",0.000,5.837,63.700,5.632,0.000,0.000
"00:45",0.000,6.400,63.700,5.530,0.000,0.000
"01:00",0.000,6.144,63.700,5.222,0.000,0.000
"01:15",0.000,5.325,63.700,5.581,0.000,0.000
"01:30",0.000,5.120,63.700,6.093,0.000,0.000
"01:45",0.000,4.966,63.700,6.451,0.000,0.000
"02:00",0.000,4.813,63.700,6.656,0.000,0.000
"02:15",0.000,5.018,63.700,6.451,0.000,0.000
"02:30",0.000,6.246,63.700,5.990,0.000,0.000
"02:45",0.000,4.864,63.700,6.502,0.000,0.000
"03:00",0.000,5.325,63.700,5.888,0.000,0.000
"03:15",0.000,5.786,63.700,6.042,0.000,0.000
"03:30",0.000,5.888,63.700,6.144,0.000,0.000
"03:45",0.000,5.683,63.700,5.888,0.000,0.000
"04:00",0.000,5.478,63.700,6.605,0.000,0.000
"04:15",0.000,5.837,63.700,6.042,0.000,0.000
"04:30",0.000,4.659,63.700,7.014,0.000,0.000
"04:45",0.000,4.915,63.700,7.168,0.000,0.000
"05:00",0.000,5.120,63.700,6.912,0.000,0.000
"05:15",0.000,6.349,63.700,6.554,0.000,0.000
"05:30",0.000,5.530,63.700,6.144,0.000,0.000
"05:45",0.000,5.990,63.700,6.298,0.000,0.000
"06:00",0.000,6.451,63.700,6.093,0.000,0.000
"06:15",0.000,5.427,63.700,6.349,0.000,0.000
"06:30",0.000,5.120,63.700,6.861,0.000,0.000
"06:45",0.000,5.478,63.700,6.861,0.000,0.000
"07:00",0.000,4.915,63.700,6.758,0.000,0.000
"07:15",0.000,4.915,63.700,6.861,0.000,0.000
"07:30",0.000,6.042,63.700,6.298,0.000,0.000
"07:45",0.000,5.837,63.700,6.298,0.000,0.000
"08:00",0.000,6.707,63.700,6.451,0.000,0.000
"08:15",0.000,6.656,63.700,6.707,0.000,0.000
"08:30",0.000,5.376,63.800,7.424,0.000,0.000
"08:45",0.000,3.840,63.800,6.656,0.000,0.000
"09:00",2.048,0.768,63.800,2.355,0.000,0.000
"09:15",5.530,0.000,63.800,0.154,0.000,0.000
"09:30",20.634,0.000,63.800,0.000,0.000,0.000
"09:45",31.693,0.000,63.700,0.000,0.000,0.000
"10:00",27.802,0.000,63.700,0.000,0.000,0.000
"10:15",41.779,0.000,63.800,0.000,0.000,0.000
"10:30",52.326,0.000,63.800,0.000,0.000,0.000
"10:45",57.344,0.000,63.800,0.000,0.000,0.000
"11:00",55.654,0.000,63.800,0.000,0.000,0.000
"11:15",63.642,0.000,63.800,0.000,0.000,0.000
"11:30",53.965,0.000,63.800,0.000,0.000,0.000
"11:45",53.402,0.000,63.800,0.000,0.000,0.000
"12:00",44.544,0.000,63.800,0.000,0.000,0.000
"12:15",55.245,0.000,63.800,0.000,0.000,0.000
"12:30",42.189,0.000,63.800,0.000,0.000,0.000
"12:45",58.778,0.000,63.800,0.000,0.000,0.000
"13:00",85.914,0.000,63.800,0.000,0.000,0.000
"13:15",100.659,0.000,63.800,0.000,0.000,0.000
"13:30",71.987,0.000,63.800,0.000,0.000,0.000
"13:45",77.619,0.000,63.800,0.000,0.000,0.000
"14:00",92.416,0.000,63.800,0.000,0.000,0.000
"14:15",87.808,0.000,63.800,0.000,0.000,0.000
"14:30",86.682,0.000,63.800,0.000,0.000,0.000
"14:45",79.616,0.000,63.800,0.000,0.000,0.000
"15:00",83.661,0.000,63.800,0.000,0.000,0.000
"15:15",86.938,0.000,63.800,0.000,0.000,0.051
"15:30",83.200,0.000,63.800,0.000,0.000,0.000
"15:45",82.586,0.000,63.800,0.000,0.000,0.000
"16:00",52.429,0.000,63.800,0.000,0.000,0.000
"16:15",33.843,0.000,63.800,0.000,0.000,0.000
"16:30",27.853,0.000,63.800,0.000,0.000,0.000
"16:45",25.600,0.000,63.700,0.000,0.000,0.000
"17:00",26.010,0.000,63.800,0.000,0.000,0.000
"17:15",21.658,0.000,63.800,0.000,0.000,0.000
"17:30",20.224,0.000,63.800,0.000,0.000,0.000
"17:45",8.448,0.154,63.700,0.819,0.000,0.000
"18:00",0.666,1.382,63.800,4.147,0.000,0.000
"18:15",0.102,3.635,63.700,5.530,0.000,0.000
"18:30",0.000,4.710,63.700,6.758,0.000,0.000
"18:45",0.000,3.942,63.800,6.861,0.000,0.000
"19:00",0.000,3.994,63.700,6.912,0.000,0.000
"19:15",0.000,4.608,63.700,6.758,0.000,0.000
"19:30",0.000,4.762,63.700,6.963,0.000,0.000
"19:45",0.000,4.659,63.700,6.605,0.000,0.000
"20:00",0.000,4.762,63.700,6.758,0.000,0.000
"20:15",0.000,3.994,63.700,7.066,0.000,0.000
"20:30",0.000,4.454,63.700,7.014,0.000,0.000
"20:45",0.000,4.301,63.700,7.014,0.000,0.000
"21:00",0.000,4.710,63.700,6.861,0.000,0.000
"21:15",0.000,5.222,63.700,6.246,0.000,0.000
"21:30",0.000,4.301,63.700,6.963,0.000,0.000
"21:45",0.000,4.608,63.700,6.912,0.000,0.000
"22:00",0.000,4.659,63.700,7.066,0.000,0.000
"22:15",0.000,4.915,63.700,6.963,0.000,0.000
"22:30",0.000,4.762,63.700,7.014,0.000,0.000
"22:45",0.000,5.171,63.700,7.066,0.000,0.000
"23:00",0.000,4.403,63.700,7.219,0.000,0.000
"23:15",0.000,4.454,63.700,7.219,0.000,0.000
"23:30",0.000,4.966,63.700,7.117,0.000,0.000
"23:45",0.000,4.813,63.700,7.168,0.000,0.000
" 6/14/26 24:00",0.000,5.427,63.700,6.810,0.000,0.000
