"kwh"
"Time ","DAGSR01P","DAGSR01P","DAGSR01P","DAGSR01P","DAGSR01P","DAGSR01P"
" 7/28/26 00:15",0.000,4.864,63.700,7.578,0.000,0.000
" 7/28/26 00:30",0.000,3.942,63.700,7.526,0.000,0.000
"00:45",0.000,4.301,63.700,7.373,0.000,0.000
"01:00",0.000,3.994,63.700,7.629,0.000,0.000
"01:15",0.000,3.635,63.700,8.038,0.000,0.000
"01:30",0.000,4.352,63.700,7.987,0.000,0.000
"01:45",0.000,3.789,63.700,7.629,0.000,0.000
"02:00",0.000,3.533,63.700,7.731,0.000,0.000
"02:15",0.000,3.994,63.700,7.885,0.000,0.000
"02:30",0.000,3.277,63.700,8.653,0.000,0.000
"02:45",0.000,3.533,63.700,8.243,0.000,0.000
"03:00",0.000,4.454,63.700,7.578,0.000,0.000
"03:15",0.000,3.635,63.700,8.346,0.000,0.000
"03:30",0.000,3.226,63.700,8.397,0.000,0.000
"03:45",0.000,4.301,63.700,7.731,0.000,0.000
"04:00",0.000,3.584,63.700,8.397,0.000,0.000
"04:15",0.000,3.277,63.700,8.397,0.000,0.000
"04:30",0.000,4.454,63.700,7.936,0.000,0.000
"04:45",0.000,3.635,63.700,8.550,0.000,0.000
"05:00",0.000,3.379,63.700,8.397,0.000,0.000
"05:15",0.000,4.096,63.700,8.294,0.000,0.000
"05:30",0.000,3.379,63.700,8.499,0.000,0.000
"05:45",0.000,3.533,63.700,8.448,0.000,0.000
"06:00",0.000,4.198,63.700,7.834,0.000,0.000
"06:15",0.000,3.840,63.700,8.346,0.000,0.000
"06:30",0.000,3.430,63.700,7.987,0.000,0.000
"06:45",0.000,4.147,63.700,7.578,0.000,0.000
"07:00",0.000,3.482,63.700,8.192,0.000,0.000
"07:15",0.000,4.352,63.700,7.987,0.000,0.000
"07:30",0.000,4.454,63.700,8.960,0.000,0.000
"07:45",0.000,3.738,63.700,9.011,0.000,0.000
"08:00",0.000,3.635,63.700,8.755,0.000,0.000
"08:15",0.000,4.506,63.700,7.834,0.000,0.000
"08:30",0.000,4.198,63.700,8.090,0.000,0.000
"08:45",0.000,3.942,63.700,7.834,0.000,0.000
"09:00",0.000,4.096,63.700,7.117,0.000,0.000
"09:15",0.000,13.722,63.700,4.710,4.045,0.000
"09:30",0.000,34.406,63.700,0.000,11.622,0.000
"09:45",0.000,34.970,63.700,0.000,11.674,0.000
"10:00",2.150,20.582,63.700,0.000,9.062,3.328
"10:15",15.411,0.000,63.700,0.000,0.000,12.083
"10:30",23.859,0.000,63.700,0.000,0.000,12.851
"10:45",27.546,0.410,63.800,0.000,0.461,12.698
"11:00",35.840,0.000,63.800,0.000,0.000,13.107
"11:15",40.909,0.000,63.800,0.000,0.000,13.824
"11:30",45.875,0.000,63.700,0.000,0.000,13.670
"11:45",49.152,0.000,63.700,0.000,0.000,13.619
"12:00",51.405,0.000,63.700,0.000,0.000,14.336
"12:15",55.962,0.000,63.700,0.000,0.000,14.080
"12:30",58.522,0.000,63.700,0.000,0.000,14.182
"12:45",60.672,0.000,63.700,0.000,0.000,14.899
"13:00",63.539,0.000,63.700,0.000,0.000,14.541
"13:15",65.229,0.000,63.700,0.000,0.000,14.848
"13:30",66.918,0.000,63.700,0.000,0.000,15.411
"13:45",24.166,0.000,63.700,0.000,0.000,12.954
"14:00",48.435,0.000,63.700,0.000,0.000,12.800
"14:15",59.136,0.000,63.700,0.000,0.000,0.000
"14:30",75.110,0.000,63.700,0.000,0.000,0.000
"14:45",57.958,0.000,63.700,0.000,0.000,0.000
"15:00",46.131,0.000,63.700,0.000,0.000,0.000
"15:15",65.741,0.000,63.700,0.000,0.000,0.000
"15:30",62.157,0.000,63.700,0.000,0.000,0.000
"15:45",70.042,0.000,63.700,0.000,0.000,0.000
"16:00",52.122,0.000,63.700,0.000,0.000,0.000
"16:15",56.269,0.000,63.700,0.000,0.000,0.000
"16:30",38.810,0.000,63.800,0.000,0.000,0.000
"16:45",51.302,0.000,63.700,0.000,0.000,0.000
"17:00",51.917,0.000,63.700,0.000,0.000,0.000
"17:15",40.960,0.000,63.700,0.000,0.000,0.000
"17:30",38.451,0.000,63.800,0.000,0.000,0.000
"17:45",30.771,0.000,63.700,0.000,0.000,0.000
"18:00",22.170,0.000,63.700,0.000,0.000,0.000
"18:15",10.650,0.051,63.700,0.614,0.000,0.000
"18:30",0.307,2.304,63.700,4.864,0.000,0.000
"18:45",0.000,4.198,63.700,6.707,0.000,0.000
"19:00",0.000,4.096,63.700,7.168,0.000,0.000
"19:15",0.000,5.581,63.700,6.912,0.000,0.000
"19:30",0.000,4.659,63.700,7.117,0.000,0.000
"19:45",0.000,4.608,63.700,7.117,0.000,0.000
"20:00",0.000,5.171,63.700,7.168,0.000,0.000
"20:15",0.000,5.018,63.700,7.373,0.000,0.000
"20:30",0.000,5.171,63.700,6.912,0.000,0.000
"20:45",0.000,4.710,63.700,7.424,0.000,0.000
"21:00",0.000,4.557,63.700,7.475,0.000,0.000
"21:15",0.000,5.069,63.700,6.912,0.000,0.000
"21:30",0.000,4.608,63.700,7.373,0.000,0.000
"21:45",0.000,4.608,63.700,7.219,0.000,0.000
"22:00",0.000,4.506,63.700,7.424,0.000,0.000
"22:15",0.000,4.966,63.700,7.782,0.000,0.000
"22:30",0.000,5.632,63.700,7.270,0.000,0.000
"22:45",0.000,4.864,63.700,7.578,0.000,0.000
"23:00",0.000,4.813,63.700,7.834,0.000,0.000
"23:15",0.000,5.734,63.700,7.219,0.000,0.000
"23:30",0.000,5.018,63.700,7.322,0.000,0.000
"23:45",0.000,5.376,63.700,7.168,0.000,0.000
" 7/28/26 24:00",0.000,5.632,63.600,6.707,0.000,0.000
