"kwh"
"Time ","DAGSR01P","DAGSR01P","DAGSR01P","DAGSR01P","DAGSR01P","DAGSR01P"
" 6/03/26 00:15",0.000,6.605,63.700,4.762,0.000,0.000
" 6/03/26 00:30",0.000,5.120,63.700,6.042,0.000,0.000
"00:45",0.000,4.659,63.700,5.990,0.000,0.000
"01:00",0.000,5.018,63.700,6.144,0.000,0.000
"01:15",0.000,5.478,63.700,5.222,0.000,0.000
"01:30",0.000,4.710,63.700,5.478,0.000,0.000
"01:45",0.000,4.915,63.700,5.478,0.000,0.000
"02:00",0.000,6.246,63.700,5.120,0.000,0.000
"02:15",0.000,4.608,63.700,5.632,0.000,0.000
"02:30",0.000,4.659,63.700,5.734,0.000,0.000
"02:45",0.000,5.427,63.700,5.427,0.000,0.000
"03:00",0.000,5.018,63.700,5.581,0.000,0.000
"03:15",0.000,4.659,63.700,6.195,0.000,0.000
"03:30",0.000,4.915,63.700,5.530,0.000,0.000
"03:45",0.000,6.042,63.700,5.069,0.000,0.000
"04:00",0.000,4.608,63.700,5.837,0.000,0.000
"04:15",0.000,5.018,63.700,5.837,0.000,0.000
"04:30",0.000,4.915,63.700,6.144,0.000,0.000
"04:45",0.000,5.632,63.700,5.325,0.000,0.000
"05:00",0.000,4.608,63.700,5.837,0.000,0.000
"05:15",0.000,4.659,63.700,5.888,0.000,0.000
"05:30",0.000,4.966,63.700,5.632,0.000,0.000
"05:45",0.000,5.786,63.700,5.427,0.000,0.000
"06:00",0.000,4.659,63.700,5.888,0.000,0.000
"06:15",0.000,4.506,63.700,5.478,0.000,0.000
"06:30",0.000,5.018,63.700,5.683,0.000,0.000
"06:45",0.000,5.069,63.700,5.888,0.000,0.000
"07:00",0.000,4.710,63.700,5.581,0.000,0.000
"07:15",0.000,4.915,63.700,5.069,0.000,0.000
"07:30",0.000,6.298,63.700,4.301,0.000,0.000
"07:45",0.000,5.734,63.700,4.915,0.000,0.000
"08:00",0.000,5.222,63.600,5.018,0.000,0.000
"08:15",0.000,5.427,63.600,4.915,0.000,0.000
"08:30",0.000,5.888,63.600,4.250,0.000,0.000
"08:45",0.000,4.966,63.600,4.762,0.000,0.000
"09:00",0.000,4.915,63.600,4.813,0.000,0.000
"09:15",0.000,5.120,63.600,4.659,0.000,0.000
"09:30",0.000,5.990,63.600,3.942,0.000,0.000
"09:45",0.000,4.147,63.600,4.915,0.000,0.000
"10:00",0.000,3.840,63.600,4.454,0.000,0.000
"10:15",0.000,4.506,63.600,4.659,0.000,0.000
"10:30",0.000,5.632,63.700,4.250,0.000,0.000
"10:45",0.000,3.994,63.700,4.659,0.000,0.000
"11:00",0.000,3.738,63.700,4.506,0.000,0.000
"11:15",0.000,3.584,63.700,4.045,0.000,0.000
"11:30",0.410,2.816,63.700,2.662,0.000,0.000
"11:45",0.563,2.253,63.700,2.662,0.000,0.000
"12:00",0.307,2.867,63.700,3.482,0.000,0.000
"12:15",0.051,3.686,63.700,3.277,0.000,0.000
"12:30",1.178,1.178,63.700,2.611,0.000,0.000
"12:45",1.485,0.461,63.700,2.560,0.000,0.000
"13:00",1.178,0.768,63.700,2.304,0.000,0.000
"13:15",0.461,1.792,63.700,2.253,0.000,0.000
"13:30",0.973,0.922,63.700,2.458,0.000,0.000
"13:45",0.973,1.075,63.700,2.714,0.000,0.000
"14:00",1.229,3.738,63.700,2.406,1.741,0.000
"14:15",1.894,0.154,63.700,1.536,0.000,0.000
"14:30",5.222,0.000,63.700,0.307,0.000,0.000
"14:45",5.325,0.000,63.700,0.000,0.000,0.000
"15:00",3.994,0.000,63.700,0.000,0.000,0.000
"15:15",5.939,0.000,63.700,0.000,0.000,0.000
"15:30",14.797,0.000,63.700,0.000,0.000,0.000
"15:45",16.486,0.000,63.700,0.000,0.000,0.000
"16:00",12.493,0.000,63.700,0.000,0.000,0.000
"16:15",8.550,0.000,63.700,0.000,0.000,0.000
"16:30",4.250,0.000,63.700,0.000,0.000,0.000
"16:45",1.690,0.410,63.700,2.714,0.000,0.000
"17:00",2.509,0.051,63.700,1.178,0.000,0.000
"17:15",0.973,1.587,63.700,2.816,0.000,0.000
"17:30",0.256,2.816,63.700,3.328,0.000,0.000
"17:45",0.102,3.379,63.600,4.198,0.000,0.000
"18:00",0.102,3.533,63.700,4.301,0.000,0.000
"18:15",0.000,4.762,63.700,4.864,0.000,0.000
"18:30",0.000,6.298,63.700,5.530,0.358,0.000
"18:45",0.000,4.198,63.700,6.042,0.000,0.000
"19:00",0.000,4.352,63.700,5.427,0.000,0.000
"19:15",0.000,5.274,63.700,5.069,0.000,0.000
"19:30",0.000,4.301,63.700,5.581,0.000,0.000
"19:45",0.000,4.813,63.700,5.581,0.000,0.000
"20:00",0.000,5.120,63.700,5.734,0.000,0.000
"20:15",0.000,5.222,63.700,5.478,0.000,0.000
"20:30",0.000,4.608,63.700,5.990,0.000,0.000
"20:45",0.000,4.864,63.700,5.990,0.000,0.000
"21:00",0.000,5.427,63.700,5.632,0.000,0.000
"21:15",0.000,5.837,63.700,5.786,0.000,0.000
"21:30",0.000,5.632,63.700,5.990,0.000,0.000
"21:45",0.000,5.376,63.700,6.195,0.000,0.000
"22:00",0.000,5.990,63.700,5.734,0.000,0.000
"22:15",0.000,4.864,63.700,6.400,0.000,0.000
"22:30",0.000,5.171,63.700,6.042,0.000,0.000
"22:45",0.000,4.710,63.700,6.093,0.000,0.000
"23:00",0.000,6.042,63.700,5.632,0.000,0.000
"23:15",0.000,5.171,63.700,6.349,0.000,0.000
"23:30",0.000,5.171,63.700,6.298,0.000,0.000
"23:45",0.000,4.864,63.600,6.298,0.000,0.000
" 6/03/26 24:00",0.000,6.195,63.600,5.888,0.000,0.000
