"kwh"
"Time ","DAGSR01P","DAGSR01P","DAGSR01P","DAGSR01P","DAGSR01P","DAGSR01P"
" 8/24/26 00:15",0.000,7.270,63.700,5.632,0.000,0.000
" 8/24/26 00:30",0.000,7.936,63.700,5.683,0.000,0.000
"00:45",0.000,6.758,63.700,6.349,0.000,0.000
"01:00",0.000,7.066,63.700,5.734,0.000,0.000
"01:15",0.000,7.014,63.600,5.581,0.000,0.000
"01:30",0.000,6.400,63.700,5.939,0.000,0.000
"01:45",0.000,6.656,63.700,5.837,0.000,0.000
"02:00",0.000,7.117,63.700,5.632,0.000,0.000
"02:15",0.000,6.042,63.700,6.810,0.000,0.000
"02:30",0.000,4.147,63.600,7.936,0.000,0.000
"02:45",0.000,4.147,63.700,7.834,0.000,0.000
"03:00",0.000,4.096,63.600,7.578,0.000,0.000
"03:15",0.000,3.789,63.700,7.782,0.000,0.000
"03:30",0.000,3.994,63.700,7.885,0.000,0.000
"03:45",0.000,4.096,63.600,7.526,0.000,0.000
"04:00",0.000,3.891,63.600,7.578,0.000,0.000
"04:15",0.000,3.891,63.600,7.987,0.000,0.000
"04:30",0.000,4.301,63.600,7.322,0.000,0.000
"04:45",0.000,3.533,63.600,7.680,0.000,0.000
"05:00",0.000,3.738,63.600,7.834,0.000,0.000
"05:15",0.000,4.045,63.600,7.270,0.000,0.000
"05:30",0.000,3.635,63.600,7.731,0.000,0.000
"05:45",0.000,3.789,63.600,8.038,0.000,0.000
"06:00",0.000,4.864,63.700,7.219,0.000,0.000
"06:15",0.000,3.789,63.700,7.526,0.000,0.000
"06:30",0.000,4.045,63.600,7.782,0.000,0.000
"06:45",0.000,4.608,63.600,7.270,0.000,0.000
"07:00",0.000,3.994,63.700,7.782,0.000,0.000
"07:15",0.000,3.942,63.600,7.629,0.000,0.000
"07:30",0.000,4.608,63.600,7.219,0.000,0.000
"07:45",0.000,3.840,63.600,7.834,0.000,0.000
"08:00",0.000,4.864,63.600,8.602,0.000,0.000
"08:15",0.000,6.042,63.600,7.219,0.000,0.000
"08:30",0.000,4.659,63.600,7.475,0.000,0.000
"08:45",0.000,3.840,63.700,7.219,0.000,0.000
"09:00",0.205,3.072,63.700,5.171,0.000,0.000
"09:15",1.024,0.870,63.700,4.198,0.000,0.000
"09:30",1.024,0.768,63.700,4.506,0.000,0.000
"09:45",1.741,0.666,63.600,1.741,0.000,0.000
"10:00",4.301,0.000,63.700,0.000,0.000,0.000
"10:15",9.114,0.000,63.700,0.000,0.000,0.000
"10:30",13.517,0.000,63.700,0.000,0.000,0.000
"10:45",20.838,0.000,63.700,0.000,0.000,0.000
"11:00",25.139,0.000,63.700,0.000,0.000,0.000
"11:15",43.571,0.000,63.700,0.000,0.000,0.000
"11:30",58.573,0.000,63.700,0.000,0.000,0.000
"11:45",60.160,0.000,63.700,0.000,0.000,0.000
"12:00",63.181,0.000,63.700,0.000,0.000,0.000
"12:15",83.866,0.000,63.700,0.000,0.000,0.000
"12:30",104.653,0.000,63.700,0.000,0.000,0.000
"12:45",106.854,0.000,63.600,0.000,0.000,0.000
"13:00",84.992,0.000,63.700,0.000,0.000,0.000
"13:15",101.376,0.000,63.700,0.000,0.000,0.000
"13:30",86.886,0.000,63.700,0.000,0.000,0.000
"13:45",65.280,0.000,63.700,0.000,0.000,0.000
"14:00",91.597,0.000,63.700,0.000,0.000,0.000
"14:15",57.139,0.000,63.700,0.000,0.000,0.000
"14:30",90.317,0.000,63.700,0.000,0.000,0.000
"14:45",97.331,0.000,63.700,0.000,0.000,0.000
"15:00",63.846,0.102,63.700,0.000,0.307,8.909
"15:15",35.891,0.563,63.700,0.000,2.406,13.978
"15:30",64.512,0.000,63.700,0.000,0.000,17.510
"15:45",42.701,0.000,63.700,0.000,0.000,16.077
"16:00",38.707,0.000,63.700,0.000,0.256,16.384
"16:15",1.638,1.485,63.700,0.000,7.834,7.578
"16:30",20.634,0.154,63.700,0.000,0.973,15.616
"16:45",28.774,0.000,63.700,0.000,0.051,15.923
"17:00",20.736,0.461,63.700,0.000,2.202,13.414
"17:15",0.000,11.776,63.700,0.000,15.565,0.102
"17:30",0.307,11.725,63.700,0.000,13.926,1.229
"17:45",0.000,15.718,63.700,0.000,15.002,0.000
"18:00",0.000,22.272,63.800,0.000,15.616,0.000
"18:15",0.000,25.549,63.800,0.000,14.694,0.000
"18:30",0.000,31.334,63.800,0.000,14.950,0.000
"18:45",0.000,35.226,63.800,0.000,15.104,0.000
"19:00",0.000,36.710,63.700,0.000,14.592,0.000
"19:15",0.000,37.478,63.700,0.000,14.797,0.000
"19:30",0.000,36.147,63.700,0.000,14.336,0.000
"19:45",0.000,37.069,63.700,0.000,14.234,0.000
"20:00",0.000,37.683,63.700,0.000,14.899,0.000
"20:15",0.000,36.403,63.700,0.000,14.387,0.000
"20:30",0.000,36.403,63.700,0.000,14.438,0.000
"20:45",0.000,36.966,63.700,0.000,14.950,0.000
"21:00",0.000,36.301,63.700,0.000,14.592,0.000
"21:15",0.000,36.659,63.700,0.000,14.797,0.000
"21:30",0.000,37.222,63.700,0.000,14.643,0.000
"21:45",0.000,36.454,63.700,0.000,14.285,0.000
"22:00",0.000,37.325,63.600,0.000,14.746,0.000
"22:15",0.000,36.608,63.700,0.000,14.234,0.000
"22:30",0.000,36.659,63.700,0.000,14.336,0.000
"22:45",0.000,37.222,63.700,0.000,14.643,0.000
"23:00",0.000,36.506,63.700,0.000,13.824,0.000
"23:15",0.000,36.966,63.700,0.000,14.592,0.000
"23:30",0.000,38.451,63.700,0.000,15.104,0.000
"23:45",0.000,36.762,63.600,0.000,14.592,0.000
" 8/24/26 24:00",0.000,36.762,63.700,0.000,14.797,0.000
