"kwh"
"Time ","DAGSR01P","DAGSR01P","DAGSR01P","DAGSR01P","DAGSR01P","DAGSR01P"
"10/05/26 00:15",0.000,6.707,63.800,54272.000,0.000,0.000
"10/05/26 00:30",0.000,6.861,63.800,58880.000,0.000,0.000
"00:45",0.000,7.066,63.700,56320.000,0.000,0.000
"01:00",0.000,6.707,63.700,55296.000,0.000,0.000
"01:15",0.000,6.656,63.700,55808.000,0.000,0.000
"01:30",0.000,6.656,63.700,64512.000,0.000,0.000
"01:45",0.000,6.912,63.700,55296.000,0.000,0.000
"02:00",0.000,6.656,63.700,55808.000,0.000,0.000
"02:15",0.000,6.963,63.700,59904.000,0.000,0.000
"02:30",0.000,7.168,63.700,58880.000,0.000,0.000
"02:45",0.000,6.758,63.800,58368.000,0.000,0.000
"03:00",0.000,6.707,63.800,59904.000,0.000,0.000
"03:15",0.000,6.605,63.800,59392.000,0.000,0.000
"03:30",0.000,6.605,63.800,61952.000,0.000,0.000
"03:45",0.000,6.758,63.800,65536.000,0.000,0.000
"04:00",0.000,6.861,63.700,66560.000,0.000,0.000
"04:15",0.000,6.707,63.700,59904.000,0.000,0.000
"04:30",0.000,6.707,63.700,61440.000,0.000,0.000
"04:45",0.000,6.861,63.700,59904.000,0.000,0.000
"05:00",0.000,6.758,63.700,59904.000,0.000,0.000
"05:15",0.000,6.656,63.700,56832.000,0.000,0.000
"05:30",0.000,7.270,63.700,60416.000,0.000,0.000
"05:45",0.000,6.861,63.700,63488.000,0.000,0.000
"06:00",0.000,6.400,63.700,63488.000,0.000,0.000
"06:15",0.000,6.451,63.700,64000.000,0.000,0.000
"06:30",0.000,6.349,63.700,71680.000,0.000,0.000
"06:45",0.000,6.298,63.700,74240.000,0.000,0.000
"07:00",0.000,6.656,63.700,68096.000,0.000,0.000
"07:15",0.000,6.554,63.700,59904.000,0.000,0.000
"07:30",0.000,10.138,63.700,51712.000,1.126,0.000
"07:45",0.000,29.645,63.700,0.000,7.322,0.000
"08:00",0.000,19.558,63.700,0.000,7.782,0.000
"08:15",0.000,40.858,63.700,0.000,23.398,0.000
"08:30",0.000,38.246,63.700,0.000,30.003,0.000
"08:45",0.000,38.605,63.700,0.000,30.208,0.000
"09:00",0.000,41.882,63.700,0.000,30.106,0.000
"09:15",0.000,39.475,63.700,0.000,30.259,0.000
"09:30",6.246,7.117,63.700,0.000,16.179,15.360
"09:45",2.918,11.571,63.700,0.000,22.938,8.858
"10:00",8.653,10.035,63.700,0.000,16.794,15.411
"10:15",0.922,15.667,63.700,0.000,28.314,3.123
"10:30",0.000,39.117,63.800,0.000,37.888,0.307
"10:45",6.400,13.363,63.700,0.000,22.323,10.342
"11:00",22.426,4.915,63.700,0.000,7.987,25.651
"11:15",16.282,8.038,63.700,0.000,24.474,18.534
"11:30",0.666,23.910,63.700,0.000,48.282,4.454
"11:45",3.738,19.661,63.700,0.000,29.798,22.221
"12:00",6.656,1.024,63.700,0.000,11.059,41.779
"12:15",5.325,2.816,63.700,0.000,18.125,34.816
"12:30",2.509,6.963,63.700,0.000,32.461,22.323
"12:45",10.701,6.656,63.700,0.000,27.443,20.634
"13:00",41.216,0.000,63.700,0.000,0.000,31.949
"13:15",40.294,0.000,63.700,0.000,0.000,31.795
"13:30",2.253,22.938,63.800,0.000,46.950,2.714
"13:45",0.000,28.314,63.700,0.000,51.200,0.000
"14:00",0.000,41.062,63.700,0.000,50.637,0.000
"14:15",0.000,52.582,63.700,0.000,50.483,0.000
"14:30",0.717,20.122,63.700,0.000,43.366,8.397
"14:45",2.662,9.062,63.700,0.000,32.102,20.429
"15:00",0.000,44.954,63.700,0.000,50.688,0.205
"15:15",0.000,55.552,63.700,0.000,50.637,0.000
"15:30",0.000,51.814,63.700,0.000,50.739,0.000
"15:45",0.000,70.042,63.700,0.000,50.534,0.000
"16:00",0.000,65.536,63.700,0.000,50.586,0.000
"16:15",0.000,68.762,63.700,0.000,50.534,0.000
"16:30",0.000,79.667,63.700,0.000,50.432,0.000
"16:45",0.000,73.165,63.700,0.000,50.278,0.000
"17:00",0.000,82.586,63.700,0.000,55.654,0.000
"17:15",0.000,109.568,63.700,0.000,70.810,0.000
"17:30",0.000,139.264,63.700,0.000,83.763,0.000
"17:45",0.000,163.277,63.600,0.000,91.136,0.000
"18:00",0.000,162.304,63.700,0.000,91.085,0.000
"18:15",0.000,160.870,63.700,0.000,90.778,0.000
"18:30",0.000,161.792,63.700,0.000,91.238,0.000
"18:45",0.000,165.274,63.700,0.000,91.136,0.000
"19:00",0.000,168.653,63.700,0.000,90.982,0.000
"19:15",0.000,170.240,63.700,0.000,91.904,0.000
"19:30",0.000,171.008,63.700,0.000,90.522,0.000
"19:45",0.000,171.110,63.600,0.000,90.419,0.000
"20:00",0.000,171.110,63.700,0.000,90.317,0.000
"20:15",0.000,171.008,63.700,0.000,90.214,0.000
"20:30",0.000,171.110,63.700,0.000,90.317,0.000
"20:45",0.000,171.366,63.700,0.000,90.470,0.000
"21:00",0.000,170.957,63.700,0.000,90.368,0.000
"21:15",0.000,170.803,63.700,0.000,90.419,0.000
"21:30",0.000,171.418,63.700,0.000,91.034,0.000
"21:45",0.000,173.363,63.700,0.000,92.160,0.000
"22:00",0.000,173.722,63.700,0.000,92.416,0.000
"22:15",0.000,173.722,63.700,0.000,92.314,0.000
"22:30",0.000,173.875,63.700,0.000,92.211,0.000
"22:45",0.000,174.080,63.700,0.000,92.109,0.000
"23:00",0.000,173.619,63.700,0.000,92.109,0.000
"23:15",0.000,173.312,63.700,0.000,92.006,0.000
"23:30",0.000,173.466,63.600,0.000,91.955,0.000
"23:45",0.000,174.131,63.600,0.000,91.904,0.000
"10/05/26 24:00",0.000,173.568,63.600,0.000,92.006,0.000
