"kwh"
"Time ","DAGSR01P","DAGSR01P","DAGSR01P","DAGSR01P","DAGSR01P","DAGSR01P"
" 6/04/26 00:15",0.000,5.530,63.600,6.246,0.000,0.000
" 6/04/26 00:30",0.000,5.427,63.600,6.298,0.000,0.000
"00:45",0.000,5.683,63.600,6.656,0.000,0.000
"01:00",0.000,6.195,63.600,5.683,0.000,0.000
"01:15",0.000,4.352,63.600,6.554,0.000,0.000
"01:30",0.000,4.557,63.700,6.298,0.000,0.000
"01:45",0.000,4.198,63.700,6.451,0.000,0.000
"02:00",0.000,5.325,63.700,5.990,0.000,0.000
"02:15",0.000,4.301,63.700,6.656,0.000,0.000
"02:30",0.000,4.045,63.700,6.810,0.000,0.000
"02:45",0.000,3.994,63.700,6.810,0.000,0.000
"03:00",0.000,4.659,63.700,5.990,0.000,0.000
"03:15",0.000,3.686,63.700,6.656,0.000,0.000
"03:30",0.000,3.789,63.700,6.912,0.000,0.000
"03:45",0.000,4.557,63.700,6.400,0.000,0.000
"04:00",0.000,4.454,63.700,6.195,0.000,0.000
"04:15",0.000,3.840,63.700,6.605,0.000,0.000
"04:30",0.000,4.096,63.700,6.605,0.000,0.000
"04:45",0.000,4.813,63.700,5.734,0.000,0.000
"05:00",0.000,3.789,63.700,6.144,0.000,0.000
"05:15",0.000,3.738,63.700,6.246,0.000,0.000
"05:30",0.000,4.198,63.700,6.554,0.000,0.000
"05:45",0.000,5.530,63.700,5.427,0.000,0.000
"06:00",0.000,4.454,63.700,5.837,0.000,0.000
"06:15",0.000,4.352,63.700,6.093,0.000,0.000
"06:30",0.000,4.301,63.700,6.195,0.000,0.000
"06:45",0.000,5.478,63.700,5.632,0.000,0.000
"07:00",0.000,4.813,63.700,5.888,0.000,0.000
"07:15",0.000,4.608,63.700,5.786,0.000,0.000
"07:30",0.000,4.250,63.700,5.837,0.000,0.000
"07:45",0.000,5.325,63.700,5.069,0.000,0.000
"08:00",0.000,4.608,63.700,5.632,0.000,0.000
"08:15",0.000,4.608,63.700,5.632,0.000,0.000
"08:30",0.000,5.120,63.700,5.632,0.000,0.000
"08:45",0.000,5.939,63.700,5.018,0.000,0.000
"09:00",0.000,4.762,63.700,5.325,0.000,0.000
"09:15",0.000,3.994,63.700,5.325,0.000,0.000
"09:30",0.000,3.738,63.700,4.966,0.000,0.000
"09:45",0.102,4.096,63.700,3.789,0.000,0.000
"10:00",0.307,2.560,63.700,4.045,0.000,0.000
"10:15",3.328,0.154,63.700,0.717,0.000,0.000
"10:30",8.602,0.000,63.700,0.000,0.000,0.000
"10:45",3.533,0.358,63.700,1.126,0.000,0.000
"11:00",3.994,0.051,63.700,0.614,0.000,0.000
"11:15",4.096,0.000,63.700,0.102,0.000,0.000
"11:30",1.280,0.717,63.700,2.560,0.000,0.000
"11:45",1.178,1.075,63.700,2.458,0.000,0.000
"12:00",0.819,1.741,63.700,3.226,0.000,0.000
"12:15",0.461,2.355,63.700,3.379,0.000,0.000
"12:30",0.870,1.741,63.700,3.277,0.000,0.000
"12:45",1.075,1.126,63.700,2.458,0.000,0.000
"13:00",2.099,0.358,63.700,1.894,0.000,0.000
"13:15",6.502,0.000,63.800,0.000,0.000,0.000
"13:30",7.731,0.000,63.800,0.000,0.000,0.000
"13:45",7.270,0.000,63.700,0.000,0.000,0.000
"14:00",8.397,0.000,63.700,0.000,0.000,0.000
"14:15",3.789,0.000,63.700,0.000,0.000,0.000
"14:30",3.942,0.000,63.800,0.000,0.000,0.000
"14:45",1.894,0.666,63.700,1.331,0.000,0.000
"15:00",0.922,1.229,63.700,2.816,0.000,0.000
"15:15",0.666,1.434,63.700,2.867,0.000,0.000
"15:30",0.512,1.997,63.800,3.226,0.000,0.000
"15:45",0.614,2.150,63.800,3.482,0.000,0.000
"16:00",0.102,3.738,63.800,3.994,0.000,0.000
"16:15",0.256,3.021,63.800,3.686,0.000,0.000
"16:30",0.205,3.226,63.800,4.096,0.000,0.000
"16:45",0.051,3.789,63.800,5.018,0.000,0.000
"17:00",0.154,4.198,63.800,3.891,0.000,0.000
"17:15",0.256,3.072,63.800,3.942,0.000,0.000
"17:30",0.000,3.789,63.800,5.376,0.000,0.000
"17:45",0.000,4.454,63.700,5.171,0.000,0.000
"18:00",0.000,4.557,63.700,5.274,0.000,0.000
"18:15",0.000,4.966,63.700,5.478,0.000,0.000
"18:30",0.000,5.171,63.700,5.274,0.000,0.000
"18:45",0.000,5.018,63.700,4.762,0.000,0.000
"19:00",0.000,4.659,63.700,5.325,0.000,0.000
"19:15",0.000,4.147,63.700,5.530,0.000,0.000
"19:30",0.000,4.147,63.700,5.478,0.000,0.000
"19:45",0.000,5.376,63.700,4.966,0.000,0.000
"20:00",0.000,4.710,63.700,5.376,0.000,0.000
"20:15",0.000,4.147,63.700,5.581,0.000,0.000
"20:30",0.000,4.506,63.700,5.683,0.000,0.000
"20:45",0.000,4.915,63.600,5.683,0.000,0.000
"21:00",0.000,5.530,63.700,4.915,0.000,0.000
"21:15",0.000,4.762,63.700,5.530,0.000,0.000
"21:30",0.000,4.762,63.700,5.683,0.000,0.000
"21:45",0.000,4.301,63.700,5.530,0.000,0.000
"22:00",0.000,5.069,63.700,5.274,0.000,0.000
"22:15",0.000,4.147,63.700,5.786,0.000,0.000
"22:30",0.000,4.403,63.700,5.683,0.000,0.000
"22:45",0.000,4.198,63.700,5.786,0.000,0.000
"23:00",0.000,5.376,63.700,4.966,0.000,0.000
"23:15",0.000,4.403,63.700,5.632,0.000,0.000
"23:30",0.000,4.147,63.700,5.734,0.000,0.000
"23:45",0.000,4.301,63.700,5.632,0.000,0.000
" 6/04/26 24:00",0.000,5.581,63.700,5.325,0.000,0.000
