"kwh"
"Time ","DAGSR01P","DAGSR01P","DAGSR01P","DAGSR01P","DAGSR01P","DAGSR01P"
" 7/27/26 00:15",0.000,4.762,63.700,6.400,0.000,0.000
" 7/27/26 00:30",0.000,4.762,63.700,6.810,0.000,0.000
"00:45",0.000,5.325,63.700,6.502,0.000,0.000
"01:00",0.000,4.813,63.700,6.963,0.000,0.000
"01:15",0.000,4.608,63.700,6.554,0.000,0.000
"01:30",0.000,4.915,63.700,6.707,0.000,0.000
"01:45",0.000,4.403,63.700,6.451,0.000,0.000
"02:00",0.000,4.454,63.700,6.912,0.000,0.000
"02:15",0.000,4.966,63.700,6.758,0.000,0.000
"02:30",0.000,4.762,63.700,7.322,0.000,0.000
"02:45",0.000,4.198,63.700,7.117,0.000,0.000
"03:00",0.000,4.966,63.700,6.861,0.000,0.000
"03:15",0.000,4.352,63.700,7.014,0.000,0.000
"03:30",0.000,4.096,63.700,7.117,0.000,0.000
"03:45",0.000,4.966,63.700,6.810,0.000,0.000
"04:00",0.000,4.762,63.700,7.526,0.000,0.000
"04:15",0.000,4.608,63.700,7.014,0.000,0.000
"04:30",0.000,5.171,63.700,6.605,0.000,0.000
"04:45",0.000,4.403,63.700,7.270,0.000,0.000
"05:00",0.000,4.096,63.700,7.117,0.000,0.000
"05:15",0.000,4.813,63.700,6.707,0.000,0.000
"05:30",0.000,4.250,63.700,7.014,0.000,0.000
"05:45",0.000,4.659,63.700,6.656,0.000,0.000
"06:00",0.000,5.171,63.700,6.554,0.000,0.000
"06:15",0.000,4.966,63.700,6.758,0.000,0.000
"06:30",0.000,4.403,63.700,6.605,0.000,0.000
"06:45",0.000,5.376,63.700,5.990,0.000,0.000
"07:00",0.000,4.762,63.700,6.195,0.000,0.000
"07:15",0.000,4.454,63.700,7.014,0.000,0.000
"07:30",0.000,5.427,63.700,6.093,0.000,0.000
"07:45",0.000,4.710,63.700,6.656,0.000,0.000
"08:00",0.000,4.659,63.700,6.707,0.000,0.000
"08:15",0.000,5.018,63.700,6.246,0.000,0.000
"08:30",0.000,5.478,63.700,6.093,0.000,0.000
"08:45",0.000,4.250,63.700,6.298,0.000,0.000
"09:00",1.126,2.099,63.700,3.942,0.000,0.000
"09:15",10.547,0.000,63.700,0.000,0.000,0.000
"09:30",7.834,6.093,63.700,0.000,5.120,0.000
"09:45",8.038,1.690,63.700,0.000,6.554,5.325
"10:00",29.542,0.000,63.700,0.000,0.000,7.117
"10:15",38.502,0.000,63.700,0.000,0.000,7.322
"10:30",61.798,0.000,63.700,0.000,0.000,0.000
"10:45",60.365,0.000,63.700,0.000,0.000,0.000
"11:00",36.301,0.051,63.700,0.000,0.256,0.973
"11:15",9.318,2.816,63.700,0.000,6.554,6.656
"11:30",49.152,0.000,63.700,0.000,0.000,13.670
"11:45",68.352,0.000,63.700,0.000,0.000,15.104
"12:00",61.235,0.000,63.800,0.000,0.000,14.899
"12:15",18.944,0.000,63.800,0.000,0.000,12.749
"12:30",28.518,0.000,63.800,0.000,0.000,13.773
"12:45",21.504,0.000,63.800,0.000,0.000,13.005
"13:00",23.757,0.000,63.800,0.000,0.000,13.261
"13:15",31.437,0.000,63.800,0.000,0.000,14.029
"13:30",45.568,0.000,63.800,0.000,0.000,13.978
"13:45",33.024,0.000,63.800,0.000,0.000,10.291
"14:00",68.045,0.000,63.800,0.000,0.000,0.000
"14:15",57.446,0.000,63.800,0.000,0.000,0.000
"14:30",54.477,0.000,63.800,0.000,0.000,0.000
"14:45",83.968,0.000,63.800,0.000,0.000,0.000
"15:00",91.443,0.000,63.800,0.000,0.000,0.000
"15:15",87.808,0.000,63.800,0.000,0.000,0.000
"15:30",84.890,0.000,63.800,0.000,0.000,0.000
"15:45",80.845,0.000,63.700,0.000,0.000,0.000
"16:00",76.032,0.000,63.800,0.000,0.000,0.000
"16:15",71.782,0.000,63.700,0.000,0.000,0.000
"16:30",66.048,0.000,63.700,0.000,0.000,0.000
"16:45",59.546,0.000,63.700,0.000,0.000,0.000
"17:00",53.606,0.000,63.700,0.000,0.000,0.000
"17:15",45.722,0.000,63.700,0.000,0.000,0.000
"17:30",37.837,0.000,63.800,0.000,0.000,0.000
"17:45",29.184,0.000,63.700,0.000,0.000,0.000
"18:00",20.429,0.000,63.700,0.000,0.000,0.000
"18:15",8.960,0.051,63.700,0.256,0.000,0.000
"18:30",0.973,0.819,63.700,4.301,0.000,0.000
"18:45",0.051,3.942,63.700,6.656,0.000,0.000
"19:00",0.000,4.096,63.700,7.834,0.000,0.000
"19:15",0.000,3.738,63.700,7.936,0.000,0.000
"19:30",0.000,4.454,63.700,7.168,0.000,0.000
"19:45",0.000,3.789,63.700,8.038,0.000,0.000
"20:00",0.000,4.045,63.700,8.243,0.000,0.000
"20:15",0.000,4.762,63.700,7.424,0.000,0.000
"20:30",0.000,3.686,63.700,7.834,0.000,0.000
"20:45",0.000,3.738,63.700,8.141,0.000,0.000
"21:00",0.000,5.018,63.700,7.424,0.000,0.000
"21:15",0.000,3.891,63.700,7.680,0.000,0.000
"21:30",0.000,4.045,63.700,7.731,0.000,0.000
"21:45",0.000,4.301,63.700,7.270,0.000,0.000
"22:00",0.000,3.430,63.700,7.834,0.000,0.000
"22:15",0.000,3.277,63.700,7.987,0.000,0.000
"22:30",0.000,4.096,63.700,7.782,0.000,0.000
"22:45",0.000,3.635,63.700,8.448,0.000,0.000
"23:00",0.000,3.686,63.700,9.062,0.000,0.000
"23:15",0.000,4.301,63.700,7.680,0.000,0.000
"23:30",0.000,3.891,63.700,7.578,0.000,0.000
"23:45",0.000,3.686,63.700,7.834,0.000,0.000
" 7/27/26 24:00",0.000,4.710,63.700,7.424,0.000,0.000
