"kwh"
"Time ","DAGSR01P","DAGSR01P","DAGSR01P","DAGSR01P","DAGSR01P","DAGSR01P"
" 4/08/26 00:15",0.000,4.301,63.700,5.734,0.000,0.000
" 4/08/26 00:30",0.000,4.608,63.700,5.734,0.000,0.000
"00:45",0.000,4.301,63.700,5.734,0.000,0.000
"01:00",0.000,4.710,63.700,5.990,0.000,0.000
"01:15",0.000,4.352,63.700,6.400,0.000,0.000
"01:30",0.000,4.352,63.700,6.093,0.000,0.000
"01:45",0.000,4.352,63.700,6.502,0.000,0.000
"02:00",0.000,4.198,63.700,6.451,0.000,0.000
"02:15",0.000,4.762,63.700,6.093,0.000,0.000
"02:30",0.000,5.120,63.700,5.734,0.000,0.000
"02:45",0.000,4.198,63.700,6.246,0.000,0.000
"03:00",0.000,4.250,63.700,6.298,0.000,0.000
"03:15",0.000,4.557,63.700,6.400,0.000,0.000
"03:30",0.000,4.250,63.700,6.502,0.000,0.000
"03:45",0.000,4.403,63.700,6.656,0.000,0.000
"04:00",0.000,4.403,63.700,6.707,0.000,0.000
"04:15",0.000,4.096,63.700,6.656,0.000,0.000
"04:30",0.000,4.147,63.700,6.605,0.000,0.000
"04:45",0.000,4.096,63.700,6.758,0.000,0.000
"05:00",0.000,4.710,63.700,6.758,0.000,0.000
"05:15",0.000,4.301,63.700,6.451,0.000,0.000
"05:30",0.000,4.250,63.700,6.605,0.000,0.000
"05:45",0.000,4.147,63.700,6.656,0.000,0.000
"06:00",0.000,4.147,63.700,6.554,0.000,0.000
"06:15",0.000,4.813,63.700,6.195,0.000,0.000
"06:30",0.000,4.710,63.700,6.246,0.000,0.000
"06:45",0.000,4.454,63.600,6.042,0.000,0.000
"07:00",0.000,4.403,63.700,5.888,0.000,0.000
"07:15",0.000,5.222,63.700,5.734,0.000,0.000
"07:30",0.000,5.325,63.700,6.195,0.000,0.000
"07:45",0.000,5.120,63.700,6.605,0.000,0.000
"08:00",0.000,4.403,63.700,6.554,0.000,0.000
"08:15",0.563,2.150,63.700,3.891,0.000,0.000
"08:30",5.069,0.051,63.700,0.410,0.000,0.000
"08:45",12.595,0.000,63.600,0.000,0.000,0.000
"09:00",18.534,0.000,63.600,0.000,0.000,0.000
"09:15",27.290,0.000,63.600,0.000,0.000,0.000
"09:30",35.482,0.000,63.600,0.000,0.000,0.000
"09:45",42.496,0.000,63.600,0.000,0.000,0.000
"10:00",48.435,0.000,63.600,0.000,0.000,0.000
"10:15",47.514,0.000,63.600,0.000,0.000,0.000
"10:30",27.290,0.000,63.600,0.000,0.000,0.000
"10:45",42.189,0.000,63.600,0.000,0.000,0.000
"11:00",26.726,0.000,63.600,0.000,0.000,0.000
"11:15",22.835,0.000,63.600,0.000,0.000,0.000
"11:30",18.330,0.000,63.600,0.000,0.000,0.000
"11:45",24.269,0.000,63.600,0.000,0.000,0.000
"12:00",24.576,0.000,63.600,0.000,0.000,0.000
"12:15",32.512,0.000,63.600,0.000,0.000,0.000
"12:30",42.342,0.000,63.600,0.000,0.000,0.000
"12:45",39.219,0.000,63.600,0.000,0.000,0.000
"13:00",32.870,0.000,63.600,0.000,0.000,0.000
"13:15",26.266,0.000,63.600,0.000,0.000,0.000
"13:30",23.552,0.000,63.600,0.000,0.000,0.000
"13:45",26.880,0.000,63.600,0.000,0.000,0.000
"14:00",26.368,0.000,63.600,0.000,0.000,0.000
"14:15",25.600,0.000,63.600,0.000,0.000,0.000
"14:30",32.307,0.000,63.600,0.000,0.000,0.000
"14:45",25.293,0.000,63.600,0.000,0.000,0.000
"15:00",32.000,0.000,63.600,0.000,0.000,0.000
"15:15",41.984,0.000,63.600,0.000,0.000,0.000
"15:30",62.822,0.000,63.600,0.000,0.000,0.102
"15:45",86.272,0.000,63.500,0.000,0.000,0.205
"16:00",76.595,0.000,63.500,0.000,0.000,0.000
"16:15",70.400,0.000,63.500,0.000,0.000,0.000
"16:30",62.771,0.000,63.500,0.000,0.000,0.102
"16:45",57.856,0.000,63.500,0.000,0.000,0.000
"17:00",51.712,0.000,63.500,0.000,0.000,0.000
"17:15",45.517,0.000,63.500,0.000,0.000,0.000
"17:30",38.912,0.000,63.500,0.000,0.000,0.000
"17:45",31.846,0.000,63.600,0.000,0.000,0.000
"18:00",23.910,0.000,63.600,0.000,0.000,0.000
"18:15",16.998,0.000,63.600,0.000,0.000,0.000
"18:30",9.574,0.000,63.600,0.000,0.000,0.000
"18:45",3.379,0.256,63.700,0.870,0.000,0.000
"19:00",0.102,3.277,63.700,3.533,0.000,0.000
"19:15",0.000,4.608,63.700,5.018,0.000,0.000
"19:30",0.000,5.018,63.700,4.915,0.000,0.000
"19:45",0.000,4.659,63.700,5.120,0.000,0.000
"20:00",0.000,4.813,63.700,4.915,0.000,0.000
"20:15",0.000,4.352,63.700,4.813,0.000,0.000
"20:30",0.000,4.301,63.600,4.813,0.000,0.000
"20:45",0.000,4.352,63.600,4.966,0.000,0.000
"21:00",0.000,5.069,63.600,4.762,0.000,0.000
"21:15",0.000,5.222,63.600,4.864,0.000,0.000
"21:30",0.000,6.042,63.600,4.557,0.000,0.000
"21:45",0.000,5.222,63.600,5.120,0.000,0.000
"22:00",0.000,4.864,63.700,5.222,0.000,0.000
"22:15",0.000,4.813,63.700,5.018,0.000,0.000
"22:30",0.000,4.966,63.700,5.120,0.000,0.000
"22:45",0.000,4.352,63.600,5.120,0.000,0.000
"23:00",0.000,4.352,63.700,5.120,0.000,0.000
"23:15",0.000,4.506,63.700,5.530,0.000,0.000
"23:30",0.000,4.608,63.700,5.376,0.000,0.000
"23:45",0.000,4.762,63.700,5.222,0.000,0.000
" 4/08/26 24:00",0.000,4.557,63.700,5.632,0.000,0.000
