"kwh"
"Time ","DAGSR01P","DAGSR01P","DAGSR01P","DAGSR01P","DAGSR01P","DAGSR01P"
" 6/27/26 00:15",0.000,4.608,63.600,7.168,0.000,0.000
" 6/27/26 00:30",0.000,4.454,63.600,7.475,0.000,0.000
"00:45",0.000,5.734,63.700,6.758,0.000,0.000
"01:00",0.000,4.301,63.600,7.322,0.000,0.000
"01:15",0.000,3.994,63.600,7.475,0.000,0.000
"01:30",0.000,3.430,63.700,8.192,0.000,0.000
"01:45",0.000,4.608,63.700,7.117,0.000,0.000
"02:00",0.000,3.738,63.700,8.038,0.000,0.000
"02:15",0.000,3.942,63.700,7.782,0.000,0.000
"02:30",0.000,3.635,63.700,8.090,0.000,0.000
"02:45",0.000,3.635,63.700,8.397,0.000,0.000
"03:00",0.000,4.557,63.700,7.424,0.000,0.000
"03:15",0.000,3.123,63.700,7.782,0.000,0.000
"03:30",0.000,3.277,63.700,7.885,0.000,0.000
"03:45",0.000,3.533,63.700,7.936,0.000,0.000
"04:00",0.000,3.277,63.700,7.987,0.000,0.000
"04:15",0.000,3.994,63.700,7.731,0.000,0.000
"04:30",0.000,3.226,63.700,8.294,0.000,0.000
"04:45",0.000,3.277,63.700,8.448,0.000,0.000
"05:00",0.000,3.379,63.700,8.550,0.000,0.000
"05:15",0.000,4.250,63.700,7.526,0.000,0.000
"05:30",0.000,3.277,63.700,8.192,0.000,0.000
"05:45",0.000,3.328,63.700,8.397,0.000,0.000
"06:00",0.000,3.430,63.700,8.090,0.000,0.000
"06:15",0.000,3.942,63.700,7.680,0.000,0.000
"06:30",0.000,3.584,63.700,8.090,0.000,0.000
"06:45",0.000,4.045,63.700,8.243,0.000,0.000
"07:00",0.000,3.738,63.700,7.987,0.000,0.000
"07:15",0.000,4.608,63.600,7.373,0.000,0.000
"07:30",0.000,4.147,63.600,7.680,0.000,0.000
"07:45",0.000,4.147,63.600,7.885,0.000,0.000
"08:00",0.000,3.994,63.600,7.936,0.000,0.000
"08:15",0.000,7.117,63.600,7.168,0.307,0.000
"08:30",0.000,5.683,63.600,6.605,0.000,0.000
"08:45",0.000,3.738,63.600,7.270,0.000,0.000
"09:00",1.587,0.563,63.600,2.816,0.000,0.000
"09:15",5.427,0.000,63.600,0.000,0.000,0.000
"09:30",17.971,0.000,63.600,0.000,0.000,0.000
"09:45",30.925,0.000,63.600,0.000,0.000,0.000
"10:00",39.526,0.000,63.600,0.000,0.000,0.000
"10:15",46.694,0.000,63.700,0.000,0.000,0.102
"10:30",30.259,0.000,63.700,0.000,0.000,3.123
"10:45",26.522,0.000,63.600,0.000,0.000,4.506
"11:00",53.453,0.000,63.700,0.000,0.000,1.690
"11:15",68.762,0.000,63.700,0.000,0.000,0.768
"11:30",58.624,0.000,63.700,0.000,0.000,5.786
"11:45",68.454,0.000,63.700,0.000,0.000,0.000
"12:00",43.571,0.000,63.700,0.000,0.000,0.000
"12:15",34.918,0.000,63.700,0.000,0.000,0.000
"12:30",26.010,0.000,63.700,0.000,0.000,0.000
"12:45",29.338,0.000,63.700,0.000,0.000,0.000
"13:00",37.018,0.000,63.700,0.000,0.000,0.000
"13:15",38.093,0.000,63.700,0.000,0.000,0.000
"13:30",34.304,0.000,63.700,0.000,0.000,0.000
"13:45",36.557,0.000,63.700,0.000,0.000,0.000
"14:00",32.307,0.000,63.700,0.000,0.000,0.000
"14:15",32.717,0.000,63.700,0.000,0.000,0.000
"14:30",34.816,0.000,63.700,0.000,0.000,0.000
"14:45",42.547,0.000,63.700,0.000,0.000,0.000
"15:00",50.637,0.000,63.700,0.000,0.000,0.000
"15:15",86.118,0.000,63.700,0.000,0.000,0.000
"15:30",79.565,0.000,63.700,0.000,0.000,0.000
"15:45",75.366,0.000,63.700,0.000,0.000,0.000
"16:00",68.659,0.000,63.700,0.000,0.000,0.000
"16:15",63.693,0.000,63.700,0.000,0.000,0.000
"16:30",57.856,0.000,63.700,0.000,0.000,0.000
"16:45",50.944,0.000,63.700,0.000,0.000,0.000
"17:00",44.851,0.000,63.700,0.000,0.000,0.000
"17:15",36.966,0.000,63.700,0.000,0.000,0.000
"17:30",29.286,0.000,63.700,0.000,0.000,0.000
"17:45",18.227,0.000,63.700,0.000,0.000,0.000
"18:00",1.280,0.512,63.700,2.202,0.000,0.000
"18:15",0.051,2.714,63.700,4.557,0.000,0.000
"18:30",0.000,4.966,63.700,5.683,0.000,0.000
"18:45",0.000,5.478,63.600,5.734,0.000,0.000
"19:00",0.000,5.274,63.600,6.144,0.000,0.000
"19:15",0.000,5.171,63.600,5.581,0.000,0.000
"19:30",0.000,5.069,63.600,5.683,0.000,0.000
"19:45",0.000,5.427,63.600,5.888,0.000,0.000
"20:00",0.000,5.274,63.700,5.939,0.000,0.000
"20:15",0.000,5.325,63.700,5.837,0.000,0.000
"20:30",0.000,5.120,63.600,5.990,0.000,0.000
"20:45",0.000,5.171,63.700,6.246,0.000,0.000
"21:00",0.000,6.400,63.700,5.786,0.000,0.000
"21:15",0.000,5.069,63.700,5.734,0.000,0.000
"21:30",0.000,5.734,63.700,5.837,0.000,0.000
"21:45",0.000,5.632,63.700,5.837,0.000,0.000
"22:00",0.000,5.274,63.700,6.093,0.000,0.000
"22:15",0.000,5.581,63.700,6.246,0.000,0.000
"22:30",0.000,5.376,63.700,6.246,0.000,0.000
"22:45",0.000,5.786,63.700,6.349,0.000,0.000
"23:00",0.000,6.605,63.700,6.349,0.000,0.000
"23:15",0.000,6.349,63.700,6.349,0.000,0.000
"23:30",0.000,6.554,63.700,6.246,0.000,0.000
"23:45",0.000,6.349,63.600,6.298,0.000,0.000
" 6/27/26 24:00",0.000,6.400,63.600,6.605,0.000,0.000
