"kwh"
"Time ","DAGSR01P","DAGSR01P","DAGSR01P","DAGSR01P","DAGSR01P","DAGSR01P"
" 9/27/26 00:15",0.000,38.656,63.600,0.000,14.899,0.000
" 9/27/26 00:30",0.000,38.656,63.600,0.000,14.746,0.000
"00:45",0.000,38.298,63.600,0.000,14.848,0.000
"01:00",0.000,38.451,63.600,0.000,14.746,0.000
"01:15",0.000,41.421,63.600,0.000,16.538,0.000
"01:30",0.000,41.370,63.600,0.000,16.691,0.000
"01:45",0.000,41.318,63.600,0.000,16.589,0.000
"02:00",0.000,41.370,63.600,0.000,16.845,0.000
"02:15",0.000,41.216,63.600,0.000,16.794,0.000
"02:30",0.000,41.574,63.600,0.000,16.691,0.000
"02:45",0.000,41.216,63.600,0.000,16.691,0.000
"03:00",0.000,41.267,63.600,0.000,16.640,0.000
"03:15",0.000,41.267,63.600,0.000,16.538,0.000
"03:30",0.000,41.318,63.700,0.000,16.742,0.000
"03:45",0.000,41.216,63.600,0.000,16.742,0.000
"04:00",0.000,41.523,63.600,0.000,16.794,0.000
"04:15",0.000,41.267,63.600,0.000,16.794,0.000
"04:30",0.000,41.318,63.700,0.000,16.538,0.000
"04:45",0.000,41.165,63.600,0.000,16.691,0.000
"05:00",0.000,41.574,63.600,0.000,16.486,0.000
"05:15",0.000,41.523,63.600,0.000,16.486,0.000
"05:30",0.000,41.421,63.700,0.000,16.640,0.000
"05:45",0.000,41.984,63.700,0.000,16.282,0.000
"06:00",0.000,41.267,63.700,0.000,16.538,0.000
"06:15",0.000,41.216,63.700,0.000,16.435,0.000
"06:30",0.000,41.267,63.700,0.000,16.435,0.000
"06:45",0.000,41.370,63.600,0.000,16.486,0.000
"07:00",0.000,41.677,63.700,0.000,16.486,0.000
"07:15",0.000,42.496,63.600,0.000,17.152,0.000
"07:30",0.000,41.677,63.600,0.000,17.408,0.000
"07:45",0.000,39.680,63.700,0.000,17.101,0.000
"08:00",0.000,38.195,63.700,0.000,16.742,0.000
"08:15",0.000,29.338,63.700,0.000,16.794,0.000
"08:30",0.000,18.944,63.700,0.000,16.845,0.000
"08:45",0.000,21.811,63.700,0.000,16.538,0.000
"09:00",0.717,13.978,63.700,0.000,14.080,2.611
"09:15",0.307,18.790,63.700,0.000,15.718,0.666
"09:30",6.810,3.840,63.600,0.000,4.659,12.339
"09:45",16.845,0.051,63.700,0.000,0.307,16.640
"10:00",23.245,0.000,63.700,0.000,0.000,17.254
"10:15",29.594,0.000,63.700,0.000,0.000,17.562
"10:30",33.587,0.205,63.700,0.000,0.461,17.254
"10:45",42.957,0.000,63.700,0.000,0.000,18.842
"11:00",35.072,1.946,63.700,0.000,3.840,14.182
"11:15",44.698,0.410,63.700,0.000,1.741,16.845
"11:30",40.960,0.410,63.700,0.000,1.894,16.640
"11:45",35.942,0.563,63.700,0.000,2.202,16.077
"12:00",56.269,0.000,63.700,0.000,0.000,19.098
"12:15",62.925,0.000,63.700,0.000,0.000,19.558
"12:30",63.898,0.000,63.700,0.000,0.000,19.405
"12:45",66.765,0.000,63.700,0.000,0.000,18.842
"13:00",63.130,0.205,63.700,0.000,0.512,16.896
"13:15",71.424,0.000,63.700,0.000,0.000,17.869
"13:30",70.707,0.000,63.700,0.000,0.000,18.022
"13:45",70.554,0.000,63.700,0.000,0.000,18.074
"14:00",69.274,0.000,63.700,0.000,0.000,17.869
"14:15",67.738,0.000,63.800,0.000,0.000,17.818
"14:30",66.048,0.000,63.700,0.000,0.000,18.637
"14:45",64.205,0.000,63.700,0.000,0.000,17.869
"15:00",61.184,0.000,63.700,0.000,0.000,17.562
"15:15",57.907,0.000,63.700,0.000,0.000,17.408
"15:30",56.166,0.000,63.700,0.000,0.000,17.152
"15:45",51.866,0.000,63.700,0.000,0.000,16.998
"16:00",47.718,0.000,63.700,0.000,0.000,16.742
"16:15",42.394,0.000,63.700,0.000,0.000,16.589
"16:30",36.864,0.000,63.700,0.000,0.000,16.486
"16:45",31.130,0.000,63.700,0.000,0.000,16.333
"17:00",24.218,0.000,63.700,0.000,0.000,16.077
"17:15",16.845,0.000,63.700,0.000,0.000,15.770
"17:30",9.421,0.000,63.700,0.000,0.000,15.258
"17:45",1.894,1.280,63.700,0.000,6.605,9.165
"18:00",0.000,6.605,63.700,0.000,15.565,0.205
"18:15",0.000,13.619,63.700,0.000,15.616,0.000
"18:30",0.000,21.658,63.700,0.000,15.155,0.000
"18:45",0.000,28.621,63.700,0.000,15.258,0.000
"19:00",0.000,34.560,63.700,0.000,15.360,0.000
"19:15",0.000,37.581,63.700,0.000,15.360,0.000
"19:30",0.000,38.656,63.700,0.000,15.002,0.000
"19:45",0.000,38.707,63.700,0.000,14.848,0.000
"20:00",0.000,38.605,63.700,0.000,14.797,0.000
"20:15",0.000,38.605,63.700,0.000,14.797,0.000
"20:30",0.000,38.861,63.700,0.000,14.746,0.000
"20:45",0.000,38.502,63.700,0.000,14.797,0.000
"21:00",0.000,39.117,63.600,0.000,14.694,0.000
"21:15",0.000,38.502,63.600,0.000,14.592,0.000
"21:30",0.000,38.502,63.700,0.000,14.643,0.000
"21:45",0.000,38.554,63.700,0.000,14.234,0.000
"22:00",0.000,38.451,63.700,0.000,14.131,0.000
"22:15",0.000,38.349,63.700,0.000,14.182,0.000
"22:30",0.000,38.810,63.700,0.000,14.234,0.000
"22:45",0.000,38.195,63.700,0.000,14.234,0.000
"23:00",0.000,38.502,63.700,0.000,14.285,0.000
"23:15",0.000,38.195,63.600,0.000,14.387,0.000
"23:30",0.000,38.246,63.700,0.000,14.336,0.000
"23:45",0.000,38.144,63.700,0.000,14.643,0.000
" 9/27/26 24:00",0.000,38.246,63.700,0.000,14.848,0.000
