"kwh"
"Time ","DAGSR01P","DAGSR01P","DAGSR01P","DAGSR01P","DAGSR01P","DAGSR01P"
" 1/16/26 00:15",0.000,236.749,63.500,0.000,113.459,0.000
" 1/16/26 00:30",0.000,236.800,63.500,0.000,113.306,0.000
"00:45",0.000,236.390,63.500,0.000,113.613,0.000
"01:00",0.000,236.442,63.500,0.000,113.306,0.000
"01:15",0.000,239.104,63.600,0.000,114.995,0.000
"01:30",0.000,239.667,63.600,0.000,115.046,0.000
"01:45",0.000,239.411,63.600,0.000,115.200,0.000
"02:00",0.000,239.514,63.500,0.000,115.302,0.000
"02:15",0.000,239.821,63.500,0.000,114.995,0.000
"02:30",0.000,239.974,63.600,0.000,115.098,0.000
"02:45",0.000,240.179,63.600,0.000,115.046,0.000
"03:00",0.000,240.026,63.600,0.000,114.893,0.000
"03:15",0.000,240.538,63.600,0.000,114.483,0.000
"03:30",0.000,239.923,63.600,0.000,114.944,0.000
"03:45",0.000,240.435,63.600,0.000,114.944,0.000
"04:00",0.000,240.128,63.600,0.000,114.790,0.000
"04:15",0.000,239.616,63.600,0.000,114.944,0.000
"04:30",0.000,240.384,63.600,0.000,115.046,0.000
"04:45",0.000,240.179,63.600,0.000,115.200,0.000
"05:00",0.000,238.080,63.600,0.000,114.739,0.000
"05:15",0.000,237.414,63.600,0.000,114.125,0.000
"05:30",0.000,237.158,63.600,0.000,113.357,0.000
"05:45",0.000,237.210,63.600,0.000,112.896,0.000
"06:00",0.000,237.158,63.600,0.000,113.152,0.000
"06:15",0.000,236.954,63.600,0.000,113.050,0.000
"06:30",0.000,236.493,63.600,0.000,113.306,0.000
"06:45",0.000,236.800,63.600,0.000,113.613,0.000
"07:00",0.000,236.442,63.600,0.000,113.664,0.000
"07:15",0.000,235.878,63.600,0.000,113.869,0.000
"07:30",0.000,234.138,63.600,0.000,113.613,0.000
"07:45",0.000,215.962,63.600,0.000,104.499,0.000
"08:00",0.000,191.898,63.600,0.000,92.518,0.000
"08:15",0.000,179.405,63.500,0.000,92.826,0.000
"08:30",0.000,177.613,63.600,0.000,92.570,0.000
"08:45",0.000,169.830,63.600,0.000,93.082,0.000
"09:00",0.000,157.696,63.500,0.000,93.286,0.000
"09:15",0.000,154.214,63.600,0.000,93.286,0.000
"09:30",0.000,151.296,63.500,0.000,93.082,0.000
"09:45",0.000,136.602,63.500,0.000,93.286,0.000
"10:00",0.000,142.080,63.500,0.000,101.837,0.000
"10:15",0.000,164.915,63.600,0.000,115.098,0.000
"10:30",0.000,160.461,63.600,0.000,115.149,0.000
"10:45",0.000,154.522,63.500,0.000,115.354,0.000
"11:00",0.000,150.733,63.500,0.000,115.712,0.000
"11:15",0.000,147.763,63.500,0.000,115.712,0.000
"11:30",0.000,145.357,63.600,0.000,116.173,0.000
"11:45",0.000,143.411,63.600,0.000,116.122,0.000
"12:00",0.000,142.029,63.500,0.000,116.173,0.000
"12:15",0.000,138.598,63.500,0.000,116.326,0.000
"12:30",0.000,136.755,63.500,0.000,116.275,0.000
"12:45",0.000,136.346,63.600,0.000,116.378,0.000
"13:00",0.000,136.397,63.600,0.000,116.531,0.000
"13:15",0.000,138.189,63.600,0.000,117.709,0.000
"13:30",0.000,143.053,63.600,0.000,118.067,0.000
"13:45",0.000,139.776,63.600,0.000,118.170,0.000
"14:00",0.000,139.162,63.600,0.000,118.477,0.000
"14:15",0.000,141.107,63.600,0.000,118.426,0.000
"14:30",0.000,140.134,63.600,0.000,119.347,0.000
"14:45",0.000,140.390,63.600,0.000,119.040,0.000
"15:00",0.000,164.096,63.600,0.000,117.504,0.000
"15:15",0.000,115.046,63.600,0.000,110.182,0.000
"15:30",0.000,107.008,63.600,0.000,108.083,0.000
"15:45",0.000,104.038,63.600,0.000,103.680,0.000
"16:00",0.000,82.688,63.600,0.000,95.744,0.000
"16:15",0.000,100.966,63.600,0.000,95.386,0.000
"16:30",0.000,102.758,63.600,0.000,95.334,0.000
"16:45",0.000,100.915,63.600,0.000,95.386,0.000
"17:00",0.000,101.325,63.600,0.000,94.976,0.000
"17:15",0.000,108.851,63.600,0.000,95.283,0.000
"17:30",0.000,112.794,63.600,0.000,95.027,0.000
"17:45",0.000,120.934,63.600,0.000,93.030,0.000
"18:00",0.000,117.914,63.600,0.000,93.696,0.000
"18:15",0.000,122.931,63.600,0.000,92.723,0.000
"18:30",0.000,130.816,63.600,0.000,92.314,0.000
"18:45",0.000,139.315,63.600,0.000,92.160,0.000
"19:00",0.000,152.422,63.600,0.000,92.262,0.000
"19:15",0.000,159.539,63.600,0.000,92.262,0.000
"19:30",0.000,162.560,63.600,0.000,92.467,0.000
"19:45",0.000,166.810,63.600,0.000,92.928,0.000
"20:00",0.000,169.677,63.600,0.000,92.979,0.000
"20:15",0.000,170.598,63.600,0.000,92.570,0.000
"20:30",0.000,171.622,63.600,0.000,92.262,0.000
"20:45",0.000,172.442,63.600,0.000,91.392,0.000
"21:00",0.000,171.878,63.500,0.000,91.955,0.000
"21:15",0.000,171.981,63.600,0.000,91.750,0.000
"21:30",0.000,171.674,63.500,0.000,91.853,0.000
"21:45",0.000,171.776,63.500,0.000,91.955,0.000
"22:00",0.000,172.134,63.600,0.000,91.955,0.000
"22:15",0.000,171.674,63.600,0.000,92.058,0.000
"22:30",0.000,171.878,63.500,0.000,91.853,0.000
"22:45",0.000,171.725,63.500,0.000,91.802,0.000
"23:00",0.000,172.237,63.500,0.000,91.597,0.000
"23:15",0.000,172.032,63.500,0.000,91.802,0.000
"23:30",0.000,171.622,63.600,0.000,91.699,0.000
"23:45",0.000,172.442,63.600,0.000,92.211,0.000
" 1/16/26 24:00",0.000,172.749,63.600,0.000,92.467,0.000
