"kwh"
"Time ","DAGSR01P","DAGSR01P","DAGSR01P","DAGSR01P","DAGSR01P","DAGSR01P"
" 2/16/26 00:15",0.000,5.683,63.600,7.936,0.000,0.000
" 2/16/26 00:30",0.000,5.427,63.600,7.885,0.000,0.000
"00:45",0.000,5.734,63.600,8.141,0.000,0.000
"01:00",0.000,5.581,63.600,8.653,0.000,0.000
"01:15",0.000,5.734,63.600,9.011,0.000,0.000
"01:30",0.000,5.018,63.600,8.653,0.000,0.000
"01:45",0.000,4.608,63.600,8.602,0.000,0.000
"02:00",0.000,5.120,63.400,9.114,0.000,0.000
"02:15",0.000,2.662,62.200,12.851,0.000,0.000
"02:30",0.000,2.150,61.600,13.210,0.000,0.000
"02:45",0.000,1.946,61.500,13.261,0.000,0.000
"03:00",0.000,2.048,61.800,13.056,0.000,0.000
"03:15",0.000,2.048,61.900,13.005,0.000,0.000
"03:30",0.000,2.048,62.000,13.056,0.000,0.000
"03:45",0.000,2.099,62.200,12.749,0.000,0.000
"04:00",0.000,2.253,61.900,12.851,0.000,0.000
"04:15",0.000,2.509,61.900,12.954,0.000,0.000
"04:30",0.000,2.150,61.800,13.005,0.000,0.000
"04:45",0.000,1.894,61.800,13.107,0.000,0.000
"05:00",0.000,1.997,61.700,13.312,0.000,0.000
"05:15",0.000,1.997,61.700,13.312,0.000,0.000
"05:30",0.000,1.843,61.800,13.261,0.000,0.000
"05:45",0.000,1.997,61.900,13.107,0.000,0.000
"06:00",0.000,1.997,61.900,13.107,0.000,0.000
"06:15",0.000,2.150,63.000,12.237,0.000,0.000
"06:30",0.000,2.150,63.800,11.366,0.000,0.000
"06:45",0.000,2.202,63.900,11.366,0.000,0.000
"07:00",0.000,2.048,63.400,11.981,0.000,0.000
"07:15",0.000,2.202,63.400,11.878,0.000,0.000
"07:30",0.000,2.355,63.600,11.622,0.000,0.000
"07:45",0.000,2.406,63.800,11.418,0.000,0.000
"08:00",0.000,2.253,63.800,11.264,0.000,0.000
"08:15",0.000,2.150,63.800,11.162,0.000,0.000
"08:30",0.000,2.253,63.800,11.264,0.000,0.000
"08:45",0.000,2.355,63.800,11.469,0.000,0.000
"09:00",0.000,2.304,63.800,11.469,0.000,0.000
"09:15",0.000,2.048,63.800,11.162,0.000,0.000
"09:30",0.051,1.946,63.800,8.448,0.000,0.000
"09:45",0.102,1.946,63.700,7.629,0.000,0.000
"10:00",0.973,2.304,63.700,5.427,0.256,0.000
"10:15",40.755,0.000,63.600,0.000,0.000,0.000
"10:30",67.328,0.000,63.600,0.000,0.000,0.000
"10:45",72.397,0.000,63.600,0.000,0.000,0.000
"11:00",76.698,0.000,63.600,0.000,0.000,0.000
"11:15",80.128,0.000,63.600,0.000,0.000,0.000
"11:30",83.866,0.000,63.600,0.000,0.000,0.000
"11:45",87.706,0.000,63.600,0.000,0.000,0.102
"12:00",88.832,0.000,63.600,0.000,0.000,0.461
"12:15",89.907,0.000,63.700,0.000,0.000,0.973
"12:30",92.160,0.000,63.700,0.000,0.000,0.819
"12:45",93.850,0.000,63.700,0.000,0.000,0.819
"13:00",94.054,0.000,63.700,0.000,0.000,0.819
"13:15",94.464,0.000,63.700,0.000,0.000,0.768
"13:30",94.362,0.000,63.700,0.000,0.000,0.717
"13:45",94.976,0.000,63.700,0.000,0.000,0.819
"14:00",94.720,0.000,63.700,0.000,0.000,0.870
"14:15",94.515,0.000,63.700,0.000,0.000,0.870
"14:30",93.184,0.000,63.700,0.000,0.000,0.973
"14:45",91.699,0.000,63.700,0.000,0.000,1.024
"15:00",90.880,0.000,63.700,0.000,0.000,0.973
"15:15",89.037,0.000,63.700,0.000,0.000,0.666
"15:30",86.323,0.000,63.700,0.000,0.000,0.614
"15:45",83.200,0.000,63.700,0.000,0.000,0.614
"16:00",79.718,0.000,63.600,0.000,0.000,0.563
"16:15",75.930,0.000,63.600,0.000,0.000,0.461
"16:30",71.117,0.000,63.600,0.000,0.000,0.614
"16:45",66.150,0.000,63.600,0.000,0.000,0.410
"17:00",62.362,0.000,63.600,0.000,0.000,0.154
"17:15",59.597,0.000,63.600,0.000,0.000,0.000
"17:30",53.248,0.000,63.700,0.000,0.000,0.000
"17:45",48.333,0.000,63.700,0.000,0.000,0.000
"18:00",42.957,0.000,63.700,0.000,0.000,0.000
"18:15",36.864,0.000,63.700,0.000,0.000,0.000
"18:30",28.006,0.000,63.700,0.000,0.000,0.000
"18:45",20.122,0.000,63.700,0.000,0.000,0.000
"19:00",12.954,0.000,63.700,0.000,0.000,0.000
"19:15",6.093,0.000,63.600,0.000,0.000,0.000
"19:30",1.587,0.563,63.700,2.714,0.000,0.000
"19:45",0.205,2.765,63.600,4.198,0.000,0.000
"20:00",0.000,3.942,63.600,5.990,0.000,0.000
"20:15",0.000,4.915,63.600,5.888,0.000,0.000
"20:30",0.000,5.478,63.600,6.195,0.000,0.000
"20:45",0.000,5.427,63.600,6.246,0.000,0.000
"21:00",0.000,4.403,63.600,6.963,0.000,0.000
"21:15",0.000,4.506,63.600,6.963,0.000,0.000
"21:30",0.000,4.454,63.600,7.219,0.000,0.000
"21:45",0.000,4.506,63.600,6.912,0.000,0.000
"22:00",0.000,5.888,63.600,6.451,0.000,0.000
"22:15",0.000,5.888,63.600,6.554,0.000,0.000
"22:30",0.000,6.298,63.600,6.349,0.000,0.000
"22:45",0.000,4.966,63.600,7.117,0.000,0.000
"23:00",0.000,4.915,63.600,7.373,0.000,0.000
"23:15",0.000,4.813,63.600,7.322,0.000,0.000
"23:30",0.000,5.018,63.600,7.322,0.000,0.000
"23:45",0.000,5.939,63.600,6.707,0.000,0.000
" 2/16/26 24:00",0.000,5.376,63.600,6.349,0.000,0.000
