"kwh"
"Time ","DAGSR01P","DAGSR01P","DAGSR01P","DAGSR01P","DAGSR01P","DAGSR01P"
"10/04/26 00:15",0.000,74.086,63.700,0.000,35.942,0.000
"10/04/26 00:30",0.000,74.189,63.700,0.000,35.942,0.000
"00:45",0.000,74.240,63.700,0.000,35.994,0.000
"01:00",0.000,74.138,63.700,0.000,35.994,0.000
"01:15",0.000,74.035,63.700,0.000,35.891,0.000
"01:30",0.000,74.547,63.600,0.000,35.430,0.000
"01:45",0.000,74.086,63.700,0.000,35.686,0.000
"02:00",0.000,74.394,63.700,0.000,35.277,0.000
"02:15",0.000,74.138,63.700,0.000,35.430,0.000
"02:30",0.000,74.240,63.600,0.000,35.226,0.000
"02:45",0.000,73.933,63.700,0.000,35.738,0.000
"03:00",0.000,74.291,63.600,0.000,35.635,0.000
"03:15",0.000,73.779,63.700,0.000,35.430,0.000
"03:30",0.000,71.014,63.700,0.000,33.946,0.000
"03:45",0.000,70.963,63.700,0.000,33.946,0.000
"04:00",0.000,70.912,63.700,0.000,34.048,0.000
"04:15",0.000,71.424,63.700,0.000,34.150,0.000
"04:30",0.000,71.014,63.700,0.000,33.946,0.000
"04:45",0.000,71.219,63.700,0.000,33.792,0.000
"05:00",0.000,71.475,63.700,0.000,34.099,0.000
"05:15",0.000,71.936,63.700,0.000,34.458,0.000
"05:30",0.000,71.936,63.700,0.000,34.406,0.000
"05:45",0.000,70.912,63.700,0.000,33.997,0.000
"06:00",0.000,71.014,63.700,0.000,33.894,0.000
"06:15",0.000,70.963,63.700,0.000,33.843,0.000
"06:30",0.000,71.373,63.700,0.000,33.587,0.000
"06:45",0.000,71.526,63.700,0.000,33.792,0.000
"07:00",0.000,71.014,63.700,0.000,33.792,0.000
"07:15",0.000,70.758,63.700,0.000,33.997,0.000
"07:30",0.000,70.298,63.700,0.000,34.202,0.000
"07:45",0.000,68.659,63.700,0.000,34.253,0.000
"08:00",0.000,62.618,63.700,0.000,34.509,0.000
"08:15",0.000,58.829,63.700,0.000,34.918,0.000
"08:30",0.000,56.320,63.700,0.000,34.970,0.000
"08:45",0.000,54.528,63.700,0.000,34.816,0.000
"09:00",0.000,46.285,63.800,0.000,35.021,0.000
"09:15",0.000,39.987,63.700,0.000,34.765,0.000
"09:30",0.051,13.158,63.800,0.000,33.536,1.024
"09:45",2.099,2.202,63.800,0.000,13.926,20.634
"10:00",8.397,0.973,63.800,0.000,5.939,29.133
"10:15",16.589,0.205,63.800,0.000,0.819,34.816
"10:30",20.992,0.666,63.800,0.000,1.792,33.792
"10:45",7.322,5.632,63.800,0.000,18.125,16.691
"11:00",14.336,6.042,63.800,0.000,15.258,20.378
"11:15",33.536,0.512,63.800,0.000,1.792,34.304
"11:30",33.485,2.150,63.800,0.000,3.942,32.358
"11:45",29.338,5.325,63.800,0.000,7.117,28.928
"12:00",35.840,0.000,63.800,0.000,0.307,36.403
"12:15",21.811,2.509,63.800,0.000,9.523,26.368
"12:30",28.006,2.406,63.800,0.000,9.216,27.750
"12:45",37.734,0.256,63.800,0.000,1.075,36.045
"13:00",28.314,1.587,63.800,0.000,3.840,32.358
"13:15",36.045,0.000,63.800,0.000,0.000,36.403
"13:30",35.738,0.000,63.800,0.000,0.000,36.659
"13:45",32.768,0.051,63.800,0.000,0.154,36.352
"14:00",36.762,0.000,63.800,0.000,0.000,36.813
"14:15",18.944,0.666,63.800,0.000,5.222,31.181
"14:30",22.221,0.205,63.800,0.000,1.741,34.662
"14:45",33.638,0.000,63.800,0.000,0.051,36.915
"15:00",27.699,1.075,63.800,0.000,4.301,32.256
"15:15",13.005,2.662,63.800,0.000,11.059,24.832
"15:30",20.787,3.994,63.800,0.000,10.752,22.784
"15:45",31.949,0.205,63.800,0.000,0.768,13.517
"16:00",32.051,0.358,63.800,0.000,1.382,13.363
"16:15",3.738,0.768,63.700,0.000,3.891,9.933
"16:30",1.741,1.536,63.700,0.000,5.786,7.782
"16:45",2.304,1.331,63.700,0.000,6.195,7.885
"17:00",0.410,6.093,63.700,0.000,11.827,2.406
"17:15",0.000,13.568,63.700,0.000,13.875,0.000
"17:30",0.000,18.125,63.800,0.000,13.517,0.000
"17:45",0.000,23.962,63.700,0.000,13.517,0.000
"18:00",0.000,27.392,63.800,0.000,13.619,0.000
"18:15",0.000,30.771,63.800,0.000,12.954,0.000
"18:30",0.000,31.130,63.800,0.000,13.261,0.000
"18:45",0.000,30.925,63.700,0.000,13.312,0.000
"19:00",0.000,34.253,63.700,0.000,14.592,0.000
"19:15",0.000,40.192,63.800,0.000,14.848,0.000
"19:30",0.000,40.397,63.800,0.000,14.541,0.000
"19:45",0.000,41.165,63.700,0.000,14.336,0.000
"20:00",0.000,40.909,63.700,0.000,14.285,0.000
"20:15",0.000,41.216,63.700,0.000,14.131,0.000
"20:30",0.000,40.448,63.700,0.000,14.490,0.000
"20:45",0.000,40.346,63.700,0.000,14.592,0.000
"21:00",0.000,40.704,63.700,0.000,14.643,0.000
"21:15",0.000,40.653,63.700,0.000,14.541,0.000
"21:30",0.000,40.960,63.700,0.000,14.592,0.000
"21:45",0.000,40.704,63.700,0.000,14.285,0.000
"22:00",0.000,40.755,63.700,0.000,14.080,0.000
"22:15",0.000,40.806,63.700,0.000,14.234,0.000
"22:30",0.000,30.003,63.700,18944.000,9.574,0.000
"22:45",0.000,7.373,63.700,60416.000,0.000,0.000
"23:00",0.000,7.578,63.700,60416.000,0.000,0.000
"23:15",0.000,6.963,63.700,55296.000,0.000,0.000
"23:30",0.000,7.270,63.700,47104.000,0.000,0.000
"23:45",0.000,7.526,63.700,44544.000,0.000,0.000
"10/04/26 24:00",0.000,7.424,63.800,47616.000,0.000,0.000
