"kwh"
"Time ","DAGSR01P","DAGSR01P","DAGSR01P","DAGSR01P","DAGSR01P","DAGSR01P"
" 5/08/26 00:15",0.000,5.376,63.600,4.301,0.000,0.000
" 5/08/26 00:30",0.000,5.018,63.700,4.557,0.000,0.000
"00:45",0.000,6.195,63.700,4.198,0.000,0.000
"01:00",0.000,5.734,63.700,3.942,0.000,0.000
"01:15",0.000,4.762,63.700,4.915,0.000,0.000
"01:30",0.000,4.352,63.700,5.120,0.000,0.000
"01:45",0.000,5.888,63.700,3.994,0.000,0.000
"02:00",0.000,5.376,63.700,4.352,0.000,0.000
"02:15",0.000,4.506,63.700,5.069,0.000,0.000
"02:30",0.000,5.120,63.700,4.813,0.000,0.000
"02:45",0.000,5.683,63.700,4.250,0.000,0.000
"03:00",0.000,4.762,63.700,5.171,0.000,0.000
"03:15",0.000,4.403,63.700,5.478,0.000,0.000
"03:30",0.000,5.478,63.700,4.659,0.000,0.000
"03:45",0.000,5.427,63.700,4.454,0.000,0.000
"04:00",0.000,5.581,63.700,4.403,0.000,0.000
"04:15",0.000,5.274,63.700,5.222,0.000,0.000
"04:30",0.000,4.403,63.700,5.478,0.000,0.000
"04:45",0.000,5.069,63.700,4.710,0.000,0.000
"05:00",0.000,5.478,63.700,4.557,0.000,0.000
"05:15",0.000,5.376,63.700,4.454,0.000,0.000
"05:30",0.000,5.376,63.700,4.608,0.000,0.000
"05:45",0.000,4.813,63.700,5.530,0.000,0.000
"06:00",0.000,4.608,63.600,5.478,0.000,0.000
"06:15",0.000,5.376,63.700,4.250,0.000,0.000
"06:30",0.000,5.990,63.700,4.147,0.000,0.000
"06:45",0.000,5.427,63.700,4.198,0.000,0.000
"07:00",0.000,5.632,63.700,3.942,0.000,0.000
"07:15",0.000,5.888,63.600,4.096,0.000,0.000
"07:30",0.000,5.939,63.600,4.096,0.000,0.000
"07:45",0.000,5.632,63.600,5.018,0.000,0.000
"08:00",0.000,5.325,63.600,5.018,0.000,0.000
"08:15",0.000,28.365,63.600,1.126,11.059,0.000
"08:30",0.000,37.171,63.600,0.000,16.640,0.000
"08:45",0.000,30.003,63.600,0.000,16.384,0.000
"09:00",0.000,16.691,63.600,0.000,16.435,0.000
"09:15",0.051,7.014,63.600,0.000,16.026,0.358
"09:30",2.918,0.717,63.600,0.000,4.710,11.827
"09:45",11.213,0.000,63.600,0.000,0.000,16.538
"10:00",19.098,0.000,63.600,0.000,0.000,16.435
"10:15",26.778,0.000,63.600,0.000,0.000,15.923
"10:30",33.946,0.000,63.700,0.000,0.000,16.282
"10:45",38.246,0.000,63.700,0.000,0.000,17.971
"11:00",19.661,0.000,63.700,0.000,0.000,28.211
"11:15",49.766,0.000,63.700,0.000,0.000,17.971
"11:30",53.709,0.000,63.700,0.000,0.000,18.534
"11:45",58.010,0.000,63.700,0.000,0.000,18.534
"12:00",88.013,0.000,63.700,0.000,0.000,4.250
"12:15",98.048,0.000,63.700,0.000,0.000,0.717
"12:30",100.250,0.000,63.700,0.000,0.000,0.768
"12:45",101.376,0.000,63.700,0.000,0.000,0.819
"13:00",102.451,0.000,63.700,0.000,0.000,0.717
"13:15",103.834,0.000,63.700,0.000,0.000,0.768
"13:30",82.381,0.000,63.700,0.000,0.000,12.442
"13:45",70.298,0.000,63.700,0.000,0.000,18.637
"14:00",70.042,0.000,63.700,0.000,0.000,18.125
"14:15",68.045,0.000,63.600,0.000,0.000,18.688
"14:30",62.669,0.000,63.600,0.000,0.000,21.043
"14:45",30.618,0.000,63.600,0.000,0.000,32.922
"15:00",27.546,0.000,63.600,0.000,0.000,32.870
"15:15",24.422,0.000,63.600,0.000,0.000,32.614
"15:30",20.890,0.000,63.600,0.000,0.000,32.614
"15:45",16.282,0.000,63.600,0.000,0.000,32.461
"16:00",11.264,0.000,63.700,0.000,0.000,32.000
"16:15",25.242,0.000,63.700,0.000,0.000,20.224
"16:30",32.410,0.000,63.700,0.000,0.000,11.981
"16:45",26.317,0.000,63.700,0.000,0.000,11.725
"17:00",19.456,0.000,63.700,0.000,0.000,11.520
"17:15",11.315,0.000,63.700,0.000,0.000,11.315
"17:30",3.379,0.666,63.700,0.000,3.123,8.192
"17:45",22.733,0.410,63.700,0.000,1.075,0.563
"18:00",16.845,1.178,63.600,0.000,0.512,0.000
"18:15",4.710,1.024,63.600,1.126,0.000,0.000
"18:30",0.051,3.226,63.600,3.277,0.000,0.000
"18:45",0.000,4.608,63.600,4.659,0.000,0.000
"19:00",0.000,5.632,63.600,3.840,0.000,0.000
"19:15",0.000,6.400,63.600,3.277,0.000,0.000
"19:30",0.000,6.605,63.600,3.123,0.000,0.000
"19:45",0.000,6.554,63.600,3.021,0.000,0.000
"20:00",0.000,6.502,63.600,3.379,0.000,0.000
"20:15",0.000,6.554,63.600,3.226,0.000,0.000
"20:30",0.000,6.400,63.600,3.277,0.000,0.000
"20:45",0.000,6.451,63.600,3.123,0.000,0.000
"21:00",0.000,6.502,63.600,3.635,0.051,0.000
"21:15",0.000,6.451,63.700,3.789,0.000,0.000
"21:30",0.000,5.888,63.700,3.942,0.000,0.000
"21:45",0.000,6.042,63.700,3.942,0.000,0.000
"22:00",0.000,5.990,63.700,3.994,0.000,0.000
"22:15",0.000,6.144,63.700,4.352,0.000,0.000
"22:30",0.000,5.786,63.700,3.738,0.000,0.000
"22:45",0.000,5.888,63.700,4.301,0.000,0.000
"23:00",0.000,5.581,63.700,4.198,0.000,0.000
"23:15",0.000,6.451,63.700,4.301,0.000,0.000
"23:30",0.000,6.554,63.700,4.454,0.000,0.000
"23:45",0.000,6.349,63.700,4.147,0.000,0.000
" 5/08/26 24:00",0.000,8.192,63.700,4.045,0.410,0.000
