"kwh"
"Time ","DAGSR01P","DAGSR01P","DAGSR01P","DAGSR01P","DAGSR01P","DAGSR01P"
" 6/21/26 00:15",0.000,5.069,63.700,7.526,0.000,0.000
" 6/21/26 00:30",0.000,4.454,63.700,7.629,0.000,0.000
"00:45",0.000,3.789,63.700,8.192,0.000,0.000
"01:00",0.000,3.789,63.700,7.936,0.000,0.000
"01:15",0.000,3.789,63.700,7.885,0.000,0.000
"01:30",0.000,5.222,63.700,6.810,0.000,0.000
"01:45",0.000,3.738,63.700,7.424,0.000,0.000
"02:00",0.000,4.096,63.700,8.090,0.000,0.000
"02:15",0.000,4.454,63.700,8.038,0.000,0.000
"02:30",0.000,4.506,63.700,7.782,0.000,0.000
"02:45",0.000,3.942,63.700,8.397,0.000,0.000
"03:00",0.000,4.147,63.700,7.782,0.000,0.000
"03:15",0.000,4.966,63.700,7.270,0.000,0.000
"03:30",0.000,3.942,63.700,8.448,0.000,0.000
"03:45",0.000,3.686,63.700,8.141,0.000,0.000
"04:00",0.000,3.891,63.700,7.936,0.000,0.000
"04:15",0.000,4.454,63.700,7.885,0.000,0.000
"04:30",0.000,4.198,63.700,7.731,0.000,0.000
"04:45",0.000,3.584,63.700,7.936,0.000,0.000
"05:00",0.000,3.379,63.600,7.987,0.000,0.000
"05:15",0.000,4.813,63.700,7.629,0.000,0.000
"05:30",0.000,4.045,63.700,7.885,0.000,0.000
"05:45",0.000,3.584,63.600,7.987,0.000,0.000
"06:00",0.000,3.584,63.600,8.141,0.000,0.000
"06:15",0.000,3.584,63.700,7.885,0.000,0.000
"06:30",0.000,4.045,63.700,7.578,0.000,0.000
"06:45",0.000,4.096,63.700,7.731,0.000,0.000
"07:00",0.000,4.301,63.700,7.526,0.000,0.000
"07:15",0.000,4.250,63.700,7.424,0.000,0.000
"07:30",0.000,5.018,63.700,6.349,0.000,0.000
"07:45",0.000,4.096,63.700,7.168,0.000,0.000
"08:00",0.000,4.557,63.700,7.475,0.000,0.000
"08:15",0.000,4.557,63.700,7.578,0.000,0.000
"08:30",0.000,5.990,63.700,6.758,0.000,0.000
"08:45",0.000,4.403,63.700,7.066,0.000,0.000
"09:00",0.000,3.789,63.700,6.758,0.000,0.000
"09:15",0.000,3.738,63.700,6.810,0.000,0.000
"09:30",0.154,4.045,63.700,5.478,0.000,0.000
"09:45",0.922,1.024,63.700,3.840,0.000,0.000
"10:00",0.768,1.178,63.700,4.301,0.000,0.000
"10:15",0.358,2.099,63.800,4.710,0.000,0.000
"10:30",0.614,1.638,63.800,3.738,0.000,0.000
"10:45",3.891,0.000,63.800,0.358,0.000,0.000
"11:00",7.834,0.000,63.800,0.000,0.000,0.000
"11:15",7.117,0.000,63.800,0.000,0.000,0.000
"11:30",7.168,0.000,63.800,0.000,0.000,0.000
"11:45",11.264,0.000,63.800,0.000,0.000,0.000
"12:00",12.595,0.000,63.800,0.000,0.000,0.000
"12:15",11.264,0.000,63.800,0.000,0.000,0.000
"12:30",8.243,0.000,63.800,0.000,0.000,0.000
"12:45",14.080,0.000,63.800,0.000,0.000,0.000
"13:00",14.592,0.000,63.800,0.000,0.000,0.000
"13:15",11.827,0.000,63.700,0.000,0.000,0.000
"13:30",16.128,0.000,63.800,0.000,0.000,0.000
"13:45",15.974,0.000,63.800,0.000,0.000,0.000
"14:00",19.149,0.000,63.800,0.000,0.000,0.000
"14:15",15.923,0.000,63.800,0.000,0.000,0.000
"14:30",40.806,0.000,63.800,0.000,0.000,0.000
"14:45",17.203,0.000,63.700,0.000,0.000,0.000
"15:00",11.469,0.051,63.700,0.410,0.000,0.000
"15:15",12.493,0.000,63.800,0.000,0.000,0.000
"15:30",18.330,0.000,63.700,0.000,0.000,0.000
"15:45",24.883,0.000,63.800,0.000,0.000,0.000
"16:00",29.082,0.000,63.800,0.000,0.000,0.000
"16:15",42.035,0.000,63.800,0.000,0.000,0.000
"16:30",57.190,0.000,63.800,0.000,0.000,0.000
"16:45",29.696,0.000,63.700,0.000,0.000,0.000
"17:00",19.405,0.000,63.700,0.000,0.000,0.000
"17:15",19.302,0.000,63.700,0.000,0.000,0.000
"17:30",2.509,0.256,63.700,1.946,0.000,0.000
"17:45",2.509,0.102,63.700,1.382,0.000,0.000
"18:00",0.051,3.482,63.700,5.530,0.000,0.000
"18:15",0.000,4.045,63.700,6.912,0.000,0.000
"18:30",0.000,5.325,63.700,7.066,0.000,0.000
"18:45",0.000,5.786,63.700,6.758,0.000,0.000
"19:00",0.000,6.042,63.700,6.195,0.000,0.000
"19:15",0.000,4.710,63.700,6.707,0.000,0.000
"19:30",0.000,4.659,63.700,6.861,0.000,0.000
"19:45",0.000,4.710,63.700,6.861,0.000,0.000
"20:00",0.000,4.710,63.700,6.656,0.000,0.000
"20:15",0.000,6.246,63.700,6.042,0.000,0.000
"20:30",0.000,4.352,63.700,7.066,0.000,0.000
"20:45",0.000,4.557,63.700,6.912,0.000,0.000
"21:00",0.000,4.608,63.700,6.810,0.000,0.000
"21:15",0.000,5.325,63.700,6.656,0.000,0.000
"21:30",0.000,5.171,63.700,6.810,0.000,0.000
"21:45",0.000,4.966,63.700,7.117,0.000,0.000
"22:00",0.000,4.915,63.700,7.270,0.000,0.000
"22:15",0.000,5.888,63.700,6.758,0.000,0.000
"22:30",0.000,4.864,63.700,7.475,0.000,0.000
"22:45",0.000,4.608,63.700,7.424,0.000,0.000
"23:00",0.000,4.813,63.700,7.424,0.000,0.000
"23:15",0.000,6.246,63.700,6.861,0.000,0.000
"23:30",0.000,5.274,63.700,7.475,0.000,0.000
"23:45",0.000,4.864,63.700,7.731,0.000,0.000
" 6/21/26 24:00",0.000,4.710,63.700,7.834,0.000,0.000
