"kwh"
"Time ","DAGSR01P","DAGSR01P","DAGSR01P","DAGSR01P","DAGSR01P","DAGSR01P"
" 6/19/26 00:15",0.000,5.530,63.700,6.707,0.000,0.000
" 6/19/26 00:30",0.000,5.734,63.700,6.861,0.000,0.000
"00:45",0.000,7.578,63.700,6.042,0.000,0.000
"01:00",0.000,5.478,63.700,6.758,0.000,0.000
"01:15",0.000,5.325,63.700,6.758,0.000,0.000
"01:30",0.000,5.069,63.700,7.117,0.000,0.000
"01:45",0.000,5.632,63.700,6.861,0.000,0.000
"02:00",0.000,5.888,63.700,6.349,0.000,0.000
"02:15",0.000,5.632,63.700,6.963,0.000,0.000
"02:30",0.000,5.888,63.700,7.526,0.000,0.000
"02:45",0.000,5.530,63.700,7.168,0.000,0.000
"03:00",0.000,5.786,63.700,6.656,0.000,0.000
"03:15",0.000,5.120,63.700,7.680,0.000,0.000
"03:30",0.000,5.120,63.700,7.373,0.000,0.000
"03:45",0.000,5.786,63.700,6.605,0.000,0.000
"04:00",0.000,6.195,63.700,6.758,0.000,0.000
"04:15",0.000,5.018,63.700,6.963,0.000,0.000
"04:30",0.000,5.478,63.700,7.014,0.000,0.000
"04:45",0.000,5.274,63.700,6.912,0.000,0.000
"05:00",0.000,5.683,63.700,6.758,0.000,0.000
"05:15",0.000,5.222,63.700,7.066,0.000,0.000
"05:30",0.000,5.018,63.700,7.066,0.000,0.000
"05:45",0.000,6.195,63.700,6.349,0.000,0.000
"06:00",0.000,5.530,63.700,6.912,0.000,0.000
"06:15",0.000,5.018,63.700,6.810,0.000,0.000
"06:30",0.000,5.120,63.700,7.117,0.000,0.000
"06:45",0.000,6.195,63.700,6.400,0.000,0.000
"07:00",0.000,4.864,63.700,6.963,0.000,0.000
"07:15",0.000,4.813,63.700,6.810,0.000,0.000
"07:30",0.000,5.171,63.700,6.810,0.000,0.000
"07:45",0.000,6.451,63.600,6.400,0.000,0.000
"08:00",0.000,5.222,63.600,6.810,0.000,0.000
"08:15",0.000,5.939,63.700,7.066,0.000,0.000
"08:30",0.000,5.376,63.700,7.219,0.000,0.000
"08:45",0.051,4.966,63.600,6.093,0.000,0.000
"09:00",1.331,1.229,63.600,3.994,0.000,0.000
"09:15",4.915,0.000,63.600,0.307,0.000,0.000
"09:30",21.453,0.000,63.700,0.000,0.000,0.000
"09:45",31.642,0.000,63.700,0.000,0.000,0.000
"10:00",41.216,0.000,63.700,0.000,0.000,0.000
"10:15",48.333,0.000,63.700,0.000,0.000,0.000
"10:30",54.630,0.000,63.700,0.000,0.000,0.000
"10:45",60.262,0.000,63.700,0.000,0.000,0.000
"11:00",68.045,0.000,63.700,0.000,0.000,0.000
"11:15",72.243,0.000,63.700,0.000,0.000,0.000
"11:30",75.776,0.000,63.700,0.000,0.000,0.051
"11:45",79.514,0.000,63.700,0.000,0.000,0.051
"12:00",83.507,0.000,63.700,0.000,0.000,0.000
"12:15",87.091,0.000,63.700,0.000,0.000,0.000
"12:30",89.293,0.000,63.700,0.000,0.000,0.000
"12:45",89.958,0.000,63.700,0.000,0.000,0.102
"13:00",92.314,0.000,63.700,0.000,0.000,0.000
"13:15",93.696,0.000,63.700,0.000,0.000,0.051
"13:30",94.464,0.000,63.700,0.000,0.000,0.051
"13:45",93.338,0.000,63.700,0.000,0.000,0.154
"14:00",94.106,0.000,63.700,0.000,0.000,0.000
"14:15",92.211,0.000,63.700,0.000,0.000,0.000
"14:30",91.443,0.000,63.700,0.000,0.000,0.051
"14:45",63.334,0.717,63.600,0.717,0.512,0.051
"15:00",43.930,0.000,63.700,0.000,0.000,0.000
"15:15",84.275,0.000,63.700,0.000,0.000,0.000
"15:30",79.667,0.000,63.700,0.000,0.000,0.000
"15:45",56.064,0.000,63.700,0.000,0.000,10.138
"16:00",65.587,0.000,63.700,0.000,0.000,2.918
"16:15",66.099,0.000,63.700,0.000,0.000,0.000
"16:30",57.907,0.000,63.700,0.000,0.000,0.000
"16:45",50.586,0.000,63.700,0.000,0.000,0.000
"17:00",44.032,0.000,63.700,0.000,0.000,0.000
"17:15",33.536,0.102,63.700,0.000,0.461,0.666
"17:30",0.051,15.565,63.700,0.000,15.053,0.154
"17:45",2.816,2.714,63.700,0.256,1.382,0.000
"18:00",1.536,0.358,63.700,2.867,0.000,0.000
"18:15",0.307,2.150,63.700,4.813,0.000,0.000
"18:30",0.000,4.813,63.700,5.786,0.000,0.000
"18:45",0.000,3.942,63.700,6.605,0.000,0.000
"19:00",0.000,3.789,63.700,6.349,0.000,0.000
"19:15",0.000,4.198,63.700,6.298,0.000,0.000
"19:30",0.000,3.738,63.700,6.349,0.000,0.000
"19:45",0.000,5.581,63.700,5.786,0.000,0.000
"20:00",0.000,4.352,63.700,6.605,0.000,0.000
"20:15",0.000,5.222,63.700,6.605,0.000,0.000
"20:30",0.000,4.250,63.700,6.810,0.000,0.000
"20:45",0.000,5.018,63.700,6.246,0.000,0.000
"21:00",0.000,3.840,63.700,6.912,0.000,0.000
"21:15",0.000,4.198,63.700,7.066,0.000,0.000
"21:30",0.000,4.813,63.700,6.758,0.000,0.000
"21:45",0.000,5.888,63.700,6.144,0.000,0.000
"22:00",0.000,4.762,63.700,6.963,0.000,0.000
"22:15",0.000,4.557,63.700,6.861,0.000,0.000
"22:30",0.000,4.506,63.700,7.066,0.000,0.000
"22:45",0.000,5.786,63.700,6.144,0.000,0.000
"23:00",0.000,4.557,63.700,7.066,0.000,0.000
"23:15",0.000,4.403,63.700,7.270,0.000,0.000
"23:30",0.000,3.891,63.700,7.117,0.000,0.000
"23:45",0.000,5.171,63.700,6.861,0.000,0.000
" 6/19/26 24:00",0.000,3.942,63.700,7.834,0.000,0.000
