"kwh"
"Time ","DAGSR01P","DAGSR01P","DAGSR01P","DAGSR01P","DAGSR01P","DAGSR01P"
" 3/24/26 00:15",0.000,37.376,63.700,0.000,7.424,0.000
" 3/24/26 00:30",0.000,37.120,63.700,0.000,8.038,0.000
"00:45",0.000,38.144,63.700,0.000,8.397,0.000
"01:00",0.000,37.427,63.700,0.000,7.782,0.000
"01:15",0.000,36.915,63.700,0.000,7.782,0.000
"01:30",0.000,37.325,63.700,0.000,8.346,0.000
"01:45",0.000,36.506,63.700,0.000,7.782,0.000
"02:00",0.000,36.403,63.700,0.000,7.578,0.000
"02:15",0.000,36.506,63.700,0.000,7.680,0.000
"02:30",0.000,37.325,63.700,0.000,7.936,0.000
"02:45",0.000,36.608,63.700,0.000,7.782,0.000
"03:00",0.000,36.608,63.700,0.000,7.731,0.000
"03:15",0.000,36.966,63.700,0.000,7.936,0.000
"03:30",0.000,36.608,63.700,0.000,7.475,0.000
"03:45",0.000,36.659,63.700,0.000,7.680,0.000
"04:00",0.000,36.915,63.700,0.000,8.192,0.000
"04:15",0.000,36.608,63.700,0.000,7.782,0.000
"04:30",0.000,36.608,63.700,0.000,7.680,0.000
"04:45",0.000,36.403,63.700,0.000,7.424,0.000
"05:00",0.000,37.069,63.700,0.000,7.578,0.000
"05:15",0.000,36.301,63.700,0.000,7.526,0.000
"05:30",0.000,36.557,63.700,0.000,7.526,0.000
"05:45",0.000,37.325,63.700,0.000,8.090,0.000
"06:00",0.000,36.659,63.700,0.000,7.629,0.000
"06:15",0.000,36.403,63.700,0.000,7.731,0.000
"06:30",0.000,36.659,63.700,0.000,8.090,0.000
"06:45",0.000,36.864,63.700,0.000,7.782,0.000
"07:00",0.000,37.069,63.700,0.000,7.475,0.000
"07:15",0.000,36.813,63.700,0.000,7.373,0.000
"07:30",0.000,37.171,63.700,0.000,7.834,0.000
"07:45",0.000,36.608,63.700,0.000,7.629,0.000
"08:00",0.000,35.123,63.700,0.000,7.629,0.000
"08:15",0.000,31.949,63.700,0.000,7.834,0.000
"08:30",0.000,24.525,63.700,0.000,7.629,0.000
"08:45",0.000,17.408,63.700,0.000,7.475,0.000
"09:00",0.000,10.650,63.700,0.000,7.475,0.000
"09:15",0.819,2.611,63.700,0.000,5.018,2.253
"09:30",1.946,12.083,63.700,0.000,15.002,3.379
"09:45",0.000,20.531,63.700,0.000,29.747,0.000
"10:00",0.000,13.312,63.700,0.000,29.594,0.000
"10:15",0.051,7.731,63.700,0.000,28.979,1.178
"10:30",0.922,3.533,63.700,0.000,20.736,9.626
"10:45",3.789,0.973,63.700,0.000,9.677,20.838
"11:00",8.090,0.000,63.700,0.000,0.563,30.208
"11:15",12.339,0.000,63.700,0.000,0.000,30.925
"11:30",16.486,0.000,63.700,0.000,0.000,31.437
"11:45",20.941,0.000,63.700,0.000,0.000,31.590
"12:00",23.808,0.000,63.700,0.000,0.000,31.846
"12:15",25.754,0.000,63.700,0.000,0.000,32.410
"12:30",27.853,0.000,63.700,0.000,0.000,32.205
"12:45",29.030,0.000,63.700,0.000,0.000,32.256
"13:00",29.594,0.000,63.700,0.000,0.000,32.819
"13:15",30.720,0.000,63.700,0.000,0.000,32.563
"13:30",30.771,0.000,63.700,0.000,0.000,32.358
"13:45",30.976,0.000,63.700,0.000,0.000,32.666
"14:00",30.515,0.000,63.700,0.000,0.000,33.126
"14:15",30.259,0.000,63.700,0.000,0.000,32.973
"14:30",28.672,0.000,63.700,0.000,0.000,32.358
"14:45",35.533,0.000,63.700,0.000,0.000,26.778
"15:00",59.187,0.000,63.700,0.000,0.000,10.189
"15:15",56.678,0.000,63.700,0.000,0.000,10.189
"15:30",52.941,0.000,63.700,0.000,0.000,10.650
"15:45",49.715,0.000,63.700,0.000,0.000,9.933
"16:00",46.234,0.000,63.700,0.000,0.000,9.882
"16:15",41.011,0.000,63.700,0.000,0.000,9.626
"16:30",35.891,0.000,63.700,0.000,0.000,9.472
"16:45",31.590,0.000,63.700,0.000,0.000,9.011
"17:00",25.498,0.000,63.700,0.000,0.000,8.909
"17:15",18.637,0.000,63.700,0.000,0.000,9.062
"17:30",12.339,0.000,63.700,0.000,0.000,8.653
"17:45",5.376,0.205,63.700,0.000,0.768,7.834
"18:00",1.229,2.918,63.700,0.000,5.632,2.918
"18:15",0.000,8.294,63.800,0.000,8.090,0.051
"18:30",0.000,16.742,63.800,0.000,8.858,0.000
"18:45",0.000,35.482,63.700,0.000,16.794,0.000
"19:00",0.000,62.054,63.700,0.000,30.054,0.000
"19:15",0.000,66.662,63.700,0.000,30.362,0.000
"19:30",0.000,69.222,63.700,0.000,29.901,0.000
"19:45",0.000,70.093,63.700,0.000,30.310,0.000
"20:00",0.000,69.376,63.700,0.000,30.259,0.000
"20:15",0.000,69.581,63.700,0.000,30.003,0.000
"20:30",0.000,70.451,63.700,0.000,30.720,0.000
"20:45",0.000,69.939,63.700,0.000,30.054,0.000
"21:00",0.000,69.939,63.700,0.000,29.798,0.000
"21:15",0.000,70.451,63.700,0.000,30.054,0.000
"21:30",0.000,70.195,63.700,0.000,30.106,0.000
"21:45",0.000,69.837,63.700,0.000,30.054,0.000
"22:00",0.000,69.734,63.700,0.000,29.798,0.000
"22:15",0.000,70.195,63.700,0.000,29.952,0.000
"22:30",0.000,69.530,63.700,0.000,29.850,0.000
"22:45",0.000,69.274,63.700,0.000,29.645,0.000
"23:00",0.000,70.042,63.700,0.000,30.054,0.000
"23:15",0.000,69.530,63.700,0.000,29.798,0.000
"23:30",0.000,70.042,63.700,0.000,29.952,0.000
"23:45",0.000,70.656,63.700,0.000,30.259,0.000
" 3/24/26 24:00",0.000,69.786,63.700,0.000,29.594,0.000
