"kwh"
"Time ","DAGSR01P","DAGSR01P","DAGSR01P","DAGSR01P","DAGSR01P","DAGSR01P"
" 8/05/26 00:15",0.000,36.301,63.600,0.000,13.568,0.000
" 8/05/26 00:30",0.000,35.482,63.600,0.000,13.312,0.000
"00:45",0.000,36.147,63.700,0.000,13.414,0.000
"01:00",0.000,35.584,63.700,0.000,12.902,0.000
"01:15",0.000,35.994,63.700,0.000,12.698,0.000
"01:30",0.000,36.403,63.600,0.000,13.926,0.000
"01:45",0.000,35.328,63.600,0.000,12.902,0.000
"02:00",0.000,35.174,63.700,0.000,12.698,0.000
"02:15",0.000,35.635,63.600,0.000,13.210,0.000
"02:30",0.000,34.918,63.700,0.000,13.005,0.000
"02:45",0.000,35.379,63.600,0.000,13.414,0.000
"03:00",0.000,35.482,63.700,0.000,13.158,0.000
"03:15",0.000,34.970,63.700,0.000,12.544,0.000
"03:30",0.000,35.738,63.700,0.000,13.158,0.000
"03:45",0.000,35.174,63.700,0.000,12.339,0.000
"04:00",0.000,35.277,63.700,0.000,12.186,0.000
"04:15",0.000,35.840,63.700,0.000,13.414,0.000
"04:30",0.000,34.662,63.700,0.000,13.261,0.000
"04:45",0.000,35.328,63.600,0.000,13.005,0.000
"05:00",0.000,35.584,63.700,0.000,13.568,0.000
"05:15",0.000,34.765,63.700,0.000,12.800,0.000
"05:30",0.000,35.379,63.700,0.000,13.619,0.000
"05:45",0.000,35.430,63.700,0.000,13.158,0.000
"06:00",0.000,34.765,63.700,0.000,12.954,0.000
"06:15",0.000,35.635,63.700,0.000,13.517,0.000
"06:30",0.000,35.277,63.700,0.000,12.954,0.000
"06:45",0.000,34.816,63.700,0.000,13.005,0.000
"07:00",0.000,35.891,63.700,0.000,13.670,0.000
"07:15",0.000,35.226,63.700,0.000,13.107,0.000
"07:30",0.000,35.789,63.700,0.000,13.261,0.000
"07:45",0.000,36.096,63.700,0.000,13.312,0.000
"08:00",0.000,36.352,63.700,0.000,12.544,0.000
"08:15",0.000,36.710,63.700,0.000,13.363,0.000
"08:30",0.000,35.533,63.700,0.000,13.210,0.000
"08:45",0.000,35.482,63.700,0.000,13.107,0.000
"09:00",0.000,36.147,63.600,0.000,13.568,0.000
"09:15",0.000,53.965,63.700,0.000,24.832,0.000
"09:30",0.000,67.686,63.700,0.000,33.126,0.000
"09:45",0.000,66.918,63.700,0.000,33.690,0.000
"10:00",0.000,62.976,63.700,0.000,33.434,0.000
"10:15",0.000,60.314,63.700,0.000,33.638,0.000
"10:30",0.000,56.678,63.700,0.000,33.587,0.000
"10:45",0.000,55.910,63.700,0.000,33.178,0.000
"11:00",0.000,54.272,63.700,0.000,33.894,0.000
"11:15",0.000,54.477,63.700,0.000,33.434,0.000
"11:30",0.000,49.715,63.700,0.000,33.843,0.000
"11:45",0.000,55.245,63.700,0.000,34.304,0.000
"12:00",0.000,44.186,63.700,0.000,34.099,0.000
"12:15",0.000,47.770,63.700,0.000,34.458,0.000
"12:30",0.000,47.258,63.700,0.000,34.150,0.000
"12:45",0.000,42.906,63.700,0.000,33.997,0.000
"13:00",0.000,39.117,63.700,0.000,34.458,0.000
"13:15",0.000,37.888,63.700,0.000,33.946,0.000
"13:30",0.000,37.171,63.700,0.000,34.458,0.000
"13:45",0.000,47.770,63.700,0.000,34.253,0.000
"14:00",0.000,48.384,63.700,0.000,33.843,0.000
"14:15",0.000,48.128,63.700,0.000,34.458,0.000
"14:30",0.000,40.960,63.700,0.000,34.150,0.000
"14:45",0.000,42.803,63.700,0.000,34.509,0.000
"15:00",0.000,53.862,63.700,0.000,34.099,0.000
"15:15",0.000,51.456,63.700,0.000,33.946,0.000
"15:30",0.000,50.381,63.700,0.000,34.406,0.000
"15:45",0.000,43.059,63.700,0.000,26.675,0.000
"16:00",0.000,21.402,63.700,0.000,15.053,0.000
"16:15",0.000,17.101,63.700,0.000,13.568,0.000
"16:30",0.000,17.510,63.700,0.000,14.029,0.000
"16:45",0.051,18.227,63.700,0.000,13.210,0.154
"17:00",6.707,5.222,63.700,0.000,4.915,0.102
"17:15",18.022,0.000,63.700,0.000,0.000,0.000
"17:30",22.989,0.000,63.700,0.000,0.000,0.000
"17:45",1.382,0.973,63.700,2.150,0.000,0.000
"18:00",4.403,0.000,63.700,0.000,0.000,0.000
"18:15",3.123,0.256,63.700,1.638,0.000,0.000
"18:30",1.536,0.666,63.700,2.918,0.000,0.000
"18:45",0.154,2.816,63.700,5.888,0.000,0.000
"19:00",0.000,5.171,63.700,6.861,0.000,0.000
"19:15",0.000,4.506,63.700,7.629,0.000,0.000
"19:30",0.000,5.069,63.700,7.014,0.000,0.000
"19:45",0.000,5.018,63.700,7.014,0.000,0.000
"20:00",0.000,4.506,63.700,7.219,0.000,0.000
"20:15",0.000,5.786,63.700,6.707,0.000,0.000
"20:30",0.000,4.557,63.700,7.168,0.000,0.000
"20:45",0.000,4.301,63.700,7.270,0.000,0.000
"21:00",0.000,5.069,63.700,7.219,0.000,0.000
"21:15",0.000,4.198,63.700,7.322,0.000,0.000
"21:30",0.000,4.915,63.700,7.014,0.000,0.000
"21:45",0.000,4.608,63.700,7.219,0.000,0.000
"22:00",0.000,4.966,63.700,7.373,0.000,0.000
"22:15",0.000,5.274,63.700,6.912,0.000,0.000
"22:30",0.000,4.352,63.700,7.475,0.000,0.000
"22:45",0.000,4.659,63.700,7.219,0.000,0.000
"23:00",0.000,4.506,63.700,7.987,0.000,0.000
"23:15",0.000,4.198,63.700,7.629,0.000,0.000
"23:30",0.000,5.018,63.700,6.707,0.000,0.000
"23:45",0.000,4.608,63.700,6.963,0.000,0.000
" 8/05/26 24:00",0.000,4.506,63.600,6.707,0.000,0.000
