"kwh"
"Time ","DAGSR01P","DAGSR01P","DAGSR01P","DAGSR01P","DAGSR01P","DAGSR01P"
" 4/06/26 00:15",0.000,5.018,63.700,5.888,0.000,0.000
" 4/06/26 00:30",0.000,4.966,63.700,6.042,0.000,0.000
"00:45",0.000,4.762,63.700,5.939,0.000,0.000
"01:00",0.000,4.352,63.700,6.195,0.000,0.000
"01:15",0.000,4.301,63.700,6.400,0.000,0.000
"01:30",0.000,4.250,63.700,6.605,0.000,0.000
"01:45",0.000,4.250,63.700,6.502,0.000,0.000
"02:00",0.000,4.352,63.700,6.656,0.000,0.000
"02:15",0.000,4.301,63.600,6.707,0.000,0.000
"02:30",0.000,4.608,63.700,6.707,0.000,0.000
"02:45",0.000,4.352,63.700,6.554,0.000,0.000
"03:00",0.000,4.454,63.700,6.451,0.000,0.000
"03:15",0.000,4.352,63.700,6.656,0.000,0.000
"03:30",0.000,4.250,63.700,6.554,0.000,0.000
"03:45",0.000,4.506,63.700,6.502,0.000,0.000
"04:00",0.000,4.608,63.700,6.554,0.000,0.000
"04:15",0.000,4.608,63.700,6.451,0.000,0.000
"04:30",0.000,4.250,63.600,6.605,0.000,0.000
"04:45",0.000,4.352,63.600,6.451,0.000,0.000
"05:00",0.000,4.301,63.600,6.502,0.000,0.000
"05:15",0.000,4.301,63.700,6.502,0.000,0.000
"05:30",0.000,4.352,63.700,6.400,0.000,0.000
"05:45",0.000,4.301,63.700,6.451,0.000,0.000
"06:00",0.000,4.557,63.600,6.656,0.000,0.000
"06:15",0.000,4.762,63.700,6.707,0.000,0.000
"06:30",0.000,4.608,63.700,6.195,0.000,0.000
"06:45",0.000,4.352,63.700,6.195,0.000,0.000
"07:00",0.000,4.403,63.700,6.144,0.000,0.000
"07:15",0.000,4.659,63.700,6.144,0.000,0.000
"07:30",0.000,4.710,63.700,6.144,0.000,0.000
"07:45",0.000,4.710,63.700,6.502,0.000,0.000
"08:00",0.000,4.250,63.700,6.963,0.000,0.000
"08:15",0.000,4.352,63.700,6.246,0.000,0.000
"08:30",0.000,3.789,63.700,5.734,0.000,0.000
"08:45",0.307,2.458,63.700,4.096,0.000,0.000
"09:00",0.819,1.434,63.700,3.533,0.000,0.000
"09:15",0.717,1.485,63.700,3.789,0.000,0.000
"09:30",1.178,0.512,63.700,3.533,0.000,0.000
"09:45",3.174,0.051,63.700,0.614,0.000,0.000
"10:00",5.837,0.000,63.700,0.000,0.000,0.000
"10:15",5.325,0.000,63.700,0.000,0.000,0.000
"10:30",7.526,0.000,63.700,0.000,0.000,0.000
"10:45",12.083,0.000,63.700,0.000,0.000,0.000
"11:00",16.128,0.000,63.700,0.000,0.000,0.000
"11:15",13.773,0.000,63.700,0.000,0.000,0.000
"11:30",13.875,0.000,63.700,0.000,0.000,0.000
"11:45",9.523,0.000,63.700,0.000,0.000,0.000
"12:00",12.851,0.000,63.700,0.000,0.000,0.000
"12:15",12.134,0.000,63.700,0.000,0.000,0.000
"12:30",11.059,0.000,63.700,0.000,0.000,0.000
"12:45",18.176,0.000,63.700,0.000,0.000,0.000
"13:00",40.858,0.000,63.700,0.000,0.000,0.000
"13:15",29.850,0.000,63.700,0.000,0.000,0.000
"13:30",28.877,0.000,63.700,0.000,0.000,0.000
"13:45",20.890,0.000,63.700,0.000,0.000,0.000
"14:00",15.258,0.000,63.700,0.000,0.000,0.000
"14:15",11.418,0.000,63.700,0.000,0.000,0.000
"14:30",13.824,0.000,63.700,0.000,0.000,0.000
"14:45",16.128,0.000,63.700,0.000,0.000,0.000
"15:00",16.845,0.000,63.700,0.000,0.000,0.000
"15:15",6.451,0.000,63.700,0.000,0.000,0.000
"15:30",12.749,0.000,63.700,0.000,0.000,0.000
"15:45",28.979,0.000,63.700,0.000,0.000,0.000
"16:00",24.474,0.000,63.700,0.000,0.000,0.000
"16:15",33.946,0.000,63.700,0.000,0.000,0.102
"16:30",52.019,0.000,63.600,0.000,0.000,0.051
"16:45",18.586,0.000,63.700,0.000,0.000,0.051
"17:00",15.411,0.000,63.700,0.000,0.000,0.051
"17:15",48.384,0.000,63.700,0.000,0.000,0.000
"17:30",25.293,0.000,63.700,0.000,0.000,0.000
"17:45",11.213,0.000,63.700,0.000,0.000,0.000
"18:00",5.222,0.000,63.700,0.000,0.000,0.000
"18:15",4.096,0.000,63.700,0.000,0.000,0.000
"18:30",1.434,0.410,63.700,2.406,0.000,0.000
"18:45",0.563,1.997,63.700,3.072,0.000,0.000
"19:00",0.102,3.123,63.700,3.891,0.000,0.000
"19:15",0.000,3.994,63.700,5.018,0.000,0.000
"19:30",0.000,4.147,63.700,5.120,0.000,0.000
"19:45",0.000,4.557,63.700,4.966,0.000,0.000
"20:00",0.000,4.659,63.700,4.813,0.000,0.000
"20:15",0.000,4.608,63.700,5.069,0.000,0.000
"20:30",0.000,4.557,63.700,5.069,0.000,0.000
"20:45",0.000,4.659,63.700,5.018,0.000,0.000
"21:00",0.000,4.762,63.700,5.120,0.000,0.000
"21:15",0.000,4.403,63.600,5.171,0.000,0.000
"21:30",0.000,4.147,63.600,5.222,0.000,0.000
"21:45",0.000,4.147,63.700,5.325,0.000,0.000
"22:00",0.000,4.454,63.700,5.427,0.000,0.000
"22:15",0.000,4.301,63.700,5.325,0.000,0.000
"22:30",0.000,4.096,63.700,5.171,0.000,0.000
"22:45",0.000,4.096,63.700,5.376,0.000,0.000
"23:00",0.000,4.045,63.700,5.530,0.000,0.000
"23:15",0.000,4.147,63.700,5.581,0.000,0.000
"23:30",0.000,4.301,63.700,5.786,0.000,0.000
"23:45",0.000,4.250,63.700,5.683,0.000,0.000
" 4/06/26 24:00",0.000,4.403,63.700,5.683,0.000,0.000
