"kwh"
"Time ","DAGSR01P","DAGSR01P","DAGSR01P","DAGSR01P","DAGSR01P","DAGSR01P"
" 4/04/26 00:15",0.000,4.813,63.700,4.659,0.000,0.000
" 4/04/26 00:30",0.000,4.710,63.600,4.557,0.000,0.000
"00:45",0.000,5.786,63.700,4.096,0.000,0.000
"01:00",0.000,4.864,63.700,4.557,0.000,0.000
"01:15",0.000,4.710,63.700,4.864,0.000,0.000
"01:30",0.000,5.478,63.700,4.915,0.000,0.000
"01:45",0.000,5.120,63.700,5.274,0.000,0.000
"02:00",0.000,4.710,63.700,5.120,0.000,0.000
"02:15",0.000,5.325,63.700,4.966,0.000,0.000
"02:30",0.000,4.762,63.700,5.837,0.000,0.000
"02:45",0.000,5.325,63.700,6.195,0.000,0.000
"03:00",0.000,5.683,63.600,5.478,0.000,0.000
"03:15",0.000,5.018,63.700,5.581,0.000,0.000
"03:30",0.000,4.659,63.700,5.734,0.000,0.000
"03:45",0.000,3.994,63.800,2.765,0.000,0.000
"04:00",0.000,4.966,63.700,5.786,0.000,0.000
"04:15",0.000,4.454,63.400,6.298,0.000,0.000
"04:30",0.000,4.762,63.500,6.298,0.000,0.000
"04:45",0.000,5.274,63.500,5.734,0.000,0.000
"05:00",0.000,4.762,63.600,5.632,0.000,0.000
"05:15",0.000,4.506,63.800,5.581,0.000,0.000
"05:30",0.000,5.171,63.700,5.274,0.000,0.000
"05:45",0.000,4.506,63.600,5.427,0.000,0.000
"06:00",0.000,4.506,63.700,4.864,0.000,0.000
"06:15",0.000,5.530,63.900,3.738,0.000,0.000
"06:30",0.000,4.915,64.000,3.942,0.000,0.000
"06:45",0.000,4.710,63.700,5.274,0.000,0.000
"07:00",0.000,4.864,63.800,5.171,0.000,0.000
"07:15",0.000,4.659,63.700,5.171,0.000,0.000
"07:30",0.000,4.250,63.500,5.837,0.000,0.000
"07:45",0.000,4.198,63.500,6.349,0.000,0.000
"08:00",0.000,4.198,63.400,6.349,0.000,0.000
"08:15",0.000,3.738,63.700,5.018,0.307,0.000
"08:30",0.973,1.331,63.600,3.174,0.000,0.000
"08:45",1.741,0.205,63.600,2.355,0.000,0.000
"09:00",2.458,0.102,63.600,1.280,0.000,0.000
"09:15",4.659,0.000,63.600,0.000,0.000,0.000
"09:30",8.090,0.000,63.600,0.000,0.000,0.000
"09:45",11.520,0.000,63.600,0.000,0.000,0.000
"10:00",9.728,0.000,63.600,0.000,0.000,0.000
"10:15",13.312,0.000,63.600,0.000,0.000,0.000
"10:30",19.558,0.000,63.600,0.000,0.000,0.000
"10:45",13.005,0.000,63.600,0.000,0.000,0.000
"11:00",17.203,0.000,63.600,0.000,0.000,0.000
"11:15",8.294,0.000,63.600,0.000,0.000,0.000
"11:30",5.888,0.000,63.600,0.000,0.000,0.000
"11:45",2.970,0.819,63.600,1.075,0.051,0.102
"12:00",0.512,2.099,63.600,2.662,0.000,0.000
"12:15",0.870,2.509,63.600,2.611,0.307,0.000
"12:30",4.403,0.102,63.600,0.614,0.000,0.000
"12:45",12.134,0.000,63.600,0.000,0.000,0.000
"13:00",6.656,0.000,63.600,0.000,0.000,0.000
"13:15",8.294,0.000,63.600,0.000,0.000,0.000
"13:30",4.301,0.102,63.600,1.075,0.000,0.000
"13:45",2.560,0.563,63.600,1.382,0.000,0.000
"14:00",1.126,2.048,63.600,3.174,0.000,0.000
"14:15",9.011,0.000,63.600,0.256,0.000,0.000
"14:30",0.666,1.741,63.600,3.379,0.000,0.000
"14:45",0.000,3.840,63.600,5.171,0.000,0.000
"15:00",0.358,2.816,63.600,4.813,0.000,0.000
"15:15",2.509,0.154,63.600,1.382,0.000,0.000
"15:30",3.840,0.051,63.600,0.563,0.000,0.000
"15:45",1.229,1.638,63.600,3.379,0.000,0.000
"16:00",1.280,1.229,63.600,2.867,0.000,0.000
"16:15",4.250,0.000,63.600,0.358,0.000,0.000
"16:30",8.090,0.000,63.600,0.000,0.000,0.000
"16:45",11.674,0.051,63.600,0.307,0.000,0.000
"17:00",0.358,2.560,63.600,4.147,0.000,0.000
"17:15",1.792,0.922,63.600,2.406,0.000,0.000
"17:30",13.056,0.000,63.600,0.000,0.000,0.000
"17:45",10.496,0.000,63.600,0.000,0.000,0.000
"18:00",4.608,0.256,63.600,0.819,0.000,0.000
"18:15",0.256,2.867,63.600,5.018,0.000,0.000
"18:30",0.205,2.970,63.600,4.096,0.000,0.000
"18:45",0.000,4.250,63.600,5.222,0.000,0.000
"19:00",0.000,4.301,63.700,5.120,0.000,0.000
"19:15",0.000,4.659,63.700,4.966,0.000,0.000
"19:30",0.000,4.659,63.700,5.018,0.000,0.000
"19:45",0.000,5.018,63.700,5.120,0.000,0.000
"20:00",0.000,4.659,63.700,5.069,0.000,0.000
"20:15",0.000,4.557,63.700,5.069,0.000,0.000
"20:30",0.000,4.710,63.700,5.018,0.000,0.000
"20:45",0.000,4.659,63.700,5.274,0.000,0.000
"21:00",0.000,4.198,63.700,5.171,0.000,0.000
"21:15",0.000,4.352,63.700,5.120,0.000,0.000
"21:30",0.000,4.301,63.700,5.171,0.000,0.000
"21:45",0.000,4.301,63.700,5.120,0.000,0.000
"22:00",0.000,4.250,63.700,5.274,0.000,0.000
"22:15",0.000,4.301,63.700,5.222,0.000,0.000
"22:30",0.000,4.250,63.700,5.171,0.000,0.000
"22:45",0.000,4.506,63.700,5.274,0.000,0.000
"23:00",0.000,4.403,63.700,5.274,0.000,0.000
"23:15",0.000,4.403,63.700,5.427,0.000,0.000
"23:30",0.000,4.403,63.700,5.734,0.000,0.000
"23:45",0.000,4.147,63.700,5.734,0.000,0.000
" 4/04/26 24:00",0.000,4.096,63.700,5.786,0.000,0.000
