"kwh"
"Time ","DAGSR01P","DAGSR01P","DAGSR01P","DAGSR01P","DAGSR01P","DAGSR01P"
" 1/22/26 00:15",0.000,237.005,63.500,0.000,112.486,0.000
" 1/22/26 00:30",0.000,236.237,63.600,0.000,112.794,0.000
"00:45",0.000,236.390,63.600,0.000,112.947,0.000
"01:00",0.000,237.261,63.600,0.000,113.459,0.000
"01:15",0.000,239.360,63.600,0.000,114.432,0.000
"01:30",0.000,239.821,63.600,0.000,114.022,0.000
"01:45",0.000,239.206,63.600,0.000,114.381,0.000
"02:00",0.000,239.258,63.600,0.000,114.278,0.000
"02:15",0.000,238.950,63.600,0.000,114.534,0.000
"02:30",0.000,238.899,63.600,0.000,114.586,0.000
"02:45",0.000,239.002,63.600,0.000,114.944,0.000
"03:00",0.000,239.258,63.500,0.000,114.790,0.000
"03:15",0.000,239.002,63.500,0.000,114.739,0.000
"03:30",0.000,239.002,63.500,0.000,114.534,0.000
"03:45",0.000,239.104,63.500,0.000,114.637,0.000
"04:00",0.000,239.309,63.500,0.000,114.790,0.000
"04:15",0.000,238.746,63.500,0.000,114.534,0.000
"04:30",0.000,238.746,63.500,0.000,114.330,0.000
"04:45",0.000,236.237,63.500,0.000,112.538,0.000
"05:00",0.000,236.442,63.500,0.000,112.691,0.000
"05:15",0.000,235.981,63.600,0.000,112.640,0.000
"05:30",0.000,235.981,63.600,0.000,112.947,0.000
"05:45",0.000,235.674,63.500,0.000,112.845,0.000
"06:00",0.000,236.083,63.600,0.000,112.486,0.000
"06:15",0.000,236.186,63.600,0.000,112.691,0.000
"06:30",0.000,235.571,63.500,0.000,112.742,0.000
"06:45",0.000,230.195,63.500,0.000,110.336,0.000
"07:00",0.000,203.878,63.600,0.000,101.683,0.000
"07:15",0.000,202.598,63.500,0.000,101.427,0.000
"07:30",0.000,180.275,63.500,0.000,88.934,0.000
"07:45",0.000,139.776,63.600,0.000,64.870,0.000
"08:00",0.000,128.512,63.600,0.000,58.112,0.000
"08:15",0.000,141.619,63.600,0.000,70.605,0.000
"08:30",0.000,153.702,63.600,0.000,81.203,0.000
"08:45",0.000,149.658,63.600,0.000,80.435,0.000
"09:00",0.000,137.216,63.600,0.000,79.770,0.000
"09:15",0.000,127.488,63.600,0.000,79.923,0.000
"09:30",0.000,121.446,63.600,0.000,79.923,0.000
"09:45",0.000,115.405,63.600,0.000,80.282,0.000
"10:00",0.000,108.902,63.500,0.000,80.435,0.000
"10:15",0.000,103.526,63.600,0.000,80.742,0.000
"10:30",0.000,98.048,63.500,0.000,80.896,0.000
"10:45",0.000,92.877,63.500,0.000,81.101,0.000
"11:00",0.000,88.371,63.500,0.000,81.510,0.000
"11:15",0.000,83.968,63.500,0.000,81.715,0.000
"11:30",0.000,71.987,63.300,0.410,56.832,0.000
"11:45",0.000,68.710,63.600,0.000,45.158,0.000
"12:00",0.000,11.878,63.600,0.000,48.947,0.000
"12:15",0.000,8.806,63.600,0.000,48.333,0.870
"12:30",0.051,7.526,63.600,0.000,46.234,2.970
"12:45",0.256,6.605,63.600,0.000,36.608,12.646
"13:00",0.410,6.246,63.600,0.000,34.714,14.438
"13:15",0.205,6.605,63.600,0.000,40.550,8.397
"13:30",0.051,6.758,63.600,0.000,43.520,5.530
"13:45",0.102,6.707,63.600,0.000,40.550,8.499
"14:00",0.256,6.400,63.600,0.000,35.891,13.517
"14:15",0.307,6.400,63.600,0.000,35.840,13.670
"14:30",0.358,6.656,63.600,0.000,35.328,14.182
"14:45",0.307,6.963,63.600,0.000,36.864,12.954
"15:00",0.102,7.629,63.600,0.000,43.059,6.861
"15:15",0.000,11.674,63.600,0.000,48.742,0.256
"15:30",0.000,12.646,63.600,0.000,48.845,0.000
"15:45",0.000,16.640,63.500,0.000,48.794,0.000
"16:00",0.000,19.712,63.500,0.000,48.947,0.000
"16:15",0.000,21.606,63.500,0.000,47.718,0.000
"16:30",0.000,25.549,63.500,0.000,47.155,0.000
"16:45",0.000,29.747,63.500,0.000,46.541,0.000
"17:00",0.000,34.867,63.400,0.000,46.182,0.000
"17:15",0.000,43.981,63.400,0.000,47.923,0.000
"17:30",0.000,77.466,63.400,0.000,58.470,0.000
"17:45",0.000,84.224,63.500,0.000,57.702,0.000
"18:00",0.000,91.085,63.500,0.000,57.190,0.000
"18:15",0.000,92.262,63.500,0.000,56.934,0.000
"18:30",0.000,103.731,63.500,0.000,57.037,0.000
"18:45",0.000,108.493,63.300,0.256,49.050,0.000
"19:00",0.000,119.194,63.500,0.000,56.832,0.000
"19:15",0.000,128.922,63.600,0.000,57.600,0.000
"19:30",0.000,127.898,63.600,0.000,57.395,0.000
"19:45",0.000,130.406,63.500,0.000,57.088,0.000
"20:00",0.000,133.069,63.500,0.000,56.832,0.000
"20:15",0.000,135.014,63.500,0.000,56.986,0.000
"20:30",0.000,136.243,63.500,0.000,56.934,0.000
"20:45",0.000,136.653,63.500,0.000,56.730,0.000
"21:00",0.000,136.346,63.500,0.000,56.730,0.000
"21:15",0.000,136.909,63.500,0.000,56.678,0.000
"21:30",0.000,136.346,63.500,0.000,56.730,0.000
"21:45",0.000,136.243,63.500,0.000,56.678,0.000
"22:00",0.000,136.141,63.500,0.000,56.678,0.000
"22:15",0.000,136.192,63.500,0.000,56.627,0.000
"22:30",0.000,136.550,63.500,0.000,56.678,0.000
"22:45",0.000,136.704,63.500,0.000,56.781,0.000
"23:00",0.000,136.960,63.500,0.000,56.781,0.000
"23:15",0.000,136.346,63.500,0.000,56.422,0.000
"23:30",0.000,136.499,63.500,0.000,56.166,0.000
"23:45",0.000,136.806,63.500,0.000,56.320,0.000
" 1/22/26 24:00",0.000,136.806,63.500,0.000,56.371,0.000
