"kwh"
"Time ","DAGSR01P","DAGSR01P","DAGSR01P","DAGSR01P","DAGSR01P","DAGSR01P"
" 4/17/26 00:15",0.000,4.557,63.700,5.222,0.000,0.000
" 4/17/26 00:30",0.000,4.659,63.700,5.222,0.000,0.000
"00:45",0.000,5.171,63.700,5.120,0.000,0.000
"01:00",0.000,4.659,63.700,5.325,0.000,0.000
"01:15",0.000,4.608,63.600,5.632,0.000,0.000
"01:30",0.000,4.454,63.600,5.632,0.000,0.000
"01:45",0.000,4.352,63.600,5.939,0.000,0.000
"02:00",0.000,4.352,63.600,5.683,0.000,0.000
"02:15",0.000,4.403,63.600,5.786,0.000,0.000
"02:30",0.000,4.403,63.700,5.683,0.000,0.000
"02:45",0.000,4.403,63.700,5.734,0.000,0.000
"03:00",0.000,4.659,63.700,5.888,0.000,0.000
"03:15",0.000,4.813,63.700,5.990,0.000,0.000
"03:30",0.000,4.506,63.700,5.939,0.000,0.000
"03:45",0.000,4.352,63.700,5.786,0.000,0.000
"04:00",0.000,5.376,63.700,5.171,0.000,0.000
"04:15",0.000,4.403,63.700,5.837,0.000,0.000
"04:30",0.000,4.352,63.700,5.990,0.000,0.000
"04:45",0.000,4.301,63.700,6.400,0.000,0.000
"05:00",0.000,4.659,63.700,6.144,0.000,0.000
"05:15",0.000,4.813,63.700,6.093,0.000,0.000
"05:30",0.000,4.454,63.700,5.990,0.000,0.000
"05:45",0.000,4.352,63.700,5.990,0.000,0.000
"06:00",0.000,4.454,63.700,5.888,0.000,0.000
"06:15",0.000,4.557,63.600,5.683,0.000,0.000
"06:30",0.000,4.915,63.600,6.246,0.000,0.000
"06:45",0.000,4.813,63.600,5.683,0.000,0.000
"07:00",0.000,4.557,63.700,5.274,0.000,0.000
"07:15",0.000,5.274,63.700,4.864,0.000,0.000
"07:30",0.000,4.454,63.600,5.632,0.000,0.000
"07:45",0.000,4.454,63.600,5.734,0.000,0.000
"08:00",0.000,4.147,63.600,5.683,0.000,0.000
"08:15",0.256,2.714,63.600,3.738,0.000,0.000
"08:30",0.256,2.355,63.600,3.942,0.000,0.000
"08:45",4.762,1.229,63.600,1.741,0.000,0.000
"09:00",23.296,0.000,63.600,0.000,0.000,0.000
"09:15",16.691,0.000,63.600,0.000,0.000,0.000
"09:30",8.499,0.000,63.700,0.000,0.000,0.000
"09:45",14.490,0.000,63.700,0.000,0.000,0.000
"10:00",12.083,0.000,63.600,0.000,0.000,0.000
"10:15",7.987,0.000,63.700,0.000,0.000,0.000
"10:30",10.035,0.000,63.700,0.000,0.000,0.000
"10:45",18.995,0.000,63.700,0.000,0.000,0.000
"11:00",36.710,0.000,63.600,0.000,0.000,0.000
"11:15",29.696,0.000,63.600,0.000,0.000,0.000
"11:30",44.851,0.000,63.600,0.000,0.000,0.000
"11:45",36.608,0.000,63.600,0.000,0.000,0.000
"12:00",38.554,0.000,63.600,0.000,0.000,0.000
"12:15",31.181,0.000,63.600,0.000,0.000,0.000
"12:30",23.552,0.000,63.600,0.000,0.000,0.051
"12:45",41.318,0.000,63.600,0.000,0.000,0.051
"13:00",42.240,0.000,63.600,0.000,0.000,0.154
"13:15",50.637,0.000,63.600,0.000,0.000,0.512
"13:30",83.712,0.000,63.600,0.000,0.000,1.178
"13:45",82.586,0.000,63.600,0.000,0.000,1.075
"14:00",70.298,0.000,63.600,0.000,0.000,0.819
"14:15",52.173,0.000,63.600,0.000,0.000,0.358
"14:30",79.411,0.000,63.600,0.000,0.000,0.666
"14:45",71.731,0.000,63.700,0.000,0.000,0.512
"15:00",65.126,0.000,63.600,0.000,0.000,0.563
"15:15",70.349,0.000,63.600,0.000,0.000,0.768
"15:30",38.246,0.000,63.600,0.000,0.000,0.205
"15:45",45.414,0.000,63.600,0.000,0.000,0.256
"16:00",13.773,0.000,63.700,0.000,0.000,0.000
"16:15",17.101,0.000,63.700,0.000,0.000,0.051
"16:30",27.750,0.000,63.700,0.000,0.000,0.358
"16:45",42.547,0.000,63.700,0.000,0.000,0.205
"17:00",38.554,0.000,63.700,0.000,0.000,0.102
"17:15",10.854,0.051,63.700,0.307,0.000,0.000
"17:30",3.123,0.256,63.700,1.331,0.000,0.051
"17:45",3.891,0.000,63.700,0.154,0.000,0.051
"18:00",13.005,0.000,63.700,0.000,0.000,0.154
"18:15",7.373,0.205,63.700,0.512,0.000,0.102
"18:30",0.870,1.690,63.700,1.946,0.000,0.000
"18:45",0.154,3.277,63.700,2.304,0.000,0.000
"19:00",0.000,5.939,63.700,3.482,0.000,0.000
"19:15",0.000,7.731,63.700,3.021,0.000,0.000
"19:30",0.000,7.066,63.700,3.635,0.000,0.000
"19:45",0.000,7.117,63.600,3.738,0.000,0.000
"20:00",0.000,6.707,63.700,3.635,0.000,0.000
"20:15",0.000,6.246,63.700,3.584,0.000,0.000
"20:30",0.000,6.912,63.700,3.072,0.000,0.000
"20:45",0.000,5.939,63.700,4.147,0.000,0.000
"21:00",0.000,4.557,63.700,4.762,0.000,0.000
"21:15",0.000,4.762,63.700,4.966,0.000,0.000
"21:30",0.000,4.608,63.700,4.710,0.000,0.000
"21:45",0.000,4.966,63.700,4.659,0.000,0.000
"22:00",0.000,4.915,63.700,4.454,0.000,0.000
"22:15",0.000,4.710,63.700,5.120,0.000,0.000
"22:30",0.000,5.069,63.700,4.966,0.000,0.000
"22:45",0.000,4.710,63.600,4.813,0.000,0.000
"23:00",0.000,4.506,63.700,4.915,0.000,0.000
"23:15",0.000,5.427,63.700,4.608,0.000,0.000
"23:30",0.000,4.762,63.700,5.427,0.000,0.000
"23:45",0.000,4.403,63.700,5.171,0.000,0.000
" 4/17/26 24:00",0.000,4.915,63.700,5.222,0.000,0.000
