"kwh"
"Time ","DAGSR01P","DAGSR01P","DAGSR01P","DAGSR01P","DAGSR01P","DAGSR01P"
" 4/15/26 00:15",0.000,4.557,63.700,5.581,0.000,0.000
" 4/15/26 00:30",0.000,4.301,63.700,5.632,0.000,0.000
"00:45",0.000,4.301,63.700,5.683,0.000,0.000
"01:00",0.000,4.352,63.700,6.042,0.000,0.000
"01:15",0.000,4.352,63.700,6.144,0.000,0.000
"01:30",0.000,4.301,63.700,6.093,0.000,0.000
"01:45",0.000,4.762,63.700,6.195,0.000,0.000
"02:00",0.000,4.454,63.700,6.042,0.000,0.000
"02:15",0.000,4.096,63.700,6.246,0.000,0.000
"02:30",0.000,4.250,63.700,6.246,0.000,0.000
"02:45",0.000,4.301,63.700,6.400,0.000,0.000
"03:00",0.000,4.147,63.700,6.554,0.000,0.000
"03:15",0.000,4.147,63.700,6.400,0.000,0.000
"03:30",0.000,4.506,63.700,6.195,0.000,0.000
"03:45",0.000,4.352,63.700,6.195,0.000,0.000
"04:00",0.000,4.147,63.700,6.298,0.000,0.000
"04:15",0.000,4.557,63.700,6.144,0.000,0.000
"04:30",0.000,4.198,63.700,5.990,0.000,0.000
"04:45",0.000,4.198,63.700,5.888,0.000,0.000
"05:00",0.000,4.096,63.700,6.042,0.000,0.000
"05:15",0.000,4.301,63.700,6.093,0.000,0.000
"05:30",0.000,4.659,63.700,6.195,0.000,0.000
"05:45",0.000,4.659,63.700,6.349,0.000,0.000
"06:00",0.000,4.454,63.700,6.093,0.000,0.000
"06:15",0.000,4.147,63.700,6.144,0.000,0.000
"06:30",0.000,4.198,63.700,6.144,0.000,0.000
"06:45",0.000,4.198,63.700,6.144,0.000,0.000
"07:00",0.000,4.608,63.700,5.939,0.000,0.000
"07:15",0.000,4.762,63.700,5.632,0.000,0.000
"07:30",0.000,5.222,63.700,5.530,0.000,0.000
"07:45",0.000,4.966,63.600,5.632,0.000,0.000
"08:00",0.000,4.608,63.600,5.683,0.000,0.000
"08:15",0.051,4.096,63.700,5.069,0.000,0.000
"08:30",1.587,1.587,63.700,2.406,0.000,0.000
"08:45",6.554,0.000,63.600,0.000,0.000,0.000
"09:00",14.285,0.000,63.600,0.000,0.000,0.000
"09:15",23.962,0.000,63.600,0.000,0.000,0.000
"09:30",31.437,0.000,63.600,0.000,0.000,0.000
"09:45",37.888,0.000,63.600,0.000,0.000,0.000
"10:00",45.824,0.000,63.600,0.000,0.000,0.000
"10:15",51.098,0.000,63.600,0.000,0.000,0.000
"10:30",56.269,0.000,63.600,0.000,0.000,0.102
"10:45",60.928,0.000,63.600,0.000,0.000,0.461
"11:00",65.894,0.000,63.700,0.000,0.000,0.461
"11:15",69.990,0.000,63.600,0.000,0.000,0.461
"11:30",71.373,0.000,63.700,0.000,0.000,0.358
"11:45",57.651,0.000,63.700,0.000,0.000,0.205
"12:00",84.787,0.000,63.600,0.000,0.000,0.358
"12:15",83.763,0.000,63.600,0.000,0.000,0.358
"12:30",87.398,0.000,63.600,0.000,0.000,0.563
"12:45",83.763,0.000,63.700,0.000,0.000,0.410
"13:00",89.088,0.000,63.600,0.000,0.000,0.461
"13:15",91.136,0.000,63.600,0.000,0.000,0.717
"13:30",70.963,0.000,63.600,0.000,0.000,0.410
"13:45",91.802,0.000,63.600,0.000,0.000,0.512
"14:00",78.541,0.000,63.600,0.000,0.000,0.717
"14:15",83.866,0.000,63.600,0.000,0.000,0.461
"14:30",89.549,0.000,63.600,0.000,0.000,0.461
"14:45",86.579,0.000,63.600,0.000,0.000,0.512
"15:00",82.637,0.000,63.600,0.000,0.000,0.410
"15:15",76.954,0.000,63.600,0.000,0.000,0.256
"15:30",76.698,0.000,63.600,0.000,0.000,0.358
"15:45",73.216,0.000,63.600,0.000,0.000,0.154
"16:00",69.274,0.000,63.600,0.000,0.000,0.205
"16:15",64.154,0.000,63.600,0.000,0.000,0.154
"16:30",58.982,0.000,63.600,0.000,0.000,0.102
"16:45",53.606,0.000,63.600,0.000,0.000,0.051
"17:00",47.667,0.000,63.600,0.000,0.000,0.000
"17:15",40.755,0.000,63.600,0.000,0.000,0.000
"17:30",34.560,0.000,63.600,0.000,0.000,0.051
"17:45",28.160,0.000,63.600,0.000,0.000,0.000
"18:00",21.043,0.000,63.600,0.000,0.000,0.000
"18:15",13.466,0.000,63.600,0.000,0.000,0.000
"18:30",6.349,0.000,63.700,0.000,0.000,0.000
"18:45",0.973,1.229,63.700,2.560,0.000,0.000
"19:00",0.000,4.250,63.700,4.454,0.000,0.000
"19:15",0.000,4.506,63.700,4.454,0.000,0.000
"19:30",0.000,4.301,63.700,4.045,0.000,0.000
"19:45",0.000,4.250,63.700,4.198,0.000,0.000
"20:00",0.000,4.250,63.600,3.994,0.000,0.000
"20:15",0.000,4.454,63.700,3.942,0.000,0.000
"20:30",0.000,4.506,63.700,4.301,0.000,0.000
"20:45",0.000,4.454,63.700,4.352,0.000,0.000
"21:00",0.000,5.069,63.700,3.942,0.000,0.000
"21:15",0.000,4.557,63.700,4.966,0.000,0.000
"21:30",0.000,4.506,63.700,4.710,0.000,0.000
"21:45",0.000,4.250,63.700,4.915,0.000,0.000
"22:00",0.000,4.608,63.700,4.608,0.000,0.000
"22:15",0.000,4.352,63.700,4.608,0.000,0.000
"22:30",0.000,4.250,63.700,4.864,0.000,0.000
"22:45",0.000,4.403,63.700,4.864,0.000,0.000
"23:00",0.000,4.864,63.700,4.966,0.000,0.000
"23:15",0.000,4.403,63.600,4.915,0.000,0.000
"23:30",0.000,4.966,63.700,5.325,0.000,0.000
"23:45",0.000,4.813,63.700,5.274,0.000,0.000
" 4/15/26 24:00",0.000,4.659,63.700,5.427,0.000,0.000
