"kwh"
"Time ","DAGSR01P","DAGSR01P","DAGSR01P","DAGSR01P","DAGSR01P","DAGSR01P"
" 2/14/26 00:15",0.000,105.062,63.600,0.000,45.261,0.000
" 2/14/26 00:30",0.000,104.755,63.600,0.000,44.954,0.000
"00:45",0.000,103.936,63.600,0.000,44.544,0.000
"01:00",0.000,104.192,63.600,0.000,44.544,0.000
"01:15",0.000,103.782,63.600,0.000,44.493,0.000
"01:30",0.000,104.090,63.600,0.000,44.493,0.000
"01:45",0.000,104.499,63.600,0.000,44.954,0.000
"02:00",0.000,104.448,63.600,0.000,45.312,0.000
"02:15",0.000,104.602,63.600,0.000,45.261,0.000
"02:30",0.000,103.834,63.600,0.000,44.493,0.000
"02:45",0.000,103.782,63.600,0.000,44.442,0.000
"03:00",0.000,103.834,63.600,0.000,44.493,0.000
"03:15",0.000,103.885,63.600,0.000,44.595,0.000
"03:30",0.000,103.987,63.600,0.000,44.800,0.000
"03:45",0.000,105.062,63.600,0.000,45.261,0.000
"04:00",0.000,104.909,63.600,0.000,45.414,0.000
"04:15",0.000,104.141,63.600,0.000,44.902,0.000
"04:30",0.000,103.834,63.600,0.000,44.442,0.000
"04:45",0.000,103.936,63.600,0.000,44.339,0.000
"05:00",0.000,103.936,63.600,0.000,44.442,0.000
"05:15",0.000,104.141,63.600,0.000,44.493,0.000
"05:30",0.000,104.602,63.600,0.000,45.158,0.000
"05:45",0.000,104.550,63.600,0.000,45.414,0.000
"06:00",0.000,104.960,63.600,0.000,45.261,0.000
"06:15",0.000,103.936,63.600,0.000,44.800,0.000
"06:30",0.000,104.448,63.600,0.000,44.902,0.000
"06:45",0.000,104.346,63.600,0.000,44.339,0.000
"07:00",0.000,80.077,63.600,0.000,37.069,0.000
"07:15",0.000,71.834,63.600,0.000,34.816,0.000
"07:30",0.000,73.677,63.600,0.000,36.813,0.000
"07:45",0.000,101.530,63.600,0.000,47.360,0.000
"08:00",0.000,98.662,63.600,0.000,47.002,0.000
"08:15",0.000,95.590,63.600,0.000,46.643,0.000
"08:30",0.000,92.365,63.600,0.000,46.746,0.000
"08:45",0.000,105.472,63.600,0.000,52.326,0.000
"09:00",0.000,124.160,63.600,0.000,60.314,0.000
"09:15",0.000,106.035,63.600,0.000,51.046,0.000
"09:30",0.000,62.822,63.600,0.000,25.395,0.000
"09:45",0.000,47.565,63.600,0.000,18.330,0.000
"10:00",0.000,47.002,63.600,0.000,17.613,0.000
"10:15",0.000,46.387,63.600,0.000,17.613,0.000
"10:30",0.000,42.291,63.600,0.000,17.562,0.000
"10:45",0.000,40.346,63.600,0.000,18.022,0.000
"11:00",0.000,40.704,63.600,0.000,18.074,0.000
"11:15",0.000,32.000,63.600,0.000,18.381,0.000
"11:30",0.000,22.579,63.600,0.000,18.227,0.000
"11:45",1.280,13.824,63.700,0.000,16.026,2.202
"12:00",7.014,7.578,63.600,0.000,10.189,8.090
"12:15",2.662,21.248,63.600,0.000,14.899,2.611
"12:30",0.000,33.331,63.700,0.000,17.971,0.000
"12:45",0.256,27.443,63.700,0.000,18.074,0.410
"13:00",4.096,13.722,63.700,0.000,15.411,3.738
"13:15",16.998,8.141,63.700,0.000,8.294,11.930
"13:30",23.398,1.946,63.700,0.000,3.533,16.794
"13:45",15.411,10.138,63.700,0.000,7.885,11.520
"14:00",15.770,13.158,63.700,0.000,9.011,9.626
"14:15",15.616,14.131,63.700,0.000,8.858,9.728
"14:30",37.632,3.174,63.600,0.000,1.638,14.746
"14:45",25.242,1.946,63.600,0.000,1.587,3.123
"15:00",36.250,0.768,63.600,0.000,0.512,5.376
"15:15",63.437,0.000,63.600,0.000,0.000,7.834
"15:30",14.131,1.536,63.600,0.000,1.997,3.174
"15:45",36.813,1.843,63.600,0.000,0.922,4.454
"16:00",36.762,2.509,63.700,0.000,1.485,3.533
"16:15",52.224,0.000,63.600,0.000,0.000,6.042
"16:30",49.357,0.973,63.600,0.000,0.256,5.632
"16:45",23.552,1.382,63.700,0.000,1.536,3.994
"17:00",0.768,8.141,63.600,0.000,4.762,0.358
"17:15",0.000,14.234,63.600,0.000,5.069,0.051
"17:30",6.502,9.114,63.600,0.000,3.174,1.690
"17:45",2.918,15.411,63.600,0.000,2.765,0.563
"18:00",12.954,3.533,63.600,0.000,0.973,2.816
"18:15",9.882,5.734,63.600,0.000,1.280,2.202
"18:30",0.000,15.923,63.600,0.000,4.250,0.000
"18:45",0.000,20.736,63.600,0.000,4.864,0.000
"19:00",0.000,25.856,63.600,0.000,4.813,0.000
"19:15",0.000,27.597,63.600,0.000,4.813,0.000
"19:30",0.000,28.211,63.600,0.000,4.250,0.000
"19:45",0.000,30.157,63.600,0.000,4.198,0.000
"20:00",0.000,33.075,63.500,0.000,4.250,0.000
"20:15",0.000,36.403,63.500,0.000,5.069,0.000
"20:30",0.000,38.400,63.500,0.000,5.939,0.000
"20:45",0.000,39.680,63.600,0.000,5.990,0.000
"21:00",0.000,39.424,63.600,0.000,6.298,0.000
"21:15",0.000,38.349,63.600,0.000,5.632,0.000
"21:30",0.000,37.837,63.600,0.000,5.581,0.000
"21:45",0.000,38.298,63.600,0.000,5.478,0.000
"22:00",0.000,38.246,63.600,0.000,5.376,0.000
"22:15",0.000,38.656,63.600,0.000,5.069,0.000
"22:30",0.000,39.168,63.600,0.000,5.734,0.000
"22:45",0.000,39.168,63.600,0.000,5.837,0.000
"23:00",0.000,39.270,63.600,0.000,6.349,0.000
"23:15",0.000,38.195,63.600,0.000,5.427,0.000
"23:30",0.000,36.813,63.600,0.000,4.659,0.000
"23:45",0.000,35.072,63.600,0.000,3.738,0.000
" 2/14/26 24:00",0.000,35.482,63.600,0.000,3.584,0.000
